X,Y,Z,Collision_state
0.067610204219818,-0.087870714254677,-0.047227047383785,1
0.015045166015625,-0.16347891837358,-0.089168671518564,1
0.0036754012107849,-0.19722927361727,0.21085158735514,1
-0.024160504341125,0.19490488618612,0.056902043521404,1
0.18510156869888,-0.18373797088861,0.09449153393507,1
-0.10947769880295,0.23152323812246,0.065616749227047,1
0.058082640171051,-0.1679313108325,0.017630353569984,1
0.059359729290009,-0.23447168618441,0.044229693710804,1
-0.16312393546104,0.19883894175291,0.028022594749928,1
-0.034750580787659,0.069796614348888,0.0024415627121925,1
-0.087627440690994,0.24149223417044,-0.03802902251482,0
-0.1860858798027,-0.14064845070243,-0.068019978702068,1
0.0015435218811035,-0.17222581803799,-0.096421014517546,1
-0.20040553808212,0.18217217177153,0.0080518200993538,1
-0.067549407482147,0.061512552201748,-0.064124546945095,1
-0.13661420345306,0.23058231920004,0.085235916078091,1
-0.10838103294373,-0.068961206823587,-0.032505564391613,1
-0.081135034561157,0.072591833770275,-0.016744621098042,1
0.032728910446167,0.11724675446749,0.028562039136887,1
0.067898452281952,-0.074447769671679,0.008805625140667,1
0.12460917234421,0.1314490661025,0.025614254176617,1
0.1231284737587,0.21105732768774,-0.037318304181099,1
-0.15792912244797,0.12039194256067,0.027112267911434,1
0.015985488891602,-0.19652119278908,0.12089238315821,1
-0.10074880719185,0.18648966401815,-0.025860466063023,0
-0.20724529027939,0.034826599061489,0.041630573570728,1
-0.1406637430191,-0.11409469228238,0.18961197882891,1
-0.21623829007149,0.061300031840801,0.05749686807394,1
-0.14959561824799,0.14446372538805,0.089449875056744,1
-0.10195007920265,-0.16372629255056,0.15254747122526,1
-0.085442811250687,-0.10288868192583,0.0099257454276085,1
0.062603414058685,-0.0794886816293,-0.043695658445358,1
-0.16904041171074,-0.15546849742532,-0.056039564311504,1
-0.087041705846786,-0.15667937323451,0.091610588133335,1
-0.085376799106598,0.2357941493392,0.10068250447512,1
-0.065753042697906,-0.0053957179188728,0.019430585205555,1
0.13598525524139,0.16710295528173,-0.097326412796974,1
-0.15103116631508,-0.18041730672121,-0.086948893964291,1
-0.11005574464798,-0.11984151229262,-0.043030135333538,1
0.12496733665466,0.21880926936865,0.095240525901318,1
0.056965529918671,0.075010351836681,0.01333125680685,1
0.017343878746033,-0.20880945771933,0.07454564422369,1
-0.12309613823891,0.11568374186754,0.084534369409084,1
0.088739991188049,0.26530864089727,0.050412356853485,1
0.0033168196678162,-0.062671028077602,-0.016971372067928,1
0.14061278104782,-0.20670705288649,-0.0049014836549759,1
-0.19247338175774,-0.030471950769424,0.15697976201773,1
-0.1354788839817,0.1748778745532,-0.061615340411663,0
-0.062410920858383,-0.056748598814011,-0.0020006969571114,1
0.13524490594864,0.25395672768354,0.084203563630581,1
0.08779102563858,-0.081119779497385,0.011664338409901,1
-0.072992265224457,0.094929717481136,0.024405904114246,1
0.053335964679718,0.23371236771345,0.074260719120502,1
-0.14506137371063,0.054758109152317,-0.066843457520008,1
-0.079153686761856,-0.23896946758032,-0.060416743159294,1
0.09270441532135,0.12069972604513,-0.034653693437576,1
0.14713358879089,-0.22757536917925,0.11234075576067,1
-0.092829018831253,0.19414939731359,0.18653427809477,1
-0.19235962629318,-0.15657480806112,-0.071109019219875,1
0.013112783432007,0.21882160753012,0.017232708632946,1
-0.024994254112244,0.25576146692038,0.048897363245487,1
-0.15016376972198,0.14194289594889,-0.052066810429096,1
-0.096383512020111,-0.20070634037256,0.069852635264397,1
0.057925164699554,-0.05059690028429,-0.0092757120728493,1
-0.11083224415779,-0.12710469961166,0.016124822199345,1
0.0064755082130432,-0.072621671482921,0.0080232992768288,1
0.17066901922226,-0.20346680283546,-0.066873423755169,1
-0.060086071491241,0.043277509510517,0.0029352679848671,1
0.039751887321472,0.058731965720654,-0.011949926614761,1
-0.027866244316101,0.21640845388174,-0.02353785187006,1
-0.06171503663063,-0.04097642749548,-0.0036744400858879,1
0.011653125286102,0.18473684042692,-0.079888992011547,1
-0.16311401128769,-0.16855122894049,0.098827190697193,1
-0.15457093715668,-0.030788451433182,0.038377188146114,1
-0.050932049751282,-0.048455435782671,0.021042130887508,1
-0.044953763484955,0.030752249062061,-0.01127965003252,1
0.11322379112244,0.16891606897116,0.096792615950108,1
-0.067552119493484,-0.056159678846598,-0.070106826722622,1
-0.13212007284164,-0.050588928163052,-0.042835250496864,1
0.075412571430206,0.18087359517813,0.048120647668839,1
-0.13748288154602,0.17083688825369,0.14215008169413,1
-0.048194110393524,-0.0082432478666306,-0.0089404508471489,1
-0.20511865615845,0.086025081574917,0.069509513676167,1
0.01528126001358,-0.099730067828204,-0.011489585042,1
-0.12173190712929,0.21599336713552,0.011898778378963,1
-0.13132256269455,-0.11069918703288,-0.076774440705776,1
-0.21098294854164,0.15737237781286,0.090726934373379,1
0.015743851661682,-0.20701499283314,0.14607531577349,1
-0.12111201882362,-0.12260599061847,0.09764114767313,1
-0.10786333680153,0.1148047670722,-0.0044353529810905,1
-0.092309176921844,-0.075916640460491,-0.015766628086567,1
0.10051101446152,-0.11671819910407,-0.027739800512791,1
-0.1834174990654,0.020327031612396,-0.074349597096443,1
-0.2598482966423,-0.017630331218243,-0.013009034097195,1
-0.17689949274063,0.13441055268049,-0.0062810704112053,1
-0.070816338062286,0.083310641348362,-0.082170210778713,1
-0.21915170550346,0.0052512362599373,0.10632046312094,1
0.058530867099762,-0.11964635178447,-0.025468990206718,1
0.094959735870361,0.16991942375898,-0.071748495101929,1
0.011637628078461,0.2471657320857,0.095562912523746,1
-0.035234987735748,-0.10184277268127,-0.074694223701954,1
-0.052204668521881,0.15201102942228,-0.01137550920248,1
-0.0099959969520569,0.14495145529509,-0.053014032542706,1
0.11359715461731,-0.20484269410372,0.13615021854639,1
-0.023432970046997,-0.05129487067461,-0.0021214708685875,1
0.075009286403656,-0.064945705235004,0.0072317346930504,1
0.076594233512878,-0.19335871189833,0.010300852358341,1
0.076702892780304,-0.22390739619732,0.10790329426527,1
-0.12060156464577,-0.14716251194477,-0.092635683715343,1
0.073254704475403,0.19799738377333,0.032612033188343,1
0.10477989912033,-0.11045243404806,0.0022568628191948,1
0.11348533630371,-0.18559161573648,0.15891996771097,1
-0.05881068110466,0.1554507240653,0.015679441392422,1
-0.21162575483322,0.077659882605076,-0.0045485571026802,1
0.11249554157257,-0.20204029232264,0.13873402029276,1
-0.028846323490143,0.10745639353991,-0.065693035721779,1
0.10821551084518,-0.25752008706331,-0.059772536158562,1
-0.050849050283432,0.032350771129131,-0.0083714351058006,1
-0.054450184106827,0.079013504087925,-0.02596939355135,1
-0.016204476356506,0.22670870274305,0.093102566897869,1
-0.035670757293701,0.055789925158024,-0.018556840717793,1
0.10552805662155,0.10087012499571,-0.061244010925293,1
0.092077314853668,-0.1344228759408,0.048593200743198,1
-0.18273869156837,-0.13764939829707,0.10843076556921,1
0.070320785045624,-0.20021738857031,-0.065373681485653,1
0.11334544420242,0.10228719562292,-0.063200801610947,1
0.017070233821869,-0.26910854130983,0.065972574055195,1
-0.12231838703156,0.22991659492254,-0.05690548568964,0
-0.23986288905144,-0.10732557997108,-0.0037660077214241,1
-0.092203319072723,0.050345368683338,-0.014983840286732,1
-0.19870349764824,-0.055603664368391,0.012396059930325,1
0.06518679857254,-0.1819291934371,0.073310755193233,1
0.01212602853775,-0.23133347183466,-0.06257588416338,1
0.017916083335876,0.085829891264439,0.0086400434374809,1
0.16244661808014,0.22358842939138,0.002617284655571,1
-0.20612454414368,0.079560481011868,0.070077709853649,1
0.067869305610657,0.13934244960546,0.016936011612415,1
-0.087226420640945,0.24484347552061,0.11020382493734,1
-0.13615572452545,-0.072845308110118,0.079537950456142,1
-0.22842827439308,-0.115109375678,0.06443727761507,1
0.070362448692322,0.2431673631072,0.16705434769392,1
-0.038681626319885,0.064934395253658,0.0071086809039116,1
-0.13941913843155,0.0099091976881027,-0.073891185224056,1
0.028746128082275,0.094915457069874,0.022387772798538,1
-0.017074644565582,0.087419159710407,-0.01962448656559,1
-0.17978632450104,-0.020949698984623,0.12454301863909,1
-0.12182012200356,-0.20643884688616,-0.026011787354946,1
0.018391132354736,0.087365798652172,-0.022202327847481,1
-0.077534943819046,-0.17894741147757,-0.080690078437328,1
-0.14100357890129,0.0088530257344246,0.020768903195858,1
-0.19820272922516,0.079360105097294,0.015162266790867,1
0.13051170110703,0.10842583328485,0.027867533266544,1
-0.024737894535065,-0.18361984938383,-0.010066814720631,1
-0.12481373548508,-0.022838793694973,-0.017348863184452,1
-0.077969521284103,0.083764277398586,-0.023431099951267,1
-0.16469183564186,-0.13920653983951,0.042120553553104,1
-0.25011211633682,-0.065975982695818,0.044500179588795,1
0.032941043376923,-0.10595706664026,0.014282174408436,1
0.070026099681854,-0.18463895469904,0.070831455290318,1
-0.10607898235321,0.014758959412575,-0.069160595536232,1
-0.086372137069702,0.23809345811605,-0.06328821927309,0
-0.15666818618774,-0.20882970094681,-0.026470310986042,1
0.016002237796783,0.14112531393766,0.022785261273384,1
0.069661974906921,-0.2235371991992,-0.058736428618431,1
-0.20784026384354,0.0066472217440605,0.05029135197401,1
-0.007072389125824,-0.15022294595838,-0.075654737651348,1
0.037581443786621,0.16730915755033,-0.079852379858494,1
0.013408780097961,0.28296902030706,-0.01962848007679,1
-0.043956637382507,0.14059991389513,0.046486899256706,1
-0.11718910932541,-0.19469678401947,0.085376150906086,1
-0.20641896128654,-0.14328723028302,0.022330351173878,1
-0.072362899780273,-0.07217806763947,-0.0068436786532402,1
0.039003551006317,-0.11105885822326,0.022045820951462,1
0.059458613395691,-0.21046952158213,0.11310616880655,1
-0.15651878714561,0.11196453124285,0.11730768531561,1
-0.095752030611038,-0.074435874819756,-0.05250096321106,1
-0.148821413517,0.20051371306181,0.14010567218065,1
0.0026932954788208,0.17772325128317,-0.089229732751846,1
-0.09470272064209,0.25633331388235,-0.00043392181396484,1
0.17383086681366,0.15564914792776,-0.092862881720066,1
-0.035244524478912,-0.07570767775178,-0.027004674077034,1
-0.077312350273132,-0.19358061254025,0.067901916801929,1
0.11998230218887,-0.22694555670023,0.12165031582117,1
-0.073487907648087,-0.045645043253899,-0.025267757475376,1
-0.1020575761795,-0.092863702215254,0.0066657587885857,1
-0.10283160209656,-0.061122138053179,-0.024230942130089,1
0.083899855613708,0.20320662111044,0.12582678347826,1
-0.046552002429962,-0.03069095313549,-0.0038915351033211,1
-0.11835837364197,-0.036819487810135,-0.047467514872551,1
-0.10887560248375,-0.071305278688669,0.0093548074364662,1
-0.017552018165588,0.08531703799963,0.020726226270199,1
0.12477391958237,-0.16504678875208,-0.054646693170071,1
-0.043043673038483,-0.11709043011069,-0.038132548332214,1
-0.02861350774765,-0.11228881776333,0.0045331418514252,1
0.048534691333771,-0.20814963430166,0.20025558024645,1
0.0012497305870056,0.13249029964209,-0.0027984008193016,1
0.05832040309906,0.18527507036924,0.042193524539471,1
0.10373049974442,0.17516934126616,0.074568785727024,1
-0.07548126578331,0.0027865543961525,0.019560404121876,1
0.045109033584595,-0.12122418731451,-0.08263237029314,1
0.08110898733139,-0.067534767091274,0.0059017911553383,1
-0.20841333270073,-0.076059829443693,0.1595019325614,1
-0.035966813564301,-0.04594848304987,0.0094775334000587,1
-0.04065877199173,0.0069664865732193,0.0045866146683693,1
-0.1303762793541,-0.12385815195739,-0.068026773631573,1
-0.0057185292243958,0.077411465346813,-0.030680656433105,1
0.015256643295288,0.079053200781345,0.01312518119812,1
-0.075105637311935,-0.03337100893259,-0.070299997925758,1
-0.062153786420822,0.1920342668891,0.1012716665864,1
-0.062546879053116,0.026842273771763,0.014108218252659,1
0.076290786266327,0.066520981490612,-0.050861828029156,1
-0.056533575057983,-0.17922578006983,0.010269850492477,1
0.022700250148773,-0.23285696655512,-0.083579894155264,1
0.0088754892349243,-0.16868098825216,0.069412119686604,1
-0.082776576280594,0.081958897411823,-0.0084899589419365,1
-0.21461898088455,0.079369358718395,-0.037627160549164,1
-0.183180809021,0.056005410850048,0.11582496017218,1
0.1228107213974,0.22956099361181,-0.068996243178844,1
-0.012440741062164,0.077433444559574,0.0013685151934624,1
0.0045819282531738,0.15995063632727,-0.094166845083237,1
-0.091950178146362,-0.045631095767021,0.01777570694685,1
-0.16312369704247,-0.15096505731344,0.10033502429724,1
-0.1611652970314,0.0047537311911583,0.045209236443043,1
-0.11494025588036,-0.16543012112379,0.12571150809526,1
-0.095317631959915,-0.20508083701134,0.078984476625919,1
0.06221741437912,-0.10238998080604,0.012177236378193,1
0.036510944366455,-0.10941684152931,0.025427974760532,1
-0.053461045026779,-0.033168621361256,-0.016837604343891,1
-0.1023336648941,0.11738292127848,-0.049660585820675,1
0.068586468696594,0.13307797163725,-0.01045298576355,1
-0.13516062498093,-0.091456513851881,0.011383689939976,1
0.0061337351799011,-0.15858447551727,0.030533634126186,1
-0.14468035101891,-0.11044914089143,0.13837536424398,1
0.0087643265724182,0.10372357815504,0.012561805546284,1
-0.01329106092453,0.24691515415907,-0.039911329746246,1
-0.17986106872559,0.094329811632633,0.087675638496876,1
-0.044337689876556,0.044801719486713,0.0098574683070183,1
-0.070753186941147,-0.21449088305235,0.050414398312569,1
-0.086529552936554,0.16230960935354,-0.0062163397669792,1
-0.097765535116196,0.080232255160809,-0.022973902523518,1
-0.074863016605377,0.065907172858715,-0.046905465424061,1
-0.044441044330597,-0.20038572698832,-0.012132152915001,1
-0.13055434823036,0.14814054220915,-0.096049569547176,1
0.12878793478012,-0.21468121558428,0.098116673529148,1
-0.059123486280441,-0.099001862341538,-0.027669996023178,1
0.13606917858124,0.17083587497473,0.057485073804855,1
-0.038090765476227,-0.10810275375843,0.010783389210701,1
0.010693788528442,-0.19597566127777,0.080175243318081,1
-0.0024101734161377,-0.055430952459574,-0.017963297665119,1
0.16813403367996,-0.24943048506975,-0.0011650025844574,1
-0.010323762893677,0.22434061020613,0.096586622297764,1
-0.084801733493805,0.23866304010153,-0.030156753957272,0
-0.11809179186821,0.12409526854753,0.06977654248476,1
0.055728912353516,0.087774239480495,-0.020532809197903,1
-0.11358961462975,-0.19163081794977,-0.047533206641674,1
0.01922881603241,-0.29296270757914,0.017928846180439,1
-0.22996273636818,-0.080707548186183,-0.079399921000004,1
-0.10948121547699,0.10274533182383,-0.017691306769848,1
-0.0408895611763,0.048744834959507,-0.0020067617297173,1
-0.064062476158142,0.01273550838232,-0.02947761118412,1
-0.21069383621216,0.061701394617558,-0.022761940956116,1
-0.15178239345551,-0.05696976557374,0.049013815820217,1
-0.014406383037567,-0.074051717296243,-0.0005168616771698,1
0.049212634563446,-0.11540479026735,-0.018335103988647,1
0.17133629322052,-0.18443658947945,0.08752465993166,1
-0.047131657600403,0.19335075467825,0.14799658209085,1
0.10345864295959,-0.15394511446357,0.035663425922394,1
-0.054852068424225,0.0087480768561363,-0.029387064278126,1
-0.062340915203094,0.25387539714575,0.11113936454058,1
-0.049956679344177,0.099061913788319,0.028802983462811,1
-0.18173968791962,-0.01481407135725,0.19555390626192,1
0.11934441328049,-0.10541363619268,-0.071443416178226,1
-0.028574824333191,0.043441377580166,0.0071397498250008,1
-0.17682489752769,-0.12154701724648,0.13577026873827,1
0.0013316869735718,0.231959246099,0.0044221952557564,1
-0.1243531703949,0.14652685075998,0.07976957410574,1
-0.11257907748222,0.1302582398057,-0.037398479878902,1
0.11383181810379,-0.18521975725889,0.11911273747683,1
-0.0002179741859436,0.07989763468504,0.012974008917809,1
-0.17523974180222,0.08201352506876,-0.014582850039005,1
-0.097061455249786,0.17672514170408,0.12747762352228,1
-0.083971858024597,0.026274256408215,-0.061542488634586,1
-0.097289264202118,-0.0086517482995987,-0.050090841948986,1
-0.043700993061066,0.24837242811918,0.11103207617998,1
-0.22519993782043,0.066772632300854,0.0068036690354347,1
0.059112250804901,-0.10270547587425,-0.065641321241856,1
-0.010420382022858,-0.16832415014505,0.072094209492207,1
-0.16979175806046,0.057463176548481,0.071254380047321,1
-0.14211347699165,-0.13897079601884,0.1297759488225,1
0.02323579788208,-0.28720214217901,0.058800786733627,1
0.16167891025543,-0.20487377792597,-0.0317477658391,1
0.07817143201828,-0.1281402092427,-0.010368786752224,1
0.16108506917953,0.16730397194624,0.037885725498199,1
0.13244205713272,0.25214254111052,0.10291459411383,1
-0.15713968873024,0.0054630860686302,-0.024195022881031,1
-0.12547701597214,0.20935978740454,-0.064224265515804,0
0.13768655061722,-0.17470329254866,0.019735358655453,1
-0.11675441265106,-0.21835982054472,0.12244153767824,1
0.06767749786377,-0.18789556622505,0.082527734339237,1
0.0060661435127258,0.061950407922268,0.00088991224765778,1
0.053005814552307,0.16388445347548,0.057863317430019,1
-0.028706550598145,0.096958436071873,0.0052382200956345,1
0.10003709793091,0.18798818439245,0.18730828911066,1
0.043881773948669,-0.10524197854102,-0.047001011669636,1
-0.073994398117065,0.1330022290349,0.0045894607901573,1
-0.19226157665253,0.044754527509212,0.062153942883015,1
-0.091308444738388,0.19183655828238,0.080280415713787,1
-0.026864230632782,-0.12095635384321,-0.018390692770481,1
-0.12945708632469,-0.18964344263077,0.17742124944925,1
-0.089129835367203,-0.0023885369300842,-0.069448135793209,1
-0.066756099462509,-0.22765559703112,0.16383460909128,1
-0.1953392624855,-0.0043224692344666,0.13918278366327,1
-0.25150185823441,-0.024206906557083,-0.034891076385975,1
0.039587914943695,-0.084114963188767,-0.0053730383515358,1
-0.031569302082062,0.21423926204443,0.15841803699732,1
-0.019400179386139,-0.038317367434502,-0.0015123710036278,1
-0.038013696670532,0.24842896312475,-0.069528959691525,1
-0.10829859972,0.08206682652235,-0.023707620799541,1
-0.040258765220642,0.11507568508387,0.011984914541245,1
-0.18687212467194,0.097186513245106,0.13067918270826,1
-0.092309772968292,0.091917388141155,0.00052829831838608,1
-0.16088339686394,0.058259479701519,0.024059943854809,1
-0.0021918416023254,-0.17552129179239,-0.037626430392265,1
0.19348818063736,-0.20340590178967,0.1436407789588,1
-0.067022740840912,0.018293902277946,0.0024808868765831,1
-0.027129590511322,0.094318903982639,-0.030465237796307,1
-0.12126925587654,-0.066198106855154,0.028925456106663,1
0.11001205444336,0.10102894157171,-0.030858792364597,1
-0.12170550227165,0.18041434139013,0.14035110920668,1
0.11641091108322,0.097332365810871,0.0083433762192726,1
-0.012144148349762,-0.095364617649466,-0.011849828064442,1
0.018643915653229,-0.17698808759451,-0.092369649559259,1
-0.042938768863678,0.27602531760931,0.020240135490894,1
0.18463689088821,-0.1594528593123,0.18471615761518,1
0.051085710525513,-0.091571383178234,-0.02258874475956,1
0.011728703975677,-0.23997277766466,0.0094848945736885,1
0.084698915481567,0.067456446588039,-0.040328301489353,1
0.021815419197083,-0.079152010381222,-0.02255804091692,1
-0.11470490694046,0.024896405637264,0.035332255065441,1
0.12510377168655,-0.13332118839025,0.033131711184978,1
0.044792652130127,0.13422142714262,-0.045625127851963,1
0.076955616474152,0.27392216771841,-0.015149973332882,1
0.036864340305328,-0.067877091467381,-0.01085551828146,1
0.12401342391968,-0.17145276069641,-0.046672284603119,1
-0.18348032236099,0.045014955103397,0.085485152900219,1
-0.14979150891304,-0.12792276591063,-0.096991144120693,1
0.066179573535919,0.065198875963688,-0.028440095484257,1
-0.11142057180405,0.050984896719456,-0.018946968019009,1
-0.18286615610123,0.094589821994305,0.19068858772516,1
-0.097890108823776,-0.11359893716872,-0.031703747808933,1
0.13136130571365,-0.25031913071871,0.052683643996716,1
0.10077595710754,0.2149426266551,0.18720061331987,1
0.045949399471283,-0.10256903572008,0.0032621175050735,1
0.15244752168655,0.14090608805418,0.012949369847775,1
-0.087104856967926,0.22500091046095,0.087532319128513,1
-0.082357168197632,-0.081858679652214,-0.047076918184757,1
0.11955696344376,-0.15465286746621,-0.023365549743176,1
0.06584632396698,-0.12488140165806,0.0012129619717598,1
0.01302170753479,0.12308696657419,-0.073290161788464,1
0.050976455211639,-0.19281458109617,0.070222891867161,1
-0.052530199289322,0.22973757237196,-0.0018720179796219,1
0.18312650918961,-0.1976515725255,0.098665498197079,1
0.098937451839447,-0.11561726406217,0.03300579637289,1
-0.19951796531677,0.15669690817595,0.019135408103466,1
0.089134633541107,-0.19387100636959,0.15942580252886,1
-0.08899787068367,-0.20070499181747,0.068075247108936,1
-0.12276303768158,0.15171470493078,0.042122073471546,1
-0.10189425945282,0.0908477678895,0.048206202685833,1
0.0019252896308899,-0.063872024416924,-0.022295974195004,1
-0.086210429668427,0.024262480437756,-0.011263020336628,1
0.012654006481171,-0.10154587472789,-0.011458836495876,1
-0.15780359506607,0.068341962993145,0.081532292068005,1
-0.053346753120422,0.16900827735662,0.083702392876148,1
0.042864680290222,0.27282985299826,-0.018156282603741,1
0.20702564716339,-0.19745438545942,-0.002573274075985,1
0.0027636289596558,0.078015200793743,-0.027053371071815,1
0.063023447990417,0.083959899842739,0.00088254362344742,1
-0.17793101072311,0.044213570654392,0.12802118808031,1
0.16197282075882,0.19777115434408,0.17495534569025,1
-0.015905737876892,0.066373072564602,-0.0082327499985695,1
-0.14357998967171,-0.0015652701258659,0.037066020071507,1
-0.05312979221344,0.099797002971172,-0.061300046741962,1
0.018935739994049,0.21598317474127,0.07024160772562,1
0.075443089008331,-0.13464917987585,0.0045233964920044,1
0.17900627851486,0.2306962236762,0.11713732033968,1
0.095578134059906,-0.15196238830686,-0.020393870770931,1
-0.092006176710129,-0.20756646245718,0.050234220921993,1
-0.048939645290375,-0.071045881137252,-0.03396912664175,1
0.034410655498505,0.18876095861197,-0.0040097311139107,1
-0.053578823804855,0.069501988589764,0.0035480931401253,1
0.072304487228394,0.21565952152014,0.14699352532625,1
0.2029944062233,-0.20463913679123,-0.056782148778439,1
-0.11848944425583,-0.010872557759285,-0.073507212102413,1
-0.04568088054657,0.10039443522692,-0.023449473083019,1
-0.25502362847328,-0.01219779998064,0.04041963070631,1
-0.058909565210342,-0.19505044817924,0.19668746739626,1
-0.058372050523758,0.1061229929328,-0.035729013383389,1
0.040835678577423,-0.20813724398613,0.17479161173105,1
-0.067017018795013,-0.20451638102531,-0.085732094943523,1
-0.1253662109375,0.059705384075642,-0.087943613529205,1
-0.17486587166786,0.010912261903286,0.12561870366335,1
-0.18834248185158,0.016534104943275,0.19273697584867,1
0.16359311342239,-0.21546935290098,0.06886187940836,1
0.040830910205841,0.079358942806721,0.010358653962612,1
-0.19754070043564,0.10266000777483,0.15033643692732,1
0.12300455570221,-0.20659693330526,-0.044234223663807,1
-0.02973347902298,0.040617115795612,-0.030405543744564,1
-0.071821540594101,-0.19697937369347,-0.025761902332306,1
0.16067808866501,0.15046259015799,0.026565782725811,1
0.1404926776886,0.22062125056982,-0.054111793637276,1
-0.07720759510994,0.077314965426922,0.030793763697147,1
-0.074251770973206,0.12141477316618,-0.0068110451102257,1
0.11621999740601,0.14003952592611,-0.034674488008022,1
-0.060684263706207,0.072169624269009,-0.014196462929249,1
-0.1166016459465,-0.1660273373127,0.16270945221186,1
-0.12871807813644,0.16839539259672,0.16420070081949,1
-0.20217308402061,-0.05175992846489,0.068905003368855,1
-0.1939976811409,0.18291267007589,0.0094630792737007,1
-0.17772698402405,-0.016792677342892,-0.0083525851368904,1
-0.013327181339264,-0.1897941827774,0.023218102753162,1
0.1619673371315,-0.17562793940306,0.13890793174505,1
-0.062939584255219,-0.16976206749678,-0.095535933971405,1
0.080709755420685,0.084955535829067,-0.058132834732533,1
-0.074723213911057,0.237618021667,0.019905373454094,1
0.039609551429749,0.14379439502954,0.01205375790596,1
0.03373908996582,0.061542384326458,-0.015721969306469,1
-0.15714150667191,0.1027597412467,0.17880059033632,1
-0.01133930683136,-0.24772084504366,0.0031537339091301,1
-0.071076989173889,0.053285427391529,-0.033307425677776,1
0.11698251962662,-0.21054463088512,0.17176828533411,1
0.019855558872223,0.2703896984458,-0.030109316110611,1
-0.083225011825562,-0.17113608121872,0.035130210220814,1
0.013603687286377,0.1574534997344,-0.018465094268322,1
-0.070968568325043,-0.14952097460628,-0.075176581740379,1
0.019335150718689,-0.18932066112757,-0.022088728845119,1
-0.13819313049316,0.10751826316118,0.037637613713741,1
0.10462325811386,-0.20544619858265,-0.017061978578568,1
0.090409576892853,-0.082939209416509,-0.022740416228771,1
-0.11261257529259,0.15670218318701,-0.040664665400982,0
0.030422866344452,0.17167361825705,0.071100421249866,1
-0.19111934304237,-0.07743276655674,0.19046128541231,1
-0.050201445817947,0.24441992491484,0.017738372087479,1
-0.058417737483978,0.026701174676418,-0.0031024888157845,1
0.19522666931152,0.21990241855383,0.011636428534985,1
-0.00052374601364136,0.081869013607502,0.015015468001366,1
0.11352390050888,0.094874270260334,-0.070198468863964,1
-0.16611039638519,0.18189456313848,-0.016850702464581,1
0.20161813497543,-0.1858567148447,0.0018055513501167,1
0.019976258277893,-0.12894412130117,-0.069160498678684,1
0.047604918479919,0.21043863147497,-0.020485013723373,1
-0.083038151264191,-0.20085702836514,0.17218125611544,1
-0.12414667010307,0.0070156529545784,-0.041553683578968,1
-0.038720428943634,-0.0096578001976013,-0.010244868695736,1
-0.055766522884369,-0.059667348861694,-0.011438839137554,1
-0.065845131874084,0.045101337134838,-0.034695625305176,1
-0.05100405216217,-0.057043969631195,0.0044646337628365,1
-0.012357890605927,-0.19806563854218,0.11063156276941,1
0.12178659439087,0.12661143392324,-0.076448604464531,1
0.18059784173965,-0.23081593960524,0.063289411365986,1
-0.069006413221359,0.12451631575823,-0.051818303763866,1
0.090146839618683,0.070805184543133,-0.035664744675159,1
-0.040887296199799,0.018615067005157,-0.024888813495636,1
0.0031328201293945,0.12754284590483,0.02736609429121,1
-0.058627843856812,0.17219229787588,0.058485947549343,1
-0.16037312150002,-0.092944567557424,0.10664316266775,1
-0.12191343307495,-0.16404104232788,0.15547206252813,1
-0.0399010181427,0.19065617769957,0.11153016239405,1
-0.082106649875641,0.016626290977001,-0.046024046838284,1
0.041308462619781,-0.16844277828932,-0.047547280788422,1
-0.14852166175842,0.12618716806173,0.16707060486078,1
-0.17772206664085,-0.19937163591385,0.025630436837673,1
-0.023176610469818,0.10616796463728,-0.035682894289494,1
-0.030131757259369,0.034175284206867,-0.014042533934116,1
-0.16216003894806,0.026564829051495,0.042930789291859,1
-0.17340669035912,0.14791787415743,-0.0031796172261238,1
-0.2138032913208,0.12877697497606,0.046649120748043,1
-0.077228099107742,-0.10673792427406,0.034318618476391,1
-0.092961341142654,-0.15678462386131,-0.073608040809631,1
-0.14010521769524,0.20473780483007,0.0833475664258,1
-0.16805493831635,0.11781027168036,0.0070714578032494,1
0.12015527486801,0.18102654069662,-0.041142053902149,1
0.1160814166069,-0.16748309135437,-0.098571002483368,1
-0.17621338367462,0.078044034540653,0.044608883559704,1
-0.12165835499763,-0.21014742553234,0.046348810195923,1
0.009909451007843,0.19042577594519,-0.03918843716383,1
-0.021545231342316,0.10663016885519,-0.014749594032764,1
0.20167571306229,0.1805213317275,-0.0061449781060219,1
0.010321736335754,0.19009383767843,-0.092293478548527,1
0.031369686126709,0.076590172946453,-0.032500587403774,1
-0.054353713989258,0.021188832819462,-0.039115488529205,1
-0.19128924608231,0.11005312949419,-0.047341339290142,1
-0.10744222998619,-0.036098010838032,0.037374965846539,1
0.010809242725372,-0.06634446233511,0.0029504895210266,1
-0.010907769203186,-0.081587195396423,-0.050056539475918,1
-0.050456792116165,0.057431854307652,0.020298756659031,1
0.049455940723419,-0.24052787572145,-0.041648119688034,1
-0.058406978845596,0.17787083238363,0.10827010124922,1
-0.069464981555939,0.0054977908730507,-0.0068301185965538,1
0.12088733911514,-0.20076244324446,0.098554559051991,1
-0.021659910678864,0.12919943779707,-0.023369371891022,1
-0.053541123867035,-0.007420688867569,-0.027687780559063,1
-0.043880581855774,-0.24682172387838,0.019137151539326,1
0.064755976200104,-0.086200106889009,0.022562600672245,1
-0.10145509243011,0.13126624375582,0.078391470015049,1
-0.18400675058365,0.089994795620441,0.076279990375042,1
-0.063412666320801,-0.14531189203262,0.0084376856684685,1
-0.21528041362762,0.046225942671299,0.019238464534283,1
-0.078018516302109,-0.26047313958406,0.046677686274052,1
0.0026628375053406,0.29032664746046,0.0035934373736382,1
0.03648442029953,-0.28363142162561,-0.014681369066238,1
0.0087665319442749,-0.28502231091261,-0.028429619967937,1
-0.21310424804688,-0.12009728699923,-0.040515817701817,1
0.030495882034302,-0.056025363504887,0.0036796778440475,1
-0.10208779573441,0.11698745936155,-0.010798431932926,1
-0.047881364822388,0.26548954099417,-0.0074198171496391,1
-0.031475603580475,0.16831585019827,-0.066565923392773,1
-0.023440003395081,0.17624636739492,-0.062549151480198,1
-0.16092422604561,-0.041924886405468,0.0001218393445015,1
-0.15725317597389,-0.12032627314329,-0.096759416162968,1
0.046541273593903,0.14976563304663,-0.090276017785072,1
-0.10588106513023,0.11198052018881,-0.0047508701682091,1
-0.10288786888123,0.13055240362883,-0.048020459711552,1
-0.057284533977509,0.10421758145094,0.0093364641070366,1
-0.11371207237244,-0.15845817700028,0.10986057668924,1
0.035572230815887,0.088490314781666,-0.042012467980385,1
0.032301068305969,0.19595461338758,-0.067969247698784,1
-0.22870990633965,-0.056243751198053,-0.013562880456448,1
-0.059282928705215,-0.21344398707151,0.098252452909946,1
-0.26358869671822,-0.006491482257843,0.0060614123940468,1
0.00042206048965454,0.091005645692348,-0.053160332143307,1
0.103067278862,0.095837406814098,0.0023832842707634,1
-0.22448992729187,-0.11017829459161,0.043996013700962,1
-0.050754249095917,-0.079714821651578,0.019131042063236,1
0.15432661771774,0.16583131998777,0.15408731251955,1
-0.12093871831894,0.15887569636106,-0.054190032184124,0
-0.18154421448708,-0.021128192543983,-0.089392948895693,1
0.064339518547058,0.13212314993143,0.013251513242722,1
-0.030473172664642,-0.023280248045921,-0.0084607377648354,1
0.19687151908875,-0.20995189994574,-0.024758942425251,1
0.11914217472076,0.20927923172712,-0.029165133833885,1
0.037494838237762,0.094067774713039,-0.020532123744488,1
-0.19273644685745,0.089066214859486,0.16649573296309,1
-0.034473419189453,-0.12924312055111,-0.028228037059307,1
-0.023289501667023,0.23856972903013,0.01117629557848,1
0.05560314655304,0.11564438790083,-0.0086818560957909,1
-0.094351530075073,0.16765674203634,0.15669592469931,1
-0.052145719528198,0.084950469434261,-0.0036642178893089,1
-0.0086634755134583,-0.23484403640032,0.076630957424641,1
0.080101430416107,-0.09371638065204,-0.023570582270622,1
-0.032729923725128,-0.058497566729784,-0.031434886157513,1
-0.0078042149543762,-0.14230422303081,0.00276730209589,1
-0.073242098093033,-0.020627558231354,-0.0078386142849922,1
0.061744630336761,0.24516852945089,0.073206372559071,1
-0.013777196407318,-0.047561477869749,0.0018061175942421,1
0.02317887544632,0.084975473582745,-0.027238808572292,1
-0.09078973531723,-0.05727444589138,-0.083934023976326,1
-0.10236456990242,0.15113090723753,0.016888357698917,1
-0.021758556365967,0.19251015037298,0.070630274713039,1
-0.23679214715958,-0.10115904849954,0.075178988277912,1
0.040074348449707,0.13521070033312,-0.044769376516342,1
-0.041191220283508,0.015714466571808,-0.021387934684753,1
-0.017745852470398,0.071876727044582,-0.012314565479755,1
0.034222781658173,0.17690791934729,0.023629084229469,1
-0.15965008735657,0.027947835624218,0.0053124949336052,1
-0.048981368541718,-0.27291794866323,0.010027252137661,1
-0.036059260368347,-0.097160262754187,0.025916501879692,1
0.063046395778656,0.088290981948376,-0.026887632906437,1
0.01432603597641,0.12150710076094,-0.015582501888275,1
-0.090621292591095,0.18238600343466,-0.0041864439845085,1
-0.11826062202454,0.079624243080616,0.064384065568447,1
0.033973634243011,0.093320243060589,-0.022782899439335,1
0.14589524269104,0.19241597503424,0.10830346494913,1
-0.12436956167221,-0.19779206812382,-0.00068656355142593,1
-0.15207493305206,0.17253153771162,0.13114631921053,1
0.01571398973465,-0.10871325060725,-0.023827120661736,1
-0.15681692957878,0.17689033597708,0.12098681181669,1
-0.024142146110535,-0.067420475184917,0.0064813867211342,1
-0.16047546267509,-0.14212545007467,0.102634139359,1
0.010253846645355,0.105587862432,-0.01816426217556,1
0.094343900680542,-0.09637321298942,-0.029962547123432,1
0.024421632289886,0.09732324630022,0.01143679022789,1
0.063090980052948,-0.050752654671669,0.0033063814043999,1
-0.11057797074318,-0.038146175444126,-0.058345086872578,1
0.029335796833038,0.063636712729931,0.004907600581646,1
-0.0095847845077515,-0.13246436789632,-0.075606949627399,1
0.057010054588318,0.098960913717747,-0.026713214814663,1
0.1642324924469,0.16819681972265,0.1703472211957,1
0.075647175312042,-0.14497308805585,-0.036195404827595,1
-0.19637611508369,0.017706029117107,0.10841818898916,1
0.062820792198181,0.044880084693432,-0.007518358528614,1
0.030882775783539,-0.079472227022052,-0.013432309031487,1
-0.056656569242477,-0.037587992846966,0.0023551657795906,1
0.03251713514328,-0.20980985462666,-0.097327537834644,1
-0.062158048152924,0.022037550806999,-0.0017807707190514,1
-0.043114840984344,0.21266280859709,0.15167549997568,1
-0.20306009054184,-0.1072466163896,0.050865285098553,1
-0.1033830344677,0.10876321047544,-0.076070241630077,1
0.1447172164917,0.14444088190794,0.096120439469814,1
-0.16238051652908,0.18595274537802,0.06773380190134,1
-0.23605635762215,-0.094236685428768,0.055310256779194,1
-0.14548578858376,0.042165018618107,0.011499471962452,1
0.087104201316833,0.09954421967268,0.011507771909237,1
-0.039067983627319,0.048106543719769,-0.02121489495039,1
-0.10906514525414,0.075509063899517,-0.0082333013415337,1
-0.085228860378265,0.039433158934116,-0.066860005259514,1
-0.15755605697632,0.12584180384874,-0.041881792247295,1
0.17494314908981,0.18095275014639,0.084367267787457,1
-0.022049844264984,0.10076846927404,-0.022506460547447,1
-0.064418643712997,-0.022865101695061,-0.01566506177187,1
-0.018303394317627,-0.083409272134304,-0.0086733400821686,1
-0.043767809867859,0.13077870756388,-0.082643650472164,1
0.00020653009414673,-0.15089770779014,-0.035654835402966,1
-0.049640119075775,0.082989476621151,0.01241622120142,1
-0.24399331212044,0.014762431383133,-0.060152813792229,1
0.17315077781677,-0.20089492201805,-0.084904871881008,1
-0.092967748641968,0.0010437816381454,-0.07463700324297,1
0.067393839359283,-0.19312521070242,0.20614082366228,1
0.041796207427979,0.20501267164946,-0.097619120031595,1
-0.03182977437973,-0.10905367601663,-0.072246268391609,1
-0.028313398361206,0.22448884695768,-0.05671539157629,1
0.061832070350647,-0.24832282215357,0.075113348662853,1
0.089817345142365,0.15788846462965,0.036816112697124,1
-0.075689405202866,-0.11342129576951,0.023325361311436,1
-0.04081666469574,-0.021130368113518,-0.018673054873943,1
0.018968880176544,0.26359971612692,0.02005523443222,1
0.099997103214264,0.096708826720715,-0.033440679311752,1
0.099321305751801,-0.14017162099481,-0.028225027024746,1
-0.150974214077,0.093288339674473,0.017999716103077,1
0.015726566314697,-0.12012623250484,0.019614689052105,1
-0.13975146412849,-0.10347892483696,0.078257761895657,1
-0.15331283211708,0.1879411265254,0.0073858574032784,1
-0.0056266188621521,0.065063275396824,-0.0061781406402588,1
0.027865588665009,-0.15533980354667,-0.018271401524544,1
0.068203985691071,0.27925225347281,0.029944837093353,1
-0.032064497470856,0.065940268337727,-0.024676851928234,1
-0.1635557115078,-0.10163833759725,0.13463177531958,1
0.049256861209869,-0.10794954653829,-0.0092130824923515,1
-0.072484493255615,0.035959370434284,-0.0097202882170677,1
-0.051336288452148,-0.093649826943874,-0.018228769302368,1
-0.026930570602417,-0.2144568040967,0.13246742635965,1
0.20686531066895,0.20285537093878,0.032837487757206,1
-0.10005566477776,-0.2072861045599,0.1347556784749,1
-0.10039585828781,0.10830075293779,0.049257464706898,1
0.07763797044754,-0.071053680032492,0.018156431615353,1
0.05644553899765,-0.10131451033521,-0.024421937763691,1
-0.060923486948013,0.10493943840265,-0.031700737774372,1
0.0024732947349548,0.23166414350271,-0.073837883770466,1
-0.1839839220047,-0.19278743863106,0.020422644913197,1
0.16045099496841,-0.24981258064508,0.050731532275677,1
-0.0093622207641602,0.23599710315466,0.1399038657546,1
0.058126091957092,-0.24920579046011,0.044466577470303,1
0.013260722160339,0.2914639338851,0.032653987407684,1
-0.010754406452179,-0.23496819287539,0.11622337251902,1
-0.0286945104599,0.15555163472891,-0.06524533778429,1
-0.05754691362381,-0.027526929974556,-0.014663465321064,1
0.046444833278656,-0.13453207165003,0.016732349991798,1
0.067067801952362,-0.13270058482885,-0.036538660526276,1
0.094130337238312,-0.14496364817023,-0.051887609064579,1
-0.051098316907883,-0.069069694727659,-0.02685733884573,1
-0.16006004810333,0.020654812455177,0.083823464810848,1
0.1812629699707,0.21776186674833,-0.039420388638973,1
-0.11008733510971,-0.17479390650988,0.13627859205008,1
-0.072099268436432,0.086960099637508,0.026701338589191,1
-0.12806534767151,0.084634952247143,-0.0015251114964485,1
-0.063102751970291,0.08449275046587,0.016550131142139,1
0.014455795288086,0.13213492184877,0.021628506481647,1
-0.13528424501419,0.13761153072119,0.15985127538443,1
0.027861475944519,-0.15963615477085,-0.088839273899794,1
0.045603334903717,-0.10524891177192,-0.044168867170811,1
-0.071604400873184,-0.018864639103413,-0.031352303922176,1
0.1724391579628,-0.20507381111383,-0.01951614767313,1
-0.0084341168403625,0.15621595829725,0.019482038915157,1
-0.13457238674164,-0.0029847845435143,-0.04693578928709,1
0.12910771369934,0.12711212784052,-0.08823961019516,1
0.07728511095047,-0.27811395376921,-0.047287322580814,1
0.020965337753296,-0.070445239543915,-0.02863821387291,1
0.085613071918488,-0.12532912567258,0.0044949278235435,1
0.091192424297333,-0.068914061412215,-0.021357320249081,1
-0.097474545240402,-0.061883505433798,0.0042634382843971,1
-0.10899260640144,0.062845267355442,-0.050573892891407,1
-0.010646104812622,0.1013498082757,0.0097454860806465,1
0.051285862922668,0.10669796913862,0.0017925053834915,1
-0.17045211791992,-0.025484427809715,-0.0073916092514992,1
0.16241145133972,-0.23078990727663,-0.0036478191614151,1
-0.068469673395157,-0.085126744583249,-0.060909129679203,1
-0.0059697031974792,0.17279221862555,0.0065909549593925,1
0.10343331098557,0.09592155367136,-0.054743885993958,1
-0.1477644443512,0.11133543401957,-0.040847383439541,1
-0.082908123731613,-0.019129477441311,-0.028619900345802,1
-0.22170609235764,-0.023587465286255,0.020837686955929,1
-0.055691450834274,0.15644975751638,-0.00061878561973572,1
-0.16208678483963,0.10286404937506,-0.077360138297081,1
-0.067252814769745,0.14419115334749,-0.050509728491306,0
-0.24503326416016,-0.11300615034997,0.013860173523426,1
0.049435675144196,0.22805055230856,0.036111570894718,1
0.056856572628021,-0.16098488494754,-0.081889353692532,1
-0.08802142739296,0.17937701195478,-0.06043017655611,0
-0.030715227127075,0.063165418803692,-0.012162379920483,1
-0.13002932071686,0.17511918395758,0.11308745294809,1
0.1342853307724,0.20398705452681,0.00010941922664642,1
0.19783741235733,-0.21725373715162,-0.031198658049107,1
0.1109179854393,-0.095832664053887,-0.080701909959316,1
0.00093942880630493,0.214340262115,-0.0014401823282242,1
0.083137154579163,0.070895113050938,0.019314102828503,1
-0.11689469218254,-0.067657724022865,0.0020345970988274,1
-0.15820860862732,0.086163960397243,0.0385707244277,1
-0.1198942065239,0.088277064263821,0.013213984668255,1
-0.11245477199554,0.088186390697956,0.028289802372456,1
0.053770959377289,-0.13771810382605,-0.082695841789246,1
-0.04314786195755,-0.086430388502777,0.0011902824044228,1
0.18056273460388,-0.17716828733683,0.068215005099773,1
-0.13806587457657,-0.086861522868276,-0.026436418294907,1
0.09824138879776,-0.23977384716272,-0.037778377532959,1
-0.21215552091599,0.049106024205685,0.087104015052319,1
0.074036419391632,-0.049202181398869,0.0041321143507957,1
0.0021029114723206,-0.26704076677561,0.027808099985123,1
0.033607423305511,-0.11892580240965,-0.073505155742168,1
0.18174809217453,0.2059855684638,0.098179362714291,1
-0.19433629512787,-0.16470418870449,-0.014328651130199,1
0.042846739292145,-0.24920285493135,0.10738433152437,1
-0.045798718929291,-0.035642892122269,-0.043574772775173,1
-0.00083339214324951,0.085281811654568,-0.013870373368263,1
0.11251729726791,-0.19547373056412,-0.084792353212833,1
-0.038178682327271,0.118129812181,-0.04314611107111,1
-0.15440034866333,0.093027107417583,0.18989484757185,1
-0.079064965248108,-0.10654174303636,-0.011782594025135,1
-0.02275824546814,-0.098842120962217,0.013728581368923,1
-0.047247052192688,0.23557712882757,0.037747099995613,1
-0.02226048707962,0.10251647979021,0.029639102518559,1
-0.083170354366302,-0.091543342918158,-0.03874809294939,1
-0.068264842033386,0.18561645597219,0.047918729484081,1
-0.23848158121109,-0.047857146710157,0.035581044852734,1
-0.19262164831161,-0.0060594156384468,0.029645286500454,1
-0.15992978215218,0.19445618242025,0.039165981113911,1
0.02929824590683,-0.20882740616798,0.19187942892313,1
-0.25586885213852,0.061336688697338,0.0091435387730598,1
-0.025883138179779,-0.0989582343027,0.02154228836298,1
-0.11501511931419,0.24721341580153,0.000314861536026,1
0.12441122531891,0.12840177863836,-0.0018194168806076,1
0.087235987186432,-0.15697202086449,-0.069400936365128,1
-0.064843565225601,0.21074926108122,0.0085744261741638,1
-0.033803939819336,-0.027794204652309,-0.014913313090801,1
0.065120220184326,0.049803666770458,-0.002313457429409,1
0.063149273395538,-0.18494307249784,0.018985755741596,1
-0.15177574753761,-0.14420266076922,0.16408205777407,1
-0.044431746006012,-0.058485463261604,-0.041891075670719,1
-0.095702886581421,0.19619282335043,0.18806377798319,1
-0.086617350578308,-0.074485506862402,-0.073543719947338,1
-0.11844143271446,-0.14670656248927,0.11688455194235,1
0.099618136882782,0.26183816045523,0.098075665533543,1
-0.033045411109924,-0.26308787614107,0.13864753395319,1
-0.17277157306671,-0.075776116922498,0.006141297519207,1
-0.056887328624725,-0.019192092120647,0.012760184705257,1
-0.13949155807495,0.063179366290569,0.064984314143658,1
-0.11678314208984,0.1485937461257,-0.055038712918758,0
0.0055522322654724,0.2460103854537,0.056293532252312,1
0.20555680990219,-0.20165979117155,0.069556631147861,1
0.045128285884857,0.20112999528646,0.14166437834501,1
-0.10668483376503,-0.024063043296337,0.0035486593842506,1
0.12153214216232,-0.1289250459522,-0.0513581559062,1
-0.084636002779007,0.17230971902609,0.052316941320896,1
-0.043953359127045,0.041728489100933,-0.046748481690884,1
-0.068435609340668,-0.20297000557184,0.14032814651728,1
0.057775735855103,0.2511678263545,0.040091663599014,1
0.16953629255295,0.22809796780348,0.061516731977463,1
-0.0069794654846191,0.18473016470671,-0.075438939034939,1
0.024859249591827,-0.076257895678282,-0.025499112904072,1
-0.0016842484474182,-0.067650310695171,0.0038758888840675,1
-0.12636893987656,0.04989842325449,-0.089687116444111,1
-0.035747110843658,-0.23450825363398,0.0042547807097435,1
0.026695251464844,-0.25764214247465,0.14550348371267,1
0.13966792821884,0.21222557872534,0.093157209455967,1
0.027142882347107,-0.071986127644777,-0.0069128796458244,1
-0.078983813524246,0.10426042228937,-0.052112378180027,1
0.031328916549683,0.066647209227085,-0.0040311366319656,1
-0.14966994524002,-0.066095761954784,0.026580549776554,1
-0.1657629609108,-0.054518777877092,0.044680334627628,1
-0.013262271881104,0.25713383406401,0.13643019646406,1
0.053118109703064,0.10805084556341,-0.05312605202198,1
-0.02553915977478,0.16268470138311,0.018846862018108,1
0.14432257413864,0.23719438165426,0.064762406051159,1
-0.069795936346054,-0.13903875648975,0.010603606700897,1
-0.0085105299949646,0.20493467897177,0.011440850794315,1
-0.15456369519234,0.086705304682255,-0.040364302694798,1
0.078014373779297,-0.1536801494658,0.023232094943523,1
0.10070127248764,0.12302681058645,0.036814823746681,1
-0.011304199695587,-0.11561754718423,-0.043463997542858,1
-0.18914526700974,0.053133316338062,0.13734021037817,1
-0.082674145698547,0.047252885997295,-0.049820587038994,1
-0.085900962352753,0.072764791548252,0.0063357129693031,1
-0.10019999742508,-0.13362408429384,-0.055951751768589,1
0.062919795513153,0.12505895644426,-0.03155954927206,1
-0.099207758903503,0.13870655745268,0.049895755946636,1
-0.053186416625977,-0.084412086755037,0.02251922339201,1
-0.095815539360046,-0.19469019770622,0.03423585742712,1
-0.22384265065193,-0.057316284626722,-0.077838808298111,1
-0.17640966176987,-0.044666439294815,-0.092741545289755,1
-0.13663265109062,0.0078691989183426,0.043190725147724,1
0.0010566115379333,0.11067024618387,-0.016376785933971,1
-0.044367909431458,0.074046485126019,-0.013707898557186,1
-0.067905515432358,-0.25467225164175,-0.046803385019302,1
-0.14415401220322,0.0032835975289345,0.02312957495451,1
-0.035415709018707,0.22872766107321,0.045573309063911,1
0.13334232568741,-0.19137547910213,0.19806373864412,1
0.011434733867645,-0.11458211112767,-0.0089418366551399,1
-0.13939303159714,-0.047043774276972,0.034120060503483,1
0.045728266239166,0.19351234287024,0.092671535909176,1
0.06549060344696,0.17030524462461,-0.039948254823685,1
0.030535995960236,0.12641259282827,-0.019037380814552,1
0.0049505233764648,-0.26472655683756,0.039394073188305,1
-0.071393311023712,0.15784057229757,0.015638090670109,1
0.057612299919128,0.14014071971178,-0.0022809207439423,1
-0.081830263137817,0.10794331878424,-0.022059746086597,1
0.12717527151108,0.13500808924437,0.055455878376961,1
-0.069586217403412,0.013195008039474,-0.010948665440083,1
-0.14385336637497,0.016328416764736,-0.014856390655041,1
-0.029375493526459,-0.061397537589073,-0.015608109533787,1
0.049462497234344,-0.070805499330163,-0.028331093490124,1
-0.11548781394958,0.23891475051641,-0.043564215302467,0
-0.020636558532715,0.24493815749884,0.084517560899258,1
0.16389554738998,-0.2313924357295,0.064252093434334,1
-0.14019185304642,0.21205040067434,0.069907896220684,1
-0.03131091594696,0.1254109069705,-0.055115036666393,1
0.011413037776947,-0.079855784773827,0.0038212090730667,1
-0.23493844270706,-0.13239365443587,0.051670558750629,1
-0.25447553396225,0.031928382813931,0.044159762561321,1
0.098504781723022,0.10676550120115,0.0095575302839279,1
-0.099296629428864,-0.11900154873729,-0.069308139383793,1
-0.10963717103004,-0.0094699710607529,0.0080687925219536,1
0.052508115768433,0.079921491444111,0.017580263316631,1
-0.19067639112473,-0.079489992931485,0.00843396037817,1
-0.12299391627312,0.1099449172616,-0.10060349851847,1
-0.047622919082642,-0.16167102009058,-0.037363223731518,1
-0.016032576560974,0.24960308521986,0.15086481720209,1
-0.015590786933899,0.23925029486418,-0.081052042543888,1
-0.13853675127029,-0.13215318694711,0.18943408876657,1
0.14453274011612,0.22019299119711,0.12446597963572,1
0.14239412546158,-0.20564088970423,0.15750674158335,1
0.033876121044159,-0.0770199354738,0.012526236474514,1
0.047197043895721,-0.12228004820645,-0.021920040249825,1
-0.02573698759079,0.15920551866293,0.019593760371208,1
-0.12591055035591,-0.11507669836283,0.049098990857601,1
-0.047054469585419,-0.22137655317783,0.081877775490284,1
0.12707763910294,-0.16303487122059,-0.014082007110119,1
0.053657233715057,-0.076892040669918,0.017682671546936,1
-0.1309956908226,0.007027342915535,-0.063528142869473,1
0.1242590546608,0.16033571213484,-0.037126928567886,1
0.064474940299988,-0.14009578898549,0.021518528461456,1
-0.040778040885925,0.16845478862524,-0.096454136073589,1
-0.058198243379593,0.065008990466595,0.01922956854105,1
-0.044394195079803,0.035120911896229,0.0042224153876305,1
-0.028060495853424,-0.066707856953144,-0.010886929929256,1
-0.16681098937988,-0.084618156775832,-0.099755108356476,1
-0.23156210780144,-0.08149672858417,0.085133440792561,1
-0.16439789533615,0.17610468715429,0.1294629201293,1
0.096769332885742,-0.24985728412867,0.13830424100161,1
0.13073003292084,-0.17393247783184,0.1245655938983,1
-0.23142594099045,-0.028467141091824,-0.038363955914974,1
0.17784708738327,-0.24652265757322,0.050748966634274,1
-0.094812422990799,0.15564315766096,0.21418861299753,1
-0.078373223543167,-0.041922729462385,0.015404619276524,1
-0.091909199953079,-0.16830275952816,0.19476173073053,1
0.11474114656448,-0.21636587381363,0.074764378368855,1
0.034964621067047,-0.26503091305494,0.12387324124575,1
0.13750815391541,0.26343586295843,0.022895582020283,1
0.097353994846344,-0.20330747961998,0.11228071898222,1
-0.081919193267822,-0.24985978752375,0.013346485793591,1
-0.14366036653519,0.15567531436682,-0.03642899543047,0
-0.077301353216171,0.0094249173998833,-0.016688518226147,1
0.10194629430771,0.087326519191265,-0.016077749431133,1
0.034986793994904,0.13427216559649,0.033465825021267,1
-0.053487926721573,-0.25157780200243,-0.0028180852532387,1
-0.085269570350647,0.018638759851456,0.0014705285429955,1
0.099915862083435,0.20528473705053,0.069197401404381,1
0.099728286266327,0.1584637388587,0.062046386301517,1
-0.056283593177795,0.124522395432,-0.078961558640003,1
0.072993993759155,0.20396288484335,0.022285312414169,1
-0.029708027839661,0.068128444254398,-0.039540953934193,1
0.10251533985138,-0.16005631163716,0.070048876106739,1
-0.17052033543587,0.16998114436865,-0.02990398555994,1
0.090043902397156,0.18905132263899,0.046743340790272,1
0.081713616847992,0.098270244896412,-0.024693891406059,1
-0.15384155511856,0.10759513825178,0.18846762925386,1
0.0037235021591187,-0.09151385165751,-0.019861832261086,1
-0.064823985099792,0.04032776504755,0.018387593328953,1
0.21172559261322,-0.18768008053303,-0.05640185624361,1
0.021076321601868,0.064171396195889,0.00083156675100327,1
0.15912783145905,0.22605218738317,0.1130406036973,1
0.052739679813385,0.06634571403265,-0.0047551169991493,1
-0.14994916319847,-0.14588908851147,-0.056813649833202,1
-0.054791003465652,-0.17357268184423,-0.066166505217552,1
-0.12663289904594,0.05205412954092,-0.019787587225437,1
0.059920191764832,0.18266754597425,-0.0054559037089348,1
-0.052209436893463,0.040820308029652,0.0091752782464027,1
-0.23537456989288,-0.091541225090623,0.086444236338139,1
0.033436119556427,-0.17866706103086,-0.047004513442516,1
-0.21317395567894,-0.048582382500172,0.11128064244986,1
-0.081342756748199,0.051906757056713,0.024934001266956,1
0.15161490440369,-0.17076136171818,0.1903817281127,1
0.019533038139343,0.21806796640158,0.1101533845067,1
0.11033928394318,0.26766958087683,0.04054831713438,1
-0.10498523712158,0.020864434540272,0.0050606355071068,1
-0.15735217928886,-0.0044691413640976,-0.022196047008038,1
-0.030129969120026,0.040885515511036,-0.005447082221508,1
-0.12050503492355,0.11968692392111,-0.0082151517271996,1
0.069843471050262,-0.21437799185514,-0.063691794872284,1
-0.029316067695618,-0.086502246558666,0.024289771914482,1
0.040951013565063,-0.13860633969307,-0.021180279552937,1
0.078664481639862,0.15595521777868,0.049515761435032,1
0.092341899871826,0.18247374147177,0.064549244940281,1
0.17089587450027,0.20735260099173,0.13310254365206,1
-0.066381752490997,0.056314893066883,-0.021764062345028,1
0.037885308265686,0.27759727090597,-0.042701847851276,1
-0.047551929950714,-0.26218796521425,0.0057018250226974,1
0.1488676071167,0.14532899111509,-0.051478914916515,1
-0.011892080307007,0.11416148394346,0.015402629971504,1
-0.044472277164459,0.066083170473576,0.0044981017708778,1
0.082233726978302,0.075055815279484,-0.0025291815400124,1
-0.049653649330139,0.15594037622213,-0.068994596600533,1
-0.043492138385773,-0.060816437005997,0.01434288173914,1
-0.20832717418671,0.036330871284008,0.13431257754564,1
-0.15694335103035,-0.14396867528558,0.044478513300419,1
-0.18552389740944,-0.083716411143541,0.089027367532253,1
0.11304211616516,0.17515593022108,-0.083547949790955,1
0.0086835026741028,0.083424158394337,-0.012072779238224,1
-0.18345236778259,0.1575567945838,0.09764239937067,1
0.018855154514313,-0.15545693412423,0.0012300461530685,1
-0.15385919809341,0.12802750617266,0.12749531120062,1
0.16580003499985,-0.14749496802688,0.16272635012865,1
-0.024138391017914,-0.047451034188271,-0.01030383259058,1
-0.19107383489609,-0.095837659202516,0.051369987428188,1
-0.234523832798,0.030931644141674,0.095912523567677,1
0.064147412776947,0.087948463857174,0.019709281623363,1
-0.062311112880707,0.01714488863945,-0.056176476180553,1
-0.02414482831955,0.23701118677855,-0.092000924050808,1
-0.028422713279724,-0.14879736304283,0.053965747356415,1
-0.15898060798645,-0.1387706361711,0.12946776300669,1
-0.19952827692032,0.076422818005085,0.08375958353281,1
-0.14309233427048,0.0058816894888878,0.0028772875666618,1
-0.17823165655136,-0.19425977766514,0.024946935474873,1
-0.068376839160919,-0.10097777587362,0.04269701987505,1
-0.15457659959793,0.085692621767521,0.0049534663558006,1
-0.13674536347389,-0.085385796613991,0.010940946638584,1
0.10602885484695,0.21944995969534,-0.060225538909435,1
0.039906919002533,-0.17454674839973,0.016604743897915,1
0.0019376277923584,0.088201157748699,0.0021566674113274,1
-0.027011871337891,-0.054269067943096,-0.021306343376637,1
0.14697116613388,0.15512960404158,0.079711429774761,1
-0.18954482674599,0.10385061055422,0.053356371819973,1
0.034066200256348,-0.080389047041535,-0.034258902072906,1
0.01112574338913,-0.11878407932818,-0.0784857198596,1
-0.174052298069,0.044631592929363,-0.024444967508316,1
-0.065198540687561,-0.25814450532198,-0.066979132592678,1
-0.19084653258324,-0.15843082591891,0.043266080319881,1
0.044711112976074,0.25705679506063,0.088903672993183,1
-0.19986292719841,-0.18024265766144,0.074037171900272,1
0.087408900260925,-0.12458596378565,0.037269450724125,1
0.0072208046913147,0.14431724697351,-0.089334733784199,1
-0.070982277393341,-0.11976173333824,0.055077508091927,1
-0.068775177001953,0.13930890709162,0.06154278665781,1
-0.052561372518539,-0.15733704343438,0.014061719179153,1
0.077937126159668,0.22165843099356,0.0071801319718361,1
-0.0041452050209045,0.088314555585384,0.019273988902569,1
-0.027495682239532,-0.18519541621208,0.10273844748735,1
-0.005016028881073,0.089804045855999,0.010468102991581,1
0.08506053686142,-0.11955502443016,-0.0096153095364571,1
-0.16863071918488,-0.22266468405724,0.027508191764355,1
-0.02316027879715,-0.24350119382143,0.038591079413891,1
-0.020884692668915,-0.092239262536168,0.0055324509739876,1
0.062799155712128,-0.2438965216279,-0.077063836157322,1
0.037964344024658,-0.16454374045134,0.020995669066906,1
0.056079566478729,-0.1668234243989,-0.052119515836239,1
-0.15553259849548,-0.19773990660906,-0.020054079592228,1
0.10998350381851,-0.19260784983635,0.040318764746189,1
0.043649852275848,-0.26405342668295,0.05043887346983,1
0.15721136331558,0.21728949993849,0.12140444666147,1
0.11261767148972,0.09808524698019,-0.05062260478735,1
-0.1009433567524,-0.19799945503473,-0.0055409744381905,1
0.12652879953384,-0.24707018584013,0.021540060639381,1
-0.13632655143738,0.095650069415569,-0.078086473047733,1
-0.060263156890869,0.12929410487413,-0.069563992321491,1
-0.1716715991497,-0.033992692828178,-0.0075542852282524,1
-0.035050272941589,0.17225619405508,0.085602827370167,1
0.17750459909439,-0.22307891398668,0.13024064153433,1
0.091105997562408,-0.077750377357006,-0.040485821664333,1
-0.040273308753967,0.0616569891572,-0.0019831284880638,1
0.087221801280975,0.084448985755444,0.024820454418659,1
-0.013472199440002,-0.067892022430897,0.0055008754134178,1
-0.096094369888306,0.037742115557194,-0.0081700906157494,1
-0.026595771312714,-0.23177257925272,-0.085044503211975,1
-0.037001073360443,-0.071015099063516,0.0031879767775536,1
-0.085273861885071,0.20669915527105,-0.012108817696571,0
-0.0052388310432434,-0.057047747075558,0.0048121511936188,1
-0.0020068883895874,0.082497231662273,0.0051609575748444,1
-0.15705433487892,-0.15286032855511,0.16923480480909,1
-0.041464745998383,0.074533842504025,0.015517301857471,1
-0.10325983166695,-0.13679495081306,0.047108747065067,1
0.12972193956375,-0.22459084540606,-0.033056281507015,1
-0.068005323410034,0.067707739770412,-0.034098841249943,1
-0.062810599803925,0.026368908584118,0.022322945296764,1
0.17695862054825,-0.18040616065264,0.097377069294453,1
-0.19784840941429,-0.072736240923405,0.014243669807911,1
-0.17907404899597,0.12533644586802,-0.059180803596973,1
-0.057656645774841,0.080597706139088,0.016907520592213,1
-0.017335712909698,-0.11357713118196,-0.057091310620308,1
-0.10440027713776,0.18900644034147,-0.035733513534069,0
0.045118033885956,0.094838939607143,-0.020496234297752,1
0.052936732769012,-0.27961180359125,0.088735692203045,1
0.021748602390289,0.13765393942595,0.024802193045616,1
-0.21041113138199,-0.1295687649399,0.12066953629255,1
0.14445477724075,-0.16799011081457,0.004074327647686,1
-0.11184802651405,-0.1216357126832,-0.084904558956623,1
-0.099238753318787,0.22859682887793,-0.01696790009737,0
0.095240294933319,-0.20518235862255,0.030995853245258,1
0.050309598445892,0.15625285357237,-0.021273963153362,1
0.034785687923431,0.15406437963247,0.025767929852009,1
0.062364101409912,-0.1411157771945,-0.024861566722393,1
0.018172085285187,0.08664857596159,-0.0322550162673,1
-0.017515957355499,0.14769449084997,-0.046739354729652,1
0.15755552053452,0.16353084892035,0.15612728148699,1
0.019018292427063,-0.20253594964743,0.15030882507563,1
0.13907390832901,0.17641415446997,-0.016844235360622,1
-0.037911415100098,0.067843325436115,-0.0069726780056953,1
0.028330087661743,-0.066239044070244,0.0021279156208038,1
-0.11120495200157,-0.118119308725,-0.086696110665798,1
0.074633777141571,-0.26924575120211,0.052535690367222,1
-0.085467517375946,0.015048764646053,0.024067960679531,1
-0.16640031337738,0.13335909694433,0.070638187229633,1
-0.026145815849304,-0.21020294725895,0.11141937226057,1
-0.11810207366943,-0.058227006345987,-0.046373672783375,1
-0.056629478931427,-0.04836480692029,0.00076297670602798,1
-0.17991408705711,0.15730943530798,0.084227733314037,1
-0.044321477413177,0.17786332219839,-0.048817694187164,1
0.11473470926285,-0.15592085197568,-0.061724610626698,1
-0.20821619033813,0.0031283721327782,-0.065432764589787,1
-0.089877545833588,-0.054212886840105,-0.077843472361565,1
-0.11137056350708,-0.16581119596958,0.17455882579088,1
0.11088234186172,0.26077397912741,0.071703501045704,1
0.15433424711227,-0.18463698029518,0.037655107676983,1
0.022005140781403,0.24649735540152,0.16870117932558,1
0.067971527576447,-0.17315848916769,-0.027559638023376,1
-0.055529952049255,0.12806368619204,-0.032108508050442,1
-0.037707388401031,-0.1494976580143,-0.011461742222309,1
0.10590749979019,-0.19234451651573,-0.0072217509150505,1
0.13080763816833,0.17210923880339,-0.01521335542202,1
-0.15015667676926,0.20681297034025,0.075341336429119,1
0.17379480600357,-0.16148490831256,0.12735579162836,1
-0.1656788289547,-0.029127106070518,0.1113210991025,1
-0.00080043077468872,0.14134814590216,-0.049168258905411,1
-0.038419008255005,-0.22904796153307,-0.01059215515852,1
0.088152825832367,0.23569335788488,0.15082342177629,1
0.064107716083527,0.067116968333721,-0.035630144178867,1
-0.0077739357948303,-0.075067257508636,-0.016000114381313,1
-0.11190110445023,0.040511853992939,0.045415349304676,1
-0.058722794055939,0.094492562115192,-0.070618532598019,1
-0.17323660850525,-0.11718852631748,-0.07989864051342,1
-0.063517272472382,-0.14129943028092,0.061262458562851,1
-0.19899663329124,-0.0095934122800827,-0.01075129956007,1
-0.14892739057541,-0.046466033905745,-0.045100189745426,1
-0.076116502285004,0.083698518574238,-0.044379569590092,1
0.006743848323822,-0.19338571280241,0.053730711340904,1
-0.12738117575645,-0.062827870249748,0.017638348042965,1
-0.095449358224869,-0.13804491609335,-0.081667669117451,1
-0.1099229156971,-0.13594388589263,0.10623187571764,1
-0.10777953267097,-0.094096296932548,-0.018896497786045,1
-0.05366125702858,0.086189202964306,-0.0043693110346794,1
0.025463700294495,-0.074668273329735,-0.020569235086441,1
0.040368258953094,-0.064196892082691,-0.0084496662020683,1
0.080659627914429,0.23956223577261,0.083987303078175,1
-0.22362005710602,0.11187333613634,0.018813855946064,1
0.047602713108063,-0.056528631597757,0.0032309219241142,1
-0.18164750933647,-0.0074004605412483,0.12065314501524,1
-0.087866723537445,0.2624808177352,0.091405607759953,1
0.048106849193573,-0.22369495034218,-0.079779788851738,1
-0.096812725067139,0.016655765473843,-0.073030218482018,1
0.042051732540131,-0.078275173902512,0.0085533857345581,1
0.034398317337036,-0.11177739221603,-0.030959986150265,1
0.11029505729675,0.10623677819967,-4.2721629142761e-05,1
0.060064136981964,-0.15241198241711,-0.028708443045616,1
0.00083130598068237,0.16714235395193,-0.061815187335014,1
0.03488427400589,0.19170983880758,0.0043764635920525,1
0.12332201004028,0.099946446716785,-0.0065735653042793,1
-0.058240711688995,0.050680331885815,0.016550846397877,1
0.19883066415787,-0.20920132100582,0.13220120221376,1
-0.07174277305603,-0.15124362334609,0.0403076633811,1
0.15580004453659,0.24477469176054,0.062247544527054,1
0.11007970571518,-0.26242051273584,0.10680264979601,1
-0.090716600418091,-0.0098419338464737,-0.0082279518246651,1
-0.17642021179199,0.038591094315052,0.1331073269248,1
-0.15046119689941,0.087328888475895,-0.078210137784481,1
-0.088350236415863,0.24104591459036,0.10126630216837,1
-0.034230411052704,-0.10245427628979,0.0079236403107643,1
-0.019236743450165,-0.050979387015104,-0.018515579402447,1
-0.11650541424751,-0.10710048675537,-0.044097520411015,1
0.21260946989059,-0.20294355601072,0.026166461408138,1
-0.17108255624771,0.047182001173496,0.072832010686398,1
-0.0042219161987305,0.21965872496367,0.11812461167574,1
0.093790829181671,-0.11018852610141,-0.034023322165012,1
-0.10512465238571,0.19598820060492,0.10040669888258,1
0.091196179389954,-0.07949117384851,-0.0085592195391655,1
0.058838248252869,-0.15758923068643,0.038904055953026,1
-0.11114692687988,0.047728888690472,0.045166499912739,1
-0.01758748292923,0.058075316250324,-0.030456386506557,1
-0.16899460554123,-0.15342634171247,-0.035662241280079,1
0.072539389133453,-0.083890354260802,0.0044770464301109,1
-0.067078560590744,0.23371233791113,0.044751219451427,1
0.20293217897415,0.22502049058676,-0.022441849112511,1
-0.1174036860466,0.061501733958721,-0.075438283383846,1
-0.035883784294128,0.11662090569735,0.02245818823576,1
0.078193306922913,0.19263895601034,0.074507497251034,1
-0.092527449131012,-0.18695279955864,0.10894799977541,1
-0.023337304592133,0.087793536484241,0.01060526818037,1
0.13671016693115,0.11704980581999,0.015403099358082,1
-0.096685618162155,0.066366650164127,-0.033476173877716,1
-0.006368100643158,0.066945649683475,0.0066075995564461,1
0.12434709072113,-0.24484448879957,0.042158678174019,1
0.12302732467651,-0.11737722530961,-0.021174035966396,1
-0.052110314369202,0.23089834302664,0.14583045989275,1
-0.17268070578575,-0.17510686069727,0.12608283013105,1
0.18547528982162,-0.17375665903091,0.16847039014101,1
-0.15208661556244,-0.15587904676795,0.044217817485332,1
0.048617422580719,0.073988281190395,-0.016393147408962,1
0.030473291873932,0.10412357002497,-0.0067887827754021,1
-0.11288973689079,-0.16512149572372,0.16071707755327,1
-0.0081848502159119,-0.067645981907845,0.0035063922405243,1
-0.13156476616859,0.11998229473829,0.010627649724483,1
0.14024448394775,0.23467948287725,-0.0096411854028702,1
-0.13882452249527,-0.081357348710299,-0.083639293909073,1
0.19684362411499,-0.20807857066393,0.12186793237925,1
-0.12369921803474,0.14309928566217,-0.087467096745968,1
0.029588222503662,0.086978890001774,0.017182148993015,1
0.16517686843872,0.15407624095678,-0.047397799789906,1
-0.16601875424385,0.033124797046185,-0.045544303953648,1
-0.056784451007843,0.2604049667716,-0.0013813748955727,1
-0.10924890637398,0.0046548396348953,-0.040925659239292,1
0.033946812152863,-0.10455537308007,-0.039709106087685,1
-0.20521345734596,-0.093983203172684,-0.021875485777855,1
-0.18113949894905,-0.0031021237373352,0.033371768891811,1
-0.00012022256851196,-0.12394809164107,-0.010294929146767,1
-0.15883719921112,-0.024870932102203,-0.043315030634403,1
-0.20882844924927,0.060206167399883,-0.077852293848991,1
-0.093844175338745,0.13879818469286,0.025189258158207,1
0.1369936466217,0.14094007760286,0.045038782060146,1
-0.066245704889297,0.13164588063955,-0.033925481140614,1
-0.19629997014999,0.045986361801624,0.18741203099489,1
-0.1756991147995,-0.077457264065742,-0.032312609255314,1
-0.12495169043541,-0.12822160497308,-0.015440963208675,1
-0.13865369558334,0.14380715042353,-0.026727415621281,1
-0.033957302570343,0.032801069319248,0.0052794143557549,1
-0.039768993854523,-0.051117327064276,-0.0065140947699547,1
0.046132862567902,-0.13952304422855,-0.041880883276463,1
-0.09754666686058,-0.092151549644768,0.049515314400196,1
0.025514781475067,-0.20958986878395,0.022966593503952,1
-0.065124243497849,-0.13230985403061,-0.024969041347504,1
-0.017258942127228,0.22985448688269,0.026391603052616,1
0.0036752820014954,-0.10228042746894,-0.053548656404018,1
-0.047002017498016,0.011540003120899,-0.016916893422604,1
0.038664400577545,-0.2804403975606,-0.025849960744381,1
-0.049342930316925,-0.023513235151768,-0.024355806410313,1
0.13528329133987,0.20657034963369,0.058883130550385,1
0.16084212064743,0.17560818046331,-0.06945039331913,1
-0.08299508690834,0.25706072896719,-0.046028763055801,0
-0.14291259646416,0.03314270824194,0.022775836288929,1
-0.025882303714752,0.079529605805874,0.015252329409122,1
0.0079309940338135,-0.065694499760866,0.0014096572995186,1
0.0317263007164,0.21455302089453,0.2041087821126,1
-0.11911889910698,-0.076307220384479,-0.073809400200844,1
-0.065238952636719,0.1062992438674,0.042008973658085,1
0.058995306491852,-0.24306295067072,0.025842227041721,1
0.095078706741333,-0.076620249077678,0.010850928723812,1
-0.044442594051361,-0.19227246940136,0.07763995975256,1
0.21174496412277,-0.20583424717188,0.0030266419053078,1
0.094142735004425,-0.21316573768854,0.15581629425287,1
0.14566487073898,-0.14199613034725,-0.083283551037312,1
-0.080982089042664,-0.060955822467804,0.0032169446349144,1
0.11558318138123,0.18559914082289,0.001252681016922,1
0.1440446972847,-0.15424223989248,-0.090836651623249,1
0.081035971641541,-0.24190587550402,0.0088901147246361,1
-0.047138929367065,0.0065138414502144,0.00012325495481491,1
-0.15979263186455,-0.01192083209753,-0.045530132949352,1
-0.033668398857117,0.038518853485584,0.0023278370499611,1
0.12538641691208,-0.25274596363306,0.12756825238466,1
0.18728083372116,-0.19428811967373,0.011775366961956,1
0.091991186141968,0.24374478310347,0.15980941802263,1
0.13217484951019,-0.19109813123941,0.1079064682126,1
0.022243440151215,0.090143792331219,0.0043495818972588,1
-0.05324986577034,0.20704793184996,0.073451794683933,1
-0.047813594341278,0.074144192039967,0.014684565365314,1
0.040384531021118,0.16776993125677,-0.085902556777,1
-0.20754736661911,-0.011498466134071,-0.064158029854298,1
-0.17332097887993,0.059718020260334,0.11071813851595,1
0.096079170703888,-0.23556927591562,0.011200077831745,1
-0.0076640248298645,-0.11216980032623,-0.057870700955391,1
-0.0087100863456726,-0.16773990541697,0.06736621260643,1
0.15307199954987,0.16286059468985,-0.084469445049763,1
0.05019348859787,-0.25199312716722,0.060314759612083,1
0.17005985975266,-0.17544091492891,0.051851131021976,1
-0.041546821594238,0.22581710666418,-0.025475956499577,1
0.015774011611938,-0.090830905362964,0.02136967331171,1
0.15755760669708,0.15074419230223,0.078996978700161,1
-0.043071389198303,0.063423492014408,-0.0141646489501,1
-0.071013420820236,-0.14046731963754,-0.0018616542220116,1
-0.069694370031357,-0.043651483952999,0.026199854910374,1
-0.24049687385559,0.079531453549862,-0.020646952092648,1
-0.18810695409775,0.074942328035831,-0.066947743296623,1
-0.077448725700378,-0.17563183605671,-0.090595625340939,1
-0.1972850561142,-0.078624088317156,0.015679396688938,1
-0.076938986778259,0.12341996282339,-0.058390505611897,1
0.077290773391724,-0.090619801543653,-0.01467802375555,1
-0.080603003501892,0.25894864648581,0.1030550673604,1
0.073688447475433,-0.26777067035437,0.1094897761941,1
0.042408585548401,0.2085125669837,0.028958834707737,1
-0.20010876655579,0.079089261591434,0.10984902828932,1
0.078619420528412,-0.22382950782776,0.037393994629383,1
0.046792328357697,-0.25770995765924,0.15120274573565,1
-0.029879212379456,0.25317674130201,-0.023425452411175,1
-0.16370725631714,0.1608959659934,0.11471819132566,1
-0.041616320610046,0.23940216749907,-0.019312791526318,1
-0.059965848922729,0.0076267495751381,-0.00032279640436172,1
-0.20253428816795,-0.14573538675904,0.13568348437548,1
0.040620863437653,-0.10168517427519,5.6758522987366e-05,1
0.017914652824402,-0.1484711766243,-0.082544811069965,1
-0.037870705127716,0.096565641462803,-0.00093253701925278,1
0.047788143157959,0.091629065573215,-0.052480183541775,1
-0.17647486925125,0.077045448124409,0.11627074331045,1
-0.036078095436096,0.066275380551815,-0.038191966712475,1
-0.24308884143829,-0.025071553885937,0.10372187942266,1
0.036703944206238,0.090615458786488,-0.0026056990027428,1
0.051362216472626,0.15401446074247,0.018628038465977,1
0.22457122802734,0.20121832937002,0.0083082094788551,1
0.18393516540527,0.16571360081434,0.051885955035686,1
0.17940491437912,-0.20406752079725,-0.054509185254574,1
0.029723644256592,0.13095872849226,0.033989585936069,1
0.0152987241745,-0.2260817065835,-0.02753259241581,1
0.13310384750366,-0.25423672050238,0.071931816637516,1
-0.052278697490692,-0.01130560785532,0.0066633298993111,1
-0.029238998889923,0.24869089573622,0.15785407274961,1
0.13393568992615,0.19856675714254,-0.00055967271327972,1
0.075033724308014,0.12591411918402,-0.052634850144386,1
0.078468024730682,0.22533743828535,-0.05090769380331,1
0.14395934343338,-0.14652528613806,-0.051328487694263,1
0.042454957962036,-0.12518294341862,-0.011894874274731,1
-0.059758305549622,-0.014175079762936,-0.011004857718945,1
-0.089416533708572,0.0010745227336884,-0.018230907618999,1
-0.043647646903992,-0.10319114057347,-0.062055639922619,1
-0.064483165740967,0.080412589013577,-0.0075405761599541,1
-0.1095689535141,0.21492215245962,0.075506649911404,1
-0.087362557649612,0.059451200067997,-0.022097423672676,1
0.2084926366806,-0.18575253337622,-0.059228219091892,1
0.04989755153656,0.13901526480913,0.0400061160326,1
0.067761719226837,-0.21554289013147,0.045958079397678,1
-0.15159645676613,0.15552376955748,0.059207178652287,1
-0.020116150379181,-0.13159468024969,-0.076819755136967,1
0.053150951862335,-0.1566742323339,0.050336569547653,1
-0.03242701292038,0.0057460740208626,-0.0026297196745872,1
0.0086312890052795,-0.11971633508801,-0.020853713154793,1
0.046821177005768,0.094979085028172,-0.0040754452347755,1
0.10981804132462,-0.1182281114161,0.039842210710049,1
-0.10149121284485,0.053426183760166,0.011926375329494,1
0.018207132816315,-0.26862356811762,-0.067050524055958,1
0.11343729496002,0.1022450402379,-0.08382036536932,1
-0.16597416996956,0.20572506636381,0.069869808852673,1
-0.076870024204254,0.14015047997236,0.050691537559032,1
-0.1067830324173,-0.15469854697585,-0.043090231716633,1
0.14260804653168,0.21088003367186,0.16897938400507,1
0.11063104867935,-0.16492254287004,-0.079426065087318,1
0.044972777366638,0.23241450637579,-0.044995233416557,1
-0.059819668531418,-0.20933957397938,0.0098836198449135,1
0.09777843952179,0.20414584130049,0.17613407224417,1
-0.23656767606735,0.12734236568213,0.0490697696805,1
0.045637428760529,-0.088502581231296,0.013587452471256,1
-0.070071995258331,0.080571167171001,0.034834943711758,1
0.180311024189,0.18926578015089,0.13329190760851,1
-0.097966551780701,0.17489593476057,0.024122796952724,1
0.03912228345871,-0.068788956850767,-0.018754325807095,1
-0.21223300695419,-0.13892154023051,0.058657191693783,1
-0.25614428520203,0.053550161421299,-0.028704948723316,1
-0.23528122901917,0.023932255804539,0.022302873432636,1
0.068222284317017,0.14329748600721,-0.026236116886139,1
-0.021006166934967,0.1315710619092,-0.021343484520912,1
-0.019562005996704,0.093199022114277,0.015161253511906,1
0.090898871421814,-0.25693394988775,-0.043426655232906,1
0.059952259063721,0.13390802592039,-0.0099933445453644,1
-0.018646061420441,0.067427106201649,-0.01491292566061,1
0.20464235544205,0.17984785884619,-0.01627703756094,1
-0.17215245962143,0.10359763354063,0.16799896210432,1
0.071039974689484,0.12038636952639,0.022399254143238,1
0.15289837121964,0.22661229223013,0.07275503128767,1
-0.04617840051651,0.13417210429907,-0.030717141926289,1
-0.16040253639221,0.13699177652597,-0.094741739332676,1
-0.21063566207886,0.097377188503742,0.10161746293306,1
-0.11454826593399,-0.10753255942836,0.0090342983603477,1
0.031404554843903,-0.14871121942997,-0.087521057575941,1
-0.013662159442902,0.08224181085825,-0.010502129793167,1
-0.057372003793716,-0.068602938205004,-0.0088304951786995,1
-0.25766098499298,0.059854306280613,0.062836669385433,1
-0.060385078191757,-0.0025384128093719,0.0096249058842659,1
0.071525692939758,-0.15769773721695,-0.055427350103855,1
0.065023362636566,0.27853318303823,0.084402568638325,1
0.11560702323914,0.24758242815733,-0.057331152260303,1
-0.072234034538269,-0.23531789332628,-0.07195557653904,1
-0.23874413967133,0.073695100843906,-0.027991205453873,1
-0.14677160978317,0.052696622908115,0.064772315323353,1
-0.0016871690750122,0.10886787623167,0.010949216783047,1
-0.19876179099083,-0.10684882523492,0.1678911074996,1
-0.065838783979416,0.0011683106422424,0.0042668953537941,1
-0.045127093791962,-0.25968537479639,-0.013014905154705,1
-0.09847429394722,0.10366896539927,-0.039846770465374,1
-0.085058122873306,-0.0070044249296188,0.012318469583988,1
-0.068822741508484,0.22550275176764,0.10590184479952,1
-0.039218246936798,-0.011650905013084,0.0030533596873283,1
-0.098273187875748,0.0087610334157944,0.021226204931736,1
-0.19744715094566,-0.017667934298515,0.15267055481672,1
-0.083576560020447,0.14831840246916,-0.020543538033962,0
-0.23051887750626,0.10736156255007,0.068765483796597,1
-0.13672029972076,0.21077217906713,0.06752971559763,1
0.066914618015289,-0.29097900539637,0.01619765162468,1
-0.12295550107956,0.048111580312252,0.0090284273028374,1
-0.011057078838348,-0.12752468697727,0.018076702952385,1
0.15189957618713,0.15727435797453,-0.025373473763466,1
-0.019107162952423,0.072412468492985,-0.023142330348492,1
-0.073196351528168,-0.098593603586778,-0.015250451862812,1
0.13703453540802,-0.20308912545443,0.1307872608304,1
0.11824560165405,-0.14696353301406,0.071018613874912,1
-0.1835410296917,0.081750579178333,-0.0070331171154976,1
0.021126687526703,-0.18729093670845,0.012150846421719,1
0.18683505058289,0.22928326576948,-0.021322675049305,1
0.091391265392303,0.20503880828619,-0.086886782199144,1
-0.21736711263657,-0.11858774535358,-0.076680392026901,1
-0.099612504243851,0.16894113272429,0.022879742085934,1
0.16376751661301,-0.17512030899525,0.067929320037365,1
0.12734562158585,0.23095282167196,0.032649673521519,1
-0.10604596138,0.21255364269018,0.09721901267767,1
-0.14143759012222,0.18021216243505,-0.0066168382763863,1
-0.21264559030533,0.0091863423585892,0.0097876414656639,1
-0.08942836523056,0.1587683185935,-0.036875940859318,0
-0.081042349338531,0.041249550879002,0.028383411467075,1
-0.089931160211563,-0.23789865523577,0.10328138619661,1
-0.058062851428986,-0.090885173529387,-0.041046775877476,1
0.10186243057251,0.14780709892511,-0.032619342207909,1
-0.12463402748108,0.042666219174862,-0.068933807313442,1
-0.14492964744568,-0.096201921347529,0.0062741711735725,1
-0.10278302431107,0.031127326190472,-0.081899620592594,1
-0.016966640949249,0.055558435618877,-0.0035744830965996,1
0.12648642063141,-0.24316328018904,-0.026232421398163,1
-0.094058513641357,0.076862029731274,-0.029597617685795,1
0.1648428440094,0.15941878408194,0.19755143672228,1
0.002032458782196,-0.082458799704909,-0.020672433078289,1
0.10196095705032,0.14721923321486,0.035709172487259,1
0.067666947841644,0.24077423661947,0.080678947269917,1
0.16848480701447,0.23290752619505,-0.038135051727295,1
0.1026536822319,0.082609795033932,-0.028656162321568,1
-0.017443478107452,-0.18930967897177,-0.081694819033146,1
0.19423907995224,-0.16922281682491,0.10402476042509,1
0.12233239412308,-0.10779955796897,-0.085672669112682,1
-0.12174394726753,0.064836002886295,-0.030182629823685,1
0.12269258499146,-0.21434462815523,-0.037871889770031,1
0.017556846141815,-0.20565482228994,0.019504509866238,1
-0.024631798267365,-0.19885966181755,0.079106159508228,1
0.13122230768204,-0.13080347701907,0.018929697573185,1
0.030699670314789,-0.23729570955038,0.026436358690262,1
0.11443322896957,0.19695141166449,0.14414591342211,1
-0.0015427470207214,0.1116494461894,-0.035698227584362,1
-0.0083963871002197,-0.19279102236032,-0.071092769503593,1
-0.17994883656502,-0.11586885899305,0.15546632558107,1
-0.0038662552833557,0.10205165296793,-0.043330311775208,1
-0.073133170604706,0.016099989414215,-0.037099584937096,1
0.087974905967712,0.10097932070494,-0.043862380087376,1
-0.036250829696655,0.17805936187506,0.047825016081333,1
-0.13938626646996,0.06043479591608,0.04662748426199,1
-0.050235748291016,-0.035876750946045,-0.041954092681408,1
0.16343474388123,0.20087214559317,-0.085280485451221,1
0.052360236644745,0.086226470768452,-0.055562369525433,1
0.09560626745224,0.088080368936062,-0.051982223987579,1
-0.24144253134727,-0.0015127882361412,-0.028410203754902,1
-0.086892664432526,0.041014470160007,-0.023058995604515,1
0.08378392457962,0.089614622294903,0.0022528544068336,1
-0.014096319675446,0.064302243292332,0.0013934597373009,1
0.015411972999573,-0.068099778145552,0.0030498206615448,1
0.038772642612457,0.082714714109898,-0.019661821424961,1
0.15213876962662,0.13755220919847,-0.045329533517361,1
0.018975436687469,0.085456989705563,-0.050881713628769,1
-0.099909543991089,0.16167160123587,0.18376500159502,1
0.06635969877243,-0.051635645329952,-0.0024687275290489,1
0.18773567676544,0.21367835253477,-0.014100171625614,1
0.028148114681244,-0.17087371647358,-0.098401468247175,1
-0.023212015628815,-0.24449173361063,0.086552612483501,1
0.094191610813141,0.089562080800533,-0.063925199210644,1
0.050975024700165,-0.19173781573772,-0.073043033480644,1
-0.11887544393539,0.067273803055286,-0.085795164108276,1
-0.03963178396225,-0.054351173341274,-0.029912240803242,1
-0.16924977302551,0.057029657065868,0.0037944093346596,1
0.056425333023071,-0.12836129590869,-0.073385931551456,1
-0.15734684467316,-0.063281502574682,-0.0050954595208168,1
0.0045133829116821,0.20552655309439,0.082436956465244,1
0.10848790407181,0.15981440991163,0.040129937231541,1
-0.086235791444778,0.13748120516539,0.018028445541859,1
-0.11673021316528,0.12159984558821,-0.032757125794888,1
-0.12561419606209,-0.20637315511703,-0.012562938034534,1
-0.17222154140472,-0.029276937246323,0.094459019601345,1
-0.080178827047348,0.12864551693201,0.016409419476986,1
-0.075002670288086,-0.1050603762269,0.014941819012165,1
-0.051839828491211,-0.21221289783716,-0.021220520138741,1
-0.041623055934906,-0.2370962575078,-0.055619426071644,1
0.018936693668365,0.10496469587088,0.0031909123063087,1
0.12645655870438,-0.13751101493835,0.017913736402988,1
-0.031647145748138,-0.040814138948917,-0.032935239374638,1
-0.11379691958427,0.14946585148573,-0.04635975509882,1
-0.031374156475067,-0.094479402061552,0.018833495676517,1
0.021658003330231,-0.20017725229263,0.071044288575649,1
-0.015718162059784,0.13931932300329,0.0034148469567299,1
-0.010296523571014,-0.22576010972261,0.16106001287699,1
-0.087631583213806,-0.18546102941036,-0.021283976733685,1
-0.12448588013649,0.13756506890059,0.10188750177622,1
-0.064954251050949,0.24564319103956,-0.018810242414474,1
-0.16093888878822,-0.15960721671581,0.10908112674952,1
0.074552059173584,0.14654033631086,-0.02864183485508,1
0.19747358560562,0.20795663446188,0.10033408552408,1
0.019679605960846,-0.11313647218049,0.0082673653960228,1
-0.093826293945312,0.13637676090002,0.07528842240572,1
0.16193181276321,-0.14702664315701,0.047416187822819,1
-0.19174095988274,0.12565808743238,0.073174111545086,1
-0.20884883403778,0.066285364329815,-0.043007515370846,1
-0.027550399303436,0.2126130387187,0.067135386168957,1
0.058257639408112,-0.22230412811041,0.010333947837353,1
0.025577962398529,-0.08921567350626,0.019944705069065,1
-0.23114430904388,-0.020022362470627,0.0077494457364082,1
-0.2074266076088,-0.10620431695133,-0.011180929839611,1
0.080343186855316,-0.13090209290385,-0.0064526498317719,1
-0.0033528208732605,0.083100385963917,-0.0095745995640755,1
0.10252445936203,-0.22899828106165,-0.055663086473942,1
0.036994993686676,-0.17478067427874,-0.013708628714085,1
-0.066778481006622,-0.10953082609922,-0.075516015291214,1
-0.22208961844444,-0.10603271145374,0.12701504677534,1
-0.13791292905807,-0.11690151877701,0.035900823771954,1
-0.085804164409637,-0.17530482262373,-0.089269518852234,1
0.075468957424164,-0.14345511049032,-0.055843263864517,1
-0.21528002619743,-0.023606546223164,-0.037258967757225,1
-0.16963657736778,-0.098343515535817,0.18900243192911,1
-0.003778874874115,0.24244820326567,0.14672607928514,1
0.13910537958145,-0.20877830684185,0.044309198856354,1
-0.00029647350311279,0.19471176713705,0.0030742511153221,1
0.11506742238998,0.13276240974665,-0.077550441026688,1
-0.17330718040466,0.078466154634953,0.19550985842943,1
-0.13513261079788,-0.18892632424831,-0.029058083891869,1
-0.24267601966858,-0.062083221971989,0.036558829247952,1
0.010685503482819,-0.17744600772858,-0.0081369057297707,1
0.037569224834442,-0.19332525134087,-0.095878887921572,1
0.066410481929779,-0.14061167091131,0.040384083986282,1
0.12240523099899,-0.2305204346776,0.064819946885109,1
-0.2259207367897,-0.029470771551132,0.059910364449024,1
-0.089891463518143,-0.07894872687757,-0.037088878452778,1
-0.061814814805984,-0.071937929838896,-0.070552624762058,1
0.10461610555649,-0.17614803463221,0.1112370416522,1
0.030461966991425,-0.24410972744226,-0.051634751260281,1
-0.22239071130753,-0.012758307158947,0.15227956324816,1
-0.21129301190376,-0.018072314560413,0.17865865677595,1
-0.011883974075317,0.077821500599384,0.010824203491211,1
-0.041129052639008,-0.0015768483281136,-0.0027268454432487,1
-0.0090761184692383,-0.19882817566395,-0.060418374836445,1
0.0048298835754395,0.083415262401104,0.010387636721134,1
0.091783106327057,0.091413639485836,0.0073382407426834,1
0.063989043235779,-0.10926063451916,0.022014401853085,1
-0.22506067156792,-0.10034049546812,0.039456494152546,1
0.046643614768982,0.23117845505476,0.18583292514086,1
0.064613997936249,-0.065482009202242,0.0026749968528748,1
-0.11717194318771,0.10093375295401,-0.085509710013866,1
0.18165576457977,0.23328944295645,0.069806933403015,1
-0.1017943918705,-0.15175962820649,-0.028061360120773,1
0.11414086818695,-0.11011369992048,-0.032336764037609,1
0.069496393203735,0.089643903076649,-0.018234618008137,1
0.017779290676117,-0.10671241302043,0.0011875480413437,1
0.10030746459961,0.089374773204327,0.014688037335873,1
0.06928151845932,-0.05146100372076,-0.010310254991055,1
-0.2543451488018,-0.046167455613613,0.043888576328754,1
-0.13167288899422,0.11757776886225,-0.096352986991405,1
0.050534009933472,0.23267506808043,-0.0055774226784706,1
-0.0127894282341,0.24790539592505,0.15037826448679,1
-0.0039745569229126,0.17206361144781,-0.050613462924957,1
0.08253413438797,0.26225840300322,0.019594885408878,1
0.053842604160309,-0.079591946676373,0.017374895513058,1
-0.069125562906265,0.12944728881121,0.014750756323338,1
0.0068577527999878,0.11035788804293,0.011760070919991,1
0.063284993171692,0.21476506441832,0.011806286871433,1
-0.22966146469116,-0.061399590224028,0.014617510139942,1
-0.16671171784401,0.1231412962079,0.14360965043306,1
0.17301160097122,-0.19092095643282,0.15195319801569,1
-0.12220013141632,0.13763327151537,0.066126696765423,1
-0.063989877700806,0.14988721162081,0.053429387509823,1
-0.092590689659119,-0.17891677469015,0.051604934036732,1
0.016766548156738,-0.1324864551425,-0.073919661343098,1
0.078787624835968,-0.13941049575806,-0.047616548836231,1
-0.15279334783554,-0.19798206537962,-0.014879234135151,1
-0.2071505188942,-0.12307484820485,0.10150978714228,1
-0.073891937732697,-0.066828329116106,-0.073782168328762,1
0.18525773286819,-0.22344393283129,-0.038206182420254,1
-0.20399954915047,-0.022206656634808,0.083580233156681,1
0.08498477935791,-0.1618181578815,0.042260333895683,1
-0.060684859752655,-0.10630158567801,0.020669549703598,1
-0.10543256998062,0.02109095454216,-0.044490315020084,1
-0.15814274549484,-0.064741224050522,0.0041855350136757,1
-0.10311216115952,-0.15495013818145,0.024023875594139,1
-0.010519325733185,-0.22528309375048,0.010972484946251,1
0.069401860237122,0.24365066736937,0.12775742262602,1
0.18180257081985,0.18412359803915,-0.030519552528858,1
-0.20279270410538,0.063470654189587,0.05266972631216,1
-0.21424263715744,-0.10039979754947,0.15521938353777,1
-0.17327818274498,-0.089341948740184,0.13342905789614,1
-0.15743511915207,0.14575061947107,-0.016240261495113,1
-0.2245737016201,-0.10253095394,0.12146144360304,1
0.067393481731415,-0.16200429201126,-0.048543430864811,1
-0.051766932010651,-0.059163231402636,0.0019321516156197,1
-0.22592717409134,-0.045213554054499,0.041408456861973,1
-0.12406665086746,0.068888999521732,-0.059926182031631,1
0.073506712913513,0.04899213463068,-0.017565287649632,1
0.027855157852173,-0.27192314714193,-0.010449938476086,1
-0.093066811561584,0.05936075001955,-0.020614750683308,1
-0.085852861404419,-0.21805236488581,0.14205002039671,1
0.078123033046722,-0.11970887333155,0.0012248158454895,1
0.15722596645355,-0.26212767511606,0.027309834957123,1
0.006605863571167,-0.058931533247232,-0.018188737332821,1
-0.033193111419678,0.23912241309881,0.1036481782794,1
-0.082342684268951,-0.24615035206079,0.073977686464787,1
0.020633637905121,-0.06365031003952,-0.011869497597218,1
-0.1660236120224,0.15337093919516,-0.033440582454205,1
-0.10947495698929,0.23282610625029,0.079729624092579,1
-0.10399243235588,-0.13506251573563,-0.087511979043484,1
-0.0064263939857483,0.13087224215269,0.0061254426836967,1
-0.084850907325745,0.087007485330105,0.035983987152576,1
-0.022386491298676,-0.229657150805,0.12160883098841,1
-0.19879311323166,0.067143104970455,0.11068292707205,1
0.046350181102753,-0.14744445681572,-0.0018174275755882,1
-0.071608364582062,0.035604633390903,0.014848835766315,1
-0.13079652190208,-0.20171507447958,-0.0054200142621994,1
0.033431231975555,0.10124181956053,0.0014296695590019,1
-0.015951335430145,0.25409754365683,0.027091570198536,1
0.071635127067566,0.057598046958447,0.0040601417422295,1
-0.079401731491089,-0.18488091230392,-0.067443519830704,1
0.031120657920837,0.13141312450171,0.0029502287507057,1
-0.068163454532623,0.1395260617137,-0.063131742179394,1
0.0091557502746582,0.25192617624998,0.13139051944017,1
0.10244596004486,0.10038586705923,-0.038715496659279,1
-0.18614822626114,-0.10722920112312,0.020665563642979,1
0.13069236278534,-0.19694154709578,0.11417848616838,1
0.15117239952087,-0.18177068978548,0.0073975995182991,1
-0.0015538334846497,0.073629431426525,0.008224181830883,1
0.017819046974182,-0.20418670773506,0.13553697615862,1
0.21101230382919,0.20117323845625,-0.036363773047924,1
0.13240748643875,0.11699279397726,0.011417962610722,1
0.10726362466812,0.1472280845046,0.0070755705237389,1
0.085314750671387,0.077097021043301,-0.037989921867847,1
0.0035999417304993,0.20798148959875,0.010875694453716,1
0.16807121038437,-0.18245447427034,0.12103325873613,1
-0.019580543041229,0.062358684837818,0.011466838419437,1
-0.043252110481262,-0.12679514475167,-0.07052181661129,1
-0.25365981459618,-0.021808288991451,-0.0030161663889885,1
0.15108877420425,-0.15085695311427,0.21854145079851,1
0.040983200073242,0.15762492269278,-0.0072102323174477,1
-0.016850054264069,-0.061908286064863,0.00080438703298569,1
-0.046256124973297,0.058986909687519,0.01499655097723,1
0.037198483943939,-0.27354758232832,0.010454095900059,1
0.016077756881714,-0.11129064112902,0.00030332058668137,1
-0.16093423962593,0.0057133436203003,-0.09124568849802,1
-0.060462206602097,-0.19246137142181,-0.098266556859016,1
-0.079206138849258,0.17026504129171,0.046311028301716,1
0.088037669658661,0.09032080322504,0.0037411004304886,1
0.05903297662735,-0.083491757512093,0.016646347939968,1
0.062026679515839,0.12350312620401,-0.0594587251544,1
0.13305920362473,-0.17900185286999,0.059800066053867,1
0.062026977539062,0.070925541222095,-0.0065798759460449,1
0.11498790979385,-0.24511194974184,0.087695606052876,1
-0.056604534387589,-0.019587077200413,0.0065063014626503,1
-0.22699603438377,-0.071308553218842,-0.073540307581425,1
-0.10216903686523,0.1219572648406,-0.072169430553913,1
-0.2303883433342,-0.058779068291187,0.032793901860714,1
0.036193192005157,-0.090167839080095,0.018465138971806,1
-0.014173090457916,-0.20468264073133,0.026758685708046,1
0.020974516868591,-0.18155843019485,-0.070764981210232,1
-0.21745908260345,0.096900142729282,-0.01158868521452,1
-0.060106039047241,-0.10215337690897,-0.024156421422958,1
0.048275291919708,0.23105176538229,0.13865324109793,1
0.010506629943848,-0.075345495715737,0.0025487914681435,1
-0.079057604074478,-0.082821203395724,0.038917101919651,1
0.0057998895645142,-0.17598805576563,0.029361389577389,1
-0.054856538772583,0.044955216348171,-0.0481236577034,1
-0.048546075820923,0.16478850692511,0.051278568804264,1
-0.10306417942047,0.19854070991278,-0.055480755865574,0
-0.0052816271781921,0.1182508841157,-0.081758201122284,1
0.1325569152832,0.26481144875288,0.016918666660786,1
-0.098238319158554,0.19523834437132,0.19122574478388,1
-0.22359544038773,0.13903933018446,-0.012057058513165,1
-0.048236310482025,-0.038986545056105,-0.005069874227047,1
-0.11030197143555,0.082600958645344,0.020163737237453,1
0.094891726970673,-0.12332544475794,-0.014036290347576,1
-0.1601927280426,-0.20859350264072,-0.031057380139828,1
-0.11100545525551,-0.018709130585194,0.00066546350717545,1
-0.011827886104584,-0.2091077491641,0.16956613212824,1
-0.26467818021774,0.033773340284824,-0.0088017657399178,1
-0.077795028686523,0.20105700939894,-0.084899589419365,0
0.058522164821625,0.058947362005711,0.006458468735218,1
0.13969254493713,0.13094832748175,0.037465892732143,1
-0.0019777417182922,0.084274463355541,0.0054613649845123,1
-0.19834733009338,0.025890775024891,0.14188807457685,1
-0.016068577766418,0.20616056770086,-0.093811795115471,1
-0.10320729017258,0.20302801579237,0.033892430365086,1
0.012794971466064,0.27067323774099,0.13399124890566,1
-0.012605905532837,0.071598432958126,-0.0023993104696274,1
0.12801545858383,-0.15387820452452,-0.067556627094746,1
0.029995858669281,-0.090557822957635,-0.021205693483353,1
0.14218258857727,0.19079258292913,0.012956351041794,1
0.096574366092682,-0.18783555924892,0.11881036311388,1
-0.034738540649414,0.11111284047365,0.0086190477013588,1
0.11716157197952,-0.16447201371193,0.079979740083218,1
-0.17186117172241,-0.033353887498379,-0.062617011368275,1
0.03275191783905,0.2120782956481,0.08741457015276,1
-0.082932561635971,-0.16688917577267,0.066715523600578,1
-0.11590498685837,0.085905469954014,-0.0037914887070656,1
-0.1118546128273,0.17485239356756,0.028196893632412,1
-0.2435667514801,-0.095848242286593,-0.0022124573588371,1
0.1666367650032,0.21798913925886,0.026740923523903,1
0.062839865684509,0.19456475228071,0.1096454039216,1
-0.12067538499832,0.23891168087721,0.10812654346228,1
-0.15457087755203,0.23420643061399,0.017139188945293,1
0.0012906193733215,0.25180032104254,0.16551420837641,1
-0.21097421646118,-0.0096555277705193,0.17185602337122,1
0.061869144439697,0.09511860460043,0.018509656190872,1
-0.12428170442581,0.18164779990911,-0.088560037314892,0
-0.23948168754578,0.035472489893436,-0.019706569612026,1
-0.09908801317215,-0.02424443513155,-0.050841398537159,1
-0.15236216783524,-0.086939686909318,-0.052538603544235,1
0.052720069885254,0.093262039124966,0.0015373155474663,1
-0.2359065413475,-0.0019726455211639,0.11720675975084,1
0.014851450920105,-0.23823866993189,-0.078034088015556,1
-0.017969071865082,-0.16484288871288,-0.035175867378712,1
-0.0025221705436707,-0.20909556746483,0.049999706447124,1
-0.052657306194305,-0.25468505173922,-0.012124679982662,1
-0.11026293039322,0.095246814191341,-0.028979755938053,1
-0.046723663806915,-0.07061811350286,0.0022786632180214,1
0.17400729656219,-0.18753836303949,0.14248079806566,1
-0.11312401294708,0.11965470761061,0.060241140425205,1
-0.18690031766891,-0.061654832214117,0.10183260589838,1
-0.18029543757439,-0.0094866454601288,-0.011544711887836,1
0.02873021364212,-0.19098015874624,0.00053747743368149,1
-0.041859924793243,0.065959967672825,0.0013548955321312,1
-0.12618437409401,-0.20821643620729,0.11473620682955,1
-0.036030054092407,0.25484000891447,0.066781111061573,1
-0.057398587465286,-0.01464419066906,0.017076350748539,1
-0.0070037245750427,-0.14210483059287,-0.085239939391613,1
0.17396903038025,0.16691752523184,-0.04898252338171,1
0.052991330623627,0.13353332132101,-0.05173697322607,1
-0.026215553283691,0.26559930294752,0.0027345567941666,1
0.16762781143188,0.16822808235884,0.063833124935627,1
0.08338725566864,0.24604021757841,0.042740277945995,1
0.058909773826599,0.046676285564899,-0.0018487870693207,1
-0.12264224886894,0.053605370223522,0.056955851614475,1
-0.18714800477028,0.073439456522465,0.12998705357313,1
-0.22425389289856,0.049743972718716,-0.07308816164732,1
0.089773714542389,-0.18688331544399,-0.013535588979721,1
-0.023517549037933,0.067913092672825,-0.0077877268195152,1
-0.18300464749336,-0.15430990606546,-0.052800126373768,1
0.0012487769126892,0.11155726760626,-0.02853824198246,1
0.098217368125916,-0.11658466979861,-0.016165919601917,1
0.039372444152832,-0.13386438786983,-0.040149979293346,1
0.11889791488647,0.17597021907568,0.021847106516361,1
0.023675441741943,-0.074053134769201,-0.025883711874485,1
-0.014710605144501,-0.19136436283588,-0.010565094649792,1
-0.15261244773865,-0.069377047941089,0.10263177007437,1
0.1077635884285,-0.26825702935457,0.024686172604561,1
0.0065717101097107,0.15931721776724,-0.048750549554825,1
0.024687230587006,-0.14152888208628,0.0036280527710915,1
0.0026910901069641,-0.13124236837029,-0.035261534154415,1
0.037115395069122,0.17896258085966,0.048616178333759,1
-0.02530962228775,-0.12048858031631,-0.0020714923739433,1
0.038595914840698,0.088702954351902,0.0093793198466301,1
0.10702019929886,0.090871728956699,0.00030406564474106,1
-0.062892615795135,0.041896142065525,0.016864754259586,1
-0.2024472951889,0.10964738577604,0.1550143584609,1
0.064211487770081,-0.25560557097197,0.13626325875521,1
0.084671080112457,0.19721802324057,-0.083952397108078,1
-0.09319594502449,0.23109074681997,0.10134724527597,1
-0.10409045219421,0.031821377575397,-0.080408252775669,1
0.0073076486587524,0.1085337921977,-0.05892688781023,1
-0.093439996242523,0.16412108391523,0.097177602350712,1
-0.20851740241051,0.10322608798742,-0.010248728096485,1
-0.039012968540192,-0.15338035300374,-0.032336965203285,1
-0.03932386636734,0.044515483081341,-0.010676465928555,1
-0.11644297838211,-0.15170521661639,0.031263701617718,1
-0.10533866286278,-0.22577544301748,0.046938925981522,1
-0.091937363147736,0.031287886202335,-0.033497475087643,1
-0.0012562274932861,0.089454881846905,-0.016280695796013,1
-0.048444151878357,0.055504016578197,-0.0048735067248344,1
-0.2200323343277,-0.10834221914411,0.023105181753635,1
-0.046875894069672,0.093822531402111,0.0042134448885918,1
-0.06324827671051,0.22430624812841,0.036346301436424,1
-0.068497359752655,-0.22771040350199,-0.036909073591232,1
-0.19745519757271,0.0041323453187943,-0.089896183460951,1
-0.16227588057518,-0.015253849327564,0.048543535172939,1
-0.11532756686211,-0.20019198209047,-0.037841007113457,1
0.024076819419861,0.24361684173346,0.018161259591579,1
0.17227083444595,-0.16774047166109,0.11140669137239,1
-0.061032086610794,0.25020238012075,-0.073583215475082,1
0.066815078258514,-0.25493628531694,-0.014498591423035,1
0.015791237354279,-0.25115402787924,0.0051392689347267,1
0.010736346244812,-0.090814830735326,-0.0076529085636139,1
-0.19370758533478,0.13129810243845,0.048955224454403,1
0.060453414916992,-0.040645182132721,0.002220593392849,1
-0.054551690816879,0.056301809847355,0.018864415585995,1
-0.067404180765152,-0.078140527009964,-0.066132001578808,1
-0.082806795835495,-0.059139080345631,-0.0769122838974,1
-0.05670440196991,0.014610201120377,0.016869910061359,1
-0.044600963592529,0.05126441270113,-0.020433135330677,1
-0.05346205830574,-0.16904154419899,0.057499386370182,1
-0.049395978450775,-0.22708148509264,0.10127002745867,1
-0.094682157039642,0.18290906399488,-0.063172169029713,0
0.003362774848938,-0.12630977854133,-0.066310502588749,1
-0.22156110405922,0.093021295964718,0.065428875386715,1
0.10396009683609,-0.12758829444647,0.023038513958454,1
0.048148095607758,-0.069071425125003,-0.018348649144173,1
0.13196277618408,0.18840857595205,0.18084477633238,1
0.048927366733551,-0.27258103340864,0.0060427710413933,1
0.079982101917267,-0.070985520258546,-0.028561659157276,1
-0.16921725869179,-0.05729116871953,0.12849072366953,1
0.074527561664581,-0.18006770312786,0.06123248487711,1
0.05597847700119,-0.059802770614624,0.0012125000357628,1
0.0026040077209473,0.13884957879782,0.024424843490124,1
-0.013136625289917,0.16755940765142,-0.0072486698627472,1
0.083969950675964,0.19560226052999,0.019793577492237,1
0.061639189720154,0.19590722769499,0.22048545628786,1
0.12299007177353,-0.26084730774164,0.00033817440271378,1
-0.050029963254929,0.1667480096221,0.034717634320259,1
-0.066582828760147,-0.18524098396301,0.044148631393909,1
0.14799469709396,-0.15183148905635,0.022315137088299,1
-0.015956223011017,-0.1431184746325,-0.089436963200569,1
-0.15621387958527,-0.1434357650578,0.070597194135189,1
0.11202269792557,-0.19249622523785,-0.030133925378323,1
-0.05448517203331,0.22187253087759,0.17856527119875,1
-0.0046553015708923,-0.20064013451338,0.18023047596216,1
-0.16772103309631,0.030366875231266,0.21917409449816,1
-0.15579730272293,-0.036606349050999,0.071491919457912,1
0.077643811702728,0.08344142884016,-0.0034226104617119,1
-0.053090482950211,0.17828657478094,-0.055310145020485,1
-0.019923150539398,-0.10359050403349,-0.0038596019148827,1
0.018654823303223,0.063664458692074,-0.0040996745228767,1
-0.13192418217659,-0.083401391282678,-0.089913800358772,1
-0.095717310905457,0.12360229343176,0.065215565264225,1
-0.20006316900253,-0.010678149759769,0.1726210936904,1
-0.0091202855110168,-0.086874230764806,-0.036002174019814,1
-0.18818116188049,0.078577063977718,-0.087740637362003,1
0.011947154998779,-0.1044696434401,0.014876641333103,1
-0.15781819820404,0.13467790931463,-0.05007316917181,1
-0.014383614063263,0.144640378654,-0.047618575394154,1
0.026248037815094,0.083901725709438,-0.0070049613714218,1
0.022893607616425,-0.23954249173403,0.13712007552385,1
-0.051081776618958,0.018486425280571,-0.027344547212124,1
-0.025102734565735,0.10133036226034,-0.036873124539852,1
0.1247221827507,0.10154951363802,-0.047066695988178,1
-0.20398300886154,0.1068726554513,0.10687705129385,1
0.14663916826248,-0.12949024699628,-0.018548272550106,1
-0.047935783863068,0.17805250734091,0.22145999222994,1
-0.070608675479889,-0.16151295974851,0.065274469554424,1
-0.095848888158798,-0.049851778894663,-0.018520034849644,1
-0.10335171222687,0.043319694697857,0.029052637517452,1
-0.2143991291523,0.15413060039282,0.017798684537411,1
-0.14386314153671,-0.039046213030815,0.041544653475285,1
0.18486654758453,-0.15954434126616,0.030751444399357,1
0.03974974155426,0.076030202209949,-0.01793472468853,1
-0.048718512058258,0.20780714601278,0.16111490875483,1
0.063783884048462,0.080013953149319,0.019700236618519,1
-0.066106677055359,-0.26734254509211,0.078584440052509,1
0.048334956169128,-0.11568170040846,0.024323627352715,1
-0.10142907500267,0.18113365024328,0.20083237439394,1
-0.20009791851044,0.067676104605198,-0.045639894902706,1
-0.034814298152924,0.03775342553854,0.001343660056591,1
-0.0037478804588318,-0.069219153374434,0.0011179521679878,1
0.12428146600723,-0.24631307274103,0.0085359513759613,1
0.0066912174224854,-0.22912249714136,0.13949639350176,1
0.13236218690872,0.10907096415758,-0.086575873196125,1
0.076897919178009,-0.11414465866983,-0.052345126867294,1
0.10012894868851,-0.27603629976511,0.028964027762413,1
0.035219430923462,0.1144709661603,0.0090873315930367,1
-0.041336238384247,-0.17365228384733,-0.045711502432823,1
0.011094033718109,-0.13565325737,-0.06950619071722,1
-0.099231392145157,0.2398798391223,-0.076290957629681,0
-0.039507925510406,0.17569120973349,0.027767471969128,1
-0.15629932284355,-0.039325762540102,-0.030637703835964,1
0.0083041191101074,0.18305321782827,-0.0085514783859253,1
-0.08391734957695,0.15672536939383,-0.03630492836237,0
-0.077054917812347,-0.22878956049681,0.040062859654427,1
0.046481668949127,-0.05112225189805,-0.00035342574119568,1
-0.034371554851532,0.099479712545872,-0.020357377827168,1
-0.046200275421143,-0.0051254779100418,-0.011637024581432,1
0.18780183792114,0.24344315379858,-0.0050126984715462,1
-0.064889967441559,0.0038589984178543,-0.015220664441586,1
-0.1790931224823,0.19705256074667,-0.006487600505352,1
-0.028445482254028,0.098144955933094,-0.035458967089653,1
0.10213428735733,-0.19091159105301,0.080381162464619,1
-0.1562771499157,-0.22264545410872,-0.025215327739716,1
-0.15215426683426,0.021581120789051,-0.070903532207012,1
0.22750979661942,-0.20294879376888,0.010895259678364,1
0.11493128538132,-0.17473413795233,-0.070732809603214,1
-0.099355161190033,0.11352113634348,0.0025512203574181,1
0.16308110952377,-0.18100573122501,-0.048207379877567,1
0.12543594837189,0.11077525466681,-0.074660383164883,1
0.076237499713898,-0.10146841104142,-0.011325411498547,1
-0.10796582698822,-0.094457620754838,-0.0067222937941551,1
-0.13691288232803,-0.16772383451462,-0.055871911346912,1
-0.091321408748627,0.26144500821829,0.018575228750706,1
-0.15239706635475,0.087082602083683,0.090748600661755,1
-0.13796570897102,-0.07985327206552,-0.031756691634655,1
0.081007838249207,0.13553943485022,0.0061265975236893,1
-0.13863468170166,0.069130457937717,-0.073604494333267,1
-0.16944971680641,0.10778547078371,0.0037292763590813,1
-0.017741084098816,0.062746979296207,0.0028856173157692,1
-0.2421098947525,0.080224268138409,0.10927265137434,1
-0.054153144359589,-0.060048826038837,0.011301018297672,1
-0.013140738010406,-0.087289249524474,-0.018352814018726,1
0.0070690512657166,0.077070616185665,-0.044303469359875,1
-0.0087202191352844,0.12000634521246,-0.020287923514843,1
0.004963755607605,-0.13726493343711,-0.00016464293003082,1
0.0732182264328,0.16641589254141,0.0049542263150215,1
-0.082155376672745,0.13493297249079,-0.065795905888081,1
-0.053410232067108,-0.057609613984823,-0.024352885782719,1
0.055668711662292,0.073435254395008,0.010420747101307,1
-0.16238993406296,0.056426353752613,0.0085594728589058,1
0.10687053203583,0.24579825252295,0.090637601912022,1
0.092281341552734,0.083248697221279,-0.0058726072311401,1
-0.082320302724838,-0.16511654853821,-0.083289191126823,1
-0.046567797660828,0.18699862807989,0.21144432574511,1
-0.19607236981392,-0.022634111344814,0.049559362232685,1
-0.15993309020996,-0.016112007200718,0.021237008273602,1
-0.12434822320938,0.10017647594213,-0.046087808907032,1
0.068850636482239,0.20709346979856,0.082616396248341,1
-0.13408559560776,0.098680593073368,-0.014728210866451,1
-0.022396564483643,0.034855343401432,-0.0074808523058891,1
0.065565168857574,-0.21108371019363,0.14045792073011,1
0.063124001026154,-0.13433684781194,0.00098319351673126,1
0.10279685258865,0.22059794515371,0.056417264044285,1
-0.050945281982422,0.033029071986675,0.01011573523283,1
-0.16929158568382,-0.049992397427559,0.21426070481539,1
-0.054277837276459,0.2147735580802,0.031418301165104,1
0.046064496040344,0.14386645704508,-0.07817842066288,1
-0.18768659234047,-0.0062625035643578,0.18729490786791,1
-0.14720579981804,-0.03591176122427,0.047633819282055,1
0.061305046081543,-0.10401746165007,0.00079879909753799,1
-0.046409428119659,-0.21087729930878,0.13610076159239,1
-0.1279690861702,-0.1556478664279,0.105229370296,1
-0.098539918661118,-0.050517860800028,-0.023393109440804,1
-0.15511161088943,0.17377641052008,0.12586847692728,1
0.0059023499488831,0.098478339612484,0.010457031428814,1
0.143126308918,-0.13337234780192,0.034307219088078,1
-0.057921260595322,-0.19088493287563,0.10420764237642,1
0.093039393424988,-0.22401107847691,-0.019160374999046,1
0.036067128181458,0.19614701718092,-0.032374359667301,1
-0.1159765124321,0.015447065234184,-0.081099092960358,1
-0.021165311336517,0.23504777997732,0.085256151854992,1
0.037540793418884,0.15286364406347,-0.061278522014618,1
0.06061851978302,-0.12360035441816,-0.049751862883568,1
-0.056455224752426,0.20048346370459,0.06889059394598,1
0.011621594429016,-0.17503937333822,-0.016078375279903,1
0.099949896335602,-0.18152759969234,0.019513145089149,1
0.017665922641754,-0.07957829721272,0.00419582426548,1
-0.090325832366943,-0.10766077134758,-0.08179485052824,1
-0.054737985134125,0.13676150888205,-0.0090697929263115,1
-0.03723269701004,-0.0082057863473892,-0.012454859912395,1
0.051913380622864,0.2418369576335,0.022232867777348,1
-0.059273183345795,-0.022303938865662,-0.022881709039211,1
0.03335040807724,0.17567207664251,-0.011172436177731,1
0.13579022884369,-0.17169537395239,0.071100912988186,1
-0.096526384353638,-0.007770761847496,0.023103289306164,1
-0.078770279884338,0.016198337078094,-0.058219321072102,1
-0.14339315891266,0.094818957149982,-0.093604646623135,1
-0.17044186592102,-0.033781342208385,0.074281968176365,1
0.016730725765228,-0.13752233982086,0.026644341647625,1
-0.15238359570503,-0.094685119576752,0.0068185850977898,1
0.12070900201797,-0.17544005066156,0.0041392371058464,1
-0.063571870326996,0.054710067808628,0.017350368201733,1
-0.1569884121418,0.18354328721762,0.052239410579205,1
-0.031817018985748,-0.13476647809148,0.036732442677021,1
0.066818177700043,-0.2161612585187,0.13596997410059,1
-0.016149938106537,-0.26239152997732,0.1279736533761,1
-0.24301618337631,0.011883139610291,0.035318650305271,1
-0.045352160930634,-0.026186652481556,-0.037490993738174,1
-0.13226029276848,0.013463236391544,0.0031628683209419,1
0.098878800868988,-0.12009388394654,-0.022252641618252,1
-0.080539405345917,0.032342813909054,0.0045282170176506,1
0.12093645334244,-0.16726329922676,-0.079452611505985,1
-0.050063759088516,-0.022256344556808,-0.033253654837608,1
0.065496265888214,0.079782448709011,0.019136399030685,1
-0.021960318088531,-0.056864123791456,-0.0038050934672356,1
-0.0076087117195129,-0.22288360446692,-0.028271734714508,1
-0.13678726553917,-0.19170717895031,-0.064122743904591,1
-0.080798894166946,-0.089940072968602,-0.028204448521137,1
-0.21904593706131,-0.030523106455803,0.07225463539362,1
0.04896354675293,-0.12744481302798,-0.065674468874931,1
0.13330322504044,0.12352571636438,0.046303793787956,1
-0.17217525839806,0.012788705527782,0.026190601289272,1
-0.18317726254463,-0.018206536769867,-0.022758804261684,1
0.029306828975677,-0.29036680608988,0.064424440264702,1
-0.072676599025726,0.11631724983454,-0.056435965001583,1
0.045587122440338,-0.06644631549716,-0.0092546418309212,1
-0.060671091079712,0.017866186797619,-0.0032635703682899,1
-0.20495283603668,0.084681950509548,0.077034793794155,1
0.013287484645844,-0.24836484342813,-0.078078359365463,1
-0.16911116242409,0.1182621344924,0.13842964917421,1
-0.11482161283493,0.12379112094641,-0.078963570296764,1
0.037765443325043,-0.065951827913523,-0.022002466022968,1
0.14422178268433,0.21291466802359,-0.051005065441132,1
-0.071779161691666,0.21848025172949,0.011378213763237,1
-0.1676869392395,-0.030768625438213,0.061064817011356,1
-0.033468306064606,0.18054347485304,-0.012179769575596,1
0.12844014167786,0.17512451857328,-0.030544258654118,1
-0.0095407366752625,0.20351433008909,0.10235533863306,1
0.18149131536484,-0.24968183785677,0.0094042047858238,1
-0.074048727750778,0.1662842258811,-0.012807823717594,0
-0.075005561113358,-0.23031128197908,0.14611131697893,1
-0.12345334887505,0.020903304219246,0.032511673867702,1
-0.053057849407196,0.06856282800436,0.019433535635471,1
0.0024436116218567,-0.083421384915709,-0.02949970215559,1
0.12053006887436,0.18110876530409,0.19687358289957,1
-0.023965537548065,-0.2206711769104,0.074589289724827,1
0.14227837324142,-0.24166157096624,0.099097855389118,1
-0.0058904886245728,0.1814209446311,0.040395028889179,1
0.017789483070374,-0.26054950803518,0.1141010299325,1
0.051785886287689,-0.12213487178087,0.025690145790577,1
0.024516880512238,0.14559828490019,0.047626160085201,1
0.017439663410187,0.086277239024639,0.012735016644001,1
-0.16894209384918,0.077192656695843,0.0068038329482079,1
-0.084716022014618,-0.2580980733037,-0.038110956549644,1
0.10074836015701,-0.19504804164171,0.21094030886889,1
-0.17512232065201,0.095950551331043,-0.067374683916569,1
0.018495857715607,-0.23118660598993,0.18809721618891,1
0.067671716213226,0.10128828138113,-0.043250016868114,1
-0.16247609257698,0.13131036609411,0.1940064355731,1
0.041031062602997,0.093465037643909,0.012662455439568,1
-0.0054553747177124,0.20713951438665,-0.072717852890491,1
-0.06436413526535,0.22532679885626,0.13344607502222,1
-0.11555159091949,0.09914668649435,-0.037856720387936,1
-0.092098116874695,0.045663736760616,-0.054195635020733,1
0.02314567565918,-0.27387628704309,0.071860767900944,1
0.015746414661407,0.071350179612637,-0.034090965986252,1
-0.11965876817703,0.17816331237555,0.1402460411191,1
-0.17574122548103,-0.13794579729438,0.04775483161211,1
-0.16582423448563,0.14624274522066,0.091650895774364,1
-0.015686571598053,0.09139645844698,-0.0056464821100235,1
0.05076265335083,0.17610486596823,-0.091749962419271,1
0.15218758583069,-0.14732721820474,0.059765510261059,1
-0.053000897169113,0.080675788223743,-0.00058514624834061,1
-0.0028508305549622,-0.20858169347048,0.15321163088083,1
-0.1195515692234,-0.12387517280877,0.0046524778008461,1
0.082789659500122,0.22329621762037,0.051749959588051,1
0.042751848697662,-0.26373662799597,0.080913998186588,1
0.020841240882874,0.088080681860447,0.0055898353457451,1
0.08388215303421,0.09925339370966,-0.012526698410511,1
-0.14064630866051,-0.060605093836784,-0.02655927836895,1
-0.091700613498688,0.12263635545969,0.069632343947887,1
0.052396595478058,0.10961460322142,0.015504740178585,1
-0.16581371426582,-0.13281034305692,-0.056833244860172,1
-0.031662344932556,0.24282970279455,0.01316349953413,1
-0.12386354804039,0.15640496462584,0.16287695616484,1
0.015638887882233,0.26438453048468,-0.039856508374214,1
-0.088243007659912,-0.01336732506752,-0.052535064518452,1
-0.067852944135666,-0.11452728230506,0.038469888269901,1
-0.2056941986084,0.0086810886859894,0.1292192414403,1
0.15626019239426,0.14618451148272,-0.075347654521465,1
-0.081226944923401,0.22535040229559,-0.025073476135731,0
-0.068542122840881,0.00032827258110046,0.020537160336971,1
-0.071982800960541,0.042549110949039,0.00048411637544632,1
-0.084814608097076,0.24253272265196,-0.06880696117878,0
0.16016530990601,-0.17423658072948,-0.08205059915781,1
-0.081848740577698,-0.21051599085331,-0.048840411007404,1
-0.12885284423828,0.19216164201498,0.15262102335691,1
0.082529783248901,-0.15309234336019,0.059678472578526,1
0.065016806125641,0.14292908459902,0.018559075891972,1
-0.20578163862228,-0.13227167353034,-0.051719471812248,1
-0.024708151817322,-0.19272556900978,0.04860557615757,1
-0.1676627099514,0.03968221694231,0.040574721992016,1
0.066348910331726,0.10959618538618,0.031316734850407,1
0.18358021974564,-0.18352700024843,0.12663839012384,1
-0.15278673171997,0.096822924911976,0.12413796037436,1
-0.22541189193726,0.06397783011198,-0.032170221209526,1
-0.13965493440628,0.15326195210218,-0.085384301841259,1
0.10101437568665,0.11246096342802,0.0058119297027588,1
-0.064485102891922,-0.13202776387334,-0.079054974019527,1
0.13818365335464,-0.19018752127886,-0.063244201242924,1
0.070507347583771,0.19458525627851,0.079747386276722,1
0.015458524227142,-0.16176997870207,-0.056310944259167,1
0.027475774288177,-0.27354923635721,-0.05583281815052,1
-0.070515841245651,0.27768268436193,0.04140830039978,1
-0.22811806201935,0.13871010392904,0.05457565933466,1
-0.05048593878746,0.26595719903708,0.026042625308037,1
-0.039282977581024,0.1116744056344,0.012140385806561,1
0.033688187599182,0.20951967686415,0.11579511314631,1
0.015423119068146,-0.21778224408627,0.058287642896175,1
-0.11153343319893,-0.21396207809448,0.10106682032347,1
-0.22654011845589,-0.049863938242197,0.13112211972475,1
-0.12573525309563,0.13963746279478,0.017233304679394,1
0.12060922384262,-0.20054811984301,-0.010158635675907,1
-0.093506693840027,0.1690322086215,-0.071084015071392,0
0.10361289978027,0.15638356655836,0.074016027152538,1
-0.019171416759491,-0.064517464488745,0.0074098333716393,1
0.027229905128479,0.20252471417189,-0.078733906149864,1
-0.032263040542603,-0.14142086729407,0.016739778220654,1
-0.1288089454174,-0.034769371151924,-0.0073169246315956,1
-0.065635561943054,0.03176387399435,-0.063254237174988,1
-0.074588000774384,-0.22917709499598,-0.046454481780529,1
0.10056751966476,-0.09014870878309,-0.031683646142483,1
-0.16025832295418,-0.074914425611496,0.10602677613497,1
0.047457933425903,0.23739170283079,0.066425643861294,1
0.11104077100754,-0.12531828321517,-0.062083907425404,1
0.12115341424942,-0.17895250767469,0.054901994764805,1
0.064840257167816,-0.18033970147371,0.032237611711025,1
-0.21745178103447,0.13300492614508,-0.012212820351124,1
-0.076498627662659,0.20413848012686,-0.024933151900768,0
-0.021928012371063,-0.21476908773184,-0.032609634101391,1
-0.097223848104477,-0.073792945593596,-0.0056000426411629,1
-0.050175160169601,0.10482012480497,0.0073921009898186,1
-0.036630213260651,0.16496133059263,-0.0064212754368782,1
-0.1737077832222,0.027653269469738,0.06890944391489,1
-0.19054460525513,0.035276897251606,0.014615826308727,1
-0.012054741382599,-0.061126790940762,-0.0083877742290497,1
-0.040478765964508,0.020573541522026,-0.029021345078945,1
-0.09888169169426,-0.022317439317703,-0.056478008627892,1
0.00044286251068115,-0.18659410625696,0.083262227475643,1
-0.19577130675316,-0.13456935063004,0.084689103066921,1
-0.0075321793556213,-0.18883531540632,-0.048171311616898,1
-0.020750999450684,0.073235251009464,-0.021680392324924,1
0.055712282657623,-0.15070662647486,-0.051612436771393,1
0.094562411308289,0.22901906818151,0.10940901190042,1
-0.18820303678513,0.17518045753241,0.031375207006931,1
0.093438446521759,-0.11929156072438,0.0099371522665024,1
0.13567447662354,0.19969453662634,0.0052190348505974,1
-0.24015533924103,0.092042751610279,0.014928348362446,1
-0.13636267185211,-0.051102299243212,-0.074105702340603,1
-0.18911901116371,0.033208332955837,-0.0032631978392601,1
0.042571485042572,0.054506070911884,-0.0006602481007576,1
-0.029648780822754,0.071528904139996,-0.0077394172549248,1
-0.07047376036644,-0.17029436677694,-0.016761958599091,1
0.20947790145874,0.18829133361578,0.11329347640276,1
-0.061710983514786,-0.021846897900105,0.0050913766026497,1
-0.049230873584747,0.064702115952969,-0.04719852656126,1
0.050950586795807,-0.24245696514845,0.14141013473272,1
0.11298114061356,0.19975354522467,0.096575401723385,1
0.014626085758209,-0.14405838027596,0.0042992010712624,1
0.026527225971222,-0.2724422737956,0.083262421190739,1
0.10579007863998,-0.24898267537355,0.031992480158806,1
0.018295526504517,0.2064655944705,0.15001783519983,1
0.083355844020844,-0.085003728047013,0.021663047373295,1
0.18192374706268,-0.15863805264235,-0.061444602906704,1
0.070655345916748,-0.095425174105912,-0.051971629261971,1
0.11417669057846,0.1128084436059,0.022593431174755,1
-0.010193407535553,0.16424401849508,-0.044236339628696,1
0.1631093621254,0.23293124884367,-0.034298941493034,1
-0.058884769678116,-0.064334876835346,0.012204669415951,1
-0.25578194856644,-0.075639709830284,0.037467055022717,1
0.064517855644226,-0.22209072858095,0.10934407263994,1
-0.019485712051392,0.063374511897564,-0.00037353485822678,1
-0.23171946406364,-0.0093433558940887,0.050963513553143,1
0.13733142614365,-0.2443004027009,0.062608063220978,1
0.10637360811234,-0.16218509525061,-0.031299419701099,1
-0.12251502275467,-0.15418840944767,0.13345187157393,1
-0.22152143716812,-0.075863141566515,0.010697729885578,1
0.063346445560455,-0.048885025084019,0.0043848231434822,1
0.047375559806824,0.052716366946697,0.00091863423585892,1
-0.12524193525314,-0.13286973536015,0.0045039430260658,1
-0.041732609272003,-0.09806591947563,-0.0046863257884979,1
-0.05169090628624,-0.0054745823144913,-0.026973202824593,1
-0.13753679394722,-0.091293435543776,0.093492291867733,1
-0.05692195892334,0.26495610922575,-0.030836641788483,1
-0.071958899497986,0.084965638816357,-0.0024205073714256,1
0.017203986644745,-0.27362141758204,0.097614161670208,1
-0.18206191062927,-0.14926890656352,0.13211654871702,1
0.1786692738533,-0.17025311291218,0.18258918076754,1
-0.094502538442612,0.22279288619757,0.1526949480176,1
-0.12731826305389,0.029444582760334,0.045560233294964,1
0.078128159046173,-0.12756363302469,-0.065465681254864,1
0.087521195411682,-0.14961261674762,-0.067261658608913,1
-0.14118924736977,-0.12223793938756,0.18294783681631,1
-0.096680581569672,-0.20197926461697,0.028033904731274,1
0.042546331882477,0.12736126035452,0.011416800320148,1
0.079415678977966,0.19168209284544,0.12952172011137,1
0.067156970500946,-0.21691460162401,-0.030209310352802,1
-0.13873448967934,0.11170332878828,0.033439122140408,1
0.032072484493256,-0.16209683939815,0.030325777828693,1
-0.066928803920746,0.11172490566969,-0.048808835446835,1
-0.016898810863495,0.23963039368391,-0.049648456275463,1
0.049542605876923,0.056121699512005,-0.00074831396341324,1
-0.099784255027771,0.25038158148527,0.10152111202478,1
0.013086318969727,0.15421765297651,-0.092304110527039,1
-0.1855077445507,-0.05317572876811,0.18843670934439,1
-0.11805695295334,-0.18861958384514,0.022107020020485,1
-0.029204189777374,-0.10287780454382,0.021386921405792,1
-0.058359712362289,0.11811462789774,-0.019647233188152,1
-0.032331764698029,0.0081731528043747,0.00072180479764938,1
-0.015966296195984,-0.24920014292002,-0.038913883268833,1
-0.003894031047821,0.24341266602278,0.026919983327389,1
-0.057164877653122,-0.023526281118393,-0.037918753921986,1
-0.22320175170898,-0.094816177617759,0.0024319663643837,1
-0.15308386087418,-0.0068348124623299,-0.055363029241562,1
-0.16228637099266,-0.068912379443645,0.12125167995691,1
-0.056744903326035,0.076073177158833,-0.049646355211735,1
0.06133508682251,0.20989158004522,0.026627384126186,1
0.0041396617889404,0.063781969249249,-0.012192614376545,1
0.030779480934143,-0.085450701415539,0.0097766146063805,1
-0.0038346648216248,-0.077185314148664,-0.021538622677326,1
-0.17076763510704,-0.038211800158024,0.05459102243185,1
0.095409095287323,-0.12748770974576,0.041832789778709,1
-0.023019909858704,-0.22460640966892,0.055771134793758,1
-0.14230737090111,-0.036712348461151,0.033847533166409,1
0.082368433475494,-0.20401189476252,0.017370097339153,1
0.15344804525375,0.20420827716589,0.072726793587208,1
-0.14640021324158,0.22316800802946,-0.050032801926136,0
0.1175212264061,0.24269702285528,-0.083115473389626,1
0.059827387332916,-0.096505236113444,0.0039828717708588,1
-0.032519459724426,-0.24211790412664,0.047762744128704,1
0.062537610530853,-0.25038202852011,0.12455510348082,1
0.021940290927887,-0.083678372204304,-0.028420723974705,1
0.09224545955658,0.17001723498106,-0.0026974305510521,1
-0.18682253360748,0.0074115097522736,0.14820041507483,1
-0.21836638450623,-0.023199714720249,-0.010706581175327,1
0.040930211544037,0.064007751643658,-0.0042676031589508,1
0.031285762786865,0.089665837585926,0.0097988024353981,1
0.056263208389282,-0.10187103133649,0.0043012425303459,1
0.18673145771027,0.162772141397,-0.090919531881809,1
0.054343819618225,0.13601972907782,-0.038560681045055,1
0.040481448173523,0.13073644787073,0.02103241533041,1
0.12753587961197,-0.11585560999811,-0.038150675594807,1
0.0839684009552,-0.10800968762487,-0.037343762814999,1
-0.19258904457092,0.10274342447519,0.036642171442509,1
-0.030426383018494,0.059477798640728,0.017343603074551,1
0.17703711986542,0.18592148274183,0.035158507525921,1
0.065055966377258,0.12477336078882,-0.084987558424473,1
0.0074325799942017,-0.21408288925886,0.040227375924587,1
0.0049488544464111,0.19837462157011,0.21717340499163,1
0.023936212062836,0.1593764051795,-0.011015206575394,1
0.042364656925201,-0.17590358108282,-0.071214072406292,1
0.061422824859619,-0.18097940087318,-0.033037766814232,1
-0.22087755799294,0.098635695874691,0.012379951775074,1
-0.016082108020782,0.11829029768705,-0.082779929041862,1
0.022695481777191,-0.076037414371967,-0.019390858709812,1
0.034527778625488,-0.14860516414046,0.037556014955044,1
-0.033380925655365,-0.14516711980104,0.051517359912395,1
0.091441333293915,-0.20090080797672,0.085428006947041,1
-0.076398283243179,-0.037163183093071,0.019494242966175,1
-0.12115842103958,-0.17709077894688,0.067217543721199,1
-0.051901161670685,0.18473996967077,0.091335259377956,1
0.031549334526062,-0.092351085972041,0.010803885757923,1
-0.24550604820251,0.035766594111919,0.09729578346014,1
-0.045595288276672,-0.045639656484127,0.015450097620487,1
0.063238799571991,0.17772000283003,-0.027895458042622,1
-0.22154906392097,0.10514333099127,-0.031899333000183,1
0.14232927560806,0.17536636441946,0.1334614828229,1
-0.054964780807495,0.057515777647495,0.0044785216450691,1
0.053839027881622,-0.06493816524744,0.0058887675404549,1
0.074321746826172,-0.28664544969797,-0.012409351766109,1
-0.07563728094101,-0.26091025024652,-0.049945585429668,1
-0.14769062399864,0.086105801165104,0.095760948956013,1
-0.090872883796692,0.11531888693571,-0.061392687261105,1
-0.21133726835251,0.0074986815452576,0.17017165571451,1
-0.03131514787674,0.081156872212887,-0.041924856603146,1
0.013898849487305,-0.13284935802221,-0.032069802284241,1
-0.21999153494835,-0.070019882172346,0.13044223934412,1
-0.12023749947548,0.2041197642684,0.041490025818348,1
-0.032447516918182,-0.21968594193459,0.1362344995141,1
0.027332127094269,-0.22587247937918,0.049173444509506,1
-0.17514771223068,-0.073886195197701,0.095737554132938,1
0.027881324291229,-0.057171087712049,0.002044640481472,1
-0.063892900943756,0.2219098135829,0.054016776382923,1
0.059337854385376,0.094275318086147,-0.05082780122757,1
0.12125194072723,0.27090512961149,0.0073654875159264,1
-0.18621665239334,0.054673753678799,0.092081643640995,1
-0.041602671146393,0.082356162369251,-0.057951726019382,1
-0.10274332761765,-0.15568670257926,-0.035828836262226,1
-0.19357925653458,0.12887717038393,0.063144899904728,1
0.042175590991974,0.078751228749752,-0.044642098248005,1
0.053566038608551,0.065343461930752,-0.0055676475167274,1
0.03292042016983,-0.11093397438526,-0.0068573802709579,1
-0.040627658367157,-0.17796245217323,0.090660266578197,1
-0.06150895357132,0.16317578405142,0.030421666800976,1
-0.088650733232498,0.22834255546331,-0.013383008539677,0
-0.13355466723442,-0.053047575056553,-0.024757713079453,1
-0.045349180698395,0.047009237110615,-0.00049517303705215,1
0.15355932712555,-0.13170682638884,-0.067138366401196,1
-0.10263058543205,0.15718527883291,0.011333607137203,1
-0.13756772875786,-0.23299696296453,0.063678778707981,1
-0.18995586037636,0.036964021623135,0.10253889113665,1
-0.008679986000061,-0.14074928686023,-0.069900654256344,1
-0.13482287526131,0.17963757365942,0.14107704907656,1
0.064865171909332,-0.19224724173546,0.029093079268932,1
0.013681292533875,-0.11059813667089,-0.010310538113117,1
-0.025056660175323,0.16887249797583,-0.070266030728817,1
0.083329617977142,-0.28249260038137,0.012488655745983,1
-0.13414594531059,0.10677250474691,0.022197626531124,1
0.043621361255646,-0.051205448806286,0.00047935545444489,1
0.033964097499847,-0.084645513445139,-0.0019498318433762,1
-0.19506818056107,0.14906802028418,0.038058139383793,1
0.11505180597305,0.16193326562643,-0.053848400712013,1
-0.054672330617905,-0.18928134441376,0.21247423440218,1
-0.21933102607727,0.024804897606373,0.0077768191695213,1
0.00014537572860718,0.2045321688056,0.12317929416895,1
-0.011238873004913,0.066246069967747,-0.028445519506931,1
-0.049743473529816,0.088953472673893,-0.019897989928722,1
-0.081525146961212,0.028220169246197,-0.022753447294235,1
-0.036567807197571,-0.046591646969318,-0.0064951851963997,1
-0.10360112786293,-0.018950030207634,-0.0048206076025963,1
0.069220662117004,0.14889093488455,-0.043510474264622,1
-0.036358058452606,-0.036441773176193,-0.012036599218845,1
0.045219004154205,-0.21936685591936,-0.091870199888945,1
0.031534969806671,-0.2634896710515,0.09492901712656,1
-0.051202565431595,0.11614523082972,-0.033015035092831,1
-0.024050891399384,-0.22873804718256,0.098985590040684,1
-0.11136463284492,0.0085360929369926,0.0061656758189201,1
-0.13140207529068,0.10950332134962,-0.0010431483387947,1
0.078154742717743,-0.18120168149471,-0.086041316390038,1
-0.075456917285919,0.13508317619562,0.040860272943974,1
0.15654826164246,0.15288802236319,0.067866176366806,1
-0.067789793014526,-0.24129193276167,0.14355955272913,1
0.082115948200226,-0.20516067743301,0.19240666180849,1
0.00021612644195557,0.1698060259223,0.049113281071186,1
0.013190448284149,-0.10650142654777,-0.026739865541458,1
0.17024034261703,-0.14628012105823,0.13560188561678,1
-0.027896523475647,-0.16901520639658,-0.096079804003239,1
-0.039628148078918,0.057067908346653,0.01750535517931,1
-0.042587399482727,0.21700375527143,0.15867847949266,1
0.03614467382431,-0.24070367962122,-0.0029497444629669,1
-0.01394647359848,-0.12934742309153,-0.0069672390818596,1
-0.046879589557648,0.11497934907675,-0.015680976212025,1
0.098996818065643,0.22730090469122,0.016189962625504,1
0.0046120285987854,0.21216314285994,0.041749097406864,1
-0.078021824359894,0.040195323526859,-0.032027341425419,1
-0.10953116416931,0.18552108854055,0.065934054553509,1
-0.16569384932518,-0.067058727145195,-0.087411448359489,1
0.11954897642136,-0.11272603552788,-0.053562261164188,1
-0.078896582126617,-0.16129045188427,-0.089510798454285,1
-0.25453591346741,0.067744754254818,-0.019959725439548,1
-0.099923312664032,0.051242433488369,0.038816757500172,1
-0.053837656974792,-0.0034164711833,-0.020226575434208,1
0.022700011730194,0.13972514122725,0.038317412137985,1
-0.1294978260994,0.13624680787325,0.10045368224382,1
0.11651492118835,-0.092948148958385,-0.0057510063052177,1
-0.052831560373306,-0.040478315204382,-0.012658603489399,1
0.015915870666504,0.24341874569654,0.044065453112125,1
-0.20472097396851,0.13141522556543,0.091889791190624,1
0.075145304203033,-0.079371159896255,-0.061119578778744,1
-0.056014627218246,0.099312864243984,-0.071303568780422,1
-0.15003937482834,0.025097481906414,-0.03461005538702,1
-0.14496409893036,0.091174505650997,0.016793854534626,1
-0.19716277718544,-0.12687947414815,0.038009665906429,1
0.1472247838974,0.2467747554183,0.022109694778919,1
-0.082361429929733,-0.076194457709789,-0.039660148322582,1
-0.052184194326401,0.27890204638243,0.020270049571991,1
-0.063661992549896,0.19692122191191,0.10916406661272,1
0.15257626771927,0.14027591794729,-0.050482012331486,1
-0.16386282444,-0.12659485451877,-0.047271452844143,1
-0.0048347115516663,0.13103949278593,-0.024797856807709,1
-0.055933207273483,-0.18438698351383,-0.043356232345104,1
0.047893285751343,-0.078945970162749,0.013880468904972,1
-0.12252232432365,0.076214589178562,-0.06098984181881,1
-0.12081128358841,0.079834513366222,-0.013365902006626,1
-0.036250114440918,-0.086567497812212,0.022750042378902,1
-0.077600121498108,-0.10687809949741,-0.0085682645440102,1
-0.1557200551033,0.018824398517609,0.054290898144245,1
0.029188930988312,-0.23672666400671,-0.025700405240059,1
-0.02024632692337,0.16188754886389,-0.0090826153755188,1
-0.021810710430145,0.036588497459888,-0.0055947527289391,1
0.12042528390884,0.20553385466337,-0.029017463326454,1
0.0032077431678772,-0.072829322889447,-0.0046800971031189,1
-0.0010170936584473,-0.27865464240313,0.028678052127361,1
0.13790553808212,-0.14747780188918,0.045196332037449,1
-0.033700108528137,-0.009399801492691,-0.001584105193615,1
-0.17833313345909,-0.10408522607759,-0.03186060488224,1
-0.070466578006744,-0.081421073526144,0.035461075603962,1
-0.013993859291077,0.1118573769927,-0.015880987048149,1
-0.18326336145401,0.029751904308796,0.0013718232512474,1
-0.22880667448044,-0.085397714748979,0.13179800659418,1
-0.052170008420944,-0.040052857249975,0.017271213233471,1
-0.12321808934212,-0.12028125673532,0.055651135742664,1
-0.0069855451583862,-0.076014459133148,-0.011497385799885,1
-0.18503883481026,0.094048209488392,0.079378984868526,1
-0.020616292953491,0.1878392919898,0.062704548239708,1
-0.056448042392731,-0.19894298911095,-0.049718931317329,1
0.085040092468262,-0.16868045926094,-0.081630162894726,1
-0.0029122233390808,-0.22895865887403,0.11450592428446,1
-0.11655068397522,0.03595844656229,-0.014503888785839,1
0.078624784946442,-0.055736467242241,0.0033262297511101,1
0.0226691365242,-0.22991567105055,0.15630830079317,1
-0.1532678604126,-0.081318663433194,0.011581934988499,1
0.11159723997116,-0.22894770652056,0.12819264084101,1
-0.054086565971375,0.049037225544453,0.014726392924786,1
0.12149059772491,0.18842654675245,-0.045840829610825,1
0.057903170585632,-0.073539232835174,-0.020919032394886,1
0.049549281597137,0.18033777922392,0.01032031327486,1
-0.031169712543488,-0.18499127775431,0.098092876374722,1
-0.037676692008972,-0.25410038977861,-0.01592031121254,1
0.055982053279877,0.076457671821117,0.01842062920332,1
-0.10911005735397,-0.20077634602785,0.087827898561954,1
-0.03758317232132,0.034281589090824,0.0054647997021675,1
0.079527318477631,0.23652150481939,0.092588610947132,1
0.03962379693985,-0.17110372334719,-0.045433580875397,1
-0.024405062198639,0.23158540576696,0.040422983467579,1
0.037900030612946,0.069435812532902,-0.031456932425499,1
0.13798457384109,0.19712599366903,0.19055307656527,1
0.015731990337372,0.12936487048864,-0.0091696158051491,1
0.1451895236969,-0.25043941289186,-0.058850638568401,1
-0.059589117765427,0.18345686048269,-0.05176267772913,0
0.088704884052277,0.14116244763136,0.05434987694025,1
-0.13822868466377,0.065382279455662,-0.031581990420818,1
-0.17364859580994,0.048254437744617,0.15857117623091,1
-0.21832656860352,0.085528425872326,-0.033463217318058,1
-0.051914870738983,-0.26301092654467,-0.054891213774681,1
-0.15408056974411,0.11286198347807,0.20326635986567,1
0.051689684391022,-0.161092877388,0.060550428926945,1
0.015562534332275,-0.10025212401524,0.013610646128654,1
-0.091994196176529,-0.052589923143387,-0.0021639540791512,1
0.18691033124924,-0.17812275141478,-0.043482385575771,1
-0.020582735538483,-0.15932849422097,-0.0047566816210747,1
0.052976667881012,0.095505766570568,0.0180723965168,1
-0.031733572483063,-0.064888976514339,0.013675786554813,1
0.046172499656677,-0.18701788783073,0.095055170357227,1
-0.10443404316902,-0.11087897326797,-0.04713911563158,1
0.11026096343994,0.19929089397192,0.051086634397507,1
-0.082503318786621,-0.047292813658714,0.02525456994772,1
0.036990582942963,0.19885843247175,-0.087387703359127,1
-0.033439576625824,0.12566248327494,0.034723594784737,1
0.034884989261627,0.059990175068378,-0.010660327970982,1
-0.087193489074707,0.1072830632329,0.027280651032925,1
0.065864324569702,0.11442618817091,-0.014319248497486,1
0.059509456157684,-0.2131210193038,-0.081261701881886,1
-0.15549165010452,-0.10561527311802,0.14016760140657,1
0.042101562023163,-0.065762262791395,-0.023977138102055,1
0.07179868221283,0.080856435000896,0.01259995251894,1
-0.20959025621414,0.14087114483118,-0.018097616732121,1
-0.12204077839851,-0.046824149787426,-0.07377352565527,1
-0.071571588516235,-0.017587892711163,-0.021026782691479,1
-0.11341851949692,-0.07608263194561,0.057878933846951,1
-0.064229249954224,0.070708192884922,0.00031451135873795,1
-0.039289236068726,-0.010619416832924,-0.020304135978222,1
0.068854689598083,0.067639164626598,0.0072899088263512,1
0.081396996974945,0.058794431388378,-0.0069018676877022,1
0.027516186237335,0.08255148679018,0.016038373112679,1
-0.099789619445801,-0.080170983448625,-0.064958043396473,1
-0.091677129268646,-0.059415008872747,0.029464058578014,1
-0.13038328289986,-0.019114807248116,0.054136820137501,1
-0.086746513843536,0.053526766598225,-0.03537080436945,1
-0.038226544857025,-0.084619868546724,0.015054024755955,1
0.092468202114105,0.14738374203444,-0.0040734335780144,1
-0.22369989752769,-0.11288197152317,0.020185805857182,1
0.13283306360245,0.17833610624075,-0.022016257047653,1
0.016588687896729,0.23938693851233,0.14263666421175,1
0.05012971162796,-0.059975899755955,0.0012376010417938,1
0.0082722902297974,0.082630954682827,-0.022588104009628,1
-0.20942518115044,0.10021471232176,0.041974969208241,1
-0.12448620796204,-0.1449039503932,0.17656100541353,1
-0.014291226863861,-0.19651129841805,0.11193009465933,1
0.025519609451294,-0.16215590015054,0.00024804472923279,1
0.088292002677917,0.21915342658758,-0.045653522014618,1
-0.08803528547287,-0.14721139520407,0.03880001604557,1
0.08367657661438,-0.16519405692816,-0.008095808327198,1
0.10027587413788,0.23113381117582,-0.057731978595257,1
-0.0025312304496765,0.11381160467863,0.023415021598339,1
-0.067462950944901,-0.097888210788369,0.0081760957837105,1
-0.14202404022217,-0.1028342989739,-0.024516351521015,1
0.051005423069,0.13390450924635,0.031675443053246,1
0.10675531625748,-0.24818194657564,0.034590326249599,1
0.02797657251358,-0.18386327475309,-0.092690154910088,1
0.068336546421051,-0.081168683245778,0.0066811889410019,1
0.07566636800766,-0.19576624780893,0.21255428344011,1
0.091108083724976,0.10084184259176,-0.03786401450634,1
-0.031729280948639,0.21838697046041,0.059858344495296,1
0.17318689823151,0.24914988130331,0.077698715031147,1
0.02595454454422,0.10311091691256,0.023549921810627,1
-0.057709813117981,0.065225683152676,0.023605905473232,1
0.037699401378632,0.23590891808271,0.047439008951187,1
-0.012721300125122,-0.072795486077666,-0.009272575378418,1
-0.036468148231506,0.16037913411856,0.0557029992342,1
-0.061938226222992,-0.0069302916526794,-0.032392464578152,1
-0.038908720016479,0.052784778177738,-0.020813189446926,1
-0.150630235672,0.16521551460028,0.10789266973734,1
-0.047934710979462,0.24976640194654,-0.068269662559032,1
0.054241061210632,0.048469401896,0.0050211474299431,1
-0.098147928714752,0.20893683284521,0.12006094306707,1
-0.043491184711456,0.082378469407558,-0.039042182266712,1
-0.032881855964661,0.23696594685316,-0.08981691300869,1
0.084229469299316,0.17190470546484,0.0142512768507,1
-0.035892307758331,-0.053769670426846,-0.014986343681812,1
-0.078428089618683,0.19861658662558,0.10820006579161,1
-0.067422807216644,0.046166367828846,0.01838605850935,1
0.073293268680573,-0.15998439118266,-0.062934473156929,1
-0.16327592730522,-0.05525179579854,0.10357142239809,1
-0.11700734496117,0.084402151405811,0.0017666444182396,1
-0.080062806606293,-0.087154141627252,-0.054999582469463,1
0.071161210536957,-0.12987593747675,0.039207234978676,1
-0.19971406459808,-0.10575707629323,0.081560261547565,1
0.094687104225159,-0.10590099543333,-0.0035306289792061,1
-0.062001168727875,-0.043780673295259,-0.0095083490014076,1
-0.097079873085022,-0.047943823039532,0.027272842824459,1
-0.15039005875587,-0.18194627016783,0.040457226336002,1
-0.16384518146515,0.077889107167721,0.17725709825754,1
0.045999348163605,0.20752536505461,0.017921179533005,1
0.16409581899643,0.16714721173048,-0.090443000197411,1
-0.05403196811676,-0.009303018450737,-0.01212552934885,1
-0.087705135345459,0.19678067415953,0.014339715242386,1
-0.06241312623024,-0.019581280648708,-0.047739185392857,1
-0.18528264760971,-0.1678939089179,0.072359718382359,1
-0.11434304714203,-0.031542278826237,-0.01726209372282,1
0.0705206990242,0.21658786386251,0.033628173172474,1
0.012848496437073,0.22828405350447,-0.027079083025455,1
0.040832161903381,0.087205059826374,-0.0044673159718513,1
-0.23316404223442,-0.07008552365005,-0.075706675648689,1
0.067539036273956,-0.22131559997797,0.14707020670176,1
0.029293060302734,0.17196228355169,-0.034000121057034,1
-0.22000756859779,-0.020402334630489,-0.0024634078145027,1
0.023095726966858,-0.21028377115726,0.034185089170933,1
0.055597186088562,-0.054476801306009,-8.1337988376617e-05,1
-0.012574851512909,-0.036473803222179,0.0058790817856789,1
-0.24507480859756,-0.10537898214534,0.056734763085842,1
-0.17109626531601,-0.18531343340874,0.044829554855824,1
-0.050336450338364,-0.075825491920114,-0.032541073858738,1
-0.16111183166504,-0.157860070467,-0.085646279156208,1
0.14373677968979,-0.17106496542692,0.017307080328465,1
0.16311198472977,-0.1699248328805,0.11498085409403,1
-0.060845345258713,-0.045730106532574,-0.0051590576767921,1
-0.11789348721504,0.13427033275366,0.026081047952175,1
-0.075500011444092,0.16572048515081,0.074502564966679,1
-0.053667157888412,-0.1264818944037,-0.042882561683655,1
-0.11765438318253,-0.09234278742224,-0.090779326856136,1
-0.008757472038269,0.078691132366657,0.012162514030933,1
-0.077717125415802,0.020147867500782,-0.021303102374077,1
-0.23916566371918,-0.060230825096369,0.02135693281889,1
-0.062822818756104,0.031893827021122,0.019682876765728,1
-0.14977478981018,0.12104176729918,-0.013081185519695,1
-0.22890198230743,0.015396229922771,0.101492844522,1
-0.2592405974865,0.020496793091297,0.025948219001293,1
-0.06189489364624,-0.010745443403721,0.019462369382381,1
0.021025419235229,0.14534970372915,0.043106228113174,1
-0.20915287733078,-0.051006775349379,0.0065031126141548,1
-0.090130269527435,-0.011451900005341,-0.0088501051068306,1
-0.059229791164398,0.16703423112631,-0.0086978822946548,1
-0.01375138759613,0.099310554563999,-0.0027987360954285,1
-0.17887219786644,-0.01077675819397,-0.020033828914165,1
0.061119735240936,0.084049217402935,-0.024300590157509,1
-0.13704603910446,-0.22755519300699,0.10868339985609,1
-0.17090019583702,0.0057997480034828,-0.032726533710957,1
-0.075290948152542,0.16602166742086,0.062239103019238,1
0.20686721801758,0.1866392120719,0.043433524668217,1
-0.10720118880272,0.15440758317709,0.018168993294239,1
-0.16957527399063,0.10621220618486,0.05111949890852,1
0.12719529867172,-0.22749007493258,0.045137144625187,1
-0.029654920101166,0.24404000490904,-0.031191065907478,1
-0.097655773162842,-0.050695691257715,0.036571137607098,1
-0.222372174263,-0.15303777903318,0.028903432190418,1
0.095745980739594,0.12066739052534,0.0063607543706894,1
-0.031804144382477,-0.085164804011583,-0.0098288729786873,1
-0.060443431138992,0.19523706287146,0.035248249769211,1
-0.16257178783417,0.019595950841904,0.04588969796896,1
-0.081749349832535,0.061858676373959,-0.0034360811114311,1
0.098776340484619,0.19753312319517,-0.0010111853480339,1
-0.20167285203934,0.12755873054266,0.06532759219408,1
-0.011259853839874,-0.21154678612947,0.11623125523329,1
0.098499476909637,-0.20374569296837,0.020136430859566,1
-0.06131574511528,-0.090636866167188,0.016779325902462,1
-0.20433080196381,-0.11531334463507,-0.063448205590248,1
-0.17442601919174,-0.02413035929203,0.13367744535208,1
-0.13182938098907,0.14840836077929,0.090973190963268,1
0.1304457783699,-0.14140539616346,-0.066208846867085,1
-0.11876800656319,0.18263741582632,0.044841758906841,1
-0.22396066784859,-0.079327186569571,0.15156593173742,1
0.016298890113831,-0.2581924572587,-0.030579656362534,1
-0.038833439350128,-0.20838490128517,-0.045106336474419,1
-0.086499899625778,-0.0014995411038399,0.025496669113636,1
-0.12053316831589,0.020897626876831,-0.057843334972858,1
0.17800676822662,-0.18623207509518,0.054515279829502,1
-0.016821146011353,-0.23646237701178,0.075878657400608,1
-0.23997569084167,0.039393194019794,0.00064397603273392,1
-0.023908078670502,-0.1309241168201,0.025211863219738,1
-0.077149927616119,-0.087084322236478,-0.066348649561405,1
-0.0091175436973572,0.21416267007589,0.19032529741526,1
0.050332248210907,-0.19110741466284,-0.059453368186951,1
-0.2463573217392,-0.059894055128098,0.0371058806777,1
-0.12144121527672,-0.10231325402856,-0.082194499671459,1
-0.11998218297958,0.079843483865261,-0.049075521528721,1
0.033902883529663,-0.089784039184451,-0.041355632245541,1
-0.018969357013702,0.10256531089544,0.0059278532862663,1
0.11067718267441,0.12288806587458,0.0052307546138763,1
-0.023738086223602,-0.21892055124044,0.03571280837059,1
-0.11710202693939,0.15253349393606,-0.0017920508980751,1
-0.0083044171333313,-0.18752678483725,-0.082801714539528,1
-0.030811607837677,0.031532920897007,0.0025025233626366,1
-0.13804066181183,0.059167839586735,-0.060139238834381,1
-0.0044432878494263,-0.25568798929453,0.087398208677769,1
-0.039394974708557,0.075088374316692,0.011037357151508,1
-0.21112656593323,0.16117819398642,0.004891999065876,1
0.12889438867569,-0.13744627684355,0.029223404824734,1
-0.11482030153275,-0.1433893404901,-0.0030234530568123,1
0.080202281475067,-0.17734415084124,-0.023083314299583,1
0.053253948688507,0.21114575117826,0.04499489814043,1
-0.020562946796417,0.22535096853971,0.13387504965067,1
-0.10734313726425,0.0083771497011185,-0.029975481331348,1
0.075667560100555,-0.063654817640781,-0.026619367301464,1
-0.00689697265625,-0.068911779671907,0.0031256303191185,1
-0.046282231807709,0.018491312861443,-0.0089384540915489,1
-0.025981843471527,-0.24390231817961,0.03007198125124,1
-0.067079693078995,0.041371233761311,-0.030070155858994,1
0.19660669565201,-0.23162945359945,0.010603092610836,1
-0.20062044262886,-0.16443767398596,0.11405085772276,1
-0.058528661727905,0.024242781102657,-0.024942807853222,1
-0.10755482316017,0.18066140264273,-0.035505808889866,0
-0.054176568984985,-0.15098812803626,-0.029131107032299,1
0.041344165802002,0.2305268868804,0.068821258842945,1
-0.099668562412262,0.034303911030293,-0.040414787828922,1
-0.16248759627342,-0.2209519520402,0.050825677812099,1
-0.029053747653961,-0.08237836509943,0.014636620879173,1
0.050513923168182,0.059284307062626,-0.022202029824257,1
-0.18215629458427,-0.012684911489487,0.21371606737375,1
-0.091208219528198,-0.0051666274666786,-0.04334219545126,1
-0.073021471500397,-0.15484038740396,-0.020513541996479,1
-0.21749848127365,-0.022871114313602,0.087280996143818,1
0.0011886954307556,0.27367048710585,-0.066933557391167,1
-0.08638408780098,-0.067175254225731,-0.046185053884983,1
0.061012327671051,0.08615867048502,-0.047218382358551,1
-0.11566615104675,-0.20308186858892,0.099952004849911,1
-0.002373993396759,0.11136355251074,-0.067351140081882,1
-0.083662360906601,0.19769760221243,-0.058892399072647,0
0.13937431573868,0.13749290257692,-0.0055479630827904,1
0.14340788125992,-0.25275836139917,0.030736066401005,1
0.033592343330383,0.21169590204954,-0.013710282742977,1
0.028333485126495,-0.17019321769476,-0.050965189933777,1
0.1116133928299,0.10609083622694,-0.086681373417377,1
-0.13542997837067,0.096247009932995,-0.056719921529293,1
-0.045859217643738,-0.14684790745378,-0.086715117096901,1
0.040000259876251,-0.22711411863565,0.08166465908289,1
-0.0497927069664,-0.051455367356539,-0.037816740572453,1
-0.046972632408142,0.26219298690557,0.0051290839910507,1
0.10075497627258,0.16897710412741,0.032457984983921,1
0.040659248828888,-0.18176686018705,0.017578922212124,1
0.073629081249237,0.28351604193449,0.032985359430313,1
-0.06950706243515,0.1234332844615,0.02524658292532,1
-0.11625364422798,0.12494779378176,-0.016193248331547,1
-0.090078562498093,-0.094578373245895,-0.011761121451855,1
0.10679143667221,-0.22275400161743,0.097627721726894,1
-0.07156902551651,-0.041704509407282,-0.06677071005106,1
0.033568561077118,-0.2489467933774,-0.065656192600727,1
-0.19041568040848,0.093969441950321,0.038163937628269,1
0.14299941062927,0.11956495791674,-0.055807583034039,1
-0.020119786262512,-0.10771998949349,-0.023802667856216,1
0.037276983261108,0.17269932478666,-0.069711908698082,1
-0.019777476787567,0.11684853583574,-0.03860154747963,1
0.21387660503387,0.19273295253515,0.093906931579113,1
-0.17863938212395,-0.17725768685341,-0.066393129527569,1
-0.14529606699944,-0.17872448265553,0.10600141435862,1
-0.093178629875183,-0.015899695456028,-0.047951743006706,1
-0.031146883964539,0.046084724366665,-0.011637814342976,1
-0.24385964870453,0.032911561429501,-0.027649693191051,1
0.0081493854522705,-0.19460798054934,0.029839262366295,1
-0.00079101324081421,-0.1366617642343,-0.040990233421326,1
0.06275874376297,0.049475945532322,0.0055499672889709,1
0.023972570896149,0.17222457379103,-0.040286004543304,1
-0.1002411544323,-0.0016676262021065,-0.033704191446304,1
0.0049516558647156,-0.081369791179895,-0.046325236558914,1
0.11386531591415,-0.10810586065054,-0.019736759364605,1
-0.162507802248,-0.12686613202095,-0.014446191489697,1
0.082649946212769,-0.25918105989695,0.1047432795167,1
-0.14178681373596,-0.018116310238838,0.041073702275753,1
-0.16142663359642,0.1581220254302,-0.067652218043804,1
-0.056410551071167,0.094379030168056,-0.065950356423855,1
-0.1110098361969,0.083815045654774,-0.096437744796276,1
-0.16038697957993,-0.10825457051396,-0.017710827291012,1
0.014433085918427,0.23900448530912,0.14110369235277,1
-0.10581049323082,-0.17435100674629,-0.028556004166603,1
-0.099304378032684,-0.069017805159092,-0.0066375508904457,1
0.13473075628281,0.1300969645381,0.012145258486271,1
-0.17566838860512,-0.08236669935286,-0.020484767854214,1
-0.01909476518631,0.036244116723537,-0.0076450034976006,1
-0.21012690663338,0.012007020413876,0.013162516057491,1
0.0023585557937622,-0.21388228982687,0.12685740739107,1
-0.0039125680923462,-0.18116836249828,0.075261034071445,1
-0.15535160899162,-0.19600934535265,0.081603832542896,1
0.086244165897369,-0.12434329837561,0.027397841215134,1
-0.078485459089279,0.0048489347100258,-0.0043644234538078,1
0.15773195028305,-0.17532306909561,-0.034380473196507,1
-0.19223588705063,0.004877969622612,-0.023089073598385,1
-0.053786605596542,-0.016872234642506,-0.04200529307127,1
-0.0090047717094421,-0.11298881284893,-0.060397602617741,1
-0.23027807474136,0.097528956830502,0.053089715540409,1
-0.22664788365364,-0.038488417863846,0.099290274083614,1
-0.14795032143593,-0.15273719653487,-0.040696285665035,1
0.11502403020859,-0.2115074172616,0.18859184533358,1
0.057267487049103,0.19977491348982,0.0073572471737862,1
0.21614688634872,-0.20851943641901,-0.039779998362064,1
-0.21028053760529,-0.059946186840534,-0.0020752921700478,1
-0.087021231651306,0.13242114335299,-0.026487655937672,1
0.17255431413651,-0.22325550019741,0.12965352088213,1
0.13466334342957,0.20967572182417,0.15399283915758,1
-0.041294157505035,0.055980883538723,-0.0051086768507957,1
-0.030889689922333,-0.1715889275074,0.022979885339737,1
-0.047329962253571,0.027976401150227,0.012007914483547,1
0.015606462955475,-0.084285262972116,0.017529733479023,1
-0.082621455192566,0.054759077727795,-0.040226131677628,1
-0.095631271600723,-0.10828425362706,0.039408497512341,1
0.16232663393021,-0.1887127161026,0.18000232428312,1
-0.025807678699493,-0.1255286373198,0.010199375450611,1
-0.0016557574272156,-0.12553647533059,-0.083355937153101,1
0.15836662054062,0.20190872997046,0.12158603221178,1
0.011904239654541,0.21392177790403,0.050099216401577,1
-0.042185127735138,-0.082436818629503,-0.022603638470173,1
-0.00056904554367065,0.092840857803822,-0.0026286244392395,1
0.15009498596191,0.13845900446177,0.083195187151432,1
-0.017396509647369,0.26589711755514,-0.055350668728352,1
-0.0073942542076111,-0.084734880365431,-0.00028418749570847,1
-0.13907474279404,-0.0017635896801949,-0.034614510834217,1
-0.029863357543945,0.16996925324202,0.011681288480759,1
0.015432059764862,-0.24582058936357,-0.063395351171494,1
0.060728549957275,0.11383704096079,-0.065663695335388,1
0.026779592037201,0.086800076067448,-0.0036323368549347,1
-0.0041616559028625,0.18470241874456,-0.074032738804817,1
0.076325237751007,-0.093368208501488,-0.020806238055229,1
-0.029587209224701,0.087234638631344,-0.036283634603024,1
-0.048523604869843,-0.18700090050697,0.051448062062263,1
-0.057959884405136,-0.27139718085527,-0.028946124017239,1
0.084412038326263,0.14519137889147,0.040157683193684,1
-0.18001610040665,-0.15676739066839,0.085453175008297,1
0.17079204320908,-0.17245338857174,0.088081620633602,1
0.14872121810913,0.12646438926458,0.052491165697575,1
-0.068675398826599,0.067638419568539,0.010970421135426,1
-0.07397672533989,0.24761339277029,0.11051910370588,1
-0.034185290336609,-0.25703728944063,0.10340370982885,1
0.048152446746826,0.10463165491819,0.022028736770153,1
0.06635183095932,-0.10548951197416,0.01091080904007,1
-0.061999320983887,0.045873500406742,0.016612894833088,1
0.068372070789337,-0.073962396010756,-0.049976825714111,1
-0.049146234989166,-0.22709155827761,0.16924720257521,1
-0.063221156597137,-0.17302248626947,0.077296502888203,1
0.069312870502472,-0.21320592612028,0.13217105716467,1
0.092707097530365,-0.15332427993417,-0.020510077476501,1
-0.052246779203415,0.012970075011253,0.0024749413132668,1
-0.019927561283112,-0.16823563724756,0.03452255576849,1
-0.0061816573143005,-0.25407464057207,0.13400305062532,1
-0.16302755475044,0.018220007419586,0.024813272058964,1
-0.17081436514854,-0.13720029592514,0.078325964510441,1
-0.052970737218857,-0.061217449605465,-0.0036963000893593,1
0.012973546981812,-0.11470892466605,0.00847177952528,1
0.052074909210205,0.090391285717487,-0.0026499927043915,1
-0.079104006290436,-0.020390339195728,-0.0052069500088692,1
-0.077936410903931,0.13529477268457,0.065301425755024,1
-0.14807227253914,0.14931178838015,0.073334522545338,1
-0.23273655772209,-0.036418654024601,0.1256911829114,1
0.093131721019745,-0.19537360221148,0.20565504580736,1
-0.14487439393997,0.17198508232832,0.14726496487856,1
-0.011710524559021,-0.15273258090019,0.031075373291969,1
0.033060848712921,-0.27205204218626,0.028505951166153,1
-0.071845054626465,0.049494676291943,-0.031084686517715,1
0.070762574672699,-0.18734063953161,0.092010892927647,1
0.045049369335175,0.1314637735486,-0.031329534947872,1
-0.16975820064545,-0.18618447333574,0.093159399926662,1
-0.020591139793396,0.14092244952917,0.022524617612362,1
-0.084369957447052,0.069638751447201,-0.081583797931671,1
0.080808281898499,-0.19003331661224,-0.064115539193153,1
-0.13394245505333,0.12510391324759,0.069027505815029,1
-0.11718109250069,0.10626996308565,-0.077273942530155,1
-0.048870384693146,0.033740289509296,-0.036084696650505,1
-0.1821830868721,0.036025129258633,-0.046869054436684,1
0.0036185383796692,-0.13683164864779,0.0091937109827995,1
0.034579217433929,0.21478956192732,0.091495580971241,1
-0.044774830341339,-0.050379067659378,0.016086421906948,1
0.093382060527802,0.15117316693068,0.038678266108036,1
-0.22648251056671,0.10477247089148,0.074502654373646,1
0.034699022769928,0.079151101410389,-0.041554301977158,1
-0.059804141521454,-0.065462116152048,-0.049578495323658,1
0.09212988615036,0.11846636980772,-0.062756024301052,1
0.030973136425018,0.17262085527182,-0.0083707422018051,1
-0.075780004262924,-0.11418145056814,0.048308439552784,1
-0.031251966953278,0.048896260559559,-0.0031143799424171,1
-0.039291858673096,0.035021774470806,-0.0034500733017921,1
-0.076533824205399,-0.22408009320498,0.17374724894762,1
0.15065157413483,0.13500178605318,0.0093828067183495,1
0.10046929121017,-0.20886865258217,0.12865609675646,1
-0.083213835954666,0.19266515225172,0.0065507516264915,1
-0.17955058813095,0.057915426790714,0.004413329064846,1
-0.10960873961449,-0.12986727431417,0.034378610551357,1
-0.0050138235092163,0.045467279851437,0.00016877800226212,1
0.10242527723312,0.26391067355871,0.068653874099255,1
-0.15643489360809,0.097557552158833,0.16819400340319,1
0.013408124446869,0.20055925101042,0.075442336499691,1
0.05311781167984,0.062183178961277,-0.018704600632191,1
-0.02232700586319,-0.22773372381926,0.0852265432477,1
-0.059898436069489,-0.24577236920595,0.15186793357134,1
-0.14966651797295,-0.01208570599556,-0.0077723935246468,1
-0.12456542253494,-0.22472335398197,-0.059401541948318,1
-0.067640960216522,-0.22371906787157,0.12049788981676,1
0.062279999256134,0.088677830994129,0.010344497859478,1
0.040664434432983,0.26150345057249,0.022251971065998,1
0.062579214572906,-0.071973161771894,0.015738636255264,1
-0.1409849524498,0.13678605109453,0.054840438067913,1
0.027607858181,0.14117670804262,0.030136197805405,1
-0.1498384475708,0.065106950700283,-0.011783711612225,1
-0.10680821537971,-0.046376340091228,0.024436138570309,1
0.07024222612381,0.070461146533489,0.015826523303986,1
-0.03352302312851,-0.12355227023363,0.034734606742859,1
0.070483267307281,-0.095917399972677,0.01925291121006,1
-0.16822373867035,0.16445448249578,-0.077690325677395,1
-0.067061573266983,0.12703914195299,-0.026557110249996,1
-0.1729961335659,-0.16697866469622,-0.036590717732906,1
-0.075090348720551,0.2482179030776,0.056224539875984,1
-0.10650399327278,-0.066561967134476,0.036164872348309,1
-0.036359906196594,0.13371130079031,0.038323067128658,1
0.21276122331619,-0.19228727370501,0.024550832808018,1
0.13448709249496,0.23557015508413,0.014996908605099,1
0.11706584692001,-0.26853624731302,-0.023307889699936,1
-0.20177456736565,-0.10884454380721,0.031879313290119,1
-0.066029220819473,-0.088621750473976,0.02586080878973,1
-0.17062783241272,0.050366185605526,0.082110919058323,1
-0.067539155483246,-0.18383714556694,0.12983096390963,1
-0.053021788597107,0.20179512351751,0.0046390071511269,1
0.044025123119354,0.089343197643757,0.0088845118880272,1
-0.099255979061127,0.10262655466795,0.012491263449192,1
-0.1689974963665,-0.018472202122211,-0.065170288085938,1
0.045429766178131,0.25864040106535,-0.062270276248455,1
0.045028150081635,0.17125981301069,-0.0061486586928368,1
-0.19514101743698,-0.17234598100185,0.017238490283489,1
-0.035022795200348,0.065835513174534,-0.010663546621799,1
-0.11261510848999,-0.16879642009735,-0.03931100666523,1
0.08589506149292,0.183275423944,0.088574148714542,1
0.063164174556732,-0.22741401940584,-0.037421368062496,1
0.0060378909111023,-0.081444064155221,-0.027805231511593,1
-0.19531834125519,0.19151323288679,0.028985090553761,1
0.097056746482849,-0.16312485188246,-0.093809619545937,1
0.097510874271393,-0.19855417311192,0.16261691600084,1
-0.060757875442505,0.21296008676291,-5.5640935897827e-05,1
-0.054781436920166,0.21348907798529,-0.02013622969389,1
-0.17912518978119,0.10052161663771,0.15116419643164,1
-0.11484789848328,0.1433132365346,0.020883612334728,1
-0.029290378093719,0.033525548875332,0.0051069036126137,1
0.043790757656097,0.061706684529781,-0.018720239400864,1
-0.21093836426735,0.16679068654776,0.059419088065624,1
0.15586942434311,-0.25448130816221,-0.0047930404543877,1
0.062356054782867,0.044479571282864,-0.006119579076767,1
-0.048342406749725,0.07925046235323,0.022518180310726,1
-0.1445240676403,-0.090506678447127,-0.081507563591003,1
-0.016871094703674,-0.25328228622675,0.1112132743001,1
0.025692284107208,-0.096346381353214,-0.04206333309412,1
0.056897342205048,0.11181449145079,0.021815396845341,1
-0.16083985567093,-0.032490462064743,-0.08767557144165,1
-0.027746379375458,0.22084756940603,0.14797938615084,1
-0.0029224753379822,-0.24670691043139,-0.0039912462234497,1
-0.22509184479713,-0.019553057849407,0.14905100315809,1
0.10244292020798,-0.14968719705939,-0.052552983164787,1
-0.083157598972321,0.098507262766361,0.017454408109188,1
-0.063814073801041,-0.011252298951149,-0.024200730025768,1
-0.096475601196289,0.12116111069918,-0.016025103628635,1
0.01484626531601,0.17136602848768,-0.030823677778244,1
-0.14738166332245,-0.11634206585586,0.1208746060729,1
0.026973068714142,0.25253691524267,0.093554280698299,1
-0.10837641358376,-0.056023631244898,0.041795141994953,1
-0.12373372912407,-0.095200077630579,0.049023531377316,1
0.03711062669754,-0.13792045786977,-0.070615731179714,1
-0.0014657378196716,-0.23407874256372,0.051175110042095,1
0.14789944887161,-0.13016055710614,0.033041946589947,1
0.12841695547104,0.15948297828436,-0.069717772305012,1
0.079917728900909,-0.20345516502857,0.14650488644838,1
-0.15657442808151,0.2226914986968,-0.023257724940777,1
0.091643393039703,0.09258609265089,0.003288246691227,1
-0.012483775615692,0.082187183201313,0.018215209245682,1
0.012624323368073,-0.074698429554701,0.00058739632368088,1
0.09158593416214,-0.17033686488867,-0.081193149089813,1
-0.20101210474968,0.0098075047135353,0.14813681691885,1
0.050879716873169,0.21321433037519,0.18920496851206,1
0.1059735417366,0.1285412684083,0.016251161694527,1
-0.10478481650352,0.17498701065779,0.099474050104618,1
-0.18463355302811,0.15731393545866,-0.041927047073841,1
-0.16614657640457,0.074267692863941,0.11380373686552,1
0.15973818302155,0.18628602474928,0.026993781328201,1
0.037885665893555,0.17012732475996,0.052390314638615,1
0.11273002624512,0.13231762498617,0.0035673156380653,1
-0.097612082958221,0.21282585710287,0.086596436798573,1
-0.18778520822525,0.17504247277975,0.11967752128839,1
-0.036102712154388,0.059148348867893,0.0098505392670631,1
0.077032923698425,-0.18948992341757,0.02492792904377,1
0.10799485445023,-0.17157489061356,-0.023269303143024,1
-0.25185984373093,0.048077844083309,0.087963230907917,1
0.03374195098877,0.14858437329531,-0.042404346168041,1
0.10390657186508,0.22593718022108,-0.07354611158371,1
-0.0013553500175476,0.12573003023863,-0.035677202045918,1
-0.097855001688004,-0.18156193941832,0.17787922173738,1
0.0054104924201965,0.082071475684643,0.014719180762768,1
-0.18733835220337,0.044090293347836,0.16405469924212,1
-0.20368042588234,-0.1041001486592,0.12917662411928,1
0.18004459142685,0.16917999833822,-0.044824533164501,1
-0.03381472826004,-0.20144812762737,-0.093166720122099,1
0.011588275432587,0.23007824271917,-0.080806382000446,1
-0.022278606891632,0.079654566943645,0.020260073244572,1
0.066876292228699,-0.24851975589991,0.16596082597971,1
0.046291172504425,0.20050709694624,-0.06757677346468,1
-0.04026985168457,-0.027490712702274,-0.026731804013252,1
-0.071967661380768,-0.10681930650026,0.02973135560751,1
0.081614673137665,-0.28451270610094,0.020031876862049,1
-0.054987341165543,-0.11387087125331,-0.027981132268906,1
-0.023753106594086,-0.071892373263836,0.016666010022163,1
-0.12362390756607,-0.23829896003008,0.033264137804508,1
-0.0097276568412781,-0.12844625674188,-0.020233757793903,1
-0.10096603631973,0.080212228000164,0.043118126690388,1
0.0013822913169861,0.13306742161512,-0.083836831152439,1
-0.011204063892365,-0.098321410594508,-0.059397734701633,1
0.026862919330597,0.080074869096279,-0.018110819160938,1
0.13875907659531,0.15263184159994,-0.047341398894787,1
0.13917285203934,-0.11952632293105,-0.051748536527157,1
0.088848412036896,-0.09112099185586,-0.046332739293575,1
0.055348336696625,0.10081443935633,-0.059581242501736,1
-0.1919341981411,0.00055651366710663,-0.017177723348141,1
0.074023067951202,0.28909354656935,0.048357725143433,1
-0.10409611463547,-0.20101819932461,-0.047670163214207,1
-0.024959325790405,0.16575708240271,-0.064724057912827,1
-0.043970048427582,0.043166436254978,0.0069683268666267,1
-0.093618094921112,-0.044552341103554,-0.0079598501324654,1
-0.10753151774406,-0.055423844605684,0.0085513517260551,1
0.1239093542099,0.12427973002195,0.01000052690506,1
0.074768483638763,-0.10032676719129,0.0058353021740913,1
-0.23562741279602,-0.10421911906451,0.087050922214985,1
-0.062451958656311,-0.12900672480464,0.044020295143127,1
0.15317684412003,0.12790309637785,-0.06246293336153,1
-0.10074177384377,-0.073238091543317,-0.00048417598009109,1
-0.023641288280487,0.049218602478504,0.0068914815783501,1
0.024591982364655,0.19898339360952,0.028331279754639,1
-0.14449095726013,0.11225900799036,-0.084925539791584,1
0.092361509799957,-0.21790095418692,0.076713271439075,1
-0.072765111923218,-0.0089103206992149,0.013851352035999,1
0.16992527246475,-0.2143956720829,0.026497758924961,1
0.17718595266342,-0.16389675438404,0.15263419598341,1
0.12057942152023,-0.25607875734568,0.03222593665123,1
0.045012831687927,-0.14894254878163,-0.0025439187884331,1
-0.077977538108826,-0.043048661202192,-0.030836939811707,1
-0.09592217206955,-0.13266283273697,0.030874900519848,1
-0.067996561527252,0.11618552356958,-0.0026225373148918,1
-0.057558715343475,0.15531941503286,-0.080652631819248,1
-0.12082979083061,0.17584975808859,0.097058065235615,1
-0.0039526224136353,-0.21460171788931,0.010210961103439,1
-0.027397572994232,-0.091957360506058,-0.04811304807663,1
0.1093572974205,0.21883358806372,0.11722160130739,1
-0.072881251573563,0.017003729939461,0.0076100006699562,1
-0.22469389438629,-0.055659011006355,0.054613210260868,1
-0.027086198329926,0.21074711531401,0.030369512736797,1
-0.014280021190643,0.072772152721882,0.0060189738869667,1
-0.18535169959068,-0.18581113219261,-0.033247537910938,1
-0.18278852105141,-0.086819966323674,0.048843838274479,1
0.024876892566681,0.11736249178648,-0.057471342384815,1
-0.14304947853088,0.042772360146046,-0.073624357581139,1
-0.032037198543549,-0.037789978086948,0.0038367733359337,1
-0.01194304227829,-0.23225071281195,0.06996051222086,1
0.16257351636887,0.16225352138281,0.17613811045885,1
-0.0158411860466,0.1029247418046,-0.026028431952,1
0.10189521312714,-0.18178622424603,-0.042786374688148,1
-0.16630557179451,-0.10347086656839,0.10755818337202,1
0.045518219470978,0.24388983100653,0.16321054846048,1
-0.028515815734863,-0.11258247215301,-0.078668259084225,1
-0.20148459076881,0.066282354295254,-0.02532771229744,1
-0.1752188205719,-0.10487184813246,0.1188383474946,1
-0.13341107964516,0.20751556009054,0.019117332994938,1
0.11473715305328,0.24886145442724,0.1470602825284,1
0.016604661941528,0.20359184592962,0.026840634644032,1
-0.13799008727074,0.12658397108316,-0.032763697206974,1
-0.12352183461189,-0.091105446219444,-0.022602394223213,1
-0.036219298839569,-0.085636546835303,0.020183578133583,1
0.16501778364182,0.21048330515623,-0.056781068444252,1
-0.046630084514618,-0.049801666289568,-0.026426084339619,1
0.0030458569526672,0.12610869854689,-0.015162341296673,1
-0.22151267528534,-0.030577525496483,-0.051548145711422,1
-0.03729921579361,-0.14877135679126,-0.080875083804131,1
-0.0058707594871521,0.19815354794264,0.093549452722073,1
-0.15487584471703,-0.20870640128851,-0.059314757585526,1
0.035670220851898,-0.05581833049655,-0.00044408440589905,1
-0.11478596925735,-0.19368737190962,-0.016297422349453,1
-0.033310770988464,-0.059574034065008,-0.029915429651737,1
-0.18203586339951,-0.086541487835348,0.14087004214525,1
-0.070885926485062,-0.056760519742966,-0.075740970671177,1
-0.11608248949051,0.16615798324347,-0.083974041044712,0
-0.18002435564995,-0.057490821927786,0.061417005956173,1
-0.063347041606903,0.098260529339314,0.029244653880596,1
-0.23531258106232,-0.0096972957253456,0.094263516366482,1
-0.050658583641052,0.2477924451232,0.15358901768923,1
-0.01491367816925,0.21841939538717,0.13888034969568,1
0.14109700918198,0.18877663463354,0.073490433394909,1
-0.18042641878128,-0.040793556720018,0.034268654882908,1
-0.048435151576996,0.18909134715796,0.02745459228754,1
0.053558111190796,0.2235799357295,0.12215005606413,1
-0.25954300165176,0.013772815465927,0.084183149039745,1
-0.035708546638489,0.22171100229025,0.051493734121323,1
0.1757110953331,-0.15782670304179,0.13736661523581,1
0.066982865333557,0.11844902485609,-0.0095355734229088,1
0.10381072759628,-0.26276131719351,0.088760413229465,1
0.15778136253357,-0.1666476726532,0.12040812522173,1
-0.012826025485992,0.19346603006124,-0.059113323688507,1
-0.10141360759735,0.17220433801413,0.14647115021944,1
-0.18844524025917,-0.063639562577009,0.056664295494556,1
0.071893453598022,0.063402988016605,0.0070952624082565,1
-0.1684638261795,0.0067312493920326,-0.055360428988934,1
-0.17796033620834,0.030486561357975,-0.085448134690523,1
0.067041099071503,0.17018380016088,0.013515375554562,1
0.079337775707245,-0.24549222737551,-0.057112999260426,1
-0.012500882148743,-0.1446333900094,-0.03308991342783,1
-0.04672110080719,-0.17196626961231,0.068415679037571,1
-0.11048746109009,-0.14330742880702,0.21031672507524,1
-0.1035575568676,-0.12394942343235,-0.092432416975498,1
-0.1640622317791,-0.085828060284257,-0.058589868247509,1
-0.060505032539368,0.0066550225019455,-0.052691765129566,1
-0.061482161283493,0.010888040065765,0.010227374732494,1
0.18391704559326,0.17391546815634,-0.010167621076107,1
-0.14738091826439,-0.20667143166065,0.014571256935596,1
-0.17572674155235,0.1068806424737,-0.034686431288719,1
-0.1022806763649,0.080971069633961,-0.007488913834095,1
0.089828550815582,-0.13058696128428,-0.087538510560989,1
-0.10178357362747,0.15332975238562,-0.025946788489819,1
-0.089189410209656,0.18527358025312,0.058330185711384,1
0.2150861620903,0.20358117669821,0.10111714154482,1
0.028761923313141,-0.2864691093564,0.035020433366299,1
-0.16627681255341,0.086879052221775,0.066451571881771,1
0.0088794231414795,-0.26797988265753,0.12975413352251,1
-0.14422130584717,-0.086961256340146,0.10510572046041,1
0.011767446994781,0.080372236669064,-0.019811771810055,1
0.15946114063263,0.20249014347792,-0.026417888700962,1
-0.0055014491081238,-0.11267600487918,0.022246688604355,1
-0.15419870615005,-0.13129454478621,-0.082097806036472,1
0.02459990978241,-0.05879532545805,0.0048626735806465,1
0.01339852809906,0.10508788377047,-0.0030458346009254,1
-0.021022498607635,0.05257909744978,-0.02865969389677,1
-0.037194073200226,-0.073054580017924,-0.01652517169714,1
-0.17832118272781,0.092487700283527,-0.043046869337559,1
-0.11829841136932,-0.016447938978672,-0.038649491965771,1
-0.023809969425201,-0.087757661938667,-0.05125255137682,1
0.076070249080658,-0.26501347869635,0.087822578847408,1
0.15217757225037,-0.17652110010386,0.15080968290567,1
0.14396619796753,-0.17245511710644,-0.07257241755724,1
-0.075609445571899,-0.086631691083312,0.032371051609516,1
0.0022349953651428,0.064953692257404,-0.00076092034578323,1
-0.11125719547272,0.1148831769824,0.036951549351215,1
-0.055580049753189,-0.00060883164405823,0.0029244646430016,1
-0.15057414770126,-0.069138735532761,0.05448030680418,1
-0.17779719829559,0.12467337399721,-0.015146695077419,1
-0.060793995857239,0.030555583536625,-0.02959980815649,1
0.085081815719604,0.093177266418934,0.0081000998616219,1
-0.093478113412857,-0.23133287578821,-0.013660460710526,1
0.020003378391266,-0.063485082238913,-0.0079580172896385,1
0.025022089481354,0.10764450579882,0.025737293064594,1
-0.15587946772575,-0.013977654278278,-0.094362273812294,1
0.11188793182373,0.18857540935278,0.20527691394091,1
0.031972825527191,0.21964051574469,0.19737277179956,1
-0.049440860748291,-0.068976022303104,-0.066437475383282,1
-0.19627887010574,0.14794313162565,0.12859294563532,1
-0.18480601906776,0.091056384146214,0.1186806038022,1
-0.030705988407135,0.026883862912655,0.0019875094294548,1
0.073028862476349,0.18737231940031,0.016447350382805,1
0.056059777736664,-0.19025459885597,0.094575114548206,1
-0.051445722579956,-0.21122649312019,0.023152627050877,1
-0.17861032485962,-0.11295906081796,0.17143035680056,1
-0.072656273841858,0.10637705773115,0.043187625706196,1
-0.2166500389576,0.00098273158073425,-0.081661455333233,1
0.19671934843063,-0.20896670222282,0.053153805434704,1
0.032267332077026,0.20155026763678,0.038670003414154,1
-0.15046387910843,0.075739078223705,0.055970005691051,1
-0.12806823849678,-0.18755934387445,0.1697198972106,1
-0.10260638594627,0.224973551929,-0.054915502667427,0
-0.23188138008118,-0.082086907699704,-0.0091354176402092,1
-0.12692600488663,0.21731572598219,0.071223594248295,1
-0.086379677057266,-0.10423569567502,0.020446635782719,1
-0.058998137712479,0.23076742142439,-0.082265198230743,1
0.041264235973358,0.10633308440447,-0.012794673442841,1
-0.00056976079940796,-0.073124622926116,0.0099310874938965,1
-0.22261220216751,0.1338000819087,-0.0012068226933479,1
0.0045251846313477,0.13052182644606,-0.00018007308244705,1
0.15601897239685,0.13146182149649,-0.08790136128664,1
-0.136021733284,0.15992235392332,0.090177305042744,1
0.085124790668488,0.19219755381346,0.025826461613178,1
-0.10856994986534,-0.10190940997563,-0.015531800687313,1
-0.060331553220749,-0.1033237897791,-0.049291558563709,1
-0.12663006782532,0.17510732263327,-0.028405196964741,0
0.013654947280884,0.21990468353033,0.056206926703453,1
-0.18251889944077,-0.043168194591999,-0.037010200321674,1
-0.015264928340912,-0.21079573780298,0.070900388062,1
0.020974338054657,-0.28146267682314,0.056099154055119,1
-0.095932275056839,0.23360636085272,0.10253519564867,1
-0.11654362082481,0.16850873082876,0.1874672845006,1
-0.2030294239521,-0.16067762300372,0.011605583131313,1
0.0018630623817444,0.08588220924139,-0.010353714227676,1
-0.082270562648773,0.25049199908972,0.058622114360332,1
0.076035857200623,0.23408394306898,0.13852564245462,1
0.045288503170013,-0.060485288500786,0.00016751885414124,1
0.061461746692657,0.19926219433546,0.05650357156992,1
0.070478737354279,0.20727660506964,0.12927562743425,1
0.029999077320099,-0.14149557799101,0.01685307174921,1
-0.087911248207092,-0.077165618538857,-0.019368432462215,1
0.1186483502388,-0.14273203536868,-0.0020786002278328,1
-0.026548266410828,-0.058696128427982,0.0084155425429344,1
-0.047620534896851,0.20736291259527,0.13293594866991,1
-0.036601424217224,0.11770056933165,-0.010612659156322,1
-0.082010954618454,0.12475522607565,-0.062285132706165,1
-0.064806342124939,0.19546862691641,0.032588593661785,1
-0.16440215706825,-0.073741992935538,0.041508011519909,1
-0.22550490498543,0.13610903173685,-0.034090094268322,1
0.017962396144867,0.21626251190901,0.026644445955753,1
0.13531363010406,0.1642874404788,-0.01776484400034,1
-0.096188277006149,-0.20453594624996,0.086689181625843,1
-0.081680834293365,0.17486049979925,0.17144118994474,1
0.082552969455719,-0.23092753440142,0.0010869726538658,1
-0.0049154758453369,0.10108121484518,0.026562541723251,1
-0.22415426373482,-0.096084064804018,0.070796675980091,1
-0.11722040176392,0.15640812367201,0.088012300431728,1
-0.061481982469559,-0.16016350314021,0.062865898013115,1
-0.026468336582184,-0.10366143612191,-0.0052208080887794,1
-0.16256287693977,-0.18355520814657,-0.048112861812115,1
0.050587236881256,0.12960482388735,-0.056297726929188,1
-0.016909301280975,0.16165088862181,0.049417234957218,1
-0.21534597873688,0.042050339281559,0.084048204123974,1
-0.035918891429901,-0.027660004794598,-0.0052976682782173,1
0.1508355140686,0.14717175811529,0.0074883922934532,1
0.073285162448883,0.16424774378538,0.066766560077667,1
-0.04948627948761,-0.038047529757023,0.010641790926456,1
-0.17574256658554,-0.088922856375575,-0.045124478638172,1
-0.12790268659592,0.034159429371357,-0.0081974491477013,1
0.1909607052803,-0.21562889963388,0.067394442856312,1
-0.050668120384216,-0.26624626666307,0.061104997992516,1
0.025250852108002,-0.13477284833789,-0.0089407339692116,1
-0.15513056516647,0.13617340475321,-0.069787390530109,1
0.10618048906326,-0.17068216204643,-0.097959399223328,1
0.045618712902069,-0.27644630521536,0.022472374141216,1
-0.010639727115631,-0.17705982923508,0.058805346488953,1
-0.040403068065643,-0.047423675656319,0.003614641726017,1
-0.08342519402504,0.20296248048544,-0.0047229155898094,1
0.036158978939056,0.19939415901899,-0.067419737577438,1
-0.17925262451172,0.026658557355404,0.13938914984465,1
0.025249361991882,-0.22894642502069,0.086147047579288,1
-0.04802018404007,0.034584634006023,-0.03577695786953,1
-0.13700085878372,-0.22964859753847,0.074824295938015,1
0.10610920190811,0.13647996634245,0.058386690914631,1
-0.026584148406982,0.086948834359646,-0.0185931250453,1
0.12761723995209,-0.12373439967632,-0.0051742866635323,1
-0.19380831718445,0.026322148740292,0.16334357112646,1
-0.231429874897,-0.065588105469942,0.011114098131657,1
-0.0087352395057678,-0.05128987133503,-0.0061812251806259,1
-0.096128672361374,0.17144801467657,0.13192222267389,1
-0.14160650968552,-0.073771947994828,-0.056840814650059,1
-0.051086813211441,0.12801668792963,-0.039335049688816,1
0.054864525794983,0.089589945971966,-0.013266168534756,1
0.045927345752716,-0.29292865842581,0.035328269004822,1
-0.091328471899033,0.095922596752644,-0.0048231557011604,1
0.048362791538239,-0.08846087846905,-0.030678145587444,1
-0.027482032775879,0.22840695828199,0.1523455157876,1
0.0042739510536194,0.10625445097685,0.010310985147953,1
0.058117210865021,-0.10926482919604,-0.054940640926361,1
-0.20282602310181,0.11104617267847,0.00040986388921738,1
-0.041654825210571,0.048436917364597,0.0015331581234932,1
0.036613881587982,0.077271081507206,-0.0016393885016441,1
-0.076472640037537,-0.14596693217754,-0.026842944324017,1
-0.1151419878006,-0.070859787985682,0.010972164571285,1
-0.17946535348892,-0.11178310215473,-0.061517342925072,1
0.093227624893188,0.18704300373793,-0.027499876916409,1
0.11396110057831,0.12683578580618,-0.014379814267159,1
-0.084313213825226,0.17350655049086,-0.012820594012737,1
0.091988146305084,-0.13929476588964,-0.041076824069023,1
-0.16553246974945,-0.19040629267693,0.03700865060091,1
-0.078805029392242,-0.12335927784443,0.054714053869247,1
0.14166593551636,0.127217464149,0.0046761408448219,1
0.032336950302124,0.19939955323935,-0.0037612989544868,1
0.060281336307526,0.21427901834249,0.17760742455721,1
0.043775498867035,-0.12343362718821,-0.014894433319569,1
-0.15046310424805,0.10556519776583,-0.064525552093983,1
-0.18049389123917,0.18199124187231,-0.025876946747303,1
0.043201446533203,-0.14889172464609,0.037048384547234,1
-0.25938954949379,-0.035247176885605,0.054562084376812,1
-0.048357486724854,0.058197446167469,0.020798169076443,1
0.21398025751114,-0.21492362767458,0.016156233847141,1
0.058339536190033,0.23355218023062,-0.056844025850296,1
-0.067840278148651,0.019757010042667,0.01970998197794,1
-0.027243793010712,-0.06959624402225,0.0015943571925163,1
-0.15841215848923,0.04051136225462,0.064637579023838,1
0.0628502368927,0.20828162878752,-0.091439507901669,1
-0.090329349040985,-0.24092016369104,-0.054541707038879,1
-0.12196293473244,-0.20193656533957,-0.0060226395726204,1
-0.10530292987823,0.099024184048176,-0.020175255835056,1
-0.21765926480293,-0.12133823893964,0.038378037512302,1
0.062027156352997,-0.26396269351244,0.084654577076435,1
-0.19900846481323,0.055959053337574,-0.016073547303677,1
0.072610855102539,0.07507861405611,-0.015422932803631,1
-0.16719096899033,-0.11295578069985,0.042664729058743,1
0.067038595676422,0.27914898842573,-0.025860369205475,1
0.14795291423798,0.18976517766714,0.08133215457201,1
0.058905363082886,0.12640210241079,-0.035373620688915,1
0.065729677677155,-0.089774466119707,-0.064910240471363,1
-0.022538423538208,0.077832438051701,-0.0014297440648079,1
0.042824566364288,-0.21071584522724,-0.041731789708138,1
-0.1571843624115,-0.21566186845303,0.053849615156651,1
0.18960124254227,0.16734256595373,0.10314761847258,1
-0.058229923248291,-0.087268113158643,0.017936564981937,1
-0.18291461467743,0.12445770949125,0.10549604147673,1
0.21606403589249,0.19329377263784,0.0078524872660637,1
0.0060360431671143,-0.19917929172516,0.095324032008648,1
0.13779574632645,0.17338978499174,0.025580152869225,1
0.01198673248291,0.18236535042524,-0.036183886229992,1
-0.065600961446762,0.20553305000067,-0.046107843518257,0
-0.046988189220428,-0.078446555882692,-0.053344152867794,1
-0.18185776472092,0.013092570006847,0.14428756386042,1
0.059354960918427,-0.21987471729517,0.065530002117157,1
-0.21148693561554,-0.073980843648314,0.085019491612911,1
0.066893398761749,-0.057276625186205,0.0031551793217659,1
0.021374404430389,-0.086157447658479,-0.036912173032761,1
-0.038988530635834,-0.14893195033073,0.05963458865881,1
-0.0028679966926575,0.13399917632341,0.020787693560123,1
-0.011545121669769,-0.17322500795126,-0.062315739691257,1
0.020003616809845,0.25059624761343,0.054647713899612,1
0.0060301423072815,-0.20819602161646,-0.097006376832724,1
-0.21285107731819,0.022968158125877,-0.092728458344936,1
0.13777893781662,-0.18504517525434,-0.040420271456242,1
-0.075067937374115,-0.0063395127654076,0.022270880639553,1
-0.063310742378235,0.05607446283102,-0.0093199387192726,1
0.034034609794617,-0.21614111214876,-0.0030296072363853,1
0.076422274112701,0.074825696647167,0.012026935815811,1
-0.20383962988853,0.13421236723661,0.0084784999489784,1
-0.21945837140083,-0.043435420840979,0.15265234559774,1
-0.048755586147308,-0.24871797114611,-0.076226450502872,1
0.10155683755875,0.12267308682203,-0.076835557818413,1
-0.12359121441841,-0.034319005906582,0.021093465387821,1
0.092626631259918,0.23487880080938,0.083931632339954,1
-0.10808306932449,-0.071600504219532,-0.067463867366314,1
-0.096923172473907,-0.088298532180488,-0.016592003405094,1
-0.087870270013809,0.2199250087142,0.029405400156975,1
-0.14692938327789,0.16665925830603,0.13159263879061,1
0.20820146799088,-0.18476446717978,0.088194243609905,1
0.063409864902496,-0.19877690821886,-0.075524501502514,1
0.17155647277832,0.17077057808638,0.14134985953569,1
-0.053081423044205,-0.14240548759699,0.0321109816432,1
-0.13930225372314,0.0017404556274414,0.01467876881361,1
-0.10860475897789,0.14922151714563,-0.073825888335705,0
0.11361402273178,-0.24439799040556,-0.040663368999958,1
-0.078442424535751,-0.17375783622265,0.039191700518131,1
0.033575296401978,0.20668380707502,0.012808829545975,1
0.1930645108223,0.16823744028807,0.14783977717161,1
-0.037800252437592,0.035469390451908,0.0032974556088448,1
-0.065204501152039,-0.0091156810522079,-0.038566090166569,1
0.023899555206299,0.079567722976208,-0.026678912341595,1
-0.20243358612061,0.027695380151272,0.18582244962454,1
-0.07811912894249,0.084132798016071,-0.053310208022594,1
0.10034394264221,-0.2078588232398,-0.066379174590111,1
-0.086091697216034,0.1034202799201,-0.056800730526447,1
0.14357382059097,-0.14253326505423,-0.052783347666264,1
0.014418542385101,0.24086236208677,-0.030989781022072,1
-0.095670104026794,0.19952972978354,0.045675866305828,1
-0.060665607452393,0.18669828027487,0.10150227695704,1
-0.12256926298141,0.07069144397974,0.019962422549725,1
0.063441157341003,0.18504976481199,-0.090704675763845,1
-0.15391564369202,-0.1223907507956,0.075072802603245,1
-0.16318818926811,0.16461556404829,0.13313760608435,1
0.053168892860413,0.13237745314837,0.029371656477451,1
-0.027949392795563,-0.050516657531261,-0.02948347479105,1
-0.12562295794487,0.1955174729228,0.099935494363308,1
-0.026305854320526,-0.20801335573196,0.11379753798246,1
-0.085759550333023,-0.047652412205935,-0.014100112020969,1
-0.021309316158295,0.031020127236843,0.0025197938084602,1
-0.13858741521835,-0.21667518466711,0.047609910368919,1
-0.052948832511902,0.041152946650982,-0.047260694205761,1
0.07455450296402,0.15655290335417,0.0044995620846748,1
-0.076850354671478,0.10498898476362,-0.028357766568661,1
0.080682635307312,-0.14773984253407,-0.05101453512907,1
0.055315017700195,-0.092898411676288,-0.024244546890259,1
-0.025339424610138,-0.19153310358524,0.097331501543522,1
0.038570821285248,-0.071381397545338,0.0077550411224365,1
0.12191945314407,0.18826254457235,-0.028207741677761,1
-0.2624454498291,0.058019019663334,-0.002178393304348,1
0.077575027942657,0.14795687049627,-0.091656804084778,1
-0.097518563270569,-0.17324455082417,-0.096150770783424,1
-0.14275068044662,-0.056888438761234,-0.067453451454639,1
0.090408146381378,-0.07089751586318,0.011488430202007,1
0.20720911026001,0.20212583988905,0.11031680554152,1
-0.014083325862885,0.12402745336294,-0.066154062747955,1
-0.13653722405434,-0.11326312273741,0.060526616871357,1
0.012461066246033,-0.063922636210918,-0.016081690788269,1
0.1317817568779,-0.17487569898367,0.10481805354357,1
0.12595933675766,-0.22129891812801,0.11580760031939,1
-0.088587760925293,0.2501727566123,0.047356128692627,1
0.1637812256813,0.15440209954977,-0.047120369970798,1
0.026449263095856,0.13152801245451,-0.019278429448605,1
-0.10090902447701,-0.068323146551847,-0.0001707598567009,1
-0.12404611706734,0.19814818352461,0.061972059309483,1
-0.18187144398689,-0.0028740018606186,0.18746898323298,1
-0.25271445512772,0.0096729546785355,0.016506411135197,1
-0.19943198561668,0.071123786270618,-0.059225633740425,1
-0.10291627049446,-0.15922509133816,-0.019047580659389,1
-0.030402898788452,0.11011115461588,-2.3499131202698e-05,1
0.01042902469635,0.14924498647451,-0.053192377090454,1
0.15962117910385,-0.14382830634713,0.011187814176083,1
-0.078348398208618,-0.0075315162539482,0.012434579432011,1
-0.17345049977303,-0.21605014055967,0.047261469066143,1
-0.022136628627777,0.12975465506315,-0.010326243937016,1
0.15183001756668,0.18639530986547,0.03631667047739,1
-0.054669886827469,-0.066563956439495,0.018078692257404,1
0.029225051403046,-0.058345660567284,-0.0058978274464607,1
-0.079926609992981,-0.18021151423454,-0.0015191286802292,1
-0.1649044752121,-0.14041537791491,0.0083616003394127,1
-0.074456781148911,0.2254678234458,-0.040471486747265,0
0.068615615367889,0.084610216319561,-0.010970391333103,1
-0.18100062012672,0.057717092335224,0.11165630072355,1
-0.009094774723053,0.13181238621473,0.034223005175591,1
-0.17054536938667,0.065993510186672,0.11562695354223,1
-0.094668924808502,-0.0061816349625587,-0.067403614521027,1
0.068094730377197,-0.15904064103961,-0.0022362098097801,1
-0.013041615486145,0.17828669399023,0.005338080227375,1
0.003594696521759,-0.255953527987,0.14585643261671,1
-0.072967916727066,0.12801683694124,-0.087562374770641,1
-0.018853724002838,0.095354072749615,-0.059864312410355,1
0.093875348567963,0.18402840942144,0.06568693369627,1
-0.10259059071541,-0.13146727532148,-0.051750235259533,1
-0.0051055550575256,0.21498241275549,0.077108643949032,1
-0.15709125995636,0.13881019502878,0.15009411424398,1
0.09006667137146,0.070921652019024,-0.063737712800503,1
0.09236079454422,0.087518967688084,-0.051242135465145,1
-0.17580354213715,-0.11110529117286,0.038340352475643,1
-0.17600193619728,-0.057901151478291,0.15022427588701,1
-0.02898907661438,-0.17464910447598,0.083349175751209,1
0.024576842784882,-0.076920639723539,-0.018007777631283,1
-0.10925194621086,-0.13981802761555,0.013106964528561,1
0.025814831256866,-0.087052597664297,0.0053686127066612,1
0.1210510134697,0.13515224307775,0.035914041101933,1
0.075649678707123,-0.087834415957332,-0.031789533793926,1
-0.0025559067726135,-0.10018459998537,0.017270684242249,1
0.15543729066849,0.14076437801123,0.22592217475176,1
-0.076359391212463,-0.038146950304508,-0.031738586723804,1
0.18384289741516,-0.22700930386782,-0.019997857511044,1
-0.0077838897705078,-0.21532743424177,0.12029243260622,1
-0.058340549468994,0.014568507671356,-0.049703299999237,1
0.082949459552765,0.14833553880453,0.033399842679501,1
-0.18533310294151,-0.13806024566293,0.12999447435141,1
-0.039354383945465,0.073850370943546,-0.035797797143459,1
-0.0039305090904236,-0.077369570732117,0.012595005333424,1
-0.18086782097816,-0.028583809733391,0.20823789387941,1
-0.16043689846992,-0.16592037677765,0.046328477561474,1
0.018244445323944,-0.23611620813608,-0.017087206244469,1
0.014771819114685,0.11038925498724,0.02090909332037,1
-0.20717322826385,0.055306263267994,-0.090636741369963,1
0.031693816184998,0.21553989499807,0.11115042120218,1
0.059859216213226,-0.22974555939436,0.084395937621593,1
0.086519837379456,0.085303656756878,-0.040178537368774,1
-0.19952577352524,-0.072816826403141,0.094530038535595,1
-0.016368508338928,-0.045576967298985,-0.0058747157454491,1
-0.14549306035042,0.049360655248165,-0.050666347146034,1
-0.10384240746498,0.058560825884342,0.040007434785366,1
0.078993618488312,0.095043517649174,-0.01154251396656,1
-0.067089468240738,-0.070938149467111,-0.049909986555576,1
-0.24122241139412,0.044610418379307,-0.063126921653748,1
-0.086883127689362,-0.18328480422497,0.10041008144617,1
-0.19767448306084,-0.0018317326903343,-0.086945302784443,1
-0.011137545108795,-0.11153764184564,-0.0072558522224426,1
-0.067572623491287,-0.12145487219095,0.031110152602196,1
0.012116611003876,-0.19344100356102,-0.058802537620068,1
-0.11256012320518,-0.22290129959583,-0.0077965334057808,1
-0.045180976390839,0.22427400201559,0.014312215149403,1
0.071184515953064,-0.13078359514475,0.03367730230093,1
-0.1319907605648,-0.11672171391547,-0.0558977201581,1
0.14881378412247,0.17047419399023,0.086832232773304,1
-0.18056872487068,0.19973637908697,0.033499680459499,1
0.15213853120804,-0.23784615844488,0.04994261264801,1
-0.09128275513649,-0.20587457716465,0.14672223478556,1
-0.21097669005394,0.073475115001202,0.065778337419033,1
0.072957992553711,0.15481337159872,-0.043276734650135,1
-0.08708256483078,0.1824502274394,0.064243622124195,1
-0.03545868396759,0.080960519611835,0.012936092913151,1
0.1291292309761,0.12200505286455,0.046280935406685,1
0.11432617902756,0.25901620835066,0.044338949024677,1
0.033147871494293,0.29021742194891,0.021531134843826,1
-0.18587809801102,0.054229743778706,-0.011734284460545,1
0.019344091415405,-0.10422939341515,0.0027127340435982,1
0.0051261782646179,0.1332825794816,-0.011752612888813,1
-0.016307473182678,0.28017713874578,0.058707199990749,1
-0.19269639253616,0.07318914681673,-0.074182294309139,1
-0.064093947410583,0.068738751113415,0.0074314400553703,1
-0.0057017803192139,-0.18398276716471,-0.0075473189353943,1
0.070129334926605,-0.052627675235271,-0.0087174698710442,1
-0.018483817577362,0.24820848554373,0.11870298534632,1
-0.15741357207298,-0.17311953753233,0.083338297903538,1
0.082397043704987,-0.086398413404822,-0.021408788859844,1
-0.047802269458771,-0.20923395454884,0.15034375339746,1
-0.082256287336349,-0.057141825556755,0.014798901975155,1
-0.10625678300858,-0.22902534157038,0.088887043297291,1
-0.09527575969696,0.0019173324108124,-0.06143657118082,1
0.042366325855255,0.090323306620121,0.010979890823364,1
-0.034861028194427,-0.030768021941185,0.0045924112200737,1
-0.013070166110992,-0.11821493320167,0.032975308597088,1
-0.2116607427597,0.05235543102026,0.10548578947783,1
0.10343557596207,0.24052571505308,0.09825486689806,1
-0.084893047809601,-0.15523842722178,0.076834626495838,1
-0.055060297250748,0.14200732856989,-0.038910239934921,1
-0.1198755800724,0.22299345582724,0.072498820722103,1
0.12390249967575,0.13571464270353,0.0037346109747887,1
-0.0074477791786194,0.11291452497244,0.013393834233284,1
0.094355642795563,-0.1434081941843,-0.0075316876173019,1
-0.10557442903519,0.014911465346813,-0.0024712458252907,1
-0.078954994678497,-0.2244171500206,-0.023380808532238,1
-0.076013118028641,0.00077325850725174,-0.048061244189739,1
-0.096058905124664,0.0067773908376694,-0.0059723928570747,1
0.099730491638184,0.11134587973356,-0.032068438827991,1
0.071577668190002,0.053707681596279,-0.0056796744465828,1
-0.14992469549179,-0.05143465846777,-0.0056550875306129,1
-0.15490809082985,-0.080069292336702,0.019956968724728,1
-0.20978125929832,0.16090586036444,-0.023777283728123,1
0.1466161608696,0.16295959800482,0.19283027201891,1
-0.12986162304878,-0.070174664258957,0.036672882735729,1
0.059466421604156,0.1588037237525,0.027713216841221,1
-0.19747203588486,-0.12456240691245,0.091871909797192,1
0.068540573120117,-0.12517328187823,0.027729049324989,1
0.01885974407196,0.081164173781872,-0.011852726340294,1
0.071418941020966,0.16442557424307,-0.039887182414532,1
-0.052342474460602,-0.12512402236462,0.037167936563492,1
0.10998672246933,0.14993222802877,0.051816768944263,1
-0.024466454982758,-0.27480960637331,0.10374376922846,1
-0.048579752445221,-0.0033584013581276,-0.0096220597624779,1
0.078155994415283,0.091917060315609,-0.040967732667923,1
0.090217769145966,-0.16317701339722,-0.059463627636433,1
-0.16306406259537,0.069875992834568,0.034375511109829,1
-0.07017570734024,-0.0151726603508,0.007526122033596,1
-0.17168432474136,-0.14397282153368,-0.05517702549696,1
0.20098882913589,-0.23061778396368,0.0034870281815529,1
-0.018740952014923,0.066126592457294,0.014517955482006,1
-0.24368369579315,-0.12131926231086,0.010546125471592,1
-0.0088045001029968,0.12558639794588,-0.018021114170551,1
-0.20345759391785,0.04224432259798,0.18706508725882,1
-0.15421584248543,-0.033847935497761,-0.0026933923363686,1
0.19556993246078,-0.23182632774115,0.01099843531847,1
-0.20021763443947,-0.12831795215607,0.081988640129566,1
-0.11350551247597,-0.032911203801632,-0.043074294924736,1
-0.045718371868134,0.041177950799465,-0.019178710877895,1
-0.14617550373077,-0.12875992245972,-0.00059594959020615,1
-0.10603940486908,0.11078254133463,-0.087729431688786,1
0.065468907356262,0.28108017891645,0.069371767342091,1
0.022830188274384,0.1487637385726,-0.058068640530109,1
-0.025383770465851,-0.21915870904922,0.19425825029612,1
0.036333441734314,0.17083012312651,-0.059662245213985,1
0.071657121181488,-0.11136883031577,-0.030798882246017,1
-0.072407811880112,-0.067064519971609,-0.022566132247448,1
-0.010000884532928,-0.13249408081174,-0.01785334199667,1
0.076319754123688,-0.075755806639791,-0.0062769278883934,1
0.046850740909576,-0.21880946308374,0.0083991438150406,1
-0.053961426019669,0.12826188653708,-0.078259639441967,1
0.020198583602905,0.14625640958548,-0.033861853182316,1
-0.15397143363953,-0.091820439323783,0.12897048145533,1
-0.094136089086533,0.13905750960112,0.046371527016163,1
-0.083012789487839,0.089157976210117,-0.067264474928379,1
-0.03975111246109,0.23976286500692,0.142801605165,1
-0.10945066809654,-0.093685345724225,0.0075767561793327,1
0.051290929317474,0.21770196408033,-0.098483644425869,1
-0.089700967073441,-0.056903846561909,0.0074568912386894,1
0.083509504795074,-0.24713508039713,-0.017765820026398,1
0.10473936796188,0.084935642778873,0.015301175415516,1
-0.049465000629425,0.091633312404156,-0.062793545424938,1
-0.06505560874939,-0.1633101478219,0.0066525340080261,1
0.045104563236237,-0.079169284552336,0.017563216388226,1
0.024580538272858,-0.13370274379849,-0.030253522098064,1
-0.01793771982193,-0.13555232062936,-0.036175779998302,1
-0.047375857830048,-0.1839501708746,-0.069849781692028,1
-0.17266139388084,-0.0076841786503792,0.084871627390385,1
0.10848838090897,-0.27470434457064,0.00034820288419724,1
-0.19514149427414,0.019427731633186,0.059161387383938,1
0.050617516040802,0.21846913546324,0.066529974341393,1
0.038512289524078,-0.072836492210627,-0.019943371415138,1
0.1300191283226,-0.12981029227376,0.032426320016384,1
-0.019234299659729,0.057263232767582,-0.0015357658267021,1
-0.00079929828643799,-0.078135488554835,-0.026855282485485,1
0.13835275173187,0.23157509416342,0.14387539774179,1
-0.041144251823425,-0.25865056365728,0.041406236588955,1
0.022256553173065,0.10740130394697,0.0021425411105156,1
-0.14804494380951,0.15710743516684,-0.06398693472147,0
-0.048249661922455,-0.039142720401287,0.0055596753954887,1
0.12255871295929,0.20148830860853,0.036453410983086,1
-0.12466153502464,-0.22840412706137,0.017480693757534,1
-0.13973045349121,0.16440256685019,-0.030540265142918,1
0.0077246427536011,-0.24403265863657,0.045977346599102,1
-0.092890977859497,0.059741757810116,-0.052323721349239,1
0.033129394054413,-0.075277019292116,-0.030688665807247,1
-0.073035717010498,-0.15437221899629,0.039838880300522,1
-0.012019157409668,0.26112630218267,-0.01086587458849,1
0.011497318744659,0.13774021714926,-0.033130079507828,1
-0.020334541797638,-0.18599634617567,-0.052641540765762,1
-0.23241528868675,-0.13766492158175,0.010627619922161,1
-0.041197896003723,-0.046869840472937,-0.02554776519537,1
-0.046511948108673,-0.070573396980762,0.016212455928326,1
-0.037362515926361,0.24066065996885,0.050616748631001,1
0.0015742778778076,0.25503849238157,0.030613042414188,1
0.0068958401679993,-0.069197637960315,-0.0088768377900124,1
-0.079630255699158,0.16234364360571,-0.060148812830448,0
0.14733892679214,0.22261586040258,0.10603756457567,1
-0.018553972244263,0.16342224925756,-0.084268651902676,1
-0.078702449798584,0.056785486638546,-0.022777803242207,1
0.014952301979065,-0.24627145379782,-0.065812990069389,1
-0.046447277069092,0.038429699838161,0.009404294192791,1
-0.03069406747818,-0.01881530880928,-0.0027047321200371,1
-0.00060045719146729,-0.067434791475534,-0.021402552723885,1
-0.1683241724968,-0.085448915138841,0.12966696172953,1
-0.10349410772324,-0.207404255867,0.090589918196201,1
0.055355370044708,0.087467573583126,-0.040778048336506,1
-0.17168247699738,0.12919069081545,-0.09335670620203,1
-0.12825039029121,-0.1810467466712,-0.0011724606156349,1
0.089002788066864,0.098354525864124,-0.033339358866215,1
-0.048544406890869,0.064535908401012,-0.02839756757021,1
-0.16494205594063,-0.19682113081217,-0.033645771443844,1
0.0085212588310242,-0.14959060773253,-0.026238597929478,1
0.081074714660645,-0.17188627272844,0.016611412167549,1
-0.10476893186569,0.078153647482395,-0.053268618881702,1
-0.13016971945763,-0.14275274425745,-0.019249178469181,1
-0.14262410998344,0.18045013397932,-0.07747907191515,0
0.11152464151382,-0.11000239383429,-0.028188787400723,1
-0.036603093147278,-0.016781434416771,-0.011472128331661,1
-0.202442497015,-0.10353868617676,-0.013219974935055,1
0.10989397764206,-0.14667499437928,-0.074009895324707,1
-0.21349239349365,-0.086272015236318,0.14807390421629,1
0.16841453313828,0.18725161999464,0.17467323690653,1
0.023494780063629,0.24181365221739,0.033979162573814,1
0.18398195505142,0.20663513988256,-0.062182016670704,1
-0.11842545866966,-0.090918052941561,-0.060712061822414,1
0.038539707660675,0.088500745594501,0.016282700002193,1
0.013884902000427,0.24947231262922,-0.083020806312561,1
-0.14724951982498,0.065987028181553,-0.0020996257662773,1
0.12978971004486,0.16382011026144,0.079800464212894,1
-0.23748272657394,0.020593091845512,-0.050004422664642,1
0.042586743831635,-0.11161484383047,0.0010604932904243,1
-0.08164569735527,0.15039970725775,-0.055666528642178,0
0.091533958911896,0.083888612687588,-0.02343662828207,1
0.035103857517242,-0.20008901506662,0.073715843260288,1
-0.046083569526672,0.19005390256643,0.098408930003643,1
-0.068839460611343,-0.081144198775291,-0.0015450790524483,1
-0.0089526772499084,-0.17860218137503,0.043210871517658,1
-0.1856684088707,0.049347199499607,0.19429752975702,1
-0.19275790452957,-0.12292126566172,0.085119985044003,1
-0.15195867419243,0.0039000809192657,0.074865840375423,1
-0.054499596357346,-0.20755555480719,0.17713887244463,1
-0.0068954825401306,-0.073202328756452,-0.0076548233628273,1
0.095153510570526,-0.14560628682375,-0.019548133015633,1
-0.054804563522339,0.18999429792166,0.21499235183001,1
0.080759406089783,-0.19956894218922,0.093232341110706,1
-0.10579073429108,-0.095491948071867,-0.0070540830492973,1
0.20566600561142,-0.19928689301014,0.043002910912037,1
-0.075833201408386,0.0015872791409492,-0.031174458563328,1
0.049552619457245,-0.15997708588839,0.006676197052002,1
-0.036414742469788,-0.083482820540667,-0.040430702269077,1
0.13173669576645,-0.21704313904047,0.049368984997272,1
0.0057588815689087,0.21042343229055,0.06968067586422,1
-0.14078065752983,0.0011835172772408,0.014926768839359,1
-0.10107204318047,0.12308562546968,-0.045464850962162,1
-0.19955164194107,0.014123797416687,0.010148517787457,1
0.058640241622925,0.12998884171247,-0.012382656335831,1
-0.25773721933365,0.01678878813982,0.025198765099049,1
-0.093871772289276,-0.071500340476632,-0.050970233976841,1
0.1243639588356,-0.2002233043313,0.11072940379381,1
0.044287621974945,0.23732443898916,0.12160531431437,1
0.15376180410385,0.22753318399191,7.0147216320038e-05,1
0.063445866107941,-0.13356137275696,-0.013582125306129,1
0.0057589411735535,-0.17727848142385,-0.087819188833237,1
-0.081111818552017,0.11175938695669,0.039927296340466,1
0.11336725950241,-0.10534406127408,0.0025648847222328,1
-0.051468700170517,-0.023741237819195,-0.0041395500302315,1
0.052492797374725,-0.10126649250742,-0.028803683817387,1
0.02219545841217,0.14839082211256,0.050596013665199,1
0.061377465724945,0.07497888058424,-0.028446093201637,1
0.028786301612854,0.25771217793226,0.038307934999466,1
0.046079456806183,-0.17293145507574,0.017167195677757,1
-0.1309287250042,0.021867819130421,-0.053249254822731,1
-0.18804383277893,0.10437747091055,-0.056381717324257,1
0.110915184021,-0.25191540271044,0.066320516169071,1
-0.12701243162155,0.043107576668262,-0.0059354826807976,1
-0.16130131483078,-0.02070414274931,0.010007552802563,1
-0.15727904438972,0.0035215392708778,0.069941394031048,1
-0.016726791858673,-0.12991352193058,0.0075834318995476,1
0.16074150800705,-0.22117643803358,-0.083869852125645,1
0.10146588087082,-0.19236186891794,0.18939609080553,1
-0.1360214650631,-0.18533463031054,-0.08345952630043,1
-0.19897681474686,0.066987119615078,0.074808217585087,1
-0.065162837505341,0.14498659223318,-0.076936654746532,1
-0.042877316474915,0.19307785481215,0.13525403290987,1
-0.038179457187653,-0.13038911670446,-0.051039934158325,1
0.001338005065918,-0.16289027780294,-0.031921334564686,1
-0.13670063018799,-0.13063686713576,0.1520429328084,1
0.18576556444168,0.18105261772871,0.044005908071995,1
0.037605345249176,-0.1527673304081,-0.084740523248911,1
-0.029025971889496,-0.077530777081847,0.0024569556117058,1
0.14339274168015,-0.17225801944733,0.18177003413439,1
-0.024947941303253,-0.051044307649136,0.0038773193955421,1
-0.067841678857803,-0.034264765679836,-0.0027012154459953,1
-0.064521670341492,-0.13118778169155,0.024686820805073,1
0.0029981136322021,0.20299353450537,0.16860351711512,1
0.079191148281097,-0.18417919427156,0.06429672986269,1
-0.11712458729744,-0.15331329405308,0.18412288278341,1
-0.093129634857178,-0.16375495493412,-0.014677867293358,1
-0.15763133764267,0.00013215094804764,0.0065323039889336,1
0.056046366691589,0.078707627952099,-0.0045411735773087,1
-0.26485556364059,0.011731393635273,0.012268297374249,1
-0.13654151558876,0.19792672246695,-0.028153233230114,1
0.095877468585968,-0.090144129469991,-0.05351684242487,1
-0.20227473974228,0.046614669263363,0.18478936702013,1
-0.00036203861236572,-0.12245266139507,-0.0008663684129715,1
-0.034889876842499,0.1785186752677,0.042616687715054,1
0.075514853000641,-0.12769393436611,0.040709130465984,1
0.067820966243744,0.12251799553633,-0.075439654290676,1
0.063700914382935,0.082966409623623,0.011662177741528,1
0.02878874540329,-0.20694672316313,0.0017527043819427,1
0.046440362930298,0.20392518490553,0.1071378365159,1
0.087949931621552,-0.076564745977521,-0.024332530796528,1
-0.16825884580612,0.041375689208508,-0.061376586556435,1
0.0081466436386108,-0.23872718960047,-0.070694267749786,1
0.062699854373932,0.28477042168379,-0.02452689409256,1
-0.10023671388626,0.18136798590422,0.051191709935665,1
-0.14773100614548,0.055947296321392,0.041084907948971,1
-0.029906570911407,0.23489042371511,0.055716507136822,1
-0.10590836405754,-0.078519562259316,0.022311054170132,1
0.027388095855713,0.18063365668058,-0.033823430538177,1
0.06168395280838,-0.19212616235018,0.065820597112179,1
0.21279895305634,0.19779451936483,0.071452029049397,1
0.12581050395966,0.15848263353109,-0.029512077569962,1
0.16609328985214,-0.15327259898186,0.071183003485203,1
0.027669191360474,-0.10426522232592,-0.021055646240711,1
0.044072210788727,0.067049868404865,0.0063396319746971,1
0.12482911348343,-0.11265029758215,0.0020080730319023,1
0.1367729306221,0.24822779744864,0.1157186254859,1
-0.050965428352356,-0.060740701854229,-0.0099741145968437,1
-0.099030941724777,-0.12974241189659,-0.082718722522259,1
0.050554752349854,0.26086624711752,-0.031363017857075,1
-0.13003906607628,-0.23226460069418,0.044304430484772,1
-0.20430094003677,0.021539241075516,-0.00016959756612778,1
-0.024123311042786,-0.154680211097,-0.011405780911446,1
0.018609941005707,-0.11092534381896,0.025668799877167,1
0.12858647108078,0.18262641876936,0.075945176184177,1
-0.035290062427521,0.03059970587492,-0.010899223387241,1
0.014064252376556,-0.10587681829929,-0.0040784552693367,1
-0.06781131029129,0.09586039930582,-0.0080185160040855,1
0.099521279335022,0.091412700712681,-0.042429700493813,1
-0.047161281108856,-0.13930009305477,-0.013764008879662,1
-0.10181385278702,-0.035657338798046,-0.0046457275748253,1
-0.12074342370033,-0.1793005168438,0.17869479209185,1
0.039559781551361,-0.20883525162935,0.060392156243324,1
-0.04859060049057,0.15866934508085,-0.060007341206074,1
0.036508619785309,-0.17466676980257,-0.052610941231251,1
-0.16835001111031,-0.010675609111786,-0.015295960009098,1
0.082807719707489,-0.13243561983109,-0.011779367923737,1
0.065227925777435,0.084162391722202,0.015463180840015,1
-0.14630430936813,-0.111502292566,0.097882889211178,1
0.081195890903473,-0.09305429412052,-0.03632066398859,1
0.10948878526688,-0.090256264433265,0.0048092678189278,1
-0.059372752904892,-0.076741103082895,-0.066814057528973,1
0.087392389774323,0.10107519477606,-0.032008789479733,1
-0.12383985519409,0.14368880540133,-0.046351619064808,0
0.10760486125946,-0.21559182554483,-0.051785156130791,1
-0.17652472853661,-0.019592545926571,-0.073965169489384,1
-0.021126449108124,-0.20110290497541,0.058428362011909,1
-0.031429946422577,0.064982868731022,-0.0033928975462914,1
-0.22182810306549,0.084210596978664,-0.018881298601627,1
-0.00369793176651,-0.058630023151636,-0.0026993378996849,1
0.14887875318527,-0.16309241205454,-0.094678215682507,1
0.098341524600983,-0.085379716008902,0.0010969415307045,1
0.21164244413376,-0.20447592437267,0.049901001155376,1
-0.1014731824398,0.17032682150602,0.12293919175863,1
-0.091370016336441,-0.098413964966312,-0.040804393589497,1
-0.23699498176575,-0.018806174397469,-0.030436627566814,1
-0.16848278045654,-0.15456669032574,-0.0019360557198524,1
0.11286264657974,-0.2480009123683,-0.068348325788975,1
-0.18237924575806,-0.092423720285296,0.0040708854794502,1
-0.016768574714661,-0.1413492038846,0.037171587347984,1
-0.10496634244919,-0.0039578601717949,-0.047912023961544,1
0.10170322656631,-0.16512493789196,-0.07954740524292,1
-0.1672551035881,-0.1064640013501,0.015433587133884,1
0.12528663873672,-0.11925774998963,0.01396656781435,1
-0.034323990345001,0.26763697713614,0.11858952790499,1
-0.14141789078712,-0.099480672040954,-0.01245629042387,1
-0.11944010853767,0.12305680662394,0.056867681443691,1
-0.13549596071243,0.16175778955221,0.18324770778418,1
0.14730018377304,-0.16447039693594,0.047713942825794,1
-0.051027446985245,0.1171225681901,-0.0013252273201942,1
-0.088580667972565,-0.19480230659246,0.02534457296133,1
0.04893159866333,0.27180018275976,0.035493560135365,1
-0.031311929225922,-0.14146883413196,0.052107870578766,1
0.075406134128571,-0.085624481551349,9.5605850219727e-05,1
-0.12740767002106,0.026123456656933,-0.081137649714947,1
0.14361423254013,0.16290121525526,0.08303389698267,1
-0.033358752727509,0.27521675080061,0.090546794235706,1
0.069397389888763,-0.058920715004206,-0.021808691322803,1
-0.041814565658569,0.21562143415213,0.16847715526819,1
0.059488892555237,0.11435932666063,-0.064976200461388,1
-0.18849146366119,0.07150150090456,0.17132718116045,1
0.06940495967865,0.20304804295301,0.041233353316784,1
-0.12072548270226,0.075074203312397,0.059870906174183,1
-0.19309836626053,0.051287718117237,0.056799046695232,1
-0.16894063353539,-0.16214209794998,0.11840967088938,1
-0.088779449462891,-0.075896218419075,-0.063436903059483,1
-0.0091754794120789,0.14193866401911,0.024590648710728,1
0.1139360666275,0.19973968714476,0.063784874975681,1
0.055229246616364,0.1499767228961,0.037957943975925,1
-0.026153326034546,0.11196095496416,0.0044592022895813,1
-0.14871188998222,0.17561157792807,-0.018486328423023,1
0.020289361476898,0.22067626565695,0.14360547810793,1
-0.056785583496094,-0.042217366397381,0.021460510790348,1
-0.0031191110610962,-0.17758051306009,-0.073872916400433,1
-0.089677333831787,-0.057180859148502,-0.05416414886713,1
-0.033545792102814,0.26703851670027,0.11212906986475,1
0.16564536094666,0.21914287656546,0.016745284199715,1
-0.21509203314781,-0.0034172683954239,0.16014885157347,1
-0.089450716972351,-0.043695744127035,-0.056131437420845,1
-0.10185539722443,0.11970885843039,-0.01095924526453,1
-0.067953199148178,-0.21877676993608,0.011198289692402,1
-0.1391427218914,0.24045517295599,0.063893057405949,1
-0.24698740243912,-0.00017034262418747,0.073374323546886,1
-0.1746227145195,0.12720514088869,-0.071027584373951,1
-0.14912292361259,0.12562986463308,0.17259352654219,1
0.010992050170898,-0.16657706350088,-0.001724012196064,1
-0.16618511080742,-0.21865274012089,0.056839637458324,1
-0.038688957691193,0.077301420271397,-0.033426694571972,1
-0.019475221633911,-0.23879339545965,0.13282469660044,1
0.074903428554535,-0.24876724928617,-0.03779212385416,1
0.035170614719391,0.24314489215612,-0.044734001159668,1
-0.21122866868973,-0.10006027796771,0.00087802857160568,1
-0.066072940826416,-0.17082861810923,0.069766625761986,1
0.029694378376007,-0.23642712086439,0.011718831956387,1
0.066448450088501,0.22825764864683,0.026631519198418,1
-0.17155838012695,0.021513149142265,0.059221483767033,1
-0.11836490035057,-0.13189725577831,0.07347547262907,1
-0.042237877845764,0.097116284072399,0.0024238452315331,1
-0.13349407911301,0.0039378479123116,-0.04394293576479,1
0.051206946372986,0.16231735795736,0.065316312015057,1
-0.053329586982727,0.064728148281574,0.010088585317135,1
-0.078935533761978,0.14337425678968,0.014527536928654,1
-0.025914549827576,0.22774072736502,-0.025177717208862,1
-0.17026421427727,0.14357545226812,0.061438240110874,1
-0.13748890161514,0.18659200519323,0.045898385345936,1
-0.033757388591766,-0.12505700998008,0.037582010030746,1
0.014914512634277,-0.083731839433312,0.00175441801548,1
0.11304008960724,0.092258103191853,0.035080932080746,1
-0.086779445409775,0.22322400659323,0.096220709383488,1
0.030340313911438,0.066468991339207,-0.019118882715702,1
-0.02086615562439,0.2167728766799,0.11359847337008,1
0.10710299015045,0.27305202931166,0.059855297207832,1
0.070999264717102,0.08667167276144,-0.034522324800491,1
-0.03324967622757,-0.17721704393625,0.033675089478493,1
0.06271767616272,0.15967579931021,-0.087992463260889,1
-0.095214366912842,-0.22291717678308,0.15711122006178,1
-0.035608351230621,0.26477660983801,0.10062166303396,1
-0.13067704439163,-0.16320081800222,0.098267130553722,1
0.021285057067871,0.089217536151409,0.017774172127247,1
0.082849979400635,0.13093266636133,-0.0079722106456757,1
0.059586703777313,0.099005796015263,-0.034015044569969,1
-0.046679615974426,-0.067693296819925,-0.01454321295023,1
-0.20423397421837,-0.095128086395562,-0.039817743003368,1
0.0046785473823547,-0.10084407776594,-0.021561726927757,1
-0.24013930559158,0.093279860913754,0.079221211373806,1
0.036896049976349,-0.069920113310218,-0.0086615234613419,1
-0.16570797562599,-0.0035950094461441,-0.092281334102154,1
-0.032967746257782,-0.18786565214396,-0.037004984915257,1
0.024888515472412,0.076797090470791,-0.0086601227521896,1
0.16098380088806,0.23268523067236,0.020938515663147,1
0.079956412315369,0.13270834833384,-0.017847441136837,1
-0.064034342765808,0.050704576075077,-0.024397738277912,1
-0.086337089538574,0.014399193227291,-0.070486098527908,1
-0.066678047180176,-0.19352859258652,0.071459956467152,1
-0.16012170910835,-0.052510600537062,0.10243485122919,1
-0.21800801157951,0.036407925188541,0.14177412539721,1
0.045983135700226,-0.091547017917037,0.0070272833108902,1
-0.021555364131927,0.17943828552961,-0.017575800418854,1
0.16599893569946,0.19591041654348,-0.058878570795059,1
-0.11548975110054,-0.18933738023043,0.077079631388187,1
0.038654923439026,0.12268497794867,-0.028809852898121,1
0.052310883998871,-0.053355183452368,-0.0022668242454529,1
-0.1279205083847,0.087280206382275,-0.056169293820858,1
-0.063057720661163,-0.11681467853487,0.023270435631275,1
-0.044844150543213,-0.010535903275013,0.0037769749760628,1
-0.12747237086296,-0.028328277170658,-0.0091395154595375,1
0.040312588214874,-0.081512855365872,0.0077484250068665,1
-0.017235636711121,0.11380619555712,-0.038109660148621,1
-0.048389971256256,0.0039920806884766,0.0038200244307518,1
0.14965116977692,0.13732961565256,0.030734904110432,1
-0.0062928795814514,0.27301850169897,-0.04354215413332,1
-0.10622185468674,-0.157999496907,0.14139425009489,1
0.083331048488617,0.062364645302296,-0.03207840770483,1
0.12472587823868,0.14519866555929,-0.0057565122842789,1
-0.073668986558914,-0.065301369875669,0.030569992959499,1
-0.085051774978638,-0.12415700033307,-0.0053296759724617,1
-0.19372162222862,0.0049438700079918,0.15256709605455,1
0.0085822939872742,-0.07519624941051,-0.006896860897541,1
0.14282566308975,-0.20737097412348,0.030989587306976,1
-0.045192658901215,-0.042400248348713,0.013190887868404,1
-0.20206201076508,0.12064052373171,0.083743937313557,1
0.10362488031387,-0.15521408244967,-0.011104553937912,1
-0.1292924284935,-0.18398109823465,0.045793682336807,1
0.07407158613205,0.053433664143085,-0.00058681517839432,1
0.0097634792327881,0.18182002753019,-0.080602571368217,1
-0.05229327082634,0.14449640363455,-0.0057144090533257,1
-0.0039330124855042,-0.13671059906483,-0.021835021674633,1
-0.072438389062881,-0.080819433555007,0.006432481110096,1
-0.14137005805969,0.087802745401859,-0.0054187104105949,1
-0.18845617771149,-0.081444496288896,-0.090786702930927,1
-0.042074680328369,-0.18436239659786,0.21760673075914,1
0.12525051832199,-0.23728979378939,-0.036023043096066,1
0.16518723964691,-0.19776159524918,0.16753969341516,1
0.089899241924286,0.18514697998762,0.072935588657856,1
-0.0046741962432861,-0.2743571177125,0.090876527130604,1
-0.22914823889732,-0.07461079582572,-0.080907486379147,1
-0.20732107758522,-0.12269432656467,0.022317416965961,1
-0.023015797138214,-0.25122018903494,0.11185114830732,1
-0.22070491313934,0.049218975007534,0.047040931880474,1
0.090938985347748,0.1667677089572,-0.007612980902195,1
-0.028409779071808,-0.11248568072915,0.004432201385498,1
0.037072956562042,-0.19295481592417,-0.087535377591848,1
0.10763722658157,-0.22447087615728,0.10614014416933,1
-0.061789035797119,0.032572604715824,-0.015810333192348,1
-0.030436933040619,0.068323977291584,0.018016450107098,1
-0.10195988416672,-0.083193181082606,0.0096361562609673,1
-0.023019254207611,0.11535305529833,-0.042996890842915,1
0.065982460975647,0.21367555111647,0.12060559540987,1
0.020034492015839,0.20474677532911,-0.024957619607449,1
0.068368494510651,0.04944758862257,-0.015848204493523,1
0.12112438678741,-0.23813994973898,-0.027174659073353,1
-0.12854912877083,0.11774475127459,0.048628814518452,1
0.11868518590927,-0.10716181714088,0.014404200017452,1
-0.096852898597717,0.15407409518957,-0.020065791904926,1
-0.23147982358932,-0.057980015873909,0.1451825723052,1
0.057363569736481,-0.17699518054724,0.047073863446712,1
-0.24377357959747,0.084494642913342,0.027561001479626,1
0.073233067989349,-0.13046967424452,0.019491091370583,1
-0.12462455034256,0.015090718865395,0.032497920095921,1
-0.10158121585846,-0.21734626591206,0.05800025165081,1
-0.10156762599945,-0.085407101549208,-0.080756954848766,1
-0.21602028608322,0.06072748452425,-0.051915034651756,1
0.099123597145081,0.12653867155313,0.046235948801041,1
0.14634996652603,-0.24529836326838,0.096713073551655,1
0.014739632606506,-0.2234754934907,0.17505624145269,1
-0.17366147041321,0.1902191862464,0.0078735873103142,1
-0.055415749549866,0.17812194675207,0.094425864517689,1
-0.02617734670639,-0.061708878725767,-0.0047397613525391,1
-0.0097600817680359,-0.12820274569094,0.013850755989552,1
-0.14359587430954,-0.19600220769644,0.087298355996609,1
0.0820232629776,0.14212238043547,0.021190382540226,1
-0.11562421917915,-0.14474918320775,0.20533115416765,1
-0.090053796768188,0.070895679295063,-0.0053350850939751,1
-0.19658777117729,0.18763294070959,-0.017545036971569,1
0.17564338445663,0.23217501491308,-0.050864838063717,1
0.023120880126953,0.06530899554491,-0.022609263658524,1
-0.1140261888504,-0.041914526373148,-0.078062474727631,1
-0.0265012383461,-0.15971532464027,0.06633809953928,1
-0.036937654018402,-0.19730909913778,-0.073681898415089,1
-0.20670944452286,0.027777083218098,0.043329663574696,1
0.01801860332489,-0.060170523822308,0.00027404725551605,1
-0.15612649917603,-0.13342376053333,-0.00077184289693832,1
-0.19044616818428,-0.035430423915386,0.0011889711022377,1
0.12570148706436,-0.21215713769197,0.12023297697306,1
-0.038363635540009,0.00048360228538513,-0.012215800583363,1
-0.11963957548141,0.015301883220673,-0.08917049318552,1
-0.076902151107788,0.063619039952755,-0.038012854754925,1
-0.012294113636017,-0.11248793080449,0.0073855817317963,1
-0.15762388706207,-0.11843082681298,0.15480106323957,1
-0.13238036632538,0.13606961816549,0.11828475445509,1
-0.034237265586853,-0.17881555855274,0.080246813595295,1
-0.044483184814453,0.044328890740871,-0.0372449234128,1
-0.083881229162216,0.064972750842571,-0.019783653318882,1
-0.040706276893616,0.23291262239218,0.14731357246637,1
0.16413694620132,-0.19248837977648,0.068902529776096,1
0.17479258775711,-0.15157881379128,0.14880859106779,1
-0.10672608017921,0.012181408703327,-0.071424387395382,1
-0.13746675848961,0.10920121520758,0.065094240009785,1
0.08718729019165,-0.15885826572776,-0.062398448586464,1
-0.016103804111481,-0.074285728856921,0.018825925886631,1
-0.2016187608242,-0.15143681690097,0.079801730811596,1
-0.2144621014595,0.11667133122683,0.00031349807977676,1
0.030363500118256,-0.15883852913976,-0.072416089475155,1
0.058397889137268,-0.1184312608093,-0.060440823435783,1
-0.14766749739647,-0.045518536120653,0.067090086638927,1
-0.18074670433998,-0.137187410146,0.065914548933506,1
-0.054199010133743,-0.01991431415081,0.012423165142536,1
-0.14167976379395,0.13278629630804,0.021636478602886,1
-0.2073400914669,-0.14455005526543,0.12060894817114,1
-0.047980487346649,-0.098140533082187,-0.005145825445652,1
0.013021767139435,-0.21533202379942,0.18368289619684,1
-0.10148161649704,-0.022461444139481,-0.063202582299709,1
-0.0031134486198425,-0.084236316382885,-0.030596174299717,1
-0.16042321920395,0.040199868381023,0.048494331538677,1
0.13330560922623,-0.2126058191061,-0.034131698310375,1
-0.1287202835083,0.056137911975384,-0.03629706799984,1
0.023245334625244,0.22381933778524,-0.070787332952023,1
0.068450510501862,0.26531859487295,0.038515582680702,1
-0.082118481397629,-0.2394342944026,-0.01750024408102,1
-0.13107779622078,-0.24805910140276,0.021051406860352,1
-0.056753873825073,-0.079903865233064,-0.013920329511166,1
0.009473979473114,-0.17440617829561,0.012364558875561,1
0.044426798820496,0.26337989419699,-0.082500606775284,1
0.10960787534714,0.14629813283682,-0.068896636366844,1
-0.030154466629028,0.079859413206577,0.011670537292957,1
0.032684803009033,-0.084036588668823,-0.01647736877203,1
0.031274139881134,-0.22504471987486,0.18143144994974,1
-0.1215472817421,-0.091474779881537,0.043912373483181,1
0.02842652797699,0.15805428475142,-0.023753255605698,1
-0.25184553861618,0.041854031383991,0.027301929891109,1
-0.10203456878662,0.19688498228788,0.10039452463388,1
0.0042034387588501,0.11935292929411,0.027316801249981,1
-0.027782380580902,0.095785386860371,-0.037577353417873,1
0.15542370080948,0.15730043500662,0.10846032947302,1
0.070784986019135,-0.056829314678907,0.005226694047451,1
-0.064091563224792,0.073919512331486,-0.021947257220745,1
-0.00010210275650024,-0.23818527907133,0.13884250074625,1
-0.031121790409088,-0.074682973325253,-0.013701729476452,1
0.12855005264282,0.14995085448027,-0.010615207254887,1
-0.0362788438797,0.24205865710974,0.053341619670391,1
-0.18570178747177,-0.12625630199909,0.10339569300413,1
-0.089838922023773,0.23374547809362,-0.051483035087585,0
-0.0339475274086,0.011577315628529,-0.0086768344044685,1
-0.01171463727951,0.083019815385342,-0.012362621724606,1
-0.12094125151634,0.14388795942068,-0.014255873858929,1
-0.15423840284348,0.20283009856939,-0.010811783373356,1
-0.089402139186859,-0.010564275085926,-0.030905924737453,1
-0.12278214097023,0.20357193797827,-0.035649664700031,0
0.012294113636017,-0.23546271771193,-0.0094550475478172,1
-0.033588051795959,0.15303339809179,0.0073312595486641,1
0.091547310352325,0.16259168833494,0.077807001769543,1
-0.087506741285324,0.068436779081821,0.035072825849056,1
-0.25294458866119,0.013450793921947,0.018351145088673,1
-0.042712390422821,-0.17437791079283,0.062787257134914,1
-0.013098061084747,-0.12814993225038,0.0077413097023964,1
0.11158639192581,-0.2449389025569,-0.066995218396187,1
-0.12062582373619,0.13596773892641,0.032084457576275,1
0.041666805744171,0.10838259011507,-0.028490200638771,1
-0.11232352256775,0.17972501367331,-0.032525084912777,0
-0.08363538980484,0.048574112355709,0.025810770690441,1
-0.070199012756348,0.25314595550299,0.0032576024532318,1
-0.036312639713287,-0.058236490935087,-0.00088510662317276,1
-0.1477592587471,-0.12979100644588,0.16061637550592,1
-0.037175595760345,-0.24618522077799,0.025034703314304,1
0.04814213514328,-0.19313777238131,0.024128250777721,1
-0.19006490707397,0.14045634120703,-0.063429541885853,1
-0.10300046205521,0.22634788602591,0.030586577951908,1
-0.12798956036568,0.017686657607555,-0.069233953952789,1
0.033612191677094,0.20912738889456,0.11422751098871,1
0.062462270259857,-0.18183313310146,-0.0026241987943649,1
-0.0076141357421875,-0.079817142337561,0.013605855405331,1
-0.14294764399529,0.098299883306026,0.063822038471699,1
-0.049451410770416,-0.11887701973319,-0.043259471654892,1
-0.18678939342499,0.17530056089163,0.010604195296764,1
-0.1576429605484,-0.099926938943099,0.18222487717867,1
-0.19362503290176,-0.028739899396896,0.051606439054012,1
-0.099111080169678,0.26745053380728,0.049017645418644,1
-0.093425124883652,-0.16268094629049,0.085969962179661,1
-0.15195283293724,0.030051074922085,-0.09399937838316,1
0.12239003181458,-0.2110895216465,0.1330427005887,1
0.088676750659943,0.17898830026388,0.043204143643379,1
0.0066112279891968,0.21865006536245,0.0015380159020424,1
0.014198958873749,-0.096586559899151,0.0065607577562332,1
0.035426318645477,-0.11411530990154,0.00024253875017166,1
0.085322916507721,-0.18864016979933,-0.071461409330368,1
-0.12942698597908,-0.20012614130974,0.090388901531696,1
0.047363996505737,0.058768667280674,-0.0075560733675957,1
-0.18719965219498,0.05232597142458,0.18727295845747,1
-0.19580334424973,0.1241744235158,0.051688946783543,1
0.19051110744476,0.1721368059516,-0.063780196011066,1
0.093213856220245,-0.12557385489345,-0.036408342421055,1
0.096084952354431,-0.15111298859119,-0.022142358124256,1
0.05851823091507,-0.22033499926329,-0.0604382827878,1
-0.090729475021362,-0.2585809007287,0.10576217621565,1
-0.15759167075157,0.15271677821875,-0.042298130691051,1
-0.15310457348824,0.077762417495251,0.10041505843401,1
-0.23031857609749,-0.028568424284458,-0.08638509362936,1
-0.18484458327293,0.12231002002954,0.10173865407705,1
0.1095939874649,-0.097039919346571,0.034515179693699,1
-0.14172405004501,-0.14623707905412,0.094609521329403,1
0.14624947309494,0.26964580267668,0.039009414613247,1
0.05697238445282,0.086662642657757,-0.0085884556174278,1
-0.023104131221771,-0.078420238569379,-0.027936488389969,1
-0.14130684733391,0.045534648001194,-0.07612381875515,1
0.048547565937042,-0.13995926454663,-0.010125443339348,1
-0.024616897106171,-0.069076456129551,-0.014001525938511,1
0.028136789798737,-0.14550617709756,-0.059915564954281,1
-0.11902892589569,0.16682901233435,0.011332876980305,1
-0.077632904052734,-0.17308193445206,0.092598356306553,1
-0.070133626461029,-0.0016981288790703,-0.021047964692116,1
0.11471354961395,0.12243434041739,-0.04481115937233,1
0.097853600978851,0.094408743083477,0.028490908443928,1
-0.068203181028366,-0.031657867133617,0.014576785266399,1
-0.030570268630981,0.18804764002562,0.10538236051798,1
-0.10022115707397,0.0020374432206154,-0.058665715157986,1
0.12161952257156,-0.15743312612176,0.080145798623562,1
-0.025639116764069,-0.075545420870185,-0.029130689799786,1
-0.087451606988907,-0.13617486506701,0.070816166698933,1
-0.064349472522736,0.10596335679293,-0.0083820298314095,1
0.0084697604179382,0.26203592866659,-0.054243415594101,1
-0.032733678817749,0.11402455717325,0.0140136256814,1
-0.009810745716095,-0.097401540493593,-0.065498314797878,1
0.13291609287262,0.26286851614714,-0.018768705427647,1
-0.12338608503342,0.010824419558048,0.010165400803089,1
-0.091199189424515,0.17676540464163,0.018449909985065,1
-0.25280594825745,0.049232102930546,-0.011123158037663,1
0.0069066882133484,0.20848502963781,0.14424084872007,1
0.0022929310798645,0.081084661185741,-0.004441112279892,1
-0.034409463405609,0.046003751456738,0.003479428589344,1
-0.10507553815842,0.013999126851559,0.0095098838210106,1
-0.077187120914459,-0.066102296113968,-0.05692345649004,1
0.13375794887543,-0.24114964157343,-0.056984387338161,1
-0.15175130963326,-0.06072148680687,-0.011972673237324,1
0.13065159320831,0.18740951269865,0.083205945789814,1
-0.10686251521111,0.18151917308569,0.065998010337353,1
0.070444285869598,0.19753184169531,-0.083642072975636,1
0.078498005867004,0.10058601945639,-0.016934953629971,1
-0.017326056957245,-0.067692250013351,-0.0065265446901321,1
-0.19703334569931,-0.0044506043195724,-0.001138411462307,1
0.023849010467529,0.20681717246771,0.061103321611881,1
0.033525586128235,0.10747122019529,-0.038929216563702,1
-0.0062772631645203,-0.22550586611032,-0.067067742347717,1
-0.0011723041534424,0.12730107456446,-0.014418713748455,1
-0.15583205223083,0.045722268521786,0.069541491568089,1
0.0083493590354919,0.12564536184072,0.00550427287817,1
-0.10108527541161,0.18932705372572,-0.0044508650898933,1
0.070256412029266,-0.056115552783012,-0.032591603696346,1
0.096340179443359,0.19491931051016,0.074574507772923,1
-0.15272477269173,0.13037808984518,0.16620033234358,1
-0.045653283596039,0.12820834666491,0.0098935589194298,1
-0.09111163020134,0.00052246451377869,0.0011778995394707,1
-0.11733198165894,-0.0040126144886017,-0.035404704511166,1
0.074879586696625,-0.19813937693834,0.16229427605867,1
0.089597880840302,-0.068019647151232,-0.027376599609852,1
-0.23302274942398,0.10579954832792,0.071685813367367,1
0.12567710876465,-0.10415269620717,-0.053023718297482,1
-0.049717962741852,-0.054243002086878,-0.030029095709324,1
-0.13876295089722,0.02744222432375,0.012234725058079,1
-0.10018613934517,-0.15227128192782,0.064509257674217,1
-0.03930401802063,0.079760186374187,-0.06219843775034,1
-0.14554288983345,0.14773342758417,-0.024401165544987,1
-0.026657342910767,0.13433354347944,-0.064268812537193,1
-0.1309420466423,-0.072620145976543,0.0087695345282555,1
-0.12042289972305,0.13065808266401,0.045470602810383,1
-0.11712151765823,0.062037117779255,0.038242615759373,1
-0.12545159459114,0.16363801807165,-0.08724731951952,0
0.019434630870819,0.26654457300901,0.12147531658411,1
-0.1261967420578,0.031495995819569,-0.067035719752312,1
0.075524151325226,0.17528285831213,-0.032475650310516,1
-0.094793200492859,0.041048742830753,-0.020379580557346,1
-0.13852047920227,-0.11300697829574,-0.078310914337635,1
-0.054925113916397,-0.24597261101007,0.035453982651234,1
-0.13341584801674,-0.084044488146901,-0.058617658913136,1
-0.02707302570343,-0.011812955141068,0.002865381538868,1
0.0034080743789673,0.098452053964138,-0.026209942996502,1
0.094473421573639,0.23618402332067,-0.025605410337448,1
-0.081490129232407,0.18193536251783,0.02514972537756,1
0.0041040182113647,0.088121376931667,-0.0022706910967827,1
-0.17885974049568,-0.069400265812874,0.11347188800573,1
-0.23604339361191,0.10937251895666,0.10623855143785,1
-0.24088090658188,-0.027070246636868,-0.0094950422644615,1
0.099901616573334,0.17568247765303,-0.079218059778214,1
-0.038993835449219,0.22812183946371,0.17085248976946,1
0.15777796506882,-0.19660169631243,-0.054016940295696,1
-0.03116899728775,0.11075399070978,-0.074267834424973,1
-0.054956585168839,0.0079881101846695,-0.025734357535839,1
0.037433624267578,0.065887086093426,0.005824588239193,1
-0.0020495057106018,0.21349298208952,0.19709161669016,1
0.036694645881653,-0.075674893334508,-0.020887680351734,1
-0.077046364545822,0.14596682041883,0.0079400613903999,1
-0.17603668570518,-0.11199105903506,-0.018054403364658,1
-0.079550802707672,-0.038001872599125,0.016825310885906,1
-0.032313704490662,0.0045540183782578,-0.0018806681036949,1
-0.20233368873596,0.10096400231123,0.0037797018885612,1
-0.052666008472443,0.058456890285015,0.014028154313564,1
0.085603713989258,0.086682461202145,-0.016439586877823,1
0.13990813493729,0.12303886562586,-0.077490665018559,1
-0.013490080833435,0.14138459414244,-0.036355815827847,1
0.16774767637253,0.20746424049139,-0.018363140523434,1
0.021424412727356,-0.077705290168524,-0.038743898272514,1
-0.056762009859085,0.15986745804548,0.055490247905254,1
-0.13002648949623,-0.035654336214066,-0.042955614626408,1
0.047239124774933,-0.254200078547,0.053170189261436,1
0.087504982948303,0.11041390150785,0.03108374029398,1
-0.21093374490738,0.087966628372669,-0.058263413608074,1
-0.16793718934059,0.12050164490938,0.028239257633686,1
-0.1887332201004,0.16280474513769,0.099572710692883,1
-0.041005253791809,-0.070361889898777,-0.021134905517101,1
-0.18692246079445,-0.016317561268806,0.11625518649817,1
-0.061465442180634,-0.0080135688185692,0.018792204558849,1
-0.15340656042099,-0.17188249528408,0.076281733810902,1
0.070680201053619,-0.19847558438778,0.14566368609667,1
-0.027054369449615,0.075509957969189,0.019220314919949,1
-0.055841982364655,0.093178294599056,0.016645021736622,1
0.10351449251175,0.2260661944747,-0.08139818161726,1
-0.033282935619354,0.052420936524868,-0.011794589459896,1
0.10668152570724,-0.20024243742228,0.12105352431536,1
-0.09118914604187,0.023895956575871,0.017691768705845,1
0.0042878389358521,0.18443172425032,0.035626873373985,1
-0.069636672735214,-0.072453800588846,0.016782589256763,1
-0.11193031072617,-0.17175291478634,0.16170821338892,1
-0.079499632120132,0.2340377792716,0.090230382978916,1
-0.16098484396935,-0.12950035557151,-0.088525675237179,1
-0.19346117973328,-0.089274439960718,0.084526352584362,1
-0.057457834482193,0.072563476860523,0.012820743024349,1
-0.054890722036362,-0.19814914464951,0.097150675952435,1
0.058299720287323,0.24051129072905,0.13694300502539,1
0.080756425857544,0.19839527457952,-0.090503461658955,1
0.088162541389465,0.20455118268728,0.001046359539032,1
0.047825813293457,-0.21443182229996,0.073092736303806,1
0.0078980326652527,-0.16749331355095,0.0041388496756554,1
-0.19964963197708,0.08082365244627,0.09800872951746,1
-0.18157428503036,0.055700860917568,0.044893451035023,1
-0.045226275920868,-0.083364786580205,-0.01809561252594,1
-0.028078496456146,-0.022777713835239,0.0044734552502632,1
0.079173743724823,-0.055635403841734,0.011057250201702,1
-0.053470253944397,-0.087826319038868,-0.054446987807751,1
-0.13159570097923,-0.019514642655849,-0.077476359903812,1
-0.045167863368988,-0.052087094634771,0.004665695130825,1
-0.19452741742134,0.021096102893353,0.16137401014566,1
-0.096608877182007,-0.081569788977504,-0.044085197150707,1
0.13317060470581,0.15235533565283,-0.098130956292152,1
-0.11055648326874,0.14232572168112,-0.074387513101101,1
0.060097396373749,-0.054144233465195,-0.019768632948399,1
0.12203580141068,-0.10722144879401,0.045159362256527,1
-0.053980976343155,0.060106374323368,0.0060552731156349,1
0.10916596651077,0.14314212650061,-0.062815874814987,1
-0.041211485862732,-0.19825346022844,-0.010741963982582,1
-0.030185639858246,0.045713685452938,-0.005839504301548,1
-0.078988969326019,0.080321572721004,-0.01829419285059,1
-0.11081695556641,-0.13810544833541,0.015993691980839,1
-0.10639122128487,-0.25669952481985,0.0004558339715004,1
0.063497543334961,0.12053906172514,0.0043996647000313,1
-0.023576080799103,-0.20574034005404,-0.082596316933632,1
-0.18390184640884,0.043690107762814,0.0596779063344,1
-0.07543933391571,-0.12433562427759,0.053130872547626,1
-0.14070320129395,0.15001621097326,0.056808210909367,1
0.16917818784714,-0.21991455554962,0.11955396085978,1
-0.14464136958122,-0.17309210449457,0.058605842292309,1
-0.08937805891037,0.010781653225422,-0.0060341283679008,1
-0.23066011071205,-0.069052524864674,0.032272927463055,1
-0.056928068399429,0.051172204315662,-0.011124096810818,1
0.18954437971115,0.22176256030798,0.12049012631178,1
0.12661051750183,0.21563976258039,0.16091019660234,1
0.024251461029053,0.11045575886965,0.028217442333698,1
-0.017972409725189,-0.056568253785372,-0.0076227858662605,1
-0.12407785654068,0.018497332930565,0.021389417350292,1
-0.094814449548721,0.099985457956791,-0.004626952111721,1
-0.020815908908844,0.27997636049986,-0.032270699739456,1
0.026048898696899,0.092401646077633,-0.039120137691498,1
-0.20301049947739,0.10240664333105,0.0766975954175,1
-0.18698841333389,-0.13053255714476,0.11839554458857,1
-0.065031737089157,-0.13031888566911,-0.0054384991526604,1
-0.0036070942878723,-0.11490844748914,0.013096570968628,1
-0.22100847959518,0.052384056150913,-0.055808953940868,1
-0.094174474477768,-0.10618173331022,-0.074220098555088,1
0.14127713441849,0.21655195206404,-0.062770128250122,1
-0.17365747690201,0.006742924451828,0.030598126351833,1
-0.14748805761337,-0.15397178009152,-0.086865983903408,1
0.053033471107483,-0.056241318583488,-0.0032719671726227,1
0.042282938957214,-0.055469926446676,-0.00030680000782013,1
-0.10311815142632,-0.038022890686989,-0.031758196651936,1
0.042489111423492,-0.087956583127379,-0.033385068178177,1
0.063367605209351,0.09252192825079,-0.016066804528236,1
-0.028358638286591,0.093433581292629,0.023355104029179,1
-0.071679979562759,0.2237867936492,0.045770958065987,1
0.076542675495148,0.14351952821016,-0.067245341837406,1
-0.074698150157928,0.031009934842587,-0.043035365641117,1
-0.13435509800911,-0.14828910678625,-0.028935603797436,1
0.14013487100601,-0.21016572415829,-0.077537916600704,1
-0.030589699745178,0.062659241259098,-0.024635471403599,1
0.077514946460724,-0.19158923625946,-0.037928864359856,1
0.21118611097336,-0.2097205221653,0.0022662654519081,1
-0.0716572701931,-0.061977095901966,-0.042404748499393,1
0.059084594249725,-0.17230492830276,0.010929182171822,1
0.014931440353394,-0.17762798070908,0.06951167434454,1
0.015914797782898,-0.10366402915679,-0.0061539933085442,1
-0.0090486407279968,-0.27867006510496,0.078941382467747,1
0.14328265190125,0.25066681951284,0.090945236384869,1
0.047635614871979,-0.049382172524929,0.0041990801692009,1
0.037935614585876,0.12824944406748,-0.055779203772545,1
-0.025948226451874,-0.10084753448609,0.024763882160187,1
-0.026311039924622,0.17976077646017,0.047718115150928,1
0.10855197906494,0.13286254554987,-0.021216921508312,1
-0.21547654271126,0.066818960011005,0.029725126922131,1
0.08017760515213,-0.11224550753832,0.013941422104836,1
-0.02702409029007,-0.1204233057797,-0.047807797789574,1
0.01572197675705,-0.11021687276661,0.021562717854977,1
0.075221598148346,-0.1967341080308,0.064357213675976,1
-0.034879684448242,0.066098429262638,-0.025362931191921,1
-0.040854275226593,0.25257780402899,0.0055087730288506,1
-0.00067991018295288,-0.08858086168766,0.010940298438072,1
-0.23140099644661,-0.029960677027702,-0.059872157871723,1
0.13676244020462,-0.14441936835647,0.0010051652789116,1
0.040519177913666,-0.26000120490789,-0.027997136116028,1
0.057961642742157,0.14656368643045,0.040609866380692,1
-0.021853446960449,-0.28632270544767,-0.020875476300716,1
0.072777330875397,0.15926649421453,0.027845844626427,1
0.14426022768021,-0.18712650984526,-0.089564882218838,1
0.17699366807938,0.16613205522299,0.17541552335024,1
-0.01238077878952,0.1882101520896,-0.010785691440105,1
0.10430657863617,0.25029676407576,0.11700547486544,1
-0.095516085624695,-0.0074979141354561,-0.01137725263834,1
-0.010317862033844,-0.14467207342386,0.027693800628185,1
0.02658611536026,-0.070728784427047,-0.02776575088501,1
0.058653295040131,0.16028647869825,-0.060261011123657,1
0.21439570188522,-0.22272408753633,0.035330541431904,1
-0.20338141918182,-0.037139937281609,-0.037958733737469,1
0.076716840267181,-0.091069883666933,0.024865940213203,1
-0.069695085287094,-0.18374770879745,0.1978127732873,1
0.014757871627808,-0.22786127775908,0.16021103411913,1
0.028282821178436,-0.12460843101144,-0.0026435926556587,1
-0.082711398601532,0.09384498745203,0.0047299340367317,1
-0.058684855699539,0.17707147449255,0.04310204833746,1
0.071106255054474,0.075158677995205,0.018815577030182,1
-0.1550872027874,0.13183034211397,-0.092673532664776,1
-0.21826383471489,-0.030247926712036,-0.065522126853466,1
-0.15109801292419,-0.017065495252609,0.039702646434307,1
0.13392454385757,-0.1338723897934,0.027539305388927,1
-0.04583877325058,-0.19299411773682,0.072514928877354,1
-0.066347718238831,-0.12965056300163,0.058882869780064,1
0.088815748691559,-0.12843696959317,-0.0037002265453339,1
-0.013257682323456,-0.20182424038649,0.15926430374384,1
-0.13613101840019,-0.0985820813803,-0.072427354753017,1
0.0026501417160034,0.051280967891216,-0.0051540955901146,1
0.16289073228836,-0.1444347165525,-0.046417437493801,1
0.14773398637772,-0.14982459694147,-0.027152948081493,1
-0.083112478256226,-0.17656873166561,0.20836947113276,1
-0.14607629179955,-0.0098100900650024,0.044458173215389,1
0.12674808502197,-0.11472784820944,0.028859905898571,1
-0.2240110039711,0.090153940021992,-0.01454871147871,1
-0.058834224939346,0.23555948585272,0.13409794121981,1
0.015368223190308,0.13915448635817,0.0022316575050354,1
0.12012892961502,-0.16408853977919,0.042501099407673,1
-0.062657862901688,0.14702526479959,0.017681263387203,1
-0.045856177806854,0.049172855913639,0.0092230662703514,1
-0.15078443288803,-0.22474873811007,0.091471634805202,1
-0.1178982257843,0.087118931114674,0.022626139223576,1
0.046019971370697,-0.20538962632418,0.19651124626398,1
-0.17564725875854,0.10344926267862,0.098719336092472,1
0.053886532783508,-0.17735924571753,-0.063350208103657,1
0.047292232513428,0.059750609099865,-0.011831000447273,1
-0.21815612912178,-0.036479815840721,-0.0075706019997597,1
-0.060351461172104,0.16122373193502,0.026214651763439,1
-0.070309042930603,0.084376595914364,0.013728074729443,1
0.058206379413605,-0.204385407269,0.14122117310762,1
-0.056094646453857,0.14093429595232,0.028440721333027,1
0.094848036766052,-0.19540950655937,0.17922482639551,1
-0.13554400205612,0.05095387250185,-0.094549745321274,1
-0.046698391437531,0.030754558742046,-0.011757962405682,1
0.11511564254761,-0.098272638395429,-0.034321315586567,1
0.061745762825012,0.1707204207778,-0.011782608926296,1
-0.082298159599304,0.085040427744389,-0.035961158573627,1
-0.011249601840973,-0.26265842467546,0.0028368607163429,1
0.065635979175568,-0.099658108694712,-0.0080852881073952,1
-0.1131856739521,0.0027596950531006,0.023532636463642,1
-0.1812681555748,0.03326790779829,0.13058909028769,1
0.032611548900604,-0.20993752032518,0.085195459425449,1
0.10710018873215,-0.10274847084656,-0.0031240805983543,1
0.10112738609314,0.18820332735777,0.11615408211946,1
0.02143806219101,-0.1365172304213,-0.025392055511475,1
0.087715446949005,-0.24486447125673,0.095985539257526,1
0.088528275489807,0.11951916664839,-0.061002314090729,1
-0.054829388856888,-0.26722564548254,0.010040134191513,1
-0.16272181272507,-0.12938654609025,-0.068614207208157,1
-0.1793392598629,-0.12486618757248,0.14638536423445,1
-0.2029028236866,-0.16680020093918,0.098802484571934,1
0.095293462276459,-0.082283161580563,0.015590690076351,1
0.010212779045105,0.19614046066999,0.091100700199604,1
0.043374061584473,-0.27944032102823,-0.038880795240402,1
-0.075602263212204,-0.0008576288819313,-0.0043509379029274,1
-0.075218707323074,-0.047180250287056,-0.05577427893877,1
0.033749520778656,-0.10156060603913,-0.0031246617436409,1
-0.1845006942749,0.092794887721539,0.055483646690845,1
0.029261231422424,-0.16261278092861,-0.020633719861507,1
-0.061205863952637,0.044568993151188,-0.0076387748122215,1
-0.11724880337715,-0.071021558716893,-0.038534171879292,1
0.058283686637878,0.04793905466795,0.0016286745667458,1
-0.13003274798393,-0.23723795264959,0.073152430355549,1
0.1431502699852,-0.22234661877155,0.1443200185895,1
0.12700396776199,-0.13656061142683,-0.043714366853237,1
0.16806954145432,-0.21256310492754,0.10185398906469,1
0.02092182636261,-0.23470842093229,0.054770477116108,1
-0.005703330039978,0.071976460516453,0.0096389204263687,1
-0.18552839756012,0.16041418164968,-0.068712882697582,1
0.0073793530464172,0.081324018537998,0.012819766998291,1
0.010800957679749,0.15475501865149,-0.092764675617218,1
0.051155209541321,-0.12532813288271,0.019146002829075,1
-0.050636231899261,-0.18062741309404,0.039783000946045,1
-0.15469858050346,-0.13317457586527,0.12458968907595,1
-0.034168899059296,-0.27181745320559,-0.047694481909275,1
-0.05038583278656,0.22792842239141,0.14844150096178,1
0.15653276443481,0.186836771667,0.037404231727123,1
-0.06899231672287,0.26568575948477,0.071699239313602,1
0.074698567390442,-0.15900268778205,-0.072450034320354,1
0.052085280418396,0.18697410076857,-0.071036234498024,1
0.13624709844589,-0.16817340254784,0.12976080924273,1
-0.013664066791534,0.072407968342304,-0.016372010111809,1
-0.083278268575668,0.0014321953058243,0.010940916836262,1
-0.044104397296906,-0.069323858246207,-0.047295294702053,1
0.1985719203949,0.22657947987318,0.057033613324165,1
-0.1102469265461,-0.014822833240032,0.032206498086452,1
-0.095502883195877,-0.052310269325972,-0.065338164567947,1
-0.043241560459137,-0.053640387952328,0.016074813902378,1
-0.019065499305725,-0.26996270567179,-0.042321734130383,1
-0.25536870956421,0.032603614032269,0.034746281802654,1
-0.083887249231339,0.1023718342185,0.026183523237705,1
-0.074991643428802,0.1561997756362,-0.056242369115353,1
-0.053606808185577,0.076749555766582,-0.033720545470715,1
0.17270857095718,-0.14851887524128,0.11598324030638,1
0.014774799346924,0.13849174231291,-0.011381387710571,1
0.046544373035431,-0.21312462538481,0.055151730775833,1
0.03742253780365,-0.079188913106918,-0.023343130946159,1
-0.047724425792694,0.02612879127264,-0.034529343247414,1
-0.066343426704407,-0.16042755544186,0.024738393723965,1
0.14677065610886,0.1827050074935,0.11332204192877,1
-0.037446677684784,0.076425231993198,0.022279970347881,1
-0.030206084251404,0.23167081922293,0.16276942938566,1
0.1318171620369,-0.10820946190506,-0.058954231441021,1
0.0074827671051025,-0.21949857473373,0.1558940783143,1
-0.030008494853973,-0.099981504201423,-0.068071484565735,1
-0.02661919593811,0.25341954082251,0.02586691826582,1
0.11545306444168,-0.21007414162159,0.049688830971718,1
0.052625000476837,-0.26429010182619,0.098276801407337,1
0.12240940332413,-0.16259403526783,-0.018092066049576,1
0.12041145563126,-0.20883367210627,0.077270247042179,1
-0.10267847776413,-0.092249064706266,-0.074437834322453,1
-0.038784205913544,-0.15653637051582,0.015221230685711,1
-0.11601895093918,-0.0001109316945076,0.021349497139454,1
-0.076288729906082,-0.11039848346263,-0.040101386606693,1
-0.080243170261383,0.00731211155653,-0.033569596707821,1
0.048743903636932,0.16618102043867,0.0085449665784836,1
-0.14898219704628,-0.13259586691856,0.019757457077503,1
-0.012628376483917,0.2019359394908,0.0074468776583672,1
-0.19111761450768,-0.008263036608696,-0.0036640241742134,1
0.12417984008789,0.13688167184591,-0.015879057347775,1
-0.054884105920792,0.20730077475309,-0.057966381311417,1
0.20371109247208,-0.18315028399229,0.14596741646528,1
-0.021007835865021,0.077984996140003,-0.0042533054947853,1
0.097786962985992,-0.074602112174034,-0.043123655021191,1
-0.22108820080757,-0.042481645941734,0.14864025264978,1
-0.0035891532897949,0.086399577558041,-0.015267610549927,1
0.00078356266021729,-0.22872626036406,-0.043868839740753,1
-0.055815666913986,0.20961763709784,0.17545659095049,1
0.0081661939620972,-0.23751770704985,-0.051980778574944,1
-0.066544651985168,0.028851188719273,-0.012904472649097,1
-0.073248505592346,0.10708255320787,-0.057021014392376,1
-0.11130258440971,0.22524323314428,0.049075581133366,1
-0.10966640710831,-0.12914036400616,0.071156702935696,1
-0.04846179485321,0.094329707324505,-0.021493174135685,1
-0.1145997941494,-0.11176046542823,-0.019959025084972,1
-0.048900187015533,-0.20433449745178,0.0091978535056114,1
-0.22609388828278,0.099260829389095,0.081065140664577,1
-0.14231872558594,0.042663283646107,-0.09884499758482,1
-0.19368690252304,-0.12855783291161,-0.024045191705227,1
0.073009967803955,0.061594747006893,-0.00072742253541946,1
0.017928183078766,-0.21264868229628,-0.012056462466717,1
-0.063125669956207,0.054892770946026,0.010935790836811,1
-0.022092044353485,-0.24362351745367,-0.08705846965313,1
-0.12545704841614,-0.17316935956478,-0.082122333347797,1
-0.055428087711334,0.07622491568327,0.0054671540856361,1
0.094004273414612,0.11414887756109,-0.020004473626614,1
-0.034762680530548,-0.090789182111621,0.010299853980541,1
-0.04543548822403,0.1401266977191,-0.037918604910374,1
0.003028392791748,-0.2012217566371,-0.0055869147181511,1
0.061377644538879,0.07704009860754,0.0059775859117508,1
0.012962818145752,0.11592140048742,-0.069471262395382,1
-0.16062095761299,0.037394501268864,-0.024369828402996,1
0.15805965662003,-0.1589064002037,-0.00036840885877609,1
0.15462905168533,-0.18103484064341,0.13512971252203,1
-0.2508642077446,-0.079541744664311,0.086314179003239,1
0.11242747306824,0.19083508104086,0.20380849391222,1
-0.13919919729233,0.2117822393775,-0.019653610885143,1
0.032788574695587,0.091391779482365,-0.056094415485859,1
-0.1973651945591,-0.11282525211573,0.15102567523718,1
0.066320359706879,-0.04976450279355,-0.0064566060900688,1
0.089968264102936,-0.089425785467029,-0.0014105513691902,1
-0.016659915447235,-0.16655991226435,-0.033756516873837,1
0.19681745767593,-0.18878608196974,-0.055237092077732,1
-0.024083912372589,-0.22016104310751,0.099024511873722,1
0.030314445495605,0.087834022939205,-0.035954065620899,1
-0.23152187466621,0.092789150774479,0.12516935914755,1
-0.1964904665947,-0.18386024236679,0.030599631369114,1
-0.14445877075195,0.03630056232214,-0.047676295042038,1
-0.064515590667725,-0.071275252848864,0.017848841845989,1
-0.22290396690369,0.066542617976665,-0.051307588815689,1
-0.17475646734238,0.11249882727861,0.019550196826458,1
-0.15197646617889,-0.15070674195886,0.036015875637531,1
-0.068968534469604,-0.24423503130674,0.072929240763187,1
0.045030236244202,0.13396093994379,-0.021547980606556,1
-0.16936811804771,-0.092687069438398,-0.056148551404476,1
-0.12871459126472,-0.22382850944996,-0.0077953711152077,1
0.16012942790985,0.1618964895606,-0.01465168595314,1
0.064191401004791,0.25142955034971,0.035179100930691,1
0.048367023468018,-0.048307109624147,0.0037624761462212,1
0.081421256065369,-0.20931919664145,0.027934968471527,1
-0.11572849750519,-0.032665021717548,0.036211915314198,1
-0.060209453105927,0.0087303146719933,-0.0053847655653954,1
0.086589515209198,-0.11807853542268,0.026889875531197,1
0.074397385120392,0.18601977080107,0.053102053701878,1
-0.086579829454422,0.029698230326176,-0.0046655908226967,1
-0.035072445869446,-0.11692214943469,-0.02472860366106,1
0.12752169370651,-0.15942309051752,0.010671474039555,1
0.021003782749176,0.14127170294523,0.040118753910065,1
0.10698020458221,0.14211454242468,-0.077504813671112,1
-0.14906921982765,-0.024351999163628,-0.082651562988758,1
-0.11908957362175,-0.2048479244113,-0.063263475894928,1
-0.082150101661682,-0.20588827878237,-0.093021519482136,1
-0.068188726902008,0.031844474375248,-0.031942807137966,1
-0.067849785089493,0.055295191705227,0.0090631917119026,1
-0.073084026575089,-0.031543217599392,0.025411240756512,1
-0.063458204269409,-0.066392656415701,-0.020919255912304,1
0.072838664054871,-0.13997005671263,-0.052510567009449,1
-0.0059933066368103,-0.12152657285333,-0.059961661696434,1
-0.01587837934494,0.12486699968576,-0.017828911542892,1
0.10950899124146,0.25571923702955,0.11996845155954,1
0.10817462205887,-0.24733359366655,-0.028144679963589,1
-0.05912321805954,0.077537007629871,-0.070824645459652,1
-0.18712273240089,-0.1563167758286,0.10858692973852,1
-0.11680880188942,0.15213116258383,0.11572716385126,1
0.14187890291214,-0.12198553979397,-0.078922785818577,1
-0.057064175605774,-0.24141927808523,0.14256336539984,1
0.05518627166748,-0.11705336347222,-0.024313196539879,1
-0.082050859928131,0.010615564882755,-0.02658199518919,1
-0.0068542957305908,-0.21235214918852,-0.03888350725174,1
-0.23435458540916,-0.019745074212551,0.11827882379293,1
-0.030367732048035,-0.17951884865761,-0.08443021774292,1
0.099703073501587,0.15717466920614,0.022912718355656,1
0.081717193126678,0.13687420636415,-0.0086664780974388,1
0.056570053100586,0.067092068493366,-0.015643648803234,1
-0.093411564826965,-0.11138838995248,0.031296618282795,1
0.014198184013367,-0.1186359655112,-0.057503648102283,1
-0.078119903802872,-0.051676969975233,-0.071506656706333,1
0.10887408256531,0.14392255991697,0.039390251040459,1
0.0083281397819519,-0.080236334353685,-0.0094431266188622,1
0.05594140291214,0.28373750299215,-0.029974177479744,1
-0.026101291179657,0.10861750692129,0.0042562857270241,1
-0.22567674517632,0.0078884661197662,-0.074342779815197,1
0.10566729307175,0.13748579472303,-0.06727896630764,1
-0.13080531358719,0.1846988722682,0.11778480559587,1
-0.048839271068573,-0.2140626013279,0.18441886454821,1
-0.15162619948387,-0.04131343960762,0.078739427030087,1
0.031422019004822,0.10289863497019,0.0072065815329552,1
-0.10329696536064,-0.023468568921089,0.0044582560658455,1
-0.05490705370903,-0.24796736985445,-0.019126884639263,1
-0.10195660591125,0.13381402939558,-0.019272811710835,1
0.082519590854645,0.10582531243563,-0.018014565110207,1
-0.064552754163742,0.1166340187192,-0.017933316528797,1
-0.15629923343658,-0.0073744133114815,-0.057210274040699,1
0.084368288516998,0.12674140185118,-0.0079463198781013,1
0.13491994142532,-0.24477592855692,0.13865695148706,1
0.17867940664291,-0.17070783674717,0.049074687063694,1
-0.068372189998627,-0.0015343055129051,0.010166369378567,1
-0.10387188196182,0.12741751223803,0.071388892829418,1
-0.057649612426758,-0.1719059869647,-0.01674211025238,1
-0.14481914043427,-0.17915210127831,-0.086974747478962,1
-0.25257503986359,0.044421322643757,0.040241919457912,1
-0.015286147594452,0.090923614799976,0.0025120601058006,1
-0.1925904750824,0.12101120501757,0.12652548402548,1
-0.10092970728874,-0.18585517257452,0.13213223963976,1
0.11438769102097,-0.14961932227015,0.059967458248138,1
-0.048231422901154,0.20939009636641,-0.063044473528862,1
-0.085510492324829,0.073011510074139,0.011510483920574,1
-0.044863104820251,0.042650543153286,-0.025976993143559,1
-0.17158150672913,0.14585516601801,0.1475118175149,1
0.13254517316818,0.13244482129812,-0.087971575558186,1
0.02281641960144,-0.23730925470591,0.027413509786129,1
0.037057340145111,0.28569229692221,0.02422508597374,1
0.079680919647217,-0.070215778425336,-0.0016830787062645,1
0.046862781047821,0.055576674640179,-0.010526798665524,1
-0.10783839225769,-0.15471225604415,0.078053094446659,1
-0.17540583014488,-0.091166326776147,-0.06945026665926,1
0.13966947793961,-0.15268814563751,0.016292802989483,1
-0.036527395248413,0.24245124310255,0.12154955416918,1
-0.10799443721771,0.12048297375441,0.026189334690571,1
0.042410731315613,-0.079018360003829,-0.0032704025506973,1
-0.18022826313972,0.074975229799747,-0.025186374783516,1
-0.089450359344482,0.14754971116781,-0.0072300955653191,1
-0.2528223991394,-0.062113136053085,0.07782032340765,1
0.15519040822983,0.18812813609838,0.084566943347454,1
0.062174797058105,0.1089633628726,-0.069987930357456,1
-0.19359356164932,-0.11218716483563,0.0001165047287941,1
-0.10924479365349,-0.0068963468074799,0.029321052134037,1
0.1066580414772,-0.14366696029902,0.03673342615366,1
-0.24144378304482,0.016238734126091,0.085505478084087,1
-0.043484389781952,-0.059674974530935,-0.043326683342457,1
-0.16026437282562,0.077822260558605,0.20761007815599,1
0.074234366416931,-0.076389063149691,-0.012513495981693,1
-0.028640568256378,-0.039702512323856,0.0041451677680016,1
0.098996877670288,0.22696822136641,0.12036395817995,1
-0.034509599208832,0.11246340721846,-0.029656171798706,1
0.067578375339508,0.25127305835485,0.069196037948132,1
-0.13170593976974,0.24766143411398,0.043126218020916,1
0.12526887655258,-0.18854247778654,0.097424022853374,1
0.065348148345947,0.11385285109282,-0.029532194137573,1
-0.080233544111252,-0.063736632466316,-0.049282290041447,1
0.06877213716507,-0.059969402849674,-0.00064928084611893,1
-0.0459925532341,0.26426842063665,-0.067211985588074,1
-0.11237868666649,-0.0040762275457382,-0.037173874676228,1
0.070459544658661,0.18108650296926,-0.010434947907925,1
-0.031114757061005,-0.22955522686243,0.090581841766834,1
-0.17145225405693,-0.019475385546684,0.031720496714115,1
-0.036455810070038,0.06098198145628,-0.023197494447231,1
-0.022076010704041,-0.072601016610861,0.021071784198284,1
-0.16367238759995,0.037811525166035,0.063006080687046,1
-0.19630724191666,0.098823375999928,0.17393939942122,1
-0.1258482336998,0.13311096280813,-0.079634256660938,1
0.022441983222961,-0.14275740087032,0.039361707866192,1
-0.097241848707199,0.1188050583005,0.025300540030003,1
0.0005069375038147,0.16203656047583,-0.024976514279842,1
-0.20609718561172,0.024062298238277,0.13143935054541,1
0.14015012979507,0.13883415609598,-0.076464876532555,1
-0.0013852715492249,-0.082087835296988,-0.026861235499382,1
-0.0046555995941162,-0.18226329237223,-0.011951878666878,1
-0.12839722633362,-0.034305468201637,0.035644985735416,1
-0.10823339223862,0.090920738875866,0.044751830399036,1
-0.013913929462433,0.052024178206921,-0.013876028358936,1
-0.072123885154724,-0.13469618186355,0.057683289051056,1
0.033637404441833,0.25862994045019,-0.082054384052753,1
-0.071567088365555,0.1618657335639,-0.073894299566746,1
-0.025783240795135,-0.1145163346082,-0.0061913505196571,1
0.027149260044098,0.22902344912291,0.013534985482693,1
0.0011485815048218,0.15457623451948,0.042404599487782,1
-0.094828844070435,-0.25859891623259,0.017411611974239,1
-0.047459363937378,-0.04523703455925,0.013688527047634,1
-0.0057604908943176,-0.043665897101164,0.0046123489737511,1
-0.19970390200615,-0.039375148713589,0.047195918858051,1
-0.035623371601105,0.22215013951063,0.060126729309559,1
-0.15552604198456,-0.0060146152973175,0.010155387222767,1
-0.12035402655602,0.14576406031847,0.10330403596163,1
-0.12026637792587,0.097290672361851,-0.024342633783817,1
-0.03214031457901,0.25766419619322,0.097018055617809,1
-0.06641036272049,-0.0050228089094162,-0.033185623586178,1
0.061328947544098,-0.049091670662165,0.00473702698946,1
-0.057963103055954,-0.1752420142293,0.22288984805346,1
0.083594977855682,-0.06328546255827,0.003915823996067,1
-0.0072462558746338,-0.23730347305536,0.02124547958374,1
0.0072822570800781,-0.22550635784864,0.15992144495249,1
0.0041900277137756,0.20093470066786,-0.016083151102066,1
-0.042950570583344,-0.049252800643444,-0.016622252762318,1
0.07283627986908,-0.051944687962532,0.0036791935563087,1
0.075761616230011,-0.082882909104228,-0.053877644240856,1
0.12999796867371,0.14581904560328,0.068466410040855,1
-0.0068080425262451,0.28028839081526,0.026991114020348,1
-0.075265169143677,-0.1425747461617,0.064032770693302,1
-0.026555478572845,0.14699705690145,0.01343210786581,1
-0.15098333358765,-0.026378735899925,-0.029129832983017,1
-0.16075938940048,0.13215396553278,-0.08016025274992,1
-0.10008960962296,0.054243706166744,0.0023896470665932,1
-0.083982765674591,0.11981912702322,-0.045965038239956,1
0.10323143005371,0.20942278951406,0.018868833780289,1
0.036241590976715,-0.25719729810953,0.085795186460018,1
0.11724454164505,0.19453271478415,-0.082981713116169,1
-0.064572632312775,0.11767249554396,-0.028621055185795,1
0.020818591117859,0.22931142896414,-0.021229155361652,1
-0.1518326997757,-0.20293520390987,0.064326398074627,1
-0.084632337093353,0.15361594408751,-0.081096701323986,0
-0.058779776096344,-0.059377651661634,0.018667586147785,1
-0.11867636442184,-0.086645452305675,-0.09549281001091,1
-0.12579154968262,0.11201971024275,0.094838418066502,1
0.095537900924683,0.083983920514584,0.022317200899124,1
0.17907625436783,0.18649660795927,0.017122283577919,1
-0.037918508052826,0.037677653133869,-0.020694620907307,1
-0.17373159527779,-0.043714940547943,0.1622943803668,1
0.072570204734802,-0.19215986132622,-0.069605886936188,1
0.065810978412628,0.069257982075214,-0.038527928292751,1
0.031754672527313,0.23110532015562,0.028325609862804,1
0.082836985588074,-0.06898489035666,-0.041876472532749,1
0.040257275104523,0.10518196970224,0.022068992257118,1
0.13018381595612,-0.12736722268164,-0.027961798012257,1
-0.19372564554214,0.18183230608702,0.00044872611761093,1
-0.0087866187095642,0.18486043065786,0.016130030155182,1
0.11075055599213,-0.12359070032835,-0.0090227499604225,1
0.09617418050766,0.079795606434345,0.022462837398052,1
-0.0015220046043396,-0.13531689718366,0.014366559684277,1
0.080042958259583,0.065912626683712,0.0041544958949089,1
-0.090772390365601,0.11175555735826,-0.046007491648197,1
0.034019887447357,-0.10739870369434,0.016982413828373,1
-0.034611582756042,0.012193396687508,-0.015981547534466,1
-0.078971445560455,-0.11346862930804,-0.0098396763205528,1
-0.11429274082184,0.16651453822851,0.045222915709019,1
-0.061439424753189,0.016442067921162,-0.047480180859566,1
-0.10345673561096,0.043190203607082,-0.077249273657799,1
-0.012480676174164,-0.14076608046889,-0.04826071113348,1
0.012495934963226,-0.2173639908433,0.14977122098207,1
-0.073063462972641,-0.17470882087946,0.087615944445133,1
0.057958126068115,0.20241367071867,-0.023264855146408,1
0.049077808856964,-0.092383740935475,-0.048157200217247,1
-0.14657229185104,0.060672335326672,-0.033677563071251,1
0.12199360132217,-0.13091547042131,-0.053998522460461,1
0.022921502590179,-0.15713524445891,-0.0021803975105286,1
-0.21150881052017,0.10749333351851,-0.061195679008961,1
-0.12874236702919,-0.15997985377908,-0.035424090921879,1
0.051340520381927,-0.1858776435256,-0.048368073999882,1
0.060218334197998,0.21486132591963,-0.060535199940205,1
0.0078261494636536,-0.28559186309576,-0.00026063621044159,1
-0.052701890468597,0.17985441535711,0.012603834271431,1
-0.026906073093414,0.057584889233112,-0.019050158560276,1
-0.16407790780067,-0.080216988921165,-0.0021397694945335,1
0.12523263692856,-0.11702083423734,-0.084987677633762,1
0.13861179351807,-0.12412414886057,0.034902580082417,1
0.044257521629333,-0.085496214218438,0.0011608377099037,1
-0.007480800151825,0.16350360959768,0.007894903421402,1
-0.15333795547485,-0.14045912399888,0.19226982444525,1
-0.0079019069671631,-0.23900466412306,0.11655498296022,1
0.06911426782608,0.087941996753216,0.022953137755394,1
0.13399785757065,-0.11209550406784,-0.016139484941959,1
-0.050969809293747,0.033655025064945,0.015058226883411,1
-0.089782506227493,-0.039217993617058,-0.053002782166004,1
-0.0139319896698,0.2097035869956,0.043569624423981,1
-0.07918906211853,-0.18001864105463,0.012347526848316,1
-0.1241200864315,-0.098376479465514,-0.089329309761524,1
-0.14408129453659,0.0033552572131157,-0.0050310865044594,1
0.0059517621994019,0.24545591324568,0.10264126211405,1
0.0039768815040588,0.23852505534887,-0.013222806155682,1
0.11168193817139,0.17822780460119,0.025275059044361,1
-0.17594930529594,-0.13399888202548,0.076545439660549,1
-0.13687843084335,0.13297667354345,0.1272883489728,1
-0.042524099349976,0.23430754989386,0.11312649399042,1
-0.067204236984253,-0.059912152588367,0.0063613578677177,1
-0.17781695723534,-0.091414361260831,0.09238738566637,1
-0.094441533088684,0.029093377292156,0.032549180090427,1
0.065671980381012,-0.25365350395441,0.047077849507332,1
-0.026561617851257,0.18869110196829,0.0027709677815437,1
0.012080132961273,-0.10287059959956,-0.055214524269104,1
0.013063132762909,0.15310844033957,0.035811550915241,1
0.11314898729324,0.12245892733335,-0.014522053301334,1
-0.055029332637787,-0.031762108206749,-0.0011308118700981,1
-0.075082272291183,0.25120791047812,-0.023786872625351,1
0.10222309827805,0.23924785107374,-0.062792882323265,1
-0.14173346757889,-0.14790798723698,-0.027360491454601,1
-0.17107531428337,0.17886336892843,0.064357034862041,1
-0.068861484527588,0.043364815413952,0.021783761680126,1
0.038757741451263,-0.11483002267778,-0.0035640671849251,1
-0.14654007554054,0.19840493053198,-0.021085374057293,1
-0.18380010128021,-0.034714415669441,0.070390604436398,1
-0.17481815814972,-0.0045092031359673,0.039604403078556,1
-0.18823045492172,0.081433691084385,-0.02318274974823,1
0.12569379806519,0.18138634413481,0.0016333907842636,1
-0.0075038075447083,0.064614333212376,-0.019910179078579,1
-0.1709389090538,-0.14308305457234,-0.014514334499836,1
0.18779796361923,-0.21520011872053,0.10527936369181,1
0.12166303396225,-0.15355226397514,-0.061520658433437,1
-0.17850160598755,-0.13092483207583,0.17309514433146,1
0.10232490301132,0.094283275306225,-0.020636819303036,1
0.048764288425446,-0.12993179261684,0.033308021724224,1
0.11695450544357,-0.18022154271603,0.10241254419088,1
0.19079607725143,-0.16972604393959,-0.046019218862057,1
-0.18642967939377,-0.10576860047877,-0.066665604710579,1
0.068213999271393,0.11904292553663,0.0015852674841881,1
0.030079483985901,0.066586248576641,-0.02437037229538,1
-0.083220303058624,0.15252121537924,0.055120892822742,1
0.0094034075737,0.074333243072033,-0.02464272081852,1
0.1588928103447,-0.23641162365675,-0.065043218433857,1
-0.12613373994827,0.078216455876827,-0.068775802850723,1
0.11361289024353,-0.10949026234448,-0.0083747878670692,1
0.061902582645416,-0.12266691960394,-0.012168101966381,1
-0.01147186756134,0.15292321890593,-0.091257594525814,1
-0.010990679264069,-0.1090277377516,0.007660798728466,1
-0.13214921951294,-0.098944436525926,-0.015893034636974,1
0.14587604999542,0.19932430237532,0.179193533957,1
0.13268929719925,-0.12320297583938,0.04715571552515,1
-0.091226309537888,-0.23102260380983,0.063080474734306,1
-0.027557790279388,0.08320901542902,-0.0067406967282295,1
0.089811384677887,0.2009290382266,0.1197404935956,1
-0.067432284355164,-0.041892006993294,-0.0089448764920235,1
0.17375218868256,0.18248423188925,-0.080163411796093,1
0.043563067913055,0.083880700170994,-0.033580787479877,1
-0.1136018037796,0.12292636185884,0.055650167167187,1
-0.0012165904045105,-0.16871879249811,0.029343269765377,1
0.15805047750473,-0.15773881971836,-0.056851930916309,1
-0.13257187604904,-0.086853145621717,0.0078334286808968,1
-0.21386706829071,0.10223469883204,0.032747946679592,1
0.13745409250259,0.26236631721258,-0.018600128591061,1
-0.039368689060211,-0.12569215893745,-0.00730050355196,1
-0.20946940779686,-0.052208438515663,0.10335802286863,1
0.1205273270607,0.097600840032101,0.026121594011784,1
-0.11854952573776,0.025604359805584,0.04145597666502,1
-0.034493505954742,-0.11289117392153,0.035559311509132,1
0.087288379669189,-0.17898184806108,-0.083664804697037,1
0.10243374109268,0.20709472149611,-0.063244827091694,1
0.1443475484848,0.16943322867155,-0.059279285371304,1
-0.059676051139832,0.19243570417166,0.11424616724253,1
-0.16464668512344,0.1024279370904,-0.093016177415848,1
-0.0047299265861511,0.26934876292944,-0.04176053404808,1
0.19004088640213,-0.20099010318518,-0.022549040615559,1
-0.087913066148758,-0.23520261794329,0.089560382068157,1
-0.20196264982224,0.030562900006771,0.19199543446302,1
-0.24924159049988,0.013349413871765,-0.057308681309223,1
0.060785531997681,0.197470061481,-0.079335317015648,1
-0.18878152966499,-0.11554309166968,0.12954138964415,1
-0.10481905937195,-0.036072626709938,-0.085675936192274,1
-0.067589342594147,0.036158673465252,0.015425212681293,1
0.096829056739807,0.16697423905134,0.07380098849535,1
0.11423486471176,0.26773919910192,0.03427778929472,1
-0.15387868881226,0.12141873687506,0.092413358390331,1
-0.2085277736187,-0.010736957192421,-0.062261022627354,1
0.11009114980698,0.090893767774105,-0.0057482644915581,1
0.050418615341187,-0.23285580426455,0.0071936771273613,1
0.045202434062958,-0.23432100564241,-0.0021461248397827,1
-0.03434032201767,-0.20496810227633,0.13923727720976,1
0.074333190917969,0.12248554080725,-0.059331774711609,1
0.073294222354889,-0.098429381963797,-0.0024539083242416,1
0.13852387666702,-0.24653006345034,-0.049037836492062,1
-0.04469507932663,-0.25448382645845,0.1100515499711,1
-0.11461097002029,-0.1062427260913,-0.053438805043697,1
-0.039169669151306,0.11708880215883,-0.069488503038883,1
0.011480331420898,-0.066287841647863,-0.027956128120422,1
0.017935037612915,0.13888201862574,-0.055650152266026,1
-0.16404449939728,0.086754493415356,-0.00093569606542587,1
0.0021434426307678,0.17755158990622,-0.018412090837955,1
-0.24717020988464,0.026651345193386,0.11276980489492,1
-0.0553118288517,-0.029614597558975,-0.03738209605217,1
-0.23081681132317,0.096049629151821,-0.012073539197445,1
0.085703134536743,0.26452019065619,0.11995632201433,1
0.11705416440964,-0.10464481031522,-0.071521498262882,1
0.016320407390594,-0.11986227706075,-0.036059744656086,1
-0.10386517643929,-0.014734268188477,-0.054260015487671,1
0.14140152931213,0.13344576209784,-0.041481234133244,1
-0.070089221000671,-0.16707649081945,0.09754229336977,1
-0.017331421375275,0.085275672376156,-0.010503701865673,1
-0.11997476220131,-0.082324672490358,0.018778778612614,1
-0.15463563799858,0.15764697641134,0.10402976721525,1
0.011019587516785,0.12836160510778,0.015035010874271,1
0.15805411338806,-0.13265539333224,0.033557318150997,1
0.098466098308563,-0.11564508639276,0.023660190403461,1
0.11590653657913,-0.24156934767962,0.0052308291196823,1
-0.068213105201721,0.18314745277166,0.054932281374931,1
0.08014053106308,-0.21555257588625,-0.090611029416323,1
0.034107029438019,0.12480197101831,0.026908561587334,1
0.078122556209564,-0.1520643979311,0.047716051340103,1
0.014756619930267,0.14860730618238,-0.058172814548016,1
0.031171679496765,-0.070325108245015,-0.0089287459850311,1
-0.046869695186615,-0.008328765630722,-0.033769257366657,1
-0.012539446353912,0.15385194867849,-0.079077884554863,1
0.19987672567368,0.22699760645628,-0.037324115633965,1
-0.099906146526337,-0.082601925358176,-0.065303392708302,1
0.092545509338379,0.21971990913153,0.020104244351387,1
0.053225696086884,0.14066382497549,-0.0061400756239891,1
-0.021427035331726,-0.21544160693884,-0.040930889546871,1
0.017694294452667,0.18762826174498,-0.0098722577095032,1
0.19232523441315,-0.20058269053698,0.099798373878002,1
0.19401824474335,0.1768067702651,0.14830898493528,1
-0.17876255512238,0.093575276434422,0.047797031700611,1
-0.1313296854496,0.086261682212353,-0.088202483952045,1
0.065259516239166,-0.1464208625257,-0.0045351311564445,1
0.084512054920197,0.13167084008455,-0.067705482244492,1
0.084025979042053,0.13850323110819,-0.0094471201300621,1
-0.024241983890533,-0.083375412970781,-0.02687019854784,1
-0.08110100030899,0.041854925453663,0.01680750399828,1
0.12957030534744,0.11508370190859,0.019672490656376,1
0.012363195419312,0.074357382953167,-0.02167759090662,1
-0.042578399181366,-0.077164057642221,0.019045062363148,1
0.13728654384613,0.25846894830465,-0.041720606386662,1
0.055230796337128,0.13813095539808,-0.072247415781021,1
-0.005355179309845,0.21742417663336,0.015058018267155,1
0.093979954719543,-0.09033634327352,-0.019620068371296,1
-0.0083872079849243,-0.17027828842402,0.068553023040295,1
-0.04420393705368,0.15838604420424,-0.021713547408581,1
0.14787393808365,-0.18409892916679,-0.09012646228075,1
-0.031407654285431,-0.081758011132479,-0.011625438928604,1
-0.21109074354172,0.15744420140982,0.014214210212231,1
-0.053308367729187,-0.22006574273109,-0.036250166594982,1
-0.15772271156311,-0.061500776559114,0.055619560182095,1
0.13631916046143,-0.19332805275917,-0.082817584276199,1
-0.062510371208191,0.045997239649296,0.022838480770588,1
0.17889827489853,-0.19054232537746,0.068071417510509,1
-0.16066271066666,-0.067620027810335,0.021737612783909,1
-0.019873142242432,-0.10078975616489,-0.033872291445732,1
-0.186607837677,0.15936576575041,-0.016015075147152,1
-0.15770319104195,0.041018135845661,-0.09273598715663,1
0.10839301347733,-0.19273842126131,0.1843952909112,1
-0.18886637687683,-0.17312644422054,-0.046927653253078,1
0.067136287689209,0.15904801338911,0.0076636299490929,1
0.10257768630981,-0.18348675966263,0.21317774802446,1
-0.050248742103577,-0.14763792604208,-0.072416812181473,1
0.056922435760498,-0.073362374678254,-0.006439782679081,1
0.11927026510239,-0.22486760467291,-0.085667498409748,1
-0.13989010453224,0.23063191026449,0.078719981014729,1
-0.15673312544823,-0.022404760122299,-0.066182054579258,1
0.12351131439209,0.23562582582235,0.11803144961596,1
-0.20825618505478,-0.011263385415077,0.18738653510809,1
-0.12629586458206,-0.05005070567131,0.033816494047642,1
-0.03345513343811,-0.070363834500313,-0.018325805664062,1
-0.23237082362175,0.011703811585903,-0.021544389426708,1
-0.17190203070641,-0.070829968899488,-0.096280336380005,1
0.061184465885162,0.22510545700788,-0.064040593802929,1
0.0077552795410156,-0.097583459690213,0.011070534586906,1
0.065254092216492,0.14378378540277,0.024447828531265,1
-0.013636887073517,0.089257977902889,-0.009001262485981,1
-0.040796518325806,-0.1863302141428,-0.032087258994579,1
0.028594613075256,0.27597507089376,0.10349857062101,1
-0.11993876099586,-0.18020992726088,0.19270215183496,1
-0.073969572782516,0.22203084081411,0.067872121930122,1
-0.17274063825607,0.035261981189251,0.089805938303471,1
0.10992002487183,0.26397826522589,-0.034260265529156,1
-0.14864563941956,0.019477248191833,-0.069479592144489,1
-0.10735082626343,-0.13108425028622,0.031598605215549,1
-0.03527569770813,-0.10082173504634,0.014659397304058,1
-0.041903138160706,0.23778780549765,0.0098231062293053,1
-0.084113866090775,-0.14417640119791,-0.012499056756496,1
-0.083393305540085,-0.075361423194408,0.030331365764141,1
0.10260421037674,-0.17495520412922,-0.079845108091831,1
0.018250823020935,0.062728248536587,-0.010403327643871,1
-0.027432262897491,0.10975044220686,0.029182896018028,1
-0.08572706580162,-0.0076883360743523,-0.050379402935505,1
-0.095408707857132,0.21525772660971,0.10611391812563,1
-0.0052670836448669,-0.16671925038099,-0.092692196369171,1
-0.0084660053253174,-0.10561064770445,-0.022912092506886,1
0.17248463630676,-0.18230460584164,0.0077929422259331,1
0.040586113929749,0.10251296311617,0.0080418214201927,1
0.0013425946235657,0.19118239730597,-0.077643990516663,1
-0.080650836229324,-0.15064804255962,0.050342299044132,1
0.018101036548615,-0.073453957214952,-0.012901313602924,1
0.06645792722702,0.20415332168341,-0.049988441169262,1
-0.083690106868744,0.10017133504152,0.027058623731136,1
0.089773893356323,-0.26641976088285,0.10432652384043,1
-0.15073680877686,0.093357302248478,-0.042654350399971,1
-0.12700453400612,-0.096269801259041,-0.060556404292583,1
-0.10244789719582,-0.063462920486927,-0.072138927876949,1
-0.16118955612183,0.062597699463367,0.058010526001453,1
0.025159657001495,-0.11038789339364,-0.04567115008831,1
-0.10193514823914,-0.24481894820929,-0.049372129142284,1
0.074938118457794,0.086606346070766,-0.013463266193867,1
-0.1182107925415,-0.041037902235985,-0.069220036268234,1
0.11967206001282,-0.22204571962357,-0.022887974977493,1
-0.075681060552597,0.23950781673193,0.046834036707878,1
-0.14148408174515,-0.20959027856588,-0.065407671034336,1
0.083637118339539,0.20905797928572,0.12076447159052,1
0.0010333061218262,-0.10758152231574,0.016613215208054,1
-0.087311297655106,0.016243755817413,0.0077953711152077,1
-0.15800935029984,0.15967389196157,-0.074835740029812,1
0.050623714923859,-0.16793301701546,0.0024469718337059,1
-0.095377177000046,0.044596187770367,-0.071125164628029,1
-0.11259949207306,0.13923842459917,0.032056011259556,1
-0.055711567401886,0.083038829267025,-0.027642838656902,1
0.081845223903656,-0.22624448686838,0.14261374622583,1
-0.10911977291107,0.056554682552814,0.038497529923916,1
-0.11393484473228,0.22648548334837,0.0047784969210625,1
0.11314159631729,0.26381247490644,0.11689416319132,1
-0.040942251682281,0.21110709756613,0.0027146339416504,1
-0.060240775346756,0.14621274918318,0.031000949442387,1
-0.055807411670685,-0.076703026890755,-0.023875899612904,1
-0.12554064393044,0.14054884761572,-0.023615024983883,1
-0.1062533557415,0.064990155398846,-0.087206803262234,1
-0.088927358388901,0.12560497969389,-0.053409658372402,1
-0.12629553675652,-0.22415984421968,-0.00039114058017731,1
0.18072432279587,-0.17546008527279,0.12411992996931,1
-0.037498354911804,0.025412209331989,-0.023716621100903,1
0.14182823896408,-0.13071997836232,-0.033935956656933,1
-0.12370732426643,0.085960976779461,-0.089739553630352,1
-0.0089338421821594,0.256646476686,0.1533480361104,1
-0.16327151656151,-0.19588232040405,0.063244767487049,1
0.0018830299377441,0.23084618896246,-0.07324293255806,1
0.12450844049454,-0.11261286493391,0.042712949216366,1
-0.088850200176239,-0.0056247934699059,-0.067396782338619,1
0.095591843128204,-0.12669454887509,0.011225797235966,1
-0.07063028216362,-0.1621855571866,-0.082905024290085,1
0.10404014587402,0.22118367999792,0.072776235640049,1
0.072997093200684,-0.23916237801313,-0.077179856598377,1
0.11312741041183,-0.20119325816631,0.10217536240816,1
-0.035966336727142,-0.1405721642077,0.0019389390945435,1
-0.072047770023346,0.059125699102879,0.0036225989460945,1
-0.13431072235107,0.13538863509893,0.092658467590809,1
-0.033989608287811,0.069659776985645,-0.045631028711796,1
-0.046900391578674,0.16093074530363,-0.043846517801285,1
0.019942700862885,-0.11971618793905,0.024043135344982,1
-0.10755667090416,-0.12881973199546,-0.089237742125988,1
-0.13951537013054,0.11834705621004,-0.0090101584792137,1
-0.18206316232681,0.11213459819555,0.087582908570766,1
0.070607960224152,-0.094550139270723,0.015597619116306,1
0.081220746040344,0.074584625661373,-0.026213653385639,1
-0.17329806089401,0.088211707770824,0.056738071143627,1
-0.18089380860329,-0.065586540848017,0.11907684057951,1
-0.082252681255341,0.060773648321629,-0.036446198821068,1
-0.064201563596725,0.055276297032833,0.00070322304964066,1
-0.00086081027984619,-0.25886998325586,0.063828356564045,1
0.05314028263092,0.16746278852224,0.024428106844425,1
0.081271052360535,0.16646575182676,0.063803039491177,1
0.19876199960709,0.17687668651342,0.067115969955921,1
-0.02655041217804,0.11566308885813,0.026151150465012,1
-0.20286521315575,-0.066957391798496,0.044050492346287,1
-0.016695201396942,-0.24445746093988,0.074406154453754,1
-0.26260924339294,-0.060650445520878,0.02849855273962,1
0.11273676156998,-0.10385669255629,-0.031083904206753,1
-0.023393929004669,0.23124649375677,0.18476290255785,1
0.13610732555389,0.1867917701602,-0.038058951497078,1
-0.064202636480331,0.2273935303092,-0.0020101144909859,1
0.036513268947601,-0.13103179633617,0.018763370811939,1
-0.057087540626526,-0.12227414362133,-0.023414470255375,1
-0.1461900472641,0.23090156167746,-0.021951027214527,1
-0.13034293055534,0.1891752704978,0.056681521236897,1
0.028009235858917,0.12919995933771,-0.046351194381714,1
0.20151942968369,-0.18447333574295,0.12116529792547,1
0.1242898106575,-0.12114943936467,-0.021228887140751,1
-0.11540579795837,-0.21642651408911,0.10183417052031,1
-0.061387211084366,-0.18028779327869,-0.003400906920433,1
0.18191677331924,-0.24214576929808,0.017756827175617,1
0.047444999217987,-0.10821167193353,-0.0085788443684578,1
-0.0037503242492676,0.12691079825163,0.024626664817333,1
-0.078558146953583,0.01322028785944,-0.04159102588892,1
-0.077268809080124,0.19715689867735,0.071070231497288,1
-0.26500046253204,0.017516098916531,0.017042063176632,1
-0.092591881752014,0.22083678096533,0.15037699788809,1
0.067059934139252,0.24972438067198,-0.081132002174854,1
-0.19388827681541,0.0039380043745041,0.019946806132793,1
-0.064614176750183,0.057756476104259,-0.0050959810614586,1
-0.068745315074921,0.048494376242161,0.0068532302975655,1
-0.16058647632599,-0.027998872101307,0.072162218391895,1
-0.086100459098816,0.030137933790684,-0.0098469778895378,1
0.07480388879776,-0.079613234847784,-0.01251544803381,1
-0.18042904138565,-0.075895579531789,-0.03956376761198,1
-0.1524698138237,0.20543124526739,0.09296602755785,1
0.11619800329208,0.11291577666998,-0.010249741375446,1
0.028840303421021,0.16806011646986,0.016771085560322,1
-0.076525628566742,-0.01225571334362,-0.019577674567699,1
-0.013672113418579,0.071458391845226,-0.010024406015873,1
0.13162541389465,-0.23503861576319,-0.080384336411953,1
-0.12913739681244,9.1210007667542e-05,-0.0077925845980644,1
0.031029164791107,0.25195255130529,-0.039662048220634,1
0.036449313163757,0.1749874278903,0.0044321641325951,1
-0.05521097779274,0.18505644053221,-0.10115623474121,1
-0.031596481800079,-0.1013582139276,0.0041196420788765,1
0.10208433866501,-0.21346671879292,0.14338547736406,1
-0.063085615634918,-0.085357228294015,-0.030883364379406,1
-0.064656019210815,-0.05806677043438,0.012398146092892,1
-0.0013072490692139,-0.208685092628,0.031175218522549,1
0.045418798923492,-0.079263584688306,-0.018286570906639,1
-0.012583911418915,0.21919613331556,0.070364780724049,1
0.014349699020386,-0.13275048136711,0.0028776377439499,1
-0.12180477380753,0.14900686591864,0.1146267130971,1
-0.052451252937317,0.10736108571291,0.036640591919422,1
-0.13021296262741,0.13175750523806,0.14536502212286,1
-0.13577258586884,-0.21087455749512,0.014097183942795,1
-0.15793445706367,-0.060985505580902,-0.066810578107834,1
0.098632216453552,0.18284147232771,0.086950518190861,1
-0.22336292266846,-0.033388078212738,-0.0093770399689674,1
-0.20635786652565,0.0059704557061195,-0.0011837854981422,1
-0.12304720282555,0.15009310096502,0.0033719316124916,1
-0.16894534230232,-0.16811130940914,-0.01179526001215,1
0.024214863777161,-0.16203855350614,0.038834057748318,1
-0.048877358436584,0.23722615092993,0.10596319288015,1
0.10865461826324,0.12583281844854,-0.088429868221283,1
-0.00061541795730591,0.061775587499142,-0.025946795940399,1
-0.15100538730621,-0.093626737594604,0.1290222927928,1
-0.097661972045898,-0.26221639662981,0.049394741654396,1
-0.086835026741028,-0.083335461094975,-0.024849124252796,1
-0.10861948132515,-0.16599836945534,0.016972817480564,1
-0.02811735868454,0.021049425005913,0.00043591111898422,1
0.087511003017426,0.18512143939734,0.080744825303555,1
0.092640936374664,-0.20495410263538,-0.097038961946964,1
0.048596680164337,0.12883947044611,-0.075769916176796,1
0.026065289974213,0.28002043813467,-0.041595220565796,1
-0.21667203307152,-0.053987875580788,-0.016371868550777,1
-0.16648751497269,-0.043056480586529,0.015631608664989,1
-0.12141838669777,-0.077060481533408,-0.031737565994263,1
-0.07350692152977,-0.012301124632359,0.0039607658982277,1
0.080131471157074,0.215401224792,-0.049219503998756,1
-0.1831858754158,0.021425500512123,0.17561510950327,1
-0.14069345593452,-0.22410452365875,0.024927981197834,1
0.053705751895905,-0.10813534539193,-0.0019262954592705,1
-0.057222038507462,0.10648015886545,0.0089662447571754,1
0.12220704555511,0.11876495927572,-0.08928657323122,1
-0.1313973069191,0.19672175496817,0.13809583336115,1
-0.15793764591217,0.047547496855259,0.03870452195406,1
-0.091539859771729,-0.1750189140439,0.11129165440798,1
0.11216574907303,-0.20791094750166,0.19745812565088,1
-0.19139641523361,-0.068952556699514,-0.0093575343489647,1
0.055487990379333,0.24984174221754,-0.0024477392435074,1
-0.16804388165474,-0.070769323036075,0.093891344964504,1
0.069088637828827,-0.11431762482971,0.0080749467015266,1
-0.093539714813232,-0.22893864661455,-0.010350823402405,1
-0.14300605654716,-0.029367633163929,0.017722778022289,1
0.064060568809509,0.24204739183187,0.1379497423768,1
-0.010871171951294,0.12518490105867,-0.03136833012104,1
-0.071556776762009,-0.21210490167141,0.15024477988482,1
-0.025791645050049,-0.1498232036829,0.0076648071408272,1
-0.15291458368301,0.066515006124973,-0.049751281738281,1
-0.091085195541382,0.13947651535273,0.0041286870837212,1
0.045973837375641,0.23117902129889,-0.048452712595463,1
0.03363162279129,0.23817049711943,-0.0868846103549,1
0.20875006914139,0.20319106429815,0.073683850467205,1
0.13454711437225,0.19207157939672,0.12739769369364,1
0.10511559247971,-0.18533549457788,0.20690698176622,1
0.12085652351379,0.1055561825633,-0.0078882798552513,1
-0.029748737812042,-0.20033515244722,-0.032052651047707,1
-0.16842710971832,-0.12612418271601,0.0065643563866615,1
-0.12290981411934,-0.077379748225212,-0.068640269339085,1
-0.18268442153931,0.012754641473293,0.12291073054075,1
0.076177477836609,0.24075543135405,0.16045839339495,1
-0.0099608898162842,-0.23498081415892,0.04659228771925,1
-0.046791136264801,-0.017018996179104,-0.012010015547276,1
-0.22760844230652,0.0080957487225533,0.017941944301128,1
0.064973652362823,0.12627222388983,-0.059709399938583,1
-0.20857027173042,-0.13804952055216,0.12894145399332,1
-0.0083641409873962,-0.24256611615419,-0.0074905827641487,1
-0.04749321937561,0.24564068764448,0.026280634105206,1
-0.24448049068451,-0.015947349369526,-0.014560557901859,1
0.061047554016113,-0.10419364180416,0.0081334337592125,1
0.12536281347275,0.24124168604612,0.1209651902318,1
0.092219769954681,-0.16979487985373,-0.040404289960861,1
0.079263865947723,0.28504394739866,0.080585114657879,1
-0.02293735742569,-0.10074543458177,-0.041056267917156,1
-0.040054857730865,-0.011683411896229,-0.020433314144611,1
-0.16243609786034,-0.09754750574939,0.14122829586267,1
-0.020371735095978,-0.13780686631799,0.017000488936901,1
0.19794541597366,-0.22668535262346,0.073180817067623,1
-0.095533609390259,-0.049377262592316,-0.049953125417233,1
-0.11311912536621,-0.032021760940552,-0.066146768629551,1
0.055184066295624,0.21942325681448,0.099553473293781,1
-0.10463309288025,0.079350359737873,-0.055486924946308,1
0.024002432823181,0.23818602412939,-0.046152055263519,1
-0.18786087632179,-0.15488383173943,-0.038806088268757,1
-0.044861257076263,-0.1691734790802,-0.059690356254578,1
0.068497776985168,0.059349842369556,-0.015043154358864,1
-0.00047367811203003,-0.048455167561769,0.0053131133317947,1
-0.064648032188416,0.04764848202467,0.010219089686871,1
-0.17925810813904,-0.015614971518517,0.067651592195034,1
-0.22485256195068,0.086731381714344,-0.035637319087982,1
-0.19476169347763,-0.10320215346292,0.053678728640079,1
-0.1369811296463,-0.17535001039505,0.057601727545261,1
0.026281774044037,-0.076015209779143,-0.011711731553078,1
-0.05858713388443,0.090988047420979,-0.018941260874271,1
-0.087818145751953,-0.20097973197699,0.16317943483591,1
-0.10243281722069,-0.25428044050932,-0.020098693668842,1
0.037094295024872,0.12221821397543,-0.05431242287159,1
0.14721602201462,-0.13372465595603,0.018733389675617,1
0.049153447151184,0.10960002988577,0.010178968310356,1
0.17618811130524,0.18023093789816,0.016159519553185,1
-0.00024229288101196,0.11159523576498,-0.0075036808848381,1
-0.058274030685425,0.076115436851978,-0.048241250216961,1
-0.011190354824066,0.10839604586363,-0.0030468627810478,1
-0.094636380672455,0.14243692904711,-0.03427492827177,1
-0.061777979135513,-0.11760082282126,0.048397623002529,1
0.03130829334259,0.2231345102191,-0.041366845369339,1
-3.1411647796631e-05,-0.084688848815858,0.0037831813097,1
-0.083133816719055,-0.0010211169719696,-0.014120869338512,1
-0.082077383995056,0.1101094558835,-0.00021732598543167,1
-0.055678814649582,-0.085247634910047,0.022408075630665,1
0.019851207733154,0.19549795240164,0.073881544172764,1
-0.20322370529175,0.12511972337961,-0.077694840729237,1
0.21099108457565,0.19347765296698,0.091544575989246,1
0.05688464641571,0.24262165278196,-0.0061846375465393,1
-0.063052952289581,0.1588938459754,0.067565210163593,1
-0.011001646518707,0.080763526260853,-0.018375098705292,1
-0.0074015855789185,0.28839670866728,0.0094408839941025,1
-0.085859149694443,-0.013625405728817,0.014641858637333,1
-0.14893937110901,-0.010827206075191,-0.0028376653790474,1
0.094789206981659,-0.27370650321245,-0.023756243288517,1
-0.12228924036026,0.13329304009676,0.11771225184202,1
-0.022242963314056,-0.096520110033453,-0.029601998627186,1
0.13699924945831,0.26329087466002,0.097278587520123,1
0.074603915214539,0.21489401906729,0.18425101786852,1
-0.069241762161255,0.067141033709049,-0.0093084499239922,1
0.076439440250397,-0.22085498273373,0.1775846555829,1
-0.0018249154090881,0.063299663364887,-0.014509350061417,1
0.064653396606445,0.16114192456007,-0.090948667377234,1
0.05083179473877,0.22806807607412,-0.068605020642281,1
0.19591987133026,0.2077162489295,0.023137480020523,1
0.053902566432953,0.19605442136526,-0.031767524778843,1
-0.094702005386353,-0.079749131575227,-0.015500418841839,1
0.048284769058228,-0.071535272523761,-0.014861345291138,1
0.070141732692719,0.18725480884314,0.066248722374439,1
0.011506259441376,-0.19415254145861,-0.083562217652798,1
-0.065689742565155,0.072118438780308,-0.069076530635357,1
0.041037261486053,-0.1109677311033,0.0036147907376289,1
-0.10338765382767,0.029455713927746,0.03190391510725,1
-0.081025093793869,-0.26122827082872,0.033173821866512,1
-0.19258052110672,0.10543537884951,-0.0032055750489235,1
-0.052696704864502,-0.0571757145226,0.018003605306149,1
-0.12419152259827,0.20396330207586,0.0062385872006416,1
0.040735900402069,-0.22538053244352,0.13503102213144,1
-0.01644104719162,0.071060158312321,-0.0072611123323441,1
0.13677960634232,0.16642605513334,0.10967040807009,1
0.18676680326462,-0.18076705932617,0.13715923577547,1
-0.12291583418846,-0.072431972250342,0.015288554131985,1
-0.04897677898407,0.10247003287077,-0.048775337636471,1
-0.087772041559219,-0.22355058044195,0.10492507368326,1
0.041477918624878,0.25881018489599,-0.078544117510319,1
-0.027543485164642,0.074941091239452,0.0024214461445808,1
0.047723472118378,0.22353117913008,3.5770237445831e-05,1
-0.039458155632019,-0.22153633087873,0.13526815921068,1
-0.015967011451721,0.084915868937969,0.0097345113754272,1
0.066973149776459,-0.25898402184248,0.1484105065465,1
0.049836337566376,0.13232833892107,-0.042378358542919,1
0.17809343338013,-0.15320160612464,-0.08206645399332,1
-0.053479373455048,0.27332376688719,0.037295006215572,1
0.1034979224205,-0.11775959841907,0.0097971335053444,1
-0.20264154672623,0.035847313702106,0.020623825490475,1
0.068266153335571,0.20072471350431,0.069239147007465,1
0.0268594622612,-0.13284231349826,0.034305326640606,1
-0.010290324687958,-0.17677584290504,-0.021760389208794,1
-0.1421799659729,-0.11446255166084,0.10718353837729,1
0.0073718428611755,0.069062106311321,-0.017078995704651,1
0.0068791508674622,-0.06447745859623,-0.012963324785233,1
0.092518389225006,0.12428393214941,0.0029114708304405,1
0.12428188323975,-0.27276822179556,0.015083029866219,1
0.089237451553345,0.12425567954779,0.0023280680179596,1
0.016717076301575,0.15344270318747,0.031381197273731,1
-0.026690423488617,-0.19010696560144,-0.073716133832932,1
0.02509605884552,0.28313054889441,-0.040687516331673,1
0.037019193172455,0.11307755857706,0.010217398405075,1
-0.10930722951889,0.15388046950102,0.087555564939976,1
-0.059980034828186,-0.0099024251103401,-0.021261118352413,1
-0.17886608839035,0.083292134106159,0.11722832173109,1
-0.079942911863327,-0.20907615870237,-0.00069114565849304,1
0.12179642915726,-0.20987354964018,-0.078691586852074,1
-0.15989953279495,-0.12433337420225,0.13348574191332,1
-0.11940103769302,0.051558785140514,-0.04575452953577,1
-0.10983031988144,-0.13166064396501,0.095165185630322,1
0.17784345149994,-0.25044777244329,0.046841524541378,1
0.053579032421112,-0.24984044581652,0.019329488277435,1
-0.17790961265564,-0.10159375634976,-0.0093004778027534,1
0.1682191491127,-0.15322870016098,0.067410193383694,1
0.20122921466827,0.18795546144247,-0.077266059815884,1
-0.17702332139015,-0.096680820686743,0.1157059893012,1
0.060936510562897,-0.081285070627928,-0.0041538402438164,1
-0.20812818408012,0.064451135694981,0.11592695862055,1
-0.20773547887802,0.12228090316057,0.041915588080883,1
0.089133441448212,-0.1137367086485,0.013917431235313,1
0.18846899271011,-0.18193659186363,0.094738997519016,1
0.15461707115173,0.19548233598471,-0.0057163164019585,1
0.10563713312149,-0.22438937425613,0.15413565188646,1
0.0044928789138794,-0.22992882877588,0.17387173324823,1
-0.088933289051056,-0.1354063898325,0.038781501352787,1
-0.22980457544327,0.10628531128168,-0.021520122885704,1
-0.059714257717133,0.058005295693874,-0.055569194257259,1
-0.062724083662033,-0.10840016324073,-0.0027927830815315,1
0.010339260101318,0.079151548445225,0.014406271278858,1
-0.06640762090683,-0.12949894554913,-0.067797102034092,1
-0.24644467234612,-0.0042367205023766,-0.073103167116642,1
-0.048807919025421,-0.20939914137125,0.076963640749454,1
-0.0074756741523743,0.19620575755835,0.089608378708363,1
-0.19062972068787,-0.11047487147152,0.11788750439882,1
0.044874668121338,0.22432761639357,-0.085666749626398,1
-0.17859646677971,-0.043244734406471,0.043358691036701,1
0.12816995382309,-0.10386627912521,0.0038795843720436,1
0.097839176654816,0.19356241077185,-0.023508913815022,1
0.07989913225174,-0.13278009369969,-0.055499479174614,1
0.080897152423859,0.23685862869024,0.058567725121975,1
0.01777046918869,0.084949351847172,-0.027318030595779,1
-0.028257548809052,0.28623872250319,-0.0017655268311501,1
-0.0097497701644897,-0.10009415878449,-0.032650984823704,1
0.15078967809677,-0.18460313975811,0.0067560151219368,1
0.12093108892441,0.16115015000105,0.019105106592178,1
-0.16604959964752,-0.00035139173269272,-0.054310701787472,1
-0.010991394519806,-0.14621986821294,-0.084123235195875,1
0.058497905731201,0.078266687691212,-0.0094387754797935,1
-0.12975627183914,-0.15841273963451,0.10725366324186,1
-0.23765078186989,-0.015357509255409,0.061717204749584,1
0.053079068660736,-0.1163691394031,-0.00071095675230026,1
-0.21847182512283,-0.08467354439199,-0.066754885017872,1
-0.043915569782257,-0.028296619653702,0.0087848380208015,1
0.012754023075104,0.084500722587109,-0.029464788734913,1
0.15643161535263,-0.22121455520391,0.021601274609566,1
-0.028945982456207,-0.12185200490057,0.013137497007847,1
-0.01128739118576,-0.061650861054659,0.0011942461133003,1
-0.19153001904488,0.012206442654133,0.056939207017422,1
0.1561513543129,-0.2110678628087,0.16445031017065,1
0.088117599487305,0.16365867108107,-0.043802611529827,1
0.075155794620514,-0.13800062611699,0.013839595019817,1
-0.21167013049126,-0.086695710197091,0.15160223096609,1
0.16233557462692,-0.25365091115236,0.0009920597076416,1
-0.0031514167785645,-0.085842033848166,0.010804332792759,1
-0.012143433094025,-0.12729723751545,0.035078980028629,1
-0.084989607334137,-0.10600902233273,-0.0050215944647789,1
-0.1909846663475,0.16753496974707,0.015747748315334,1
-0.12457251548767,-0.022118739783764,0.013932414352894,1
-0.2194584608078,-0.11804207414389,-0.063568994402885,1
-0.041828036308289,-0.07326964661479,0.023607067763805,1
-0.038744807243347,0.11494233459234,0.031915046274662,1
0.063931047916412,-0.097397979814559,-0.015601508319378,1
-0.11391398310661,-0.029912285506725,0.027848057448864,1
-0.024820685386658,0.18370073288679,0.076509602367878,1
-0.14295175671577,-0.18819789588451,0.14511235803366,1
0.036695599555969,0.064527876675129,-0.0085480883717537,1
0.15067839622498,0.22372072190046,-0.081278026103973,1
-0.11068880558014,-0.15155946835876,0.014709241688251,1
0.10851871967316,-0.22407928854227,0.12144846469164,1
-0.012872338294983,-0.28191005438566,0.038047321140766,1
0.070324957370758,-0.21813575923443,0.18781936913729,1
-0.16879165172577,-0.072629438713193,0.11280777305365,1
-0.18684512376785,-0.17862109839916,0.024373091757298,1
0.049476087093353,-0.21384329348803,-0.07239742577076,1
-0.1850454211235,0.027817226946354,0.055371813476086,1
0.076732635498047,0.10566889494658,0.0036845430731773,1
-0.13820308446884,-0.22484143823385,0.065052814781666,1
-0.19373396039009,-0.092970837373286,0.12600334733725,1
0.16746073961258,-0.1954392939806,-0.087444506585598,1
-0.046217024326324,0.13907814770937,0.005873829126358,1
0.033108532428741,-0.19547579437494,0.2155831232667,1
-0.027283191680908,0.1363585665822,0.022311486303806,1
-0.063317239284515,0.034491740167141,-0.039281256496906,1
-0.02572363615036,-0.078281274065375,0.019795253872871,1
0.15890794992447,-0.18371686339378,-0.040387965738773,1
-0.23935768008232,-0.063526839017868,0.0012415125966072,1
0.16429203748703,-0.21904780715704,-0.040214441716671,1
-0.049984335899353,0.035473473370075,-0.0089903697371483,1
0.079827070236206,0.24477245658636,0.14026945084333,1
-0.10225981473923,0.025087870657444,0.036366142332554,1
0.18655794858932,-0.22774664312601,0.046522386372089,1
0.071277678012848,-0.066646587103605,-0.038387261331081,1
-0.084148913621902,0.046162880957127,-0.026549272239208,1
-0.13260254263878,0.13999206572771,0.032115705311298,1
-0.0032060146331787,-0.11485083773732,0.015363320708275,1
-0.12638440728188,0.21456529945135,0.057798199355602,1
0.058286964893341,-0.10433218162507,0.026747912168503,1
0.028737366199493,-0.061766047030687,-0.011976845562458,1
-0.013840973377228,-0.099073796533048,-0.011711232364178,1
-0.097243219614029,0.028992898762226,-0.035668894648552,1
0.16041672229767,-0.21726093441248,0.03437315672636,1
-0.14318591356277,0.070566736161709,-0.051342763006687,1
-0.10170069336891,-0.048089411109686,-0.022606499493122,1
0.16504454612732,0.18665038794279,-0.067375145852566,1
-0.016506195068359,0.089539773762226,0.0099838301539421,1
-0.050765633583069,0.098410524427891,0.023543767631054,1
-0.1930730342865,0.14050061255693,0.051615126430988,1
0.018890202045441,0.067199103534222,0.0019572079181671,1
-0.082659274339676,0.18687226623297,-0.07395613193512,0
-0.22751426696777,0.063431225717068,-0.034019067883492,1
-0.18460503220558,0.099530093371868,0.031377576291561,1
0.012829720973969,-0.10562772676349,0.0021877065300941,1
-0.19333630800247,-0.12898733094335,0.014622740447521,1
-0.018261730670929,-0.079357789829373,-0.039456374943256,1
-0.030644357204437,0.075580976903439,-0.029329247772694,1
0.0845587849617,-0.28128338605165,-0.0016876682639122,1
0.067157685756683,0.22317063063383,0.078276492655277,1
0.15421259403229,0.13633956760168,-0.074080757796764,1
-0.076689898967743,-0.16737242043018,-0.096786871552467,1
-0.13009676337242,-0.14762082695961,0.032405398786068,1
0.11773890256882,-0.18653123825788,0.19102413207293,1
0.14142692089081,-0.19118417054415,0.067288793623447,1
0.12266570329666,-0.11430696770549,-0.055557079613209,1
0.0023356676101685,0.078228019177914,-0.0046181976795197,1
-0.11165881156921,0.048884145915508,-0.089461125433445,1
-0.10616561770439,-0.16172290965915,0.14166630059481,1
0.073387563228607,-0.28238449245691,0.083151109516621,1
0.20657175779343,-0.18635822832584,-0.035902984440327,1
-0.12166774272919,-0.1558870151639,0.090507976710796,1
-0.10935035347939,-0.13835975155234,-0.018972776830196,1
0.0425865650177,0.11538384109735,-0.0089756101369858,1
-0.071696728467941,0.26224245876074,0.072172977030277,1
0.12517714500427,0.1584395095706,0.018317244946957,1
0.04002457857132,-0.083260897547007,-0.041130721569061,1
-0.18747299909592,0.086022235453129,0.022349409759045,1
-0.053194582462311,0.038858868181705,-0.0065670683979988,1
-0.20545855164528,0.11455475538969,0.061128489673138,1
-0.11566159129143,0.038096390664577,-0.024185068905354,1
-0.13517308235168,0.086701549589634,0.044958479702473,1
-0.024707794189453,-0.11259369459003,-0.018898487091064,1
0.079780042171478,-0.21517276018858,0.13325119763613,1
-0.099409073591232,0.16836079210043,0.10041397064924,1
-0.0061607360839844,-0.10206142021343,-0.059477187693119,1
0.10559964179993,0.097403295338154,-0.075300484895706,1
-0.023025691509247,0.23164667934179,0.037552855908871,1
-0.13394215703011,-0.010459586977959,-0.091318003833294,1
0.15362173318863,0.17620264738798,0.049979567527771,1
-0.079326927661896,-0.24143783003092,0.14405884593725,1
-0.13252690434456,-0.061174087226391,-0.070059061050415,1
0.16434043645859,0.19916971772909,0.13769998401403,1
-0.12878066301346,0.20200189203024,-0.013951890170574,0
0.0056455135345459,0.11271526664495,-0.0033242180943489,1
0.019207417964935,0.22076150029898,0.0021711066365242,1
0.10226464271545,0.19814588874578,0.19450639933348,1
0.017985999584198,-0.17451161891222,-0.05347204208374,1
-0.10026457905769,0.25188576430082,0.11241997033358,1
-0.069286912679672,-0.069492757320404,0.0017046108841896,1
-0.042219460010529,-0.039414826780558,-0.036741591989994,1
-0.071189135313034,0.00073038041591644,-0.0060129538178444,1
0.03497314453125,0.1061035618186,0.0027877986431122,1
-0.13189172744751,0.14928249269724,0.079162307083607,1
-0.096770584583282,0.10435190051794,0.00438042730093,1
0.0007469654083252,-0.23473919183016,0.083072029054165,1
0.063684642314911,-0.1672757640481,-0.029897958040237,1
0.043638050556183,-0.28682827204466,0.056486546993256,1
-0.19332554936409,-0.17062536627054,-0.031403295695782,1
0.16929793357849,0.23064707964659,-0.0083247199654579,1
0.11306238174438,0.24519594758749,0.053437791764736,1
-0.19759386777878,0.078818924725056,-0.026820369064808,1
-0.13680186867714,0.19953107088804,-0.038507990539074,0
-0.058357566595078,-0.090211852453649,0.011912696063519,1
-0.16336593031883,-0.023270674049854,0.088163144886494,1
-0.087871611118317,-0.19416600465775,0.18341436237097,1
0.13593071699142,0.23486753553152,0.065659612417221,1
-0.14588394761086,-0.036667220294476,0.049486495554447,1
-0.04206246137619,-0.22303260117769,0.17347694188356,1
0.010278642177582,0.10808029025793,-0.041442684829235,1
-0.16287821531296,0.21358116716146,0.036456353962421,1
0.0062770843505859,0.2678399309516,0.11181820183992,1
-0.15137603878975,-0.040853399783373,0.078010104596615,1
-0.1077928841114,0.029159523546696,-0.031960219144821,1
-0.20837116241455,0.10671729594469,0.10502829402685,1
0.13978570699692,-0.15572087094188,0.078170485794544,1
0.052845597267151,-0.13908972591162,-0.086817800998688,1
0.079422175884247,-0.054197665303946,0.0022326931357384,1
0.10921901464462,-0.1249126996845,-0.029310412704945,1
0.17704379558563,0.15584617108107,0.077579356729984,1
0.14532274007797,0.15949081629515,-0.00051417946815491,1
-0.020407855510712,-0.19197964668274,0.093436188995838,1
-0.057064265012741,-0.10127435135655,0.017751663923264,1
-0.083184063434601,-0.066452134400606,-0.0065922513604164,1
-0.065077245235443,-0.18123313784599,0.11736948043108,1
-0.1052502989769,0.11920196563005,0.043031223118305,1
0.10082370042801,-0.10361057566479,0.010305128991604,1
-0.034487366676331,-0.068659067153931,-0.001473493874073,1
-0.067989498376846,0.095272488892078,-0.011090956628323,1
-0.20215585827827,0.18180879205465,-0.0091458186507225,1
0.028930723667145,-0.19301570206881,-0.034044839441776,1
0.16948813199997,-0.16436810046434,0.060885302722454,1
-0.021360754966736,-0.054854068905115,0.0063275396823883,1
0.0945765376091,-0.11679398268461,0.037195920944214,1
-0.14156699180603,-0.18154802918434,0.096704475581646,1
-0.0040890574455261,0.25239875167608,-0.046248883008957,1
-0.045751392841339,0.057801119983196,-0.032788939774036,1
-0.23484340310097,-0.086631773039699,0.10012988001108,1
0.088577330112457,-0.25532724708319,0.087406702339649,1
-0.049715220928192,0.020459212362766,-0.039974294602871,1
-0.147146910429,-0.10556587018073,0.11603865772486,1
-0.017394125461578,-0.15479247644544,-0.022026121616364,1
-0.19760373234749,-0.041625529527664,-0.026183746755123,1
0.00041133165359497,0.075814791023731,0.013190925121307,1
-0.03259938955307,0.021587327122688,-0.015739299356937,1
-0.18529725074768,-0.047517783939838,0.15874718874693,1
-7.9333782196045e-05,-0.17277234047651,-0.088219732046127,1
0.081012368202209,-0.18229656666517,-0.037325315177441,1
-0.19320774078369,0.065330199897289,-0.0032800063490868,1
-0.128741979599,0.018470980226994,0.013547621667385,1
-0.048263311386108,0.20634236186743,0.031580418348312,1
-0.083945393562317,-0.00022571533918381,-0.016606472432613,1
0.067755579948425,-0.21420568972826,0.10706425458193,1
-0.072560876607895,-0.21284127980471,0.052594304084778,1
0.1316459774971,-0.11803640983999,-0.060079745948315,1
-0.06548947095871,-0.22269210219383,0.040715672075748,1
0.051717817783356,-0.061589609831572,0.0037243217229843,1
-0.21005645394325,-0.028924211859703,0.071294821798801,1
-0.0069050788879395,-0.13171520084143,-0.003155030310154,1
-0.17266258597374,-0.043989162892103,-0.043487578630447,1
-0.020484268665314,0.11274594813585,0.0086420103907585,1
-0.21281585097313,-0.096796612255275,0.080536641180515,1
0.10798639059067,0.27759888023138,0.026233300566673,1
-0.10422164201736,0.16007878631353,0.055625654757023,1
0.083505094051361,0.21355908364058,0.04196760058403,1
0.039623975753784,0.1097863689065,0.021058402955532,1
-0.071556329727173,-0.17925143241882,0.20231045037508,1
0.080211937427521,-0.097814906621352,0.017426319420338,1
-0.099370419979095,-0.091957230120897,0.037493117153645,1
-0.093566477298737,-0.073615333065391,-0.04508575797081,1
-0.18594864010811,-0.024681776762009,0.19834030419588,1
-0.054318130016327,-0.0041372925043106,0.0074514374136925,1
0.058590233325958,0.09766798466444,-0.031714826822281,1
0.070947229862213,-0.27105911821127,-0.020547457039356,1
-0.081631422042847,0.14059925824404,0.078515164554119,1
-0.049632489681244,-0.13708994910121,0.030170105397701,1
0.074200689792633,-0.21281549334526,-0.066359639167786,1
-0.23362654447556,0.10357553511858,-0.04507302492857,1
-0.20315340161324,-0.11936844140291,0.0038386061787605,1
0.024392247200012,0.2188905403018,0.18321792036295,1
0.050844430923462,-0.23179518431425,0.091728664934635,1
-0.052944660186768,0.054277949035168,-0.053824253380299,1
-0.118656873703,-0.12527744658291,0.01444498449564,1
0.12901395559311,0.19418518990278,-0.055439367890358,1
-0.14762005209923,-0.11193153634667,0.13312564045191,1
0.077991843223572,-0.19784467667341,0.034698367118835,1
-0.062855571508408,0.096619464457035,0.026931948959827,1
0.046822130680084,-0.20650681108236,-0.0085389912128448,1
-0.19314959645271,0.1419764533639,-0.0050015226006508,1
0.030966103076935,-0.06990210339427,0.00011926889419556,1
-0.0096316337585449,0.14063798636198,-0.082116842269897,1
-0.22326511144638,0.022859007120132,-0.089262649416924,1
0.01162588596344,-0.093005958013237,-0.014058493077755,1
0.0080784559249878,0.17587327212095,-0.069241411983967,1
-0.13782146573067,-0.19214295595884,-0.086718499660492,1
0.025848269462585,0.092206291854382,-0.0026497468352318,1
-0.053167581558228,0.22334136813879,-0.014327369630337,1
-0.043214380741119,-0.14656992256641,-0.014431595802307,1
-0.10966992378235,0.1182039603591,0.067420996725559,1
-0.09206423163414,-0.084541786462069,-0.0093832686543465,1
-0.21478894352913,-0.16606609523296,-0.002759762108326,1
-0.14779585599899,0.021807111799717,-0.051220670342445,1
-0.03260600566864,-0.12181460671127,-0.078468486666679,1
0.1324422955513,0.15871237963438,0.036581598222256,1
0.042980492115021,-0.21075920015574,-0.0049604400992393,1
0.073256313800812,-0.068092253059149,0.0016305968165398,1
0.18419742584229,0.21505921334028,0.13202232867479,1
-0.18061500787735,0.13285849243402,0.14151877909899,1
0.029387295246124,-0.21718613803387,-0.025025524199009,1
-0.067301779985428,-0.18078345060349,-0.04227340221405,1
-0.16183763742447,0.13688961416483,0.1012814566493,1
0.12994259595871,-0.21478287875652,-0.068340294063091,1
-0.13585558533669,0.0085053816437721,-0.039185203611851,1
0.06408154964447,0.08350532501936,-0.014795050024986,1
-0.067695915699005,0.091588608920574,0.019253931939602,1
0.010317027568817,-0.24259597808123,0.082299314439297,1
-0.08457624912262,-0.23271668702364,0.050672739744186,1
-0.050503432750702,-0.11974104307592,0.033604361116886,1
0.1602531671524,0.2179673537612,0.039638482034206,1
-0.18661978840828,0.15813698619604,-0.027571015059948,1
0.15990382432938,-0.1971195936203,0.036307446658611,1
0.0029605031013489,-0.066512227058411,0.0010375455021858,1
0.16997957229614,-0.15418312326074,0.084149487316608,1
0.086107194423676,0.284329675138,0.050534017384052,1
0.024623095989227,-0.078647658228874,-0.03513552993536,1
0.040169060230255,-0.14379562065005,0.033517189323902,1
0.03151398897171,-0.11626679822803,-0.051665373146534,1
0.11217111349106,-0.10195564758033,-0.01984665542841,1
0.0021473169326782,0.11126833409071,0.01978887617588,1
-0.02581000328064,-0.07037803158164,0.0069440081715584,1
-0.10829418897629,-0.20550864189863,0.14925352483988,1
-0.085761189460754,0.017212025821209,-0.05967666208744,1
0.022326529026031,-0.12488723918796,-0.026652470231056,1
-0.17960253357887,-0.14616419747472,0.11773029714823,1
-0.035182416439056,0.27540465444326,0.10841547697783,1
-0.13770419359207,0.14322326332331,-0.082506395876408,1
-0.12216383218765,0.021609462797642,-0.0062218382954597,1
-0.046800553798676,-0.28075619786978,0.0019669458270073,1
-0.038377940654755,-0.20796740055084,0.13320178538561,1
-0.17095685005188,0.084478996694088,0.07023037225008,1
-0.033477962017059,-0.22294203937054,0.064100690186024,1
0.12623757123947,-0.24002666026354,0.093593411147594,1
-0.15234345197678,0.12748604267836,-0.086974985897541,1
-0.1118990778923,-0.024009145796299,0.037884019315243,1
-0.0060712099075317,0.12342194467783,-0.030322588980198,1
-0.054974049329758,-0.21022570133209,0.14140986651182,1
0.023461878299713,-0.12573878839612,0.021270968019962,1
-0.1209819316864,0.1295730099082,0.094066895544529,1
-0.029048144817352,-0.27666234225035,-0.011365503072739,1
-0.063378274440765,0.04217416793108,-0.02978602796793,1
-0.22570398449898,-0.13315895572305,0.011436142027378,1
-0.2289814054966,0.10883107036352,-0.042675979435444,1
0.052625715732574,0.1810849532485,0.049330361187458,1
0.076440751552582,-0.22788295894861,-0.044289797544479,1
0.12309259176254,0.18360545486212,0.188087888062,1
-0.045043051242828,-0.074670255184174,0.011209554970264,1
0.09590870141983,0.14530005306005,-0.0079357028007507,1
0.15602612495422,-0.16565615683794,0.20780885964632,1
0.12555384635925,0.14672469347715,-0.048745982348919,1
-0.035599291324615,-0.038095384836197,-0.011244781315327,1
0.13343614339828,-0.14404605701566,-0.0028921291232109,1
0.094911694526672,0.11652787774801,0.021571017801762,1
-0.097200304269791,-0.0076180845499039,-0.0014688149094582,1
0.055626809597015,0.15300335735083,0.012237079441547,1
0.088614821434021,0.071800969541073,0.022798366844654,1
0.092203140258789,0.086077027022839,0.023254476487637,1
-0.078862309455872,-0.059565480798483,0.014532469213009,1
-0.087553143501282,0.067050226032734,-0.042239747941494,1
0.11966246366501,0.2518198415637,0.08977360278368,1
0.039830923080444,0.10346006602049,0.0013276264071465,1
0.07274067401886,0.1775623485446,0.072282440960407,1
-0.19587850570679,0.1168275848031,0.054904900491238,1
0.056829452514648,0.080474980175495,-0.018666952848434,1
-0.061989903450012,0.17708011716604,0.09870133548975,1
0.1095085144043,0.26204576343298,-0.045984372496605,1
0.029922187328339,0.25287123769522,-0.030940875411034,1
0.082944810390472,0.18824040144682,0.049448162317276,1
0.087022662162781,0.14164584130049,-0.034504629671574,1
-0.064633786678314,-0.27497721463442,0.066626377403736,1
-0.10305386781693,0.027788512408733,-0.0070445761084557,1
0.040373802185059,0.089552916586399,-0.0026774480938911,1
-0.020590007305145,-0.21501507610083,-0.018946886062622,1
-0.015565454959869,0.059116549789906,0.0016259178519249,1
-0.064154624938965,0.037259690463543,0.019436575472355,1
0.028420090675354,0.1292672380805,0.015840299427509,1
-0.07077744603157,-0.2401482835412,0.053515255451202,1
0.069238543510437,-0.22513816505671,-0.079660974442959,1
-0.035830020904541,0.0095495954155922,-0.0054138824343681,1
0.17848592996597,-0.21410077065229,0.050436101853848,1
-0.17296928167343,0.091712169349194,-0.069675981998444,1
0.11607700586319,-0.1204366274178,-0.089055128395557,1
0.078015685081482,-0.05943026393652,0.0093060657382011,1
-0.0088489651679993,0.074141092598438,-0.0042731538414955,1
0.09805953502655,0.076130367815495,-0.029889695346355,1
-0.14201664924622,-0.04807711020112,-0.040049679577351,1
-0.04550689458847,-0.13494746759534,0.018113054335117,1
0.080510497093201,0.19524016231298,0.079471357166767,1
-0.099778562784195,0.13447626680136,-0.064538054168224,0
-0.18641892075539,0.11429467052221,0.15974722057581,1
-0.24535867571831,-0.037279881536961,-0.061400316655636,1
-0.077295631170273,0.078312955796719,-0.081416852772236,1
-0.15871500968933,-0.1512563303113,0.13276655226946,1
-0.25864803791046,0.039005301892757,0.076917700469494,1
-0.15708643198013,-0.040733449161053,-0.018105827271938,1
0.052766978740692,0.17650701850653,0.070706449449062,1
-0.075655907392502,0.2108107432723,0.14025823026896,1
-0.11926084756851,-0.22304598242044,-0.074590392410755,1
-0.02355819940567,0.050586245954037,-0.015500120818615,1
-0.033228993415833,0.068665124475956,0.0016824677586555,1
-0.028812885284424,-0.20413314551115,0.071859903633595,1
0.11067593097687,-0.10220544086769,-0.0029441341757774,1
-0.10054588317871,0.023097336292267,0.007766030728817,1
-0.11618492007256,-0.16641121357679,-0.029741898179054,1
-0.19459891319275,-0.089295425452292,-0.0041041150689125,1
-0.11023116111755,0.25100406259298,0.026693321764469,1
-0.019568860530853,0.19392272084951,0.023121170699596,1
-0.1888622045517,0.056412361562252,0.15741273015738,1
0.17688518762589,-0.15606620907784,0.12642162293196,1
-0.081695228815079,-0.037976153194904,0.023612357676029,1
-0.046798050403595,-0.18560107052326,-0.078895136713982,1
0.095205724239349,-0.083193369209766,-0.049464173614979,1
-0.14495801925659,0.026421047747135,-0.033189438283443,1
-0.056528151035309,0.11814066022635,-0.027936734259129,1
0.03563529253006,-0.27713500708342,-0.00044865161180496,1
0.0013984441757202,0.21696739643812,0.12226016074419,1
-0.12408429384232,-0.22449182718992,-0.069434754550457,1
-0.083234757184982,0.13315349072218,-0.051954604685307,1
-0.046790421009064,-0.24758174270391,-0.072035007178783,1
0.041796088218689,0.13494867831469,0.027806431055069,1
-0.20419818162918,0.11376429349184,-0.05062709748745,1
-0.027992129325867,0.070923022925854,0.0092408433556557,1
0.017863214015961,0.2155401930213,-0.083574011921883,1
-0.0016199946403503,-0.10580007033423,-0.046699620783329,1
0.020939946174622,-0.091596643440425,-0.018846616148949,1
-0.044086694717407,0.042054705321789,0.016692705452442,1
-0.1192227602005,0.072547100484371,0.06014259904623,1
0.15595436096191,0.14839942008257,0.043366588652134,1
0.083793222904205,-0.2023566737771,0.071866296231747,1
-0.18179395794868,0.018574446439743,0.042085207998753,1
0.13080126047134,-0.14583669602871,0.083428077399731,1
0.028376340866089,-0.11876517906785,-0.069610975682735,1
-0.16953882575035,-0.0028230920433998,-0.01622224599123,1
-0.15014442801476,-0.1059455703944,0.14263344556093,1
-0.14428943395615,-0.016732655465603,0.059266768395901,1
-0.090849220752716,0.19332947582006,0.18852426856756,1
-0.035721242427826,-0.062136001884937,-0.021551914513111,1
-0.069596916437149,-0.15738593786955,-0.031144045293331,1
-0.2199698984623,-0.071083288639784,0.15129467099905,1
-0.088953495025635,0.079823218286037,0.02613415569067,1
0.060047566890717,-0.26330401748419,-0.042170532047749,1
-0.083488523960114,-0.18703566491604,0.049914315342903,1
-0.1525607407093,-0.13807823508978,0.13498321920633,1
-0.10836017131805,-0.065196223556995,0.0027146115899086,1
0.0036900639533997,-0.22085265815258,-0.027249433100224,1
-0.047546923160553,-0.0031765177845955,0.0056938752532005,1
-0.14104029536247,-0.13611426949501,-0.005858026444912,1
0.026018917560577,0.14435615390539,-0.014163717627525,1
-0.1426659822464,-0.050521053373814,-0.078864179551601,1
-0.033430993556976,-0.089930647052824,-0.021105527877808,1
-0.012921273708344,0.15135964006186,0.013826467096806,1
-0.11395984888077,-0.12871298193932,-0.0034898892045021,1
0.14325433969498,-0.21610949933529,0.14346791058779,1
0.051457941532135,0.25818731635809,0.11348644644022,1
-0.14447569847107,-0.1423769518733,0.025382600724697,1
0.19226962327957,-0.19160205125809,-0.068396888673306,1
-0.040759384632111,-0.00082629919052124,0.00089228898286819,1
-0.14528733491898,-0.14118693768978,-0.062877617776394,1
0.026206135749817,0.21580975502729,0.020787589251995,1
-0.034457266330719,-0.053558796644211,-0.022087119519711,1
-0.045370876789093,-0.051300175487995,-0.049308218061924,1
-0.13866326212883,0.19530507177114,0.053666420280933,1
-0.15080228447914,0.0063852667808533,0.018098093569279,1
-0.058929622173309,0.15076204389334,0.056738592684269,1
0.027906477451324,-0.2311725243926,-0.019962765276432,1
0.034745037555695,0.11315476149321,0.029460996389389,1
0.15516501665115,0.18832256644964,0.072137929499149,1
0.00049340724945068,-0.22446576505899,0.02565810829401,1
-0.047090351581573,0.1530242189765,0.045887127518654,1
0.17299664020538,0.15820118039846,0.20497883111238,1
-0.032411873340607,0.09754429012537,-0.00089976191520691,1
0.033727288246155,-0.19411342591047,0.077649883925915,1
-0.14736485481262,0.20827504247427,0.050753213465214,1
-0.091804146766663,0.058242477476597,-0.054542370140553,1
0.11965030431747,0.22718723863363,0.012961037456989,1
-0.17144659161568,-0.093743861187249,0.0098006799817085,1
-0.13805398344994,-0.016004264354706,-0.034012652933598,1
0.049247205257416,-0.11024876497686,0.018331207334995,1
-0.039451718330383,-0.105094964616,-0.018477521836758,1
-0.067916363477707,-0.10760741680861,0.039481952786446,1
-0.039967477321625,0.03571841865778,-0.0031223818659782,1
-0.032693803310394,0.054446212947369,-0.016494177281857,1
0.062952518463135,0.14482394605875,0.03451219946146,1
-0.19039282202721,0.064284317195415,0.13711983710527,1
-0.15236687660217,-0.035277709364891,0.035185970366001,1
-0.18342930078506,0.13582656532526,0.16054024547338,1
-0.023165881633759,0.065474160015583,-0.009666420519352,1
0.095213651657104,0.20415516942739,0.11259200423956,1
-0.15679728984833,-0.081880731508136,0.031138755381107,1
-0.015271067619324,-0.12452674843371,-0.055452987551689,1
-0.056184768676758,-0.12090185470879,-0.09264025837183,1
-0.098715782165527,0.18935465067625,0.088757939636707,1
0.15646415948868,-0.2071516290307,-0.088238500058651,1
0.11205887794495,-0.12983729876578,0.0028245523571968,1
-0.023588418960571,-0.1537739187479,-0.0020983144640923,1
0.01663875579834,0.083263002336025,-0.006389431655407,1
-0.072837591171265,0.19708114117384,-0.066383749246597,0
0.14888125658035,0.14183824509382,0.052790783345699,1
-0.14015102386475,0.13164808601141,-0.022586710751057,1
-0.031327784061432,-0.048595041036606,0.00046031922101974,1
-0.0004691481590271,-0.14247530326247,-0.069812081754208,1
0.097747445106506,0.14623945206404,-0.031256854534149,1
-0.12067914009094,-0.16871635615826,0.10521680861712,1
0.12974506616592,-0.18486453592777,0.079032503068447,1
0.085863411426544,0.17033644765615,-0.095685634762049,1
-0.065965861082077,0.24140080064535,-0.071598038077354,0
-0.12324333190918,0.013461530208588,-0.045528568327427,1
-0.23074197769165,-0.076880158856511,0.041153497993946,1
0.010655999183655,0.11775230616331,-0.0079305022954941,1
-0.038643479347229,0.17928152531385,-0.0018672272562981,1
0.043358385562897,-0.23914919048548,0.012510046362877,1
-0.12676754593849,-0.22298658639193,0.1186358705163,1
0.17124444246292,-0.16651806980371,-0.036890126764774,1
-0.1191797554493,-0.17383623123169,0.12327439337969,1
-0.11145839095116,-0.010763771831989,0.038117699325085,1
-0.081172227859497,0.072549737989902,0.0036510452628136,1
0.0087036490440369,-0.05746541544795,0.0027321055531502,1
-0.04212749004364,0.00077254325151443,-0.025904215872288,1
0.092368841171265,-0.15917215123773,-0.067259848117828,1
-0.024432003498077,0.047966726124287,-0.026198081672192,1
0.008932888507843,0.18678083270788,-0.049823060631752,1
-0.0078825354576111,0.12898909300566,0.038374565541744,1
-0.099072426557541,0.061415784060955,0.024887703359127,1
0.15435391664505,-0.13817789033055,0.031967468559742,1
0.096972346305847,0.23540007323027,-0.010600067675114,1
-0.096939355134964,-0.25951456278563,0.045136384665966,1
-0.051780492067337,0.037950150668621,-0.030433751642704,1
0.15125721693039,-0.1474422365427,0.02947061508894,1
-0.19687041640282,0.12888591736555,0.068084917962551,1
-0.11416119337082,-0.0085529014468193,-0.019158758223057,1
-0.25520622730255,0.079253770411015,-0.011806167662144,1
-0.046159088611603,0.17495008558035,0.0056098029017448,1
-0.1450462937355,0.035248823463917,0.027453653514385,1
0.21890944242477,-0.19814582914114,0.094673030078411,1
-0.041347444057465,-0.039644565433264,-0.037301883101463,1
-0.012486279010773,0.17412038892508,0.042996808886528,1
0.018256664276123,-0.097620716784149,-0.025120638310909,1
-0.023425161838531,0.078236602246761,0.02066845446825,1
0.030212223529816,0.1883082613349,-0.08665232360363,1
-0.20026731491089,-0.11461983434856,0.039067156612873,1
-0.1494245827198,-0.085692528635263,-0.066328197717667,1
-0.21533653140068,0.0029852837324142,0.062409348785877,1
0.10641640424728,-0.18247044086456,0.092275626957417,1
0.09673684835434,-0.16768023371696,-0.037814311683178,1
-0.01731812953949,-0.24742916971445,-0.056361883878708,1
-0.07659125328064,0.2086648568511,0.14512724429369,1
-0.0080394744873047,0.267847917974,0.1057133898139,1
0.16797691583633,0.20425429195166,0.00063539296388626,1
0.0082205533981323,0.19457667320967,-0.065578915178776,1
0.018603503704071,-0.080479582771659,0.0018465518951416,1
-0.040676057338715,-0.15638722106814,0.029540508985519,1
-0.063441514968872,0.08209603279829,-0.032234124839306,1
-0.035232782363892,0.10700314491987,0.015166141092777,1
0.087758004665375,0.1519708558917,-0.075373373925686,1
0.12872451543808,0.10485080629587,-0.086783908307552,1
-0.18488904833794,0.16696437448263,0.11742248386145,1
0.049726366996765,0.076932452619076,-0.010743491351604,1
-0.20645362138748,-0.092936128843576,-0.086028605699539,1
0.047928750514984,0.20236819237471,-0.079769343137741,1
0.00020909309387207,0.10048084706068,-0.018169827759266,1
-0.21274727582932,0.10751924663782,-0.034899421036243,1
-0.13441786170006,-0.047197751700878,0.028822205960751,1
0.14028054475784,-0.22921893745661,-0.060073375701904,1
-0.21163159608841,-0.099187503103167,0.033448852598667,1
0.14655941724777,-0.21354212611914,0.04982990026474,1
0.11420828104019,-0.19577603787184,-0.085059076547623,1
-0.086595326662064,0.12831992655993,0.058122627437115,1
0.086068212985992,-0.076545391231775,-0.0026681199669838,1
-0.11075353622437,0.057774297893047,-0.016121439635754,1
0.0033372044563293,0.26968418806791,0.041662655770779,1
-0.16631853580475,0.19073178619146,-0.0097522512078285,1
0.078690588474274,-0.21343883126974,0.12187153846025,1
0.058267176151276,-0.218874797225,0.064497597515583,1
-0.17587426304817,-0.047074995934963,0.0091635957360268,1
-0.057451725006104,-0.04115329310298,-0.035273917019367,1
-0.10064673423767,0.12063886970282,0.023462913930416,1
-0.13823229074478,-0.13985610380769,-0.042614616453648,1
-0.015807330608368,-0.084316048771143,0.013454616069794,1
-0.14722752571106,-0.17506613582373,-0.045693464577198,1
0.083990156650543,0.21994810551405,0.087889231741428,1
-0.077985286712646,0.019044682383537,-0.037901140749454,1
-0.16829696297646,0.010717615485191,-0.0094205364584923,1
-0.012266159057617,-0.17511535435915,0.030102148652077,1
0.056281983852386,-0.21056845039129,0.17739000171423,1
-0.15043646097183,-0.061177734285593,-0.091770902276039,1
0.075538396835327,0.14778506010771,-0.022877342998981,1
0.09834748506546,-0.19557729363441,0.058968342840672,1
-0.20868408679962,0.079388789832592,-0.057933360338211,1
0.021988272666931,0.21356119960546,0.20062477141619,1
-0.039110243320465,-0.14672044664621,0.05236903578043,1
-0.089907139539719,-0.036322452127934,-0.081133008003235,1
-0.090678840875626,0.11182598024607,0.038606233894825,1
0.025524497032166,0.16501726955175,0.035279981791973,1
0.004030704498291,-0.15437364950776,-0.03316655009985,1
-0.036434710025787,-0.011495023965836,-0.019989676773548,1
-0.033268392086029,-0.15121385082603,0.036178387701511,1
-0.17819020152092,0.081245206296444,0.049758486449718,1
0.17750400304794,-0.16547698527575,-0.089094139635563,1
-0.16469645500183,-0.1326838620007,0.15471420437098,1
-0.080493956804276,-0.25623366981745,-0.041430108249187,1
0.0614293217659,0.22191425412893,-0.015886105597019,1
0.0944983959198,0.14949806779623,0.02129540592432,1
0.093309104442596,0.097552888095379,-0.045553758740425,1
0.056048929691315,-0.28170972317457,0.10358840972185,1
0.080771803855896,0.1766824349761,0.050656892359257,1
0.015519738197327,-0.1934877410531,0.033213667571545,1
-0.063749760389328,-0.0038398206233978,-0.034767709672451,1
-0.073441505432129,0.1600968465209,-0.074000738561153,1
-0.13404095172882,0.12242316454649,0.057613469660282,1
-0.14864003658295,0.05401024967432,-0.042928606271744,1
-0.2370194196701,0.067266322672367,-0.018444500863552,1
0.049714982509613,-0.1654310002923,0.066835470497608,1
0.11803102493286,0.16450964659452,0.047400273382664,1
-0.13595855236053,0.07244611531496,0.062962584197521,1
-0.070043236017227,0.12032318860292,-0.017327360808849,1
0.083582282066345,0.061349548399448,0.0072095915675163,1
0.15507781505585,-0.19500046223402,-0.064938880503178,1
-0.016903162002563,-0.05043264105916,-0.00063387304544449,1
0.098437249660492,-0.26418740302324,0.072940744459629,1
0.12667709589005,-0.12771334685385,-0.016030989587307,1
-0.073253601789474,0.19439794868231,0.18809593468904,1
-0.021188676357269,-0.20282911509275,-0.083406895399094,1
-0.077802509069443,-0.12487969361246,0.031258784234524,1
-0.19856169819832,-0.15792404487729,-0.047036297619343,1
-0.24511882662773,0.042069964110851,-0.002216525375843,1
-0.18791395425797,-0.1526388078928,-0.0093913599848747,1
-0.035329043865204,-0.037745535373688,-0.016510687768459,1
-0.14662164449692,0.11944646388292,0.018767200410366,1
0.11596262454987,-0.22603300958872,-0.038722440600395,1
-0.013693749904633,-0.20314890891314,0.060553535819054,1
0.13261300325394,-0.1653316617012,0.068881295621395,1
0.041353166103363,-0.23009874671698,0.1101006641984,1
0.033928394317627,0.23139121383429,-0.094528447836637,1
-0.08058500289917,0.017311505973339,0.026534013450146,1
0.01102739572525,-0.26547596603632,-0.022068686783314,1
-0.071538120508194,0.17781063169241,0.010965749621391,1
-0.10252460837364,-0.11483825463802,0.063273556530476,1
-0.094738751649857,0.0058183372020721,-0.058497488498688,1
0.059991180896759,-0.19881813973188,-0.071598649024963,1
0.089618146419525,0.12566135078669,-0.068972796201706,1
0.12843412160873,-0.24815645068884,-0.062071427702904,1
0.024167001247406,0.1012035831809,-0.01114434748888,1
-0.070438802242279,-0.084211245179176,0.021760381758213,1
-0.1564684510231,-0.067434538155794,-0.037672080099583,1
0.051453709602356,0.064224593341351,-0.019043006002903,1
0.12418788671494,-0.10920082032681,-0.082382328808308,1
-0.017743468284607,-0.083889491856098,0.0018347725272179,1
-0.18517565727234,0.1254405900836,-0.038226597011089,1
0.12254613637924,0.16137697547674,-0.014328323304653,1
-0.027061283588409,-0.089608522132039,-0.055284686386585,1
-0.090988099575043,0.2174564525485,-0.014661051332951,0
-0.14637646079063,0.14742114394903,-0.028114728629589,1
-0.24276494979858,-0.054751679301262,0.017091505229473,1
-0.073651820421219,0.2245200201869,0.13166712969542,1
0.10436075925827,-0.24121878296137,0.14218369871378,1
-0.20254325866699,-0.022397503256798,0.096103064715862,1
0.13530796766281,-0.24640450626612,0.1032629981637,1
-0.0034745931625366,0.16099523752928,0.04390049725771,1
0.14482021331787,0.18503334373236,-0.093647979199886,1
0.0035009980201721,0.12059234827757,-0.046741865575314,1
0.052164494991302,-0.13449835032225,-0.0071249082684517,1
-0.13173365592957,0.12220265716314,-0.035291932523251,1
0.046712517738342,-0.18892032653093,0.096367515623569,1
0.086346805095673,-0.06624710932374,0.012920401990414,1
-0.10573571920395,-0.16928818821907,0.017579481005669,1
-0.11551773548126,0.19689943641424,0.15326274186373,1
-0.12499940395355,0.20718314498663,0.13183348625898,1
0.067144691944122,-0.07841576077044,0.015687048435211,1
-0.17952728271484,-0.025850102305412,0.16099167615175,1
-0.050738751888275,0.057490952312946,-0.046116776764393,1
-0.076072841882706,-0.1301201581955,-0.036785162985325,1
-0.14812210202217,0.23683150857687,0.03547926992178,1
-0.14759021997452,-0.095127098727971,0.047484301030636,1
0.071376085281372,-0.093210296705365,0.024545334279537,1
0.0051946043968201,-0.10083115816815,-0.015645265579224,1
0.16295367479324,0.20531769841909,0.14599385112524,1
-0.043120086193085,-0.23742384463549,0.17270094901323,1
-0.086032450199127,-0.23809153586626,0.030064709484577,1
0.091789066791534,0.19270273298025,0.18701616674662,1
0.04390674829483,0.084177561104298,0.016985394060612,1
-0.22666987776756,-0.016250476241112,-0.017589591443539,1
-0.0085320472717285,0.058091007173061,-0.0056538507342339,1
-0.13131469488144,-0.18379438668489,0.064113564789295,1
-0.18291556835175,-0.0031575635075569,-0.033265836536884,1
-0.19856306910515,-0.091089206747711,0.060761414468288,1
0.044250190258026,-0.13013797439635,0.010657586157322,1
-0.19538453221321,0.0056496262550354,0.031444706022739,1
-0.18485134840012,-0.0057874619960785,0.13352037221193,1
-0.031796872615814,-0.19859669357538,-0.036533892154694,1
0.10950547456741,0.09610790759325,-0.053054414689541,1
0.18059593439102,-0.19684807956219,0.026217572391033,1
0.063319504261017,0.071399487555027,-0.016202971339226,1
0.14343839883804,-0.15911025181413,0.067553259432316,1
0.077536642551422,-0.10288040735759,-0.042992740869522,1
0.073931634426117,-0.080936431884766,-0.025339730083942,1
0.061213791370392,-0.13211087137461,-0.0037682950496674,1
-0.081707060337067,0.24044930189848,0.11918944865465,1
0.084453642368317,-0.13028357364237,-0.071634992957115,1
-0.11728730797768,-0.14031494781375,-0.048239953815937,1
0.038255989551544,-0.2001761496067,-0.059511169791222,1
0.02522337436676,0.061524979770184,-0.0018094554543495,1
-0.067163348197937,0.030797131359577,0.01167281717062,1
-0.13229408860207,0.12252946943045,0.11972156912088,1
-0.020716190338135,0.17509128898382,0.07030338793993,1
-0.11386087536812,-0.072668453678489,-0.077833153307438,1
-0.17759278416634,-0.1357240639627,-0.052115567028522,1
-0.025102972984314,-0.13241519033909,0.042725689709187,1
0.018201231956482,-0.15555201470852,-0.0032862797379494,1
0.14638036489487,-0.13890527188778,-0.097123108804226,1
0.074043810367584,-0.28279925137758,0.01993141323328,1
0.036676645278931,0.16199328750372,0.0053891465067863,1
0.042964696884155,0.16798713058233,-0.050269305706024,1
-0.026025950908661,0.019566118717194,0.0048190280795097,1
-0.12190875411034,-0.21802214533091,0.031825490295887,1
-0.091172814369202,0.098956517875195,-0.066186957061291,1
-0.022889673709869,0.089831940829754,0.011701256036758,1
0.1075758934021,-0.22084913402796,-0.055423326790333,1
0.12068325281143,-0.22697130590677,0.072353579103947,1
0.14077967405319,-0.15138475969434,-0.074156530201435,1
-0.074591934680939,-0.052790895104408,0.0035215094685555,1
0.16210412979126,0.21793427318335,-0.061009407043457,1
0.12031203508377,0.1818987056613,0.10740122944117,1
-0.068939983844757,0.14798832684755,-0.040194474160671,0
0.20327705144882,-0.18739207088947,-0.00037168711423874,1
-0.13827836513519,0.015881225466728,0.023999981582165,1
-0.081578820943832,0.25390287488699,0.067551270127296,1
-0.036968171596527,-0.2259821370244,0.098536886274815,1
0.11111891269684,0.20714282244444,0.0064100101590157,1
0.065043747425079,0.11303784698248,-0.067068822681904,1
-0.11984047293663,-0.02238654345274,0.021195389330387,1
0.12130385637283,-0.13876906037331,0.060479931533337,1
0.098878800868988,-0.2117852345109,0.12408118695021,1
0.039828598499298,0.090193070471287,-0.00056057423353195,1
-0.086032539606094,-0.13071479648352,-0.044380739331245,1
-0.18527573347092,-0.077851060777903,0.066303215920925,1
0.0016611814498901,-0.068300899118185,-0.0082666203379631,1
-0.12663647532463,-0.16537997126579,0.1966316178441,1
0.10662823915482,0.092233322560787,-0.0064130201935768,1
0.078708469867706,0.19899370521307,-0.020836502313614,1
-0.13602975010872,0.2241495475173,0.077039442956448,1
-0.063549399375916,0.25000806897879,0.14363441616297,1
-0.11215645074844,-0.035110332071781,-0.026992715895176,1
-0.0026467442512512,-0.19998178631067,-0.0099752470850945,1
-0.084628701210022,0.088567338883877,-0.032959051430225,1
0.023208320140839,-0.071066470816731,0.0021895840764046,1
0.21118402481079,0.20130115002394,-0.02334638684988,1
0.028440535068512,-0.070789996534586,0.0022697597742081,1
-0.2149458527565,0.045659564435482,0.11273872107267,1
0.12590056657791,-0.20070993900299,-0.093352109193802,1
-0.13541626930237,0.15413322299719,0.11034252494574,1
0.12745743989944,-0.17134648561478,-0.0093731284141541,1
-0.21909666061401,0.06619917601347,0.11209509521723,1
-0.13318312168121,0.068582005798817,0.045812927186489,1
-0.18126481771469,-0.19006707519293,-0.052069269120693,1
-0.080475926399231,0.13476298004389,-0.065870754420757,0
-0.16176149249077,-0.12383224256337,0.15614578872919,1
-0.17993178963661,0.19565119594336,0.032904170453548,1
-0.087389916181564,0.01060900837183,-0.0030651912093163,1
-0.25172424316406,0.042570032179356,-0.048737265169621,1
-0.10108849406242,0.1531622633338,0.056774117052555,1
0.078404426574707,-0.091740764677525,0.015981115400791,1
0.041647613048553,-0.08497205004096,-0.049280904233456,1
-0.12162488698959,-0.17050005495548,-0.07010355591774,1
-0.060267627239227,0.030437730252743,-0.050186015665531,1
-0.18855854868889,0.13607645779848,0.043055482208729,1
0.06788033246994,-0.17617896944284,-0.029662735760212,1
-0.063825458288193,-0.23124284297228,0.0026541277766228,1
0.10542696714401,0.16304107755423,-0.054716967046261,1
0.10039013624191,-0.12506275251508,-0.010732643306255,1
-0.13571867346764,0.14767164736986,0.074575670063496,1
0.054327309131622,-0.141776394099,-0.088387709110975,1
0.071856796741486,0.12703021615744,-0.040755219757557,1
-0.03639543056488,0.12741611152887,0.028142660856247,1
-0.073580414056778,0.26721753925085,-0.0050788000226021,1
-0.12504106760025,-0.032426096498966,0.0017535015940666,1
-0.038194358348846,0.054126419126987,-0.010878004133701,1
-0.072085380554199,0.10292639583349,0.017457254230976,1
-0.037424802780151,0.012808509171009,-0.013520963490009,1
-0.04540753364563,0.1849327608943,0.21990246325731,1
-0.17048436403275,-0.17938455939293,-0.039036951959133,1
-0.15728881955147,-0.070138504728675,0.036771856248379,1
0.018664598464966,0.10616274923086,-0.011033691465855,1
0.083029925823212,0.19136597961187,0.0071442052721977,1
-0.020392000675201,-0.071729861199856,0.014258228242397,1
-0.20139014720917,-0.10706113604829,0.13335440307856,1
-0.21383106708527,0.081674672663212,-0.041640125215054,1
0.074819982051849,0.13958062976599,0.044279284775257,1
0.16405099630356,-0.17008193582296,0.038717471063137,1
0.0069750547409058,-0.10228109918535,0.02574647963047,1
-0.077715665102005,0.14951563626528,-0.058075092732906,0
0.055777370929718,0.2269577011466,-0.030239917337894,1
-0.054139316082001,-0.054554030299187,0.0043667033314705,1
-0.13909420371056,0.18614967912436,-0.049408905208111,0
-0.2258725464344,0.086074449121952,0.14128371328115,1
-0.22330403327942,0.12102121859789,-0.023752517998219,1
-0.10237172245979,-0.10685445321724,0.024414725601673,1
0.026044607162476,0.27219291776419,-0.047882094979286,1
0.059692800045013,-0.23252073675394,0.10787115246058,1
0.15168273448944,0.2098778411746,0.041123285889626,1
-0.075854480266571,-0.076425794512033,0.028534911572933,1
-0.026794135570526,-0.032215788960457,0.0021254196763039,1
-0.21836671233177,-0.013256713747978,-0.089553855359554,1
-0.15728735923767,0.22882433980703,0.032247744500637,1
-0.014349281787872,-0.11397130414844,-0.063869878649712,1
-0.1589646935463,0.10347326844931,0.0080609396100044,1
-0.11843723058701,-0.010827116668224,-0.086994171142578,1
0.026167690753937,0.2064216658473,0.099580086767673,1
-0.1495515704155,0.14897156506777,0.18804403394461,1
-0.19018071889877,-0.19603892415762,-0.015093423426151,1
-0.060388147830963,0.027849532663822,-0.054696157574654,1
0.03218936920166,0.15514757484198,0.0326754078269,1
0.18396669626236,0.1978742107749,0.11778082698584,1
-0.12817105650902,-0.16319323331118,0.090096734464169,1
-0.15064784884453,-0.01922320574522,-0.042929232120514,1
0.14132606983185,0.12618886679411,0.070817403495312,1
0.10822421312332,0.15970011800528,0.0297811627388,1
0.015738904476166,0.18569364398718,-0.071936525404453,1
-0.2327299118042,0.013097301125526,-0.037177361547947,1
0.039110004901886,0.083950407803059,0.016671039164066,1
-0.049634635448456,0.26397749036551,0.061324454843998,1
-0.19521656632423,-0.11684862710536,0.017990119755268,1
0.1425838470459,0.23643668740988,-0.017276227474213,1
0.028794944286346,0.20375388115644,-0.014853082597256,1
-0.027721226215363,0.20340048521757,0.11059362441301,1
-0.12766593694687,-0.036182157695293,0.014364279806614,1
0.034549951553345,0.061954043805599,-0.0012306720018387,1
-0.062809824943542,-0.10686500137672,-0.03714494407177,1
0.12737989425659,-0.24833662062883,0.033147469162941,1
-0.01499992609024,-0.10628065513447,-0.016206964850426,1
-0.10518917441368,-0.18813338875771,0.062477007508278,1
-0.087275058031082,-0.057187300175428,-0.045096322894096,1
0.12046402692795,0.15144296735525,-0.077984437346458,1
0.13587540388107,-0.17795798182487,-0.044131673872471,1
-0.028400421142578,-0.02067257463932,-0.0055995211005211,1
-0.067151874303818,-0.067582491785288,0.028612650930882,1
0.10153788328171,-0.10305769275874,0.019206665456295,1
-0.15055656433105,-0.18008697032928,0.12717092782259,1
0.072684049606323,0.048881106078625,-0.013406790792942,1
0.095604181289673,0.076965011656284,-0.034019030630589,1
-0.075733363628387,0.034649349749088,0.014463938772678,1
-0.05909675359726,-0.025458678603172,0.016892544925213,1
0.086144804954529,0.092737801373005,0.0028227567672729,1
0.035075426101685,0.18434282392263,-0.032001584768295,1
-0.096324861049652,-0.023346304893494,-0.032472364604473,1
-0.029211342334747,0.1829946860671,-0.054324768483639,1
-0.082283616065979,-0.12702541425824,-0.058807656168938,1
0.0068813562393188,-0.16853526979685,0.015371054410934,1
-0.0046437382698059,0.058750085532665,-0.01946235448122,1
0.031426191329956,0.095300428569317,0.014723628759384,1
0.10609155893326,0.10616997629404,0.014406904578209,1
-0.15829420089722,-0.042697168886662,-0.026043735444546,1
-0.012651383876801,-0.087027573026717,-0.00621397793293,1
0.052735269069672,-0.25875700265169,-0.011577256023884,1
-0.1103463768959,0.054605133831501,-0.02070827037096,1
-0.034211695194244,-0.064768381416798,0.019971542060375,1
0.11189216375351,-0.12084284052253,0.041547201573849,1
-0.041335225105286,0.072434984147549,-0.0071364566683769,1
-0.039232790470123,-0.26293387264013,-0.050900034606457,1
0.060499727725983,-0.076640788465738,-0.044185616075993,1
-0.23077854514122,-0.018808260560036,0.080820061266422,1
-0.066227674484253,-0.23857796937227,0.075034789741039,1
-0.14820179343224,-0.021057613193989,-0.060447074472904,1
-0.06123298406601,-0.030874632298946,0.011821679770947,1
0.014013051986694,-0.099280544673093,0.012772433459759,1
-0.086699634790421,0.20087709277868,0.030712716281414,1
-0.20158416032791,0.16839470714331,0.103471390903,1
-0.15320858359337,0.045605666935444,-0.094236202538013,1
-0.064369350671768,-0.16834972053766,-0.016077734529972,1
-0.09362468123436,0.014598481357098,0.0011483505368233,1
0.055344998836517,-0.24578299373388,-0.072249136865139,1
-0.065433591604233,-0.20620388537645,0.01122372597456,1
-0.1018268764019,-0.049732819199562,-0.020632050931454,1
0.050409734249115,-0.12914039753377,-0.026372820138931,1
-0.026061773300171,0.14407735317945,-0.03920791298151,1
-0.058749973773956,0.10332002490759,0.032168336212635,1
-0.15376150608063,0.12247093766928,0.064623586833477,1
0.019810020923615,-0.26956743746996,0.028609424829483,1
0.012137293815613,-0.21407160162926,0.17991027981043,1
0.069329261779785,0.1434590741992,-0.052213072776794,1
0.080210387706757,0.15980031341314,0.066975630819798,1
0.028320729732513,0.20541482418776,-0.034110881388187,1
0.10454970598221,-0.28128183633089,0.051543496549129,1
0.077016949653625,0.2176444157958,0.17768979817629,1
0.088177740573883,-0.13809564337134,-0.0091175138950348,1
-0.0916588306427,0.26393433660269,0.0070170909166336,1
-0.12956830859184,0.17001190036535,0.058930493891239,1
-0.1408320069313,0.20174922794104,-0.033433802425861,1
0.020504653453827,-0.19467224180698,0.032576911151409,1
-0.09560626745224,-0.19617231190205,-0.040043942630291,1
-0.14114964008331,0.038331516087055,-0.098853796720505,1
-0.11443457007408,-0.21392623335123,-0.010079339146614,1
0.097812235355377,-0.12830215878785,-0.027000851929188,1
0.053428530693054,0.18496625870466,0.036085098981857,1
0.074865639209747,0.22385414689779,0.17695846408606,1
0.14852941036224,0.21760573238134,0.094960860908031,1
-0.19326025247574,0.093902967870235,-0.062354020774364,1
-0.12299346923828,0.092370055615902,0.066317684948444,1
0.12483018636703,-0.22049254924059,0.041652351617813,1
0.12272942066193,0.23681189864874,0.031328342854977,1
-0.061623007059097,-0.11060529202223,0.014387555420399,1
-0.20394963026047,-0.0073907524347305,-0.063706487417221,1
-0.11670538783073,-0.18266930431128,0.078419543802738,1
-0.019609868526459,-0.23615320771933,-0.069724611938,1
-0.054381221532822,-0.16335370391607,-0.037316545844078,1
-0.17782491445541,-0.03061118721962,-0.050878144800663,1
0.0041733384132385,-0.25218916684389,0.038882799446583,1
-0.18904826045036,-0.17301871627569,0.042039342224598,1
0.032751977443695,0.2077958509326,-0.093250155448914,1
-0.050233274698257,-0.25299976021051,0.017250798642635,1
0.091465592384338,0.11832066625357,0.030421890318394,1
-0.18087363243103,-0.053685683757067,0.15512373298407,1
-0.041100084781647,-0.089014373719692,0.0083418264985085,1
-0.054427713155746,-0.21621304005384,0.052247449755669,1
-0.0052960515022278,-0.11287976056337,0.0069757848978043,1
0.030655920505524,-0.20426910370588,0.21072030812502,1
-0.17123478651047,-0.022514522075653,0.06850341707468,1
0.028891026973724,0.12813521176577,-0.046923458576202,1
-0.0506731569767,-0.015290312469006,-6.2756240367889e-05,1
-0.056453734636307,-0.09774254495278,0.019251339137554,1
-0.037801086902618,-0.13635612279177,-0.0054378733038902,1
0.07391083240509,-0.22474966198206,0.14988137036562,1
0.20461148023605,-0.21725852042437,-0.015386320650578,1
-0.11344242095947,-0.21214356273413,0.027629293501377,1
0.0635986328125,-0.053765680640936,0.00021631270647049,1
-0.048163950443268,0.18044971674681,0.10833875089884,1
-0.094377785921097,-0.14716813340783,0.00060494989156723,1
0.057871043682098,0.15939825028181,0.034919075667858,1
-0.04881888628006,0.10429080575705,0.031284041702747,1
0.012726128101349,-0.24675720185041,0.04311989992857,1
0.0093961954116821,0.22443967312574,-0.066459871828556,1
-0.020642697811127,-0.18183977156878,-0.080627016723156,1
0.1442883014679,0.20351036638021,0.012194529175758,1
-0.063887745141983,0.076272524893284,-0.019213326275349,1
-0.037811696529388,-0.24383766204119,0.16765365749598,1
0.1687958240509,0.23080184310675,0.080255068838596,1
0.023042678833008,-0.2560895010829,0.11888457089663,1
-0.010096549987793,0.121716581285,0.0059238970279694,1
-0.12939485907555,-0.12181298807263,-0.089466728270054,1
-0.048097908496857,0.021673388779163,-0.020733170211315,1
-0.044094145298004,-0.0085211247205734,-0.0022448673844337,1
-0.24012371897697,0.019572339951992,-0.074316367506981,1
0.047208666801453,0.074574641883373,-0.032902151346207,1
-0.08923664689064,-0.012097381055355,0.00096503645181656,1
0.011086165904999,-0.13722465187311,-0.068314895033836,1
0.016795933246613,0.089213602244854,0.018929667770863,1
-0.015474677085876,0.17669638246298,0.081806890666485,1
0.21269458532333,0.20505645126104,-0.056238301098347,1
-0.093526393175125,0.0098654478788376,0.02376539260149,1
0.15373742580414,0.16884862631559,0.041414618492126,1
-0.16507109999657,0.19773592799902,0.047039993107319,1
0.038224577903748,0.24062135070562,-0.046049669384956,1
-0.24431765079498,0.059219248592854,-0.030022084712982,1
-0.044130027294159,-0.010880656540394,0.0016085281968117,1
-0.0049064159393311,0.13489832729101,0.0016353949904442,1
-0.069882869720459,-0.23068875819445,-0.025777190923691,1
-0.15808260440826,-0.097106370842084,0.10563568025827,1
-0.048692643642426,-0.018705241382122,-0.010479025542736,1
0.20092934370041,-0.18722236901522,-0.030812062323093,1
-0.11185967922211,0.056990273296833,-0.064454346895218,1
-0.035133361816406,0.26498138159513,-0.070205427706242,1
-0.074809044599533,0.034831963479519,-0.070387788116932,1
0.16738730669022,-0.22223380208015,-0.018317513167858,1
-0.007095992565155,-0.13602168112993,-0.084859129041433,1
-0.0036469101905823,0.19950630515814,-0.024139791727066,1
0.03908097743988,0.28582876175642,0.09712577611208,1
0.049935579299927,0.079330362379551,-0.0013565048575401,1
0.13884729146957,0.13377662748098,0.05104548484087,1
0.013966202735901,-0.098816302488558,-0.040124654769897,1
-0.077256470918655,0.19706489890814,-0.061534762382507,0
0.052586555480957,-0.20210107415915,-0.025479964911938,1
-0.16330376267433,-0.056381035596132,0.2173014357686,1
0.17333388328552,-0.21608651429415,0.074837617576122,1
-0.13703161478043,-0.027368739247322,-0.013280414044857,1
-0.024806559085846,-0.063460104167461,-0.020245380699635,1
-0.17582163214684,-0.093843921553344,0.025687731802464,1
-0.04185962677002,-0.046400520950556,-0.0063410177826881,1
-0.01039856672287,-0.088485171087086,-0.026186853647232,1
-0.095625400543213,0.10349278897047,0.048234544694424,1
-0.19410029053688,-0.07449746131897,-0.095379002392292,1
-0.11898744106293,-0.10555670130998,0.020895890891552,1
-0.019210994243622,0.21871387213469,-0.035795353353024,1
-0.17248943448067,-0.074106585234404,0.20136702805758,1
-0.010676741600037,-0.19411603361368,0.043149746954441,1
-0.14046412706375,-0.029024720191956,0.038521565496922,1
-0.02558833360672,-0.087129159830511,-0.029784128069878,1
0.10662645101547,-0.089993637055159,-0.01655375212431,1
-0.045722842216492,0.22475447505713,0.10295287519693,1
-0.045896291732788,0.13010240346193,-0.028067797422409,1
-0.10378712415695,-0.015441067516804,-0.045960672199726,1
0.0082986950874329,-0.29012719541788,0.016084723174572,1
-0.17636823654175,0.086466677486897,0.18716248124838,1
-0.010470390319824,0.055471368134022,-0.010860063135624,1
-0.11970141530037,0.15963830798864,0.11657015234232,1
-0.070594429969788,-0.14037587121129,0.025985382497311,1
-0.061739295721054,-0.18222184479237,-0.044449955224991,1
-0.20756500959396,0.12649788707495,0.010154344141483,1
-0.10588124394417,0.10268261283636,0.054217271506786,1
0.0205899477005,-0.10554334614426,0.01020709425211,1
-0.018511116504669,0.20384901016951,0.029295139014721,1
-0.070786207914352,-0.0050477981567383,-0.017935521900654,1
-0.11031866073608,0.075419746339321,-0.045186214148998,1
-0.069651693105698,0.09957579523325,-0.073443911969662,1
-0.014167964458466,-0.062569726258516,-0.011814020574093,1
0.12872523069382,-0.14572490751743,0.055410943925381,1
-0.20406049489975,-0.065162681043148,0.0058716908097267,1
-0.14670050144196,-0.017818592488766,-0.073933236300945,1
0.078632593154907,-0.25671521574259,0.08649655431509,1
-0.12354725599289,0.098619170486927,-0.034609742462635,1
-0.052621930837631,-0.0767507776618,-0.013707987964153,1
0.036759555339813,-0.21765818446875,0.13615968078375,1
0.0081655383110046,-0.065993007272482,0.0046941637992859,1
-0.13737925887108,-0.019183605909348,-0.042390182614326,1
0.0060091614723206,0.056725703179836,-0.010953187942505,1
-0.10317686200142,0.076693423092365,-0.04156432300806,1
0.11588162183762,0.14577218145132,-0.034119851887226,1
-0.050918757915497,0.18659987300634,0.21902508288622,1
0.01822817325592,0.22256093472242,0.08373586088419,1
-0.16236877441406,0.17251890152693,0.0768838301301,1
-0.21930375695229,-0.11649655550718,0.067419327795506,1
-0.10718515515327,-5.4873526096344e-05,0.0027462318539619,1
-0.18327277898788,0.024533353745937,0.1211399063468,1
-0.026829898357391,-0.1971435174346,0.021151132881641,1
-0.19630938768387,0.057525612413883,0.074474610388279,1
0.016708374023438,-0.22668062895536,0.015912689268589,1
0.027491569519043,0.067663066089153,-0.01127390563488,1
0.072809100151062,0.10231100767851,-0.067101903259754,1
0.047002375125885,0.28309502452612,0.019674405455589,1
-0.023706674575806,0.04277453571558,-0.0037459656596184,1
-0.1057465672493,-0.23307336121798,-0.033043727278709,1
-0.20609480142593,-0.10211857431568,0.15931830555201,1
-0.01625382900238,0.23205860704184,0.085236124694347,1
0.060031533241272,-0.13980427756906,-0.061074800789356,1
-0.1702082157135,0.031769447028637,0.10157261043787,1
-0.14265966415405,0.045541621744633,-0.086482353508472,1
0.11593246459961,0.14308548718691,0.040838427841663,1
0.15354281663895,-0.18000458925962,0.15708538144827,1
0.041771829128265,0.12137032300234,0.024030141532421,1
0.11961895227432,-0.19590621441603,0.10216592997313,1
-0.028282105922699,-0.14722216874361,-0.080215699970722,1
-0.078917592763901,0.14849957078695,0.029508076608181,1
-0.16786018013954,0.18979274481535,0.025822572410107,1
-0.053027242422104,-0.25239432603121,-0.044993117451668,1
-0.21223872900009,0.077331386506557,0.10136573761702,1
0.023010790348053,0.15994765609503,-0.050366461277008,1
0.046313524246216,0.26901458948851,0.084216497838497,1
-0.0091593861579895,-0.073798691853881,-0.0018457099795341,1
0.082773566246033,0.14029731601477,0.0049850419163704,1
-0.1572527885437,0.14828907698393,0.035667039453983,1
0.1592817902565,-0.17807096242905,0.11065825074911,1
-0.20764032006264,-0.00016461312770844,0.066915713250637,1
0.024125218391418,-0.14077744632959,-0.040465779602528,1
-0.15173500776291,-0.020037263631821,-0.016230367124081,1
0.12823343276978,0.196035169065,-0.092607721686363,1
0.0081846117973328,0.050499133765697,0.0036396458745003,1
-0.10861989855766,-0.18726740777493,-0.085899725556374,1
-0.050042301416397,-0.033461734652519,0.0034080222249031,1
0.020829200744629,0.13262585550547,0.0048193335533142,1
-0.16973778605461,0.083887152373791,0.13695656508207,1
-0.10201531648636,0.054578103125095,0.035887725651264,1
-0.17034310102463,0.076091788709164,0.15435131639242,1
-0.073890119791031,0.1072211638093,-0.012768156826496,1
-0.0770123898983,-0.080964159220457,-0.046133972704411,1
-0.12808203697205,0.088192544877529,-0.01933429390192,1
0.12928259372711,0.21685429662466,-0.024654038250446,1
0.17577075958252,0.1984109506011,0.15017668157816,1
-0.052159309387207,-0.10633523249999,-0.086770236492157,1
-0.054200440645218,-0.10945663787425,-0.079688519239426,1
-0.16459864377975,0.13882621377707,0.18247156590223,1
0.012173175811768,-0.075941754505038,-0.014246203005314,1
0.028984725475311,-0.223497800529,0.012141808867455,1
0.12540823221207,-0.2308501675725,0.1079960539937,1
-0.10566747188568,0.11370203644037,-0.059764586389065,1
-0.17480760812759,0.12145363539457,0.037783779203892,1
0.090906977653503,0.11007326096296,0.0099018290638924,1
0.068061709403992,0.1107624694705,-0.077952340245247,1
0.11387240886688,0.18858977407217,0.17981145530939,1
0.13465201854706,0.14496146887541,0.031885012984276,1
0.062788367271423,-0.2127767726779,0.089811064302921,1
-0.12586057186127,-0.13395706564188,-0.063279829919338,1
0.016424834728241,-0.14103200286627,-0.033355444669724,1
-0.10882490873337,0.011870756745338,-0.014418043196201,1
-0.18201196193695,0.065865807235241,0.10275850445032,1
-0.12480628490448,-0.22571545094252,-0.027619436383247,1
-0.028731167316437,-0.041260369122028,0.0046860501170158,1
-0.015116393566132,-0.21198916435242,-0.0011581256985664,1
-0.045228540897369,0.17112233489752,0.047152437269688,1
-0.24911588430405,0.075658239424229,0.037155620753765,1
0.098800420761108,0.14124690741301,0.020288117229939,1
-0.10437014698982,-0.21749743074179,0.036864392459393,1
0.055046856403351,-0.21645710617304,0.098757140338421,1
-0.20634001493454,-0.040463116019964,0.10550623387098,1
0.015509247779846,0.15259652584791,-0.063938319683075,1
-0.031971275806427,0.078621961176395,-0.015049196779728,1
0.022186040878296,-0.1996107250452,0.0025873854756355,1
-0.16668686270714,-0.096893342211843,0.12722482532263,1
-0.24634855985641,-0.015116006135941,0.081951580941677,1
-0.068831443786621,0.039148561656475,-0.032036624848843,1
0.013197541236877,-0.10038262698799,0.00965666025877,1
-0.037104606628418,0.052272029221058,-0.0051261112093925,1
-0.073429644107819,0.16524799913168,-0.01446794718504,0
-0.0036582350730896,-0.089014389552176,0.022862948477268,1
0.20110976696014,0.20414894074202,0.030442923307419,1
0.071986496448517,-0.079831965267658,0.0082957595586777,1
-0.17780622839928,-0.14674377068877,-0.039189763367176,1
-0.10322523117065,-0.025698870420456,-0.062830857932568,1
0.055936396121979,0.21928089112043,-0.066665358841419,1
-0.1598237156868,-0.18939752131701,0.10211362689734,1
-0.19722920656204,0.095381997525692,0.057942949235439,1
0.054723858833313,-0.14458312094212,0.012766741216183,1
0.0097512602806091,-0.2141515687108,-0.082072198390961,1
-0.22020024061203,0.09840489178896,0.11591925472021,1
0.013566374778748,0.086461998522282,-0.0092536732554436,1
0.15851294994354,0.22958352416754,-0.035686276853085,1
0.015124261379242,0.19925280660391,0.20196992903948,1
-0.049293041229248,-0.08138158544898,0.0056952014565468,1
0.17082566022873,0.24573501199484,0.056295186281204,1
-0.022350132465363,0.25226872414351,0.014341175556183,1
0.10659974813461,-0.19439421594143,0.012658260762691,1
0.047765493392944,0.25580813735723,0.008055679500103,1
-0.0023788213729858,-0.084581380710006,0.017813108861446,1
0.10694187879562,0.088404826819897,0.00010251253843307,1
0.041793286800385,0.14459989219904,-0.027640402317047,1
-0.10380518436432,-0.091795386746526,-0.096164755523205,1
0.012637615203857,0.13838887959719,-0.0063906013965607,1
-0.06822258234024,0.015872731804848,-0.01923630386591,1
-0.11309653520584,-0.096124754752964,0.056391559541225,1
-0.18276125192642,0.10134579986334,0.17162435501814,1
0.12338411808014,0.17903187125921,0.15796486288309,1
0.044914126396179,-0.069072576239705,-0.022181496024132,1
-0.006505012512207,-0.14598999172449,-0.080003343522549,1
0.12805843353271,-0.21885757893324,-0.055284254252911,1
-0.1429750919342,0.17665364593267,-0.069945283234119,0
-0.013130605220795,0.25377049297094,0.067315489053726,1
-0.024477422237396,0.16058530658484,-0.033535614609718,1
-0.064553022384644,0.11949015408754,0.0013328567147255,1
0.045261800289154,0.067578606307507,0.0014278814196587,1
0.12574189901352,-0.10674232710153,-0.05216421931982,1
0.042131245136261,0.17721607536077,0.046182602643967,1
-0.010580122470856,-0.16320735961199,-0.029861681163311,1
-0.081068634986877,0.24516069144011,-0.012184754014015,1
0.075421035289764,0.098856590688229,-0.016503028571606,1
0.087929546833038,0.14532337337732,-0.041351601481438,1
0.17599099874496,-0.21761310845613,0.14749129861593,1
-0.11095613241196,0.13363646715879,0.016149394214153,1
-0.20425036549568,-0.12226152420044,0.062844134867191,1
-0.19981876015663,-0.0233094394207,-0.042443953454494,1
-0.1801198720932,0.10819640010595,0.039002321660519,1
-0.034971058368683,-0.01273325830698,0.0018126294016838,1
-0.093619138002396,-0.17059657722712,0.054253906011581,1
-0.044942617416382,-0.22426375001669,0.080214940011501,1
-0.038561046123505,-0.01976914703846,-0.026225700974464,1
0.029160857200623,0.057064346969128,-0.0078161209821701,1
0.07882297039032,0.19930627197027,0.0439328327775,1
-0.18275240063667,0.10608913749456,0.037786461412907,1
-0.037350475788116,0.16629677265882,0.047940135002136,1
0.11250776052475,0.12384425848722,0.025403656065464,1
-0.07744562625885,-0.039398044347763,-0.0090106204152107,1
-0.049849510192871,0.02278283983469,0.0075111463665962,1
0.16087609529495,-0.19665566086769,-0.014356844127178,1
-0.10842931270599,-0.097615032689646,0.011703215539455,1
-0.24843591451645,-0.066617138683796,0.049880020320415,1
0.056163132190704,0.086173020303249,-0.049374714493752,1
0.031268358230591,0.22903897613287,0.036851786077023,1
-0.090527802705765,-0.0036677345633507,-0.019522465765476,1
0.080511569976807,0.19176357239485,0.21369493752718,1
-0.15553385019302,0.020253032445908,-0.098103452473879,1
0.026635706424713,0.074365310370922,0.0019321367144585,1
0.13753324747086,0.14763092249632,0.044503979384899,1
-0.17156040668488,0.04678799957037,-0.0040793791413307,1
0.047020137310028,-0.23752308636904,-0.0042864829301834,1
-0.0075098276138306,-0.11706779897213,0.030364282429218,1
0.13184076547623,-0.12735453061759,0.049665473401546,1
-0.086954772472382,0.17836885899305,0.07388324290514,1
-0.0043734908103943,0.2022555693984,0.12975312024355,1
-0.10405448079109,0.19486563652754,0.092294730246067,1
0.1954950094223,0.17205467075109,0.13175966590643,1
-0.067774623632431,-0.05810048058629,-0.055876657366753,1
0.099105060100555,-0.13413947448134,0.023361049592495,1
0.19536972045898,0.17592965811491,0.055288828909397,1
-0.073445647954941,-0.073812650516629,-0.044994331896305,1
0.10949474573135,-0.24075648933649,0.098157025873661,1
0.078553378582001,0.066318474709988,-0.004559651017189,1
0.098456144332886,0.26073952764273,0.058845512568951,1
0.16504102945328,-0.21151437610388,0.094667620956898,1
0.065449893474579,-0.149329200387,-0.08156031370163,1
0.067699790000916,-0.087027754634619,-0.022805377840996,1
-0.036629319190979,0.13037779182196,-0.040129296481609,1
0.014881789684296,0.20343189686537,-0.084379829466343,1
-0.10019439458847,-0.11719521693885,-0.036914996802807,1
0.059342920780182,-0.1887788400054,-0.042302027344704,1
-0.074426680803299,0.23758228868246,-0.048112280666828,0
0.090175092220306,-0.16083798184991,-0.050965808331966,1
0.19296276569366,-0.20205755531788,0.030495919287205,1
-0.17783641815186,0.086164243519306,-0.023586563766003,1
-0.17814385890961,0.12829754501581,0.16817233711481,1
-0.15234944224358,0.17692556232214,0.026364721357822,1
0.068155586719513,0.21210806816816,-0.073813199996948,1
0.18662816286087,0.20048352330923,0.038031451404095,1
-0.13892579078674,-0.17420578747988,-0.061219163239002,1
0.096595764160156,0.14736088365316,-0.0026915147900581,1
0.035518109798431,0.20093958824873,-0.039717324078083,1
-0.037364363670349,0.20601838082075,-0.079112507402897,1
-0.068516343832016,0.20467617362738,0.048682004213333,1
-0.21598145365715,0.01966717094183,0.15990332514048,1
0.042424261569977,0.15952505916357,-0.024193979799747,1
-0.062744051218033,-0.20907914638519,0.08186136931181,1
-0.19383084774017,0.020583257079124,-0.093201722949743,1
-0.16938075423241,-0.020573906600475,-0.05340002477169,1
-0.051696628332138,0.092370249330997,-0.055951677262783,1
-0.12520453333855,0.036112628877163,0.047487564384937,1
-0.23595237731934,-0.048021044582129,-0.012014366686344,1
-0.0047004818916321,-0.16131426021457,0.025475099682808,1
-0.031679213047028,0.050587050616741,-0.034145869314671,1
0.057225346565247,0.07398671656847,0.0010399892926216,1
0.064383685588837,-0.1411834731698,0.032952137291431,1
-0.10993817448616,-0.22315896302462,-0.031294569373131,1
0.063818991184235,0.046671532094479,-0.0010348483920097,1
0.0072470307350159,-0.24762848764658,0.034069217741489,1
-0.093735188245773,-0.18275561183691,0.11837705224752,1
-0.068192720413208,0.11445934325457,0.036528639495373,1
-0.11617335677147,0.11440146714449,-0.054689683020115,1
-0.051940977573395,-0.089847484603524,-0.045994207262993,1
-0.13422137498856,0.079711131751537,-0.0051363632082939,1
0.084525167942047,0.24288105219603,0.13312078267336,1
0.18357193470001,0.1626920029521,0.18808314949274,1
-0.14760291576385,0.018830686807632,0.016471706330776,1
-0.062263160943985,-0.089003334753215,-0.0017476156353951,1
-0.15721690654755,-0.059176463633776,-0.018516533076763,1
0.069663941860199,-0.16100404784083,-0.012544721364975,1
0.11686581373215,0.15028151124716,0.00051593035459518,1
0.021214365959167,-0.055906213819981,-0.0027220547199249,1
-0.10355934500694,-0.19899068772793,-0.019141763448715,1
0.014168739318848,-0.26900006085634,0.067022062838078,1
-0.076537847518921,-0.047101471573114,-0.059757120907307,1
0.011788070201874,0.18957730382681,-0.017769940197468,1
-0.057385802268982,0.0069722831249237,0.017670400440693,1
0.035031735897064,-0.15047623962164,0.051037766039371,1
-0.092789828777313,0.21825128048658,0.085831545293331,1
0.14852350950241,-0.23081404715776,-0.036056034266949,1
-0.070578783750534,-0.15426287427545,0.012633286416531,1
-0.044688045978546,0.25094594806433,-0.050441406667233,1
-0.19940608739853,0.12962416559458,0.11468275636435,1
-0.033279478549957,0.20637287944555,0.01323014497757,1
0.025838375091553,-0.20441532880068,0.079643554985523,1
0.16792041063309,-0.15513125434518,0.17925859242678,1
-0.044808924198151,-0.020453654229641,-0.011972211301327,1
0.025891959667206,-0.072299903258681,0.0030687600374222,1
0.14651411771774,0.1910145804286,0.054025992751122,1
-0.02062851190567,0.041170261800289,0.0018745586276054,1
-0.026256322860718,-0.12467713467777,0.019394621253014,1
-0.21232938766479,0.072511129081249,-0.036451101303101,1
-0.13028225302696,-0.02863809466362,0.0066429153084755,1
-0.0066719651222229,-0.08010440133512,0.016177140176296,1
0.046215355396271,-0.29401340335608,0.020068362355232,1
-0.20212933421135,0.083011575043201,-0.053408116102219,1
-0.10830229520798,-0.16190760210156,0.043757557868958,1
-0.056509047746658,0.026103265583515,0.00042640417814255,1
-0.20554280281067,0.0018286406993866,-0.050016202032566,1
-0.038939118385315,0.076431207358837,0.015405215322971,1
0.01696765422821,-0.2200121358037,0.1143154874444,1
0.13454288244247,-0.15824460983276,-0.064862363040447,1
-0.019371747970581,-0.049078356474638,-0.013670541346073,1
-0.2175926566124,-0.043718725442886,0.12119086831808,1
-0.16409689188004,0.14924655109644,-0.084692008793354,1
0.033129215240479,0.20829167217016,0.022957146167755,1
-0.14979648590088,0.099451400339603,0.0059294179081917,1
0.12479496002197,0.16037752479315,-0.030737988650799,1
-0.012992024421692,-0.08283987827599,-0.0052028000354767,1
0.0491903424263,-0.16686878353357,-0.0011837556958199,1
0.075538456439972,-0.16380480676889,0.045659385621548,1
-0.13290783762932,-0.15659602358937,-0.030440159142017,1
-0.12861952185631,0.0059420987963676,-0.037104122340679,1
-0.08759468793869,0.20248290151358,-0.07911141961813,0
-0.062743365764618,-0.042984627187252,-0.016563884913921,1
-0.12839218974113,0.068220682442188,0.028204135596752,1
0.090787827968597,-0.15076853707433,-0.096031911671162,1
-0.077598989009857,-0.037063769996166,0.024288199841976,1
-0.2370747923851,-0.041234508156776,0.016895242035389,1
0.064367055892944,-0.11700979061425,0.015340074896812,1
0.083333253860474,-0.22435749322176,-0.07773494720459,1
-0.036193549633026,-0.21852780878544,0.15861860662699,1
-0.084360480308533,0.21272932738066,-0.076318182051182,0
-0.13036841154099,0.017486095428467,-0.036699578166008,1
0.068369030952454,-0.069616850465536,-0.016885958611965,1
-0.08686774969101,0.027417801320553,0.0035952404141426,1
0.052903294563293,-0.21479634940624,0.081823952496052,1
0.067857444286346,-0.21586542576551,-0.097712941467762,1
0.077895104885101,-0.14245719462633,-0.01993677765131,1
-0.13890713453293,-0.067114699631929,0.078785143792629,1
0.08688622713089,-0.06279968470335,-0.046162433922291,1
0.050423145294189,0.071292094886303,0.0016466751694679,1
-0.20258522033691,0.088873334228992,-0.064719051122665,1
0.044951140880585,-0.07044997997582,0.0062907934188843,1
-0.18012323975563,-0.078107859939337,-0.090020269155502,1
0.026691615581512,-0.1453604772687,-0.060556314885616,1
-0.048538327217102,-0.032950639724731,0.0037813261151314,1
-0.15347898006439,0.09219116717577,0.082403503358364,1
0.16115862131119,0.15262173861265,-0.044297285377979,1
-0.047480762004852,-0.029086500406265,-0.026149019598961,1
0.081018626689911,-0.064458794891834,-0.0099136009812355,1
-0.25886186957359,-0.014657869935036,0.088275320827961,1
-0.06135955452919,0.25959774106741,0.082617975771427,1
0.024792730808258,-0.21797852218151,0.17352697998285,1
-0.084047168493271,0.058770783245564,0.0020764246582985,1
-0.055423945188522,-0.011342659592628,0.00029387325048447,1
0.0043269395828247,-0.15618905425072,-0.069646023213863,1
0.022186875343323,0.14485191553831,0.011192888021469,1
-0.087095737457275,-0.15609151870012,-0.065100245177746,1
0.066427052021027,-0.28230948001146,0.053764767944813,1
-0.020542860031128,0.027168355882168,0.0035676434636116,1
0.028346598148346,-0.080659311264753,-0.025513701140881,1
-0.067351073026657,-0.08536128886044,0.0036952719092369,1
-0.10856136679649,0.23944037407637,-0.040067531168461,0
-0.048887252807617,0.097391970455647,-0.011423759162426,1
0.07223778963089,-0.23184307664633,0.010477013885975,1
-0.22169756889343,-0.13172025233507,0.041015364229679,1
-0.20155560970306,0.068007610738277,0.072062455117702,1
-0.087277442216873,-0.16682711243629,0.11027920991182,1
0.11652618646622,0.23517491668463,-0.037584751844406,1
0.077978789806366,-0.17688690125942,0.04492212086916,1
-0.04114156961441,-0.0023341849446297,-0.017303325235844,1
-0.13267502188683,-0.19397750496864,0.17009250074625,1
0.13871490955353,-0.16294358670712,0.042672105133533,1
-0.2345512509346,0.063374556601048,0.039150230586529,1
-0.024110615253448,-0.14560035616159,-0.029692552983761,1
-0.043091237545013,-0.21695616841316,0.025625750422478,1
-0.16540643572807,0.0044802129268646,-0.036630637943745,1
-0.051266521215439,-0.085403164848685,-0.046190477907658,1
-0.022830247879028,0.11527413874865,-0.069476529955864,1
-0.18295782804489,-0.09393909573555,0.15500418096781,1
0.10708731412888,-0.19259510189295,0.13168229907751,1
0.059826254844666,-0.073810793459415,-0.01888719201088,1
-0.024825751781464,-0.049821969121695,-0.030000545084476,1
-0.23247393965721,0.012377701699734,0.12366684526205,1
-0.10065776109695,0.0048577189445496,-0.023478545248508,1
-0.19983053207397,0.031067125499249,0.18746060878038,1
-0.12188094854355,0.072798676788807,0.016719110310078,1
0.043817162513733,-0.14186206459999,0.0031054690480232,1
-0.2436748445034,0.10255711525679,0.0045427605509758,1
-0.042957544326782,-0.052962217479944,-0.037893511354923,1
-0.097920775413513,0.03959933668375,-0.046150803565979,1
-0.1421927511692,-0.088218117132783,-0.017574138939381,1
0.11249428987503,-0.15525152906775,-0.080235809087753,1
-0.047645688056946,0.086188189685345,0.009834460914135,1
0.0029152631759644,0.061080120503902,0.0042815804481506,1
-0.10591343045235,-0.024274848401546,0.018809981644154,1
-0.15261378884315,-0.094184474088252,-0.099087506532669,1
-0.23640978336334,-0.077512526884675,-0.065629437565804,1
-0.069529801607132,0.038800276815891,-0.0096260234713554,1
-0.058599144220352,0.10590855032206,-0.043846003711224,1
-0.03907173871994,0.055438168346882,0.0029582604765892,1
-0.073315173387527,-0.14354913681746,0.037503756582737,1
0.044650614261627,0.19285853952169,-0.034329518675804,1
-0.021130800247192,0.11973951011896,0.024938076734543,1
0.088415384292603,0.069173447787762,0.0062467530369759,1
0.10914939641953,-0.14403577893972,0.059806346893311,1
-0.10774403810501,-0.16332479566336,0.089845068752766,1
-0.22432708740234,-0.072265299037099,0.087398327887058,1
-0.022944152355194,-0.18761786073446,0.0013121888041496,1
0.11944365501404,-0.09800686314702,0.012121312320232,1
0.043298423290253,0.17705049365759,0.020400919020176,1
0.11284476518631,-0.26181284338236,0.10347276180983,1
-0.11607891321182,0.018038220703602,-0.074606277048588,1
-0.16103115677834,-0.15797574818134,-0.018652461469173,1
-0.028711080551147,0.0027210041880608,0.003293551504612,1
-0.046827256679535,0.051380269229412,-0.00051388889551163,1
0.031868875026703,-0.18244748562574,-0.0065319612622261,1
-0.018944680690765,-0.16038210690022,-0.04225342720747,1
0.040005385875702,-0.059275850653648,-0.014808982610703,1
-0.16215732693672,-0.11473496444523,0.0027792826294899,1
0.046146512031555,0.17694368213415,-0.094686575233936,1
-0.13031357526779,-0.0012734532356262,-0.0039601400494576,1
0.085758924484253,-0.22147177904844,0.12686564773321,1
0.088862001895905,0.22995968908072,-0.047140926122665,1
0.0062312483787537,0.11124955862761,-0.070326760411263,1
0.055386960506439,-0.09764351695776,-0.046979658305645,1
-0.20695900917053,-0.1275443714112,-0.082200028002262,1
-0.00090485811233521,-0.070217410102487,0.0025592520833015,1
0.12632685899734,-0.20864102244377,-0.047064945101738,1
-0.065836250782013,-0.21297562867403,0.01789279282093,1
-0.12535002827644,-0.093087782151997,-0.090123906731606,1
-0.065387189388275,-0.18283782154322,-0.015037000179291,1
-0.040817260742188,0.24054028838873,0.14677134901285,1
-0.037324249744415,-0.057990781962872,-0.0014866217970848,1
0.15479737520218,-0.13682705163956,-0.083915777504444,1
0.18100440502167,-0.23315573483706,0.039536826312542,1
-0.17371895909309,0.037182845175266,0.10246271640062,1
-0.04269677400589,-0.22724507004023,-0.012094356119633,1
-0.058249652385712,0.21572335809469,-0.00079198926687241,1
-0.03152471780777,-0.24703838676214,0.098528854548931,1
0.070472955703735,0.12790364772081,0.036133497953415,1
0.11233919858932,0.19261758774519,0.054052829742432,1
-0.199234187603,0.052356667816639,0.019715167582035,1
0.021256804466248,0.24462398141623,0.014482945203781,1
0.0059622526168823,0.08946081250906,0.012508399784565,1
-0.10816150903702,0.018233597278595,-0.014111287891865,1
0.09320056438446,0.08106978982687,-0.034981809556484,1
-0.098783731460571,-0.17798855155706,-0.05549780279398,1
-0.01630961894989,-0.21098314970732,0.16146228462458,1
-0.078898131847382,0.10215520113707,-0.076205812394619,1
-0.037063002586365,-0.25730863958597,0.13180459290743,1
-0.22367241978645,-0.080697430297732,0.088266544044018,1
-0.17647895216942,-0.022640779614449,-0.094863139092922,1
0.073207974433899,0.17252554744482,0.017451047897339,1
0.15871924161911,-0.21528588980436,0.054249502718449,1
0.16481935977936,0.20414169877768,0.071076102554798,1
-0.078902065753937,-0.095636227168143,-0.077350564301014,1
0.095719516277313,0.087163396179676,-0.070470340549946,1
0.01329904794693,-0.12921857275069,-0.082768581807613,1
0.04665869474411,-0.19041290134192,-0.072443962097168,1
0.1455442905426,0.2003982886672,-0.042824946343899,1
0.088800966739655,-0.14124733582139,0.017206974327564,1
0.058371424674988,0.13137429207563,0.028566963970661,1
-0.026940643787384,0.21003293246031,-0.053446896374226,1
0.10365623235703,-0.17314162105322,-0.074044764041901,1
0.11942321062088,-0.095177626237273,0.020560748875141,1
-0.11841896176338,-0.069015916436911,-0.069716110825539,1
-0.064622163772583,-0.25335711985826,-0.064969711005688,1
-0.011730372905731,-0.23633319884539,-0.069730684161186,1
-0.047457039356232,0.051655910909176,-0.00088725239038467,1
-0.030109345912933,-0.039887592196465,-0.0017848387360573,1
-0.24361988902092,0.068920157849789,-0.032161362469196,1
-0.03817492723465,-0.047226022928953,-0.034314192831516,1
0.021393656730652,-0.16676960140467,0.038228385150433,1
0.08603835105896,-0.066254787147045,-0.00028363615274429,1
0.040529549121857,-0.14712551236153,-0.043845362961292,1
-0.10713902115822,-0.080266350880265,-0.037748120725155,1
-0.16573196649551,0.12204761058092,0.10780490189791,1
-0.23322451114655,0.00091026723384857,0.0024081692099571,1
0.078975975513458,-0.14418030902743,0.021173544228077,1
-0.015836656093597,0.17237301915884,-0.013801552355289,1
0.046463191509247,-0.13288756459951,0.022977389395237,1
-0.061003804206848,-0.022265873849392,-0.024871110916138,1
0.12438780069351,0.25566648691893,0.066480062901974,1
-0.059187412261963,0.12935990840197,0.045501314103603,1
-0.056175410747528,0.092212624847889,0.02013736218214,1
-0.080448240041733,-0.18976078182459,0.10483241826296,1
0.13113564252853,-0.13015917502344,0.0056431517004967,1
0.041793048381805,0.19413908571005,0.21931175142527,1
-0.040076971054077,0.16443612426519,0.047162175178528,1
0.037457585334778,-0.2894110456109,0.081691347062588,1
-0.0051575303077698,0.16572519391775,0.013809807598591,1
0.15247315168381,0.16950132697821,0.045089244842529,1
-0.054071515798569,-0.054323274642229,-0.044650562107563,1
0.039509534835815,-0.26723501831293,0.047546319663525,1
-0.11856120824814,-0.21701750159264,-0.031017459928989,1
-0.24425581097603,-0.032200634479523,-0.038707830011845,1
0.096136450767517,0.21530591696501,0.19592810422182,1
0.040384888648987,0.091061733663082,-0.0047193095088005,1
-0.029778838157654,0.17615851014853,0.019913963973522,1
0.15499418973923,-0.16615641862154,-0.091444276273251,1
-0.1514133810997,0.047647424042225,-0.04728652536869,1
0.01647686958313,0.16902988404036,0.042995750904083,1
-0.067843109369278,-0.010489210486412,0.017241723835468,1
-0.15301889181137,-0.17530083656311,-0.065783686935902,1
-0.052014768123627,0.17925887554884,-0.044482655823231,1
-0.16496086120605,-0.12567083723843,0.17707299441099,1
0.05733984708786,-0.24373840540648,0.048765517771244,1
0.15981632471085,-0.17760883271694,-0.051005072891712,1
0.0088069438934326,0.13121306151152,-0.038999289274216,1
-0.13963940739632,-0.21400916576385,0.077138163149357,1
-0.088449120521545,0.24872886389494,-0.014357663691044,0
-0.20225751399994,0.12612665444613,0.0016478821635246,1
-0.13528418540955,0.13942512124777,0.19748193770647,1
0.065061151981354,0.045569591224194,0.0024048238992691,1
-0.0069311857223511,0.17438255995512,-0.02786835283041,1
-0.04110723733902,0.068494074046612,0.0072120651602745,1
0.1697044968605,0.14522709697485,0.11073466390371,1
-0.15508833527565,-0.22406759113073,0.010711461305618,1
0.11502557992935,-0.14313307031989,0.054905958473682,1
0.091665267944336,-0.083946069702506,-0.011113546788692,1
-0.010702550411224,-0.082299327477813,0.0029736831784248,1
-0.060922026634216,-0.14911990985274,0.070132754743099,1
0.088445007801056,-0.15685959905386,0.054532393813133,1
-0.074569165706635,-0.14073105156422,0.043432421982288,1
-0.14637231826782,0.13535354286432,0.20259160548449,1
0.10658895969391,0.1989511474967,0.027365557849407,1
0.043476998806,0.068477548658848,0.0024300813674927,1
-0.12826287746429,-0.1438384540379,-0.011649243533611,1
0.046365261077881,-0.051555540412664,-0.00063151121139526,1
-0.057216763496399,-0.18469972908497,-0.016478635370731,1
0.16161781549454,-0.2073610201478,0.10014679282904,1
-0.00010299682617188,-0.2133721113205,-0.084848567843437,1
-0.21725580096245,-0.027645878493786,0.13625036925077,1
-0.092945545911789,0.25154217332602,0.052080169320107,1
-0.077446341514587,0.0099460184574127,0.020772658288479,1
0.070330917835236,0.19319327920675,-0.034473173320293,1
-0.20491790771484,0.096102602779865,0.13757526129484,1
0.045170962810516,0.059351362287998,0.001980647444725,1
0.092365086078644,0.22525393217802,0.10443849116564,1
-0.21255850791931,0.049617893993855,0.0455656722188,1
0.046609282493591,0.081911496818066,0.0058865025639534,1
-0.060243099927902,-0.10273589729331,-0.0018703937530518,1
-0.047998368740082,-0.047507211565971,-0.024277903139591,1
-0.10097461938858,-0.10827575437725,-0.066451214253902,1
0.048350274562836,-0.24065833538771,0.15545076876879,1
0.010558366775513,0.1490331068635,-0.039500162005424,1
-0.063989758491516,0.022460334002972,-0.032114021480083,1
-0.12281346321106,-0.062705464661121,-0.077557504177094,1
0.0475954413414,-0.19628456234932,0.074929125607014,1
-0.015234887599945,-0.21064292639494,-0.058573432266712,1
-0.0049733519554138,0.17325492948294,0.04135749489069,1
-0.076688528060913,0.17659481614828,0.010803900659084,1
-0.080556064844131,-0.015293553471565,-0.024111114442348,1
0.11048662662506,0.10963939875364,-0.011430367827415,1
-0.074629485607147,-0.091435865499079,0.031096108257771,1
-0.052241563796997,-0.20700424909592,0.007023848593235,1
-0.15552639961243,0.1391042843461,-0.085302256047726,1
0.13774579763412,-0.27238301187754,0.029607079923153,1
-0.09750908613205,0.097300060093403,-0.025620333850384,1
0.056909918785095,0.10880004614592,-0.010066457092762,1
-0.016192555427551,0.12162900716066,-0.064924478530884,1
-0.120171636343,0.13979046791792,-0.029699049890041,1
-0.13212996721268,-0.1231573857367,0.016993068158627,1
-0.19057285785675,0.088471867144108,-0.017801605165005,1
-0.085438072681427,0.043748863041401,-0.035818554461002,1
0.16766732931137,0.18135967105627,-0.0012337118387222,1
-0.17011711001396,-0.14304526522756,-0.064755611121655,1
-0.05185478925705,0.091993488371372,-0.037166588008404,1
0.078663766384125,-0.12949818745255,0.040085807442665,1
0.085925877094269,0.24723558872938,0.11354518681765,1
-0.076359301805496,-0.039235305041075,0.0088618472218513,1
0.049477398395538,0.17103087157011,0.05525491386652,1
0.058078169822693,-0.13320583850145,-0.01603951305151,1
-0.048562705516815,-0.016693666577339,-0.041728645563126,1
-0.10196161270142,0.16535191982985,0.038953043520451,1
-0.18395009636879,-0.082223238423467,-0.054214827716351,1
-0.1055643260479,0.13976778835058,-0.059266172349453,0
-0.016168653964996,-0.051555830985308,-0.00078370422124863,1
-0.044409334659576,0.09233608096838,0.021526150405407,1
0.0044839978218079,0.053239680826664,-0.0079591199755669,1
0.1224570274353,-0.23536736518145,-0.039486013352871,1
-0.062638998031616,0.19458349794149,-0.062384657561779,1
-0.11019217967987,-0.036863334476948,-0.033432774245739,1
-0.044305562973022,0.058600388467312,0.019220434129238,1
0.070590019226074,0.073452346026897,-0.0013852417469025,1
-0.04040539264679,-0.067869435995817,-0.027291752398014,1
-0.14481115341187,0.10160253196955,0.047799833118916,1
0.19206565618515,0.2029047831893,0.096145369112492,1
-0.095638453960419,0.050669439136982,-0.075468853116035,1
0.18747293949127,0.23883803933859,0.010003827512264,1
-0.035939753055573,0.068780370056629,-0.021673016250134,1
-0.07211446762085,-0.036705911159515,-0.019090346992016,1
-0.061805248260498,0.17317368835211,-0.017364092171192,1
0.075334131717682,0.07904889434576,-0.010063827037811,1
-0.0528764128685,-0.11235349997878,0.021822109818459,1
-0.13384819030762,0.15844934433699,0.18490929156542,1
0.091325044631958,0.27282535284758,0.10551125556231,1
-0.13979363441467,0.18144961446524,-0.066132731735706,0
0.16870677471161,-0.19297948479652,0.04937819391489,1
-0.16165587306023,-0.0095831379294395,0.073922656476498,1
-0.14984649419785,-0.12684558704495,0.10926761478186,1
0.076687216758728,0.16082733124495,0.03311363607645,1
-0.0030551552772522,0.19173964112997,0.22186977416277,1
0.00064307451248169,0.07481911033392,0.011826410889626,1
-0.16830271482468,0.067760236561298,0.15486224740744,1
-0.042487144470215,0.043347381055355,-0.023540861904621,1
-0.20608159899712,-0.019285544753075,0.18349515646696,1
-0.1659649014473,-0.074316052719951,0.1186390593648,1
-0.16709196567535,0.089495576918125,0.12259926646948,1
-0.12584656476974,0.1287309601903,0.021967552602291,1
0.19220525026321,0.20814960449934,0.081387303769588,1
0.11077207326889,0.2170899733901,0.10202694684267,1
0.038586556911469,-0.081132428720593,0.0072894468903542,1
-0.14096191525459,0.0081548914313316,-0.023606643080711,1
0.099663555622101,0.10231470316648,-0.0026608407497406,1
0.020455837249756,0.061348907649517,-0.013230793178082,1
0.01420396566391,0.095417059957981,-0.029908955097198,1
-0.018726885318756,0.15081500262022,0.012303560972214,1
-0.22250533103943,-0.12193425744772,-0.010886885225773,1
-0.09945023059845,-0.10530288610607,-0.044046886265278,1
-0.17374709248543,0.18920799344778,-0.042892850935459,1
-0.10495156049728,0.020570479333401,0.0324612185359,1
-0.026348531246185,0.074583791196346,-0.035665266215801,1
-0.20656698942184,-0.062604453414679,-0.0017430409789085,1
-0.088419079780579,-0.057457871735096,-0.024939440190792,1
0.0052833557128906,0.062433652579784,0.0022217705845833,1
0.20197802782059,0.19012131541967,0.11110439151525,1
0.14922088384628,-0.19961099326611,0.07246420532465,1
0.073630750179291,-0.1155705191195,-0.0021588578820229,1
0.058878779411316,0.1704543158412,-0.026784308254719,1
0.0362828373909,-0.062834236770868,-0.016700930893421,1
-0.0146524310112,-0.082591021433473,0.021265812218189,1
0.060412228107452,0.065031014382839,0.0047139301896095,1
-0.10223513841629,0.049128748476505,0.0085113868117332,1
0.014154076576233,0.17405607551336,-0.081467792391777,1
0.056459546089172,-0.22803839296103,-0.033809162676334,1
-0.20024964213371,-0.018966570496559,0.12237796932459,1
-0.037813007831573,0.12453674525023,-0.031408213078976,1
-0.047382056713104,0.00025605410337448,-0.0054493620991707,1
0.091376900672913,-0.19800990819931,0.13820164650679,1
0.056676149368286,-0.067666843533516,0.0021582320332527,1
0.0020176768302917,0.07733141630888,-0.014425426721573,1
0.11589258909225,-0.096526928013191,-0.053989894688129,1
0.083434104919434,-0.19590445607901,-0.088677488267422,1
-0.04282683134079,-0.10776106826961,0.035146854817867,1
-0.24964112043381,-0.042230062186718,-0.027488753199577,1
-0.036900877952576,-0.059231143444777,-0.0060463175177574,1
-0.11571824550629,0.14743676036596,0.095169894397259,1
-0.047779679298401,-0.11215059459209,-0.0018439292907715,1
-0.047109186649323,-0.049824170768261,-0.019787885248661,1
-0.064891427755356,0.069787733256817,0.029364295303822,1
0.069136500358582,0.20935400575399,0.20680249482393,1
-0.19170635938644,0.021580427885056,0.18105951696634,1
0.10616677999496,-0.13761788606644,0.0031866207718849,1
-0.0084819197654724,-0.20946537703276,0.072786726057529,1
-0.048993706703186,0.21001245826483,0.085260160267353,1
0.11478704214096,-0.207444883883,-0.082165919244289,1
-0.0090967416763306,-0.13293400034308,0.01723862439394,1
-0.19919365644455,-0.042924795299768,0.1471361592412,1
0.023510754108429,-0.089293600991368,-0.026555649936199,1
-0.1357387304306,-0.066581767052412,0.011116437613964,1
-0.11880323290825,-0.1420073993504,0.0063963159918785,1
0.057744860649109,0.095680825412273,-0.068144664168358,1
0.13385236263275,0.20508959144354,0.13479159027338,1
0.11165827512741,0.10794126242399,0.03910818696022,1
-0.10529294610023,0.01352846622467,-0.048690669238567,1
-0.06722354888916,-0.21637888252735,0.1812197342515,1
0.19568747282028,-0.22185575962067,-0.052085287868977,1
-0.20324921607971,0.061935670673847,-0.06968792527914,1
-0.18610665202141,0.18880715221167,0.051953069865704,1
-0.19982436299324,0.16128208488226,0.093526132404804,1
-0.10459095239639,0.16836711019278,0.085392616689205,1
-0.088256239891052,0.0085998550057411,0.0039491429924965,1
0.18782526254654,0.24294873327017,0.046824745833874,1
0.12491482496262,-0.16235940903425,0.014045991003513,1
-0.14827477931976,-0.14972753077745,0.14067801088095,1
-0.12125441431999,-0.22045184671879,0.10296202450991,1
-0.064805418252945,-0.17895025014877,0.072322584688663,1
0.14948689937592,0.16767062991858,0.20488608628511,1
-0.033311009407043,0.23025544732809,0.16413422673941,1
0.089180171489716,-0.26099089533091,0.076946265995502,1
-0.20764377713203,0.096180357038975,0.14106669276953,1
-0.11967217922211,0.17635878175497,-0.057327665388584,0
-0.10138612985611,-0.012241758406162,-0.063040986657143,1
0.06447970867157,0.25721224397421,-0.039535321295261,1
0.049424350261688,-0.078343831002712,-0.0081741139292717,1
0.11221534013748,-0.2357232645154,-0.080172419548035,1
0.024767398834229,-0.066204767674208,0.0023769810795784,1
-0.09988597035408,-0.073466539382935,0.0076875612139702,1
0.07483971118927,0.15465646237135,-0.083969976752996,1
-0.20531415939331,0.17458482831717,0.03458321839571,1
0.13854098320007,0.17603286355734,0.19708136469126,1
-0.20632296800613,0.076399780809879,-0.012102596461773,1
-0.012649834156036,-0.21177416294813,0.078903175890446,1
-0.12919571995735,-0.1588424667716,0.10493720322847,1
0.16311246156693,-0.19837442040443,0.0041197016835213,1
-0.006187915802002,-0.075133547186852,-0.019534006714821,1
0.016701519489288,-0.24893722683191,-0.011119544506073,1
0.066378176212311,-0.15494424849749,0.015993751585484,1
0.11362093687057,-0.14147366955876,-0.085560448467731,1
-0.12166982889175,-0.17119657993317,0.12105337530375,1
-0.1829229593277,0.092132441699505,0.060071252286434,1
0.069535493850708,-0.082177003845572,-0.044728226959705,1
0.055807054042816,-0.20648188143969,-0.057948276400566,1
0.072970509529114,0.27510990947485,0.084496535360813,1
0.036858677864075,-0.087575952522457,0.0029250085353851,1
-0.10679578781128,-0.19855776429176,0.075345553457737,1
-0.17265573143959,0.098934732377529,0.13185811787844,1
0.086635708808899,-0.23138176649809,-0.093023307621479,1
0.029210269451141,0.14408414810896,-0.080495744943619,1
-0.10119080543518,0.18972193449736,-0.058519013226032,0
-0.042399525642395,0.05988759547472,-0.05463095754385,1
-0.11138737201691,-0.074639622122049,0.017313547432423,1
0.04623544216156,0.21982645243406,-0.088230766355991,1
-0.0080243349075317,0.075738601386547,0.0015644952654839,1
0.015301167964935,0.2278960570693,-0.02428837865591,1
-0.075340658426285,-0.19685083627701,-0.07985907047987,1
-0.051613092422485,-0.19512683153152,0.14965779334307,1
-0.10513079166412,0.03554529696703,0.016980312764645,1
-0.051675260066986,0.21650191396475,0.021313719451427,1
-0.1138082742691,0.12232599407434,-0.0050946101546288,1
0.087577939033508,0.084246776998043,-0.033169232308865,1
-0.045991539955139,0.046377308666706,-0.015704624354839,1
-0.095576375722885,-0.19905583560467,-0.038401447236538,1
-0.15598618984222,0.10296959429979,0.043723814189434,1
0.084093451499939,0.2072339579463,0.15626744180918,1
-0.21122807264328,-0.07893537543714,-0.068452529609203,1
-0.20575666427612,-0.12043050304055,-0.040758438408375,1
-0.14115208387375,0.17585032433271,0.094196476042271,1
-0.20223897695541,0.097957991063595,-0.030916184186935,1
0.078743636608124,-0.13617299124599,-0.0055168494582176,1
0.14634758234024,0.21930744498968,-0.018553882837296,1
0.13303846120834,-0.13371908292174,0.049599684774876,1
-0.061130881309509,0.020523823797703,-0.017536051571369,1
0.16892153024673,-0.16206780821085,0.1491694226861,1
-0.058729648590088,-0.041064385324717,-0.054854668676853,1
-0.16298505663872,-0.13946117833257,0.15940431505442,1
-0.25335776805878,0.060830302536488,0.040892563760281,1
-0.21129247546196,0.079250864684582,0.14544426649809,1
-0.0070728659629822,0.1188752129674,-0.055576808750629,1
-0.13491630554199,0.093326054513454,0.026803351938725,1
0.061040997505188,0.14579407125711,0.027131952345371,1
-0.083308756351471,-0.12759939953685,-0.071617543697357,1
-0.2271756529808,0.078200586140156,-0.065062902867794,1
0.05788117647171,-0.10745625663549,-0.032524891197681,1
-0.19794946908951,0.095881395041943,-0.015071086585522,1
-0.1459239423275,0.0011748895049095,-0.044293008744717,1
-0.023959696292877,-0.19982712715864,-0.018824853003025,1
-0.22033539414406,-0.090460670180619,0.024763099849224,1
0.1013520359993,0.1086935326457,-0.040429838001728,1
0.074273824691772,-0.12436590529978,0.031736187636852,1
-0.068284273147583,0.0087084919214249,0.0087953433394432,1
-0.12605962157249,-0.15327186137438,-0.071437381207943,1
0.10628038644791,-0.11288684047759,-0.017631955444813,1
0.051827609539032,-0.22185645252466,0.020672507584095,1
0.1272446513176,-0.18481534719467,0.022438488900661,1
-0.068265169858932,-0.118538223207,0.035780392587185,1
-0.089502573013306,-0.027912564575672,0.023511417210102,1
-0.030773878097534,0.087242312729359,-0.0043493434786797,1
-0.067615628242493,0.020451694726944,-0.033479958772659,1
-0.13983371853828,-0.083668764680624,0.008481852710247,1
-0.0031259655952454,-0.21642807871103,-0.098670776933432,1
-0.1287839114666,-0.17915426939726,0.16981623321772,1
0.077527642250061,-0.13483073189855,-0.092248156666756,1
-0.035255014896393,-0.19862149655819,0.17966332286596,1
0.011106669902802,-0.18351762741804,0.03854950517416,1
0.053175926208496,0.11628446727991,0.0046422407031059,1
-0.060954928398132,0.048250384628773,0.024284981191158,1
0.058817744255066,0.1115278378129,-0.0326883867383,1
0.011426150798798,-0.099004237330519,-0.050736725330353,1
0.12412911653519,-0.21070784330368,0.16905640810728,1
-0.048633396625519,-0.24598487466574,0.015604913234711,1
-0.05510950088501,0.015883132815361,0.005610503256321,1
-0.22641611099243,0.071070276200771,0.098583124577999,1
-0.042746841907501,0.0030967742204666,-0.029955767095089,1
0.079484403133392,0.06539236754179,0.00020406395196915,1
-0.05693593621254,0.0064447075128555,0.0019604191184044,1
-0.070342838764191,0.045425035059452,0.020246349275112,1
-0.19078221917152,-0.16126728057861,0.10704452544451,1
-0.17489212751389,-0.11828046478331,-0.066691629588604,1
-0.12827861309052,0.1008360311389,0.042161576449871,1
-0.2052099108696,-0.095259779132903,0.06359725445509,1
0.023881077766418,0.12615018337965,-0.0040050446987152,1
0.10060316324234,0.099132739007473,0.014187529683113,1
-0.036535799503326,-0.031764797866344,-0.0079517140984535,1
0.051508843898773,0.24135463684797,0.14671532064676,1
-0.0089825391769409,-0.072073634713888,0.010631710290909,1
-0.12294039130211,-0.19660971313715,0.14939437061548,1
-0.2552618086338,0.07653009146452,0.018338985741138,1
0.097807228565216,0.19347732514143,-0.028661958873272,1
0.058533906936646,-0.23349975794554,0.18362284451723,1
0.0043359398841858,0.16968982666731,-0.048761159181595,1
0.021626114845276,-0.27547601610422,0.05081357806921,1
-0.20560121536255,-0.1592785269022,0.10540648549795,1
0.071461021900177,-0.059803660959005,-0.019056893885136,1
0.069569766521454,-0.082071371376514,-0.0059674605727196,1
0.17556256055832,0.19249924272299,0.0052132979035378,1
0.056139171123505,-0.10642219614238,-0.0084496960043907,1
0.19391512870789,0.17864223569632,-0.020152054727077,1
-0.1386431157589,0.10687053948641,-0.034181915223598,1
-0.049293220043182,-0.05335196852684,-0.030635483562946,1
-0.03410816192627,-0.16214087978005,0.035058982670307,1
0.056390523910522,-0.064464598894119,0.0031922832131386,1
0.14914637804031,-0.19758171588182,0.14916373044252,1
0.024922370910645,0.12405901402235,-0.016092889010906,1
-0.042568266391754,-0.088196760974824,0.019141860306263,1
-0.14285233616829,-0.13431633263826,0.054368413984776,1
0.10355472564697,0.19774972647429,0.034984216094017,1
-0.075880855321884,0.12701491266489,-0.015940926969051,1
0.076646864414215,0.13899516314268,0.045048788189888,1
0.0019700527191162,0.11510378867388,0.022408686578274,1
-0.21329718828201,0.10636537522078,0.0085297301411629,1
0.091548085212708,0.24253379553556,-0.023088194429874,1
0.14063674211502,-0.16771097481251,0.020631201565266,1
-0.10913959145546,0.023303888738155,0.023537136614323,1
0.037278473377228,-0.066857226192951,0.0031838491559029,1
-0.13707703351974,-0.15512903407216,0.01647587865591,1
-0.22492492198944,0.14579636603594,-0.014984436333179,1
-0.048043191432953,-0.20081327110529,0.1443253532052,1
-0.10741630196571,-0.17855463176966,0.14824289828539,1
-0.16076669096947,-0.0098333209753036,0.049670435488224,1
-0.0098379850387573,-0.20851927250624,0.028725154697895,1
-0.19772505760193,-0.061671778559685,-0.089528992772102,1
0.17815345525742,-0.1880054473877,0.030135236680508,1
-0.085379302501678,-0.028184741735458,-0.061923757195473,1
0.044730842113495,-0.1719127446413,0.041641481220722,1
-0.087958484888077,0.0058424100279808,-0.066367544233799,1
0.12074720859528,0.13709094375372,-0.07394777238369,1
-0.062131464481354,0.076642073690891,-0.013736955821514,1
-0.091972678899765,0.044490925967693,-0.081405095756054,1
-0.2250012755394,0.060355387628078,-0.062760703265667,1
-0.17367345094681,0.1280939206481,0.14717433601618,1
-0.2023563683033,-0.16745834052563,0.056515358388424,1
-0.134337246418,0.039698399603367,0.046170510351658,1
-0.058617681264877,-0.0088291093707085,-0.037152729928493,1
0.20016771554947,0.21090268343687,0.10357152670622,1
-0.0054177641868591,0.070335991680622,-0.015317142009735,1
0.0275057554245,-0.2035289555788,-0.018392153084278,1
0.0086783170700073,-0.19436685740948,-0.10114445909858,1
-0.13719218969345,0.21799766272306,0.042144753038883,1
-0.0049045085906982,0.096476070582867,-0.031262792646885,1
-0.13574481010437,0.084511242806911,0.074544571340084,1
0.12636321783066,-0.21596670150757,0.10236100107431,1
0.14015847444534,-0.20526534318924,0.058661848306656,1
-0.089174896478653,0.25683256238699,-0.048556908965111,0
0.16758036613464,-0.19454288482666,0.079044245183468,1
-0.17171919345856,0.18928643316031,0.093259431421757,1
-0.18373242020607,0.1073486879468,0.00080233067274094,1
-0.10268619656563,0.19511195272207,-0.073329649865627,0
0.15134453773499,-0.19823015481234,0.054151691496372,1
-0.088757514953613,-0.077933121472597,-0.04291146248579,1
0.13812446594238,0.24902974814177,-0.023105680942535,1
-0.06904399394989,-0.11166250519454,-0.025300107896328,1
0.057523131370544,-0.1047375346534,-0.028280563652515,1
-0.11305192112923,0.1890472099185,0.12532686442137,1
-0.16022229194641,0.095705039799213,0.15125750750303,1
-0.1862453520298,0.12150124460459,-0.018805630505085,1
-0.022239148616791,-0.1485929377377,0.010095246136189,1
-0.17345678806305,-0.19485266506672,0.092203803360462,1
-0.049623429775238,0.017561033368111,-0.020193450152874,1
0.15980213880539,-0.15801571682096,0.03063689917326,1
0.10119265317917,-0.24443582445383,0.10799864679575,1
0.16902524232864,0.23667641729116,0.046467363834381,1
-0.18279278278351,0.12997872382402,0.1140875890851,1
0.10746020078659,-0.16573625057936,-0.025258898735046,1
-0.049422323703766,-0.13722106069326,0.017150975763798,1
0.013761758804321,-0.15881139412522,-0.056158654391766,1
-0.045777082443237,0.10797446221113,0.0045178756117821,1
-0.17931994795799,-0.16678782552481,0.047157891094685,1
-0.24366292357445,-0.1076469682157,0.0056024417281151,1
-0.17892673611641,-0.021456718444824,-0.056627921760082,1
-0.083659917116165,-0.11263424623758,0.01452361792326,1
0.11206763982773,-0.13318776339293,0.00034188479185104,1
-0.11453637480736,-0.07083279453218,0.0051925852894783,1
-0.15694713592529,-0.10720329359174,0.083896435797215,1
0.035842418670654,0.22050126641989,0.045638918876648,1
0.0085452198982239,-0.20407327264547,-0.029218189418316,1
0.054607808589935,-0.21649093180895,-0.0054303035140038,1
-0.06951716542244,-0.028923250734806,-0.058452196419239,1
0.11563444137573,0.096336282789707,0.017871282994747,1
-0.11926048994064,-0.14510133489966,0.11439817398787,1
-0.089672207832336,-0.14648291841149,-0.042932637035847,1
-0.16311067342758,-0.10255572991446,0.040599159896374,1
-0.1750795841217,0.10293828696012,-0.019564755260944,1
0.133653819561,-0.15212794393301,0.088908143341541,1
0.0044087767601013,-0.080681022256613,0.0061824321746826,1
-0.12427371740341,0.1617499217391,0.062212713062763,1
0.066664934158325,0.067779384553432,0.011868096888065,1
-0.10952305793762,0.12021774798632,0.065603964030743,1
0.076350808143616,0.095988892018795,0.0017980933189392,1
0.0025686621665955,0.25549744814634,0.083834238350391,1
-0.043037831783295,0.054972685873508,-0.024694465100765,1
-0.023168206214905,0.051117070019245,-0.021920643746853,1
-0.06359001994133,-0.14821991324425,0.044827841222286,1
0.085072338581085,0.063536904752254,-0.032125301659107,1
-0.09075939655304,0.10402116924524,-0.0071888938546181,1
-0.18315386772156,-0.041924513876438,0.20536930114031,1
0.054243862628937,0.075723819434643,-0.011623166501522,1
-0.16090646386147,0.017472803592682,-0.088245086371899,1
0.086400866508484,0.18633355945349,0.22204668074846,1
-0.20617091655731,-0.05340289324522,-0.049368806183338,1
-0.048120975494385,-0.14754091948271,0.065111145377159,1
-0.0032250881195068,0.19759928435087,0.11471005529165,1
0.0670205950737,0.19697799533606,0.098529942333698,1
-0.1056355535984,-0.15854356810451,0.1082347407937,1
-0.20426151156425,-0.11223514936864,0.039714761078358,1
0.027565181255341,-0.06743573769927,-0.027337037026882,1
-0.10980987548828,0.10177106410265,0.018468134105206,1
0.03631591796875,-0.20281793922186,0.20921213179827,1
0.038235366344452,-0.19455379992723,0.013937249779701,1
0.11827409267426,-0.17803511023521,-0.016789823770523,1
0.041248500347137,-0.15731843933463,-0.073865294456482,1
0.11388289928436,0.16917129606009,0.10611141473055,1
-0.12609061598778,0.019833214581013,-0.01324575394392,1
-0.032736778259277,0.2090325281024,-0.048018977046013,1
-0.11505499482155,-0.2352287992835,0.012015156447887,1
-0.071532130241394,0.18476434797049,0.060951560735703,1
-0.15855342149734,0.039544753730297,-0.08612085878849,1
0.10013437271118,0.20342146605253,0.074684388935566,1
0.01548159122467,-0.25075521320105,0.11097282916307,1
0.075909078121185,0.075839929282665,-0.021278351545334,1
-0.11440694332123,0.1649072393775,0.18033484369516,1
0.00011330842971802,0.15618904680014,-0.028297923505306,1
-0.099604666233063,-0.040414523333311,0.0058879628777504,1
0.084144771099091,-0.2360627874732,0.10833627730608,1
-0.022464692592621,-0.094968809746206,0.012411177158356,1
-0.25791493058205,-0.057158093899488,0.030724637210369,1
0.043619692325592,-0.20690379291773,0.19227350503206,1
-0.16989186406136,0.024291567504406,0.023644246160984,1
-0.20826035737991,0.13011590391397,-0.048894539475441,1
0.084054470062256,-0.2038162946701,0.20472348481417,1
-0.15964651107788,-0.20071969181299,0.032262943685055,1
-0.1174476146698,0.024983696639538,-0.05106346309185,1
-0.15914803743362,0.093910433351994,-0.033242151141167,1
0.12250703573227,0.11736569553614,-0.057985693216324,1
-0.009635865688324,0.23930188268423,-0.07791418582201,1
-0.05474054813385,0.20543553680182,-0.087284177541733,1
0.0068055391311646,0.19285234063864,-0.073632687330246,1
-0.051275044679642,0.097783379256725,-0.047169558703899,1
0.0087627172470093,-0.25617771595716,0.048649445176125,1
0.088516354560852,0.067958168685436,-0.019076876342297,1
-0.047339498996735,-0.25699197500944,-0.068897575139999,1
-0.23447379469872,-0.07535788230598,0.03105553239584,1
-0.053091108798981,0.060145638883114,-0.022048152983189,1
0.092403709888458,0.19412269443274,0.13485077768564,1
-0.13620674610138,-0.17191954702139,0.027355618774891,1
-0.037802577018738,0.16497444361448,0.047029592096806,1
-0.069571375846863,0.12616508454084,-0.0022365376353264,1
-0.014740467071533,0.087128572165966,0.014477021992207,1
-0.1373336315155,0.1714197024703,0.086622647941113,1
0.0077300667762756,-0.063869573175907,0.0049739703536034,1
0.061143338680267,0.15255754441023,-0.042155511677265,1
-0.014481723308563,-0.17638171464205,0.034537091851234,1
0.13141667842865,-0.18366944789886,0.072759233415127,1
-0.04547131061554,-0.057658288627863,0.0066565200686455,1
0.081023812294006,0.2864441499114,-0.0036424770951271,1
-0.19110974669456,0.0036060139536858,0.099175117909908,1
-0.16381198167801,-0.10499081062153,-0.063782311975956,1
0.019337356090546,0.13350983709097,-0.042413637042046,1
0.051224291324615,0.20822706073523,0.01902112364769,1
0.0087162852287292,-0.19822344183922,0.12524599581957,1
-0.14447045326233,-0.1574841439724,-0.058259628713131,1
0.091955363750458,-0.26686073094606,-0.0025111511349678,1
-0.16684973239899,0.10490546375513,-0.069916620850563,1
0.10293072462082,-0.19756742566824,0.038407176733017,1
0.054048538208008,-0.088772720657289,-0.008126825094223,1
-0.20337614417076,-0.010536387562752,-0.051419585943222,1
0.093666970729828,0.17210268229246,0.091093607246876,1
-0.035818874835968,0.24141415208578,-0.0066385045647621,1
0.050856173038483,-0.066665802150965,-0.01442613452673,1
0.16424185037613,-0.20260506123304,-0.069350756704807,1
0.063701808452606,0.04556081444025,-0.0030236914753914,1
-0.24446207284927,0.0064685866236687,-0.057170450687408,1
0.069581210613251,-0.1753563284874,0.029580064117908,1
-0.068766534328461,-0.052050415426493,0.0081273540854454,1
0.051217913627625,0.12488257139921,0.0060637816786766,1
0.12082803249359,-0.25788555294275,0.061302736401558,1
-0.16199362277985,-0.016452729701996,0.083230026066303,1
0.0051282048225403,-0.26490377634764,0.12426728755236,1
0.13687580823898,0.18679978698492,-0.0026207119226456,1
-0.0094348788261414,0.21301158517599,-0.020218037068844,1
0.054304838180542,0.23975395411253,0.10469826310873,1
-0.063259065151215,-0.11015133652836,0.038268253207207,1
0.003567099571228,-0.22274691611528,0.056642018258572,1
-0.012863993644714,0.15890713781118,0.061830438673496,1
0.0085627436637878,0.13057570904493,-0.079736076295376,1
-0.11304444074631,-0.0028000548481941,-0.049507059156895,1
-0.18773633241653,0.12061118334532,-0.019329316914082,1
-0.046107769012451,0.10180436819792,-0.038020886480808,1
0.1333150267601,-0.20859119296074,-0.048205062747002,1
-0.12276047468185,-0.037624649703503,-0.015576101839542,1
-0.030080139636993,-0.17053061723709,0.038547165691853,1
-0.033907651901245,-0.23822132498026,-0.074496813118458,1
0.082280039787292,0.10348942130804,0.025132402777672,1
-0.036800920963287,-0.24023402482271,-0.0069731920957565,1
0.11512690782547,0.16157602518797,-0.0095501840114594,1
-0.10362458229065,-0.15721559897065,-0.042829647660255,1
0.12820881605148,0.12334629148245,-0.046329073607922,1
-0.16837042570114,0.15447571128607,0.13762871176004,1
-0.034423887729645,-0.18602100014687,0.0057209655642509,1
0.15659761428833,0.24516602605581,0.11464054137468,1
-0.020949125289917,-0.19523390382528,0.03373234719038,1
0.082699060440063,-0.18658625334501,-0.013335295021534,1
0.1341934800148,-0.15260808169842,0.087577320635319,1
-0.015990376472473,0.12836550921202,-0.065705940127373,1
-0.15389001369476,0.083129458129406,0.021369569003582,1
0.13494771718979,-0.15061997249722,-0.036972887814045,1
-0.055040329694748,-0.023651771247387,0.008623294532299,1
-0.14264410734177,-0.10093247116311,0.051063947379589,1
-0.027806580066681,-0.096117404289544,0.021055065095425,1
-0.1865901350975,-0.16356994211674,0.1151440218091,1
-0.0088492631912231,0.067674033343792,-0.0092417448759079,1
0.035816788673401,0.13495256751776,-0.036824882030487,1
0.066792905330658,-0.25856960564852,0.10947412997484,1
0.11789870262146,-0.14297155290842,0.0045182630419731,1
-0.1678004860878,-0.11305157653987,0.15476276725531,1
-0.099238455295563,0.095728598535061,0.047947727143764,1
-0.026434779167175,0.20239701122046,0.11177336424589,1
0.095508277416229,0.080806337296963,-0.0067566782236099,1
-0.060619980096817,-0.030295453965664,0.019703440368176,1
-0.097950011491776,0.23111467808485,0.038074366748333,1
0.052642226219177,0.19860314577818,0.13124371320009,1
0.075143873691559,-0.23080006986856,0.13543457537889,1
0.054217875003815,0.12353520840406,-0.010378457605839,1
-0.2138464152813,-0.073170751333237,0.14784484356642,1
0.14782559871674,0.22557707875967,0.11854577809572,1
-0.015986263751984,0.13934167474508,-0.03886367380619,1
0.10042524337769,0.2512793764472,0.050989121198654,1
0.016229093074799,-0.089878817088902,0.019960798323154,1
-0.089981406927109,-0.034548372030258,-0.049398362636566,1
0.087076425552368,-0.10181895573623,-0.063433222472668,1
0.1729793548584,0.15515913814306,0.12703927606344,1
0.092205226421356,0.15913885086775,-0.090860359370708,1
0.095184624195099,-0.1523168720305,-0.013486295938492,1
-0.029071390628815,0.11549422889948,0.014339454472065,1
-0.15235105156898,-0.0051692649722099,0.078776262700558,1
0.034069538116455,0.093476496636868,0.0089080035686493,1
0.044683158397675,-0.072310499846935,0.0058910325169563,1
0.0022460222244263,-0.18592032790184,0.067012041807175,1
0.048830211162567,0.13398719578981,-0.0058261975646019,1
0.07413512468338,0.073822699487209,0.017991438508034,1
-0.14868116378784,0.083589233458042,0.090772815048695,1
-0.19080525636673,0.11422596126795,0.059648595750332,1
-0.011896789073944,0.2584116384387,0.1162973716855,1
0.026865839958191,0.18345936387777,0.046483255922794,1
-0.038612544536591,0.16495504230261,0.01585029065609,1
0.060279190540314,-0.15766882151365,-0.067941583693027,1
-0.11434036493301,-0.24741043895483,0.086314924061298,1
-0.050528317689896,0.19570621103048,-0.073886848986149,1
-0.21063756942749,0.16546132415533,0.081090413033962,1
0.033339381217957,0.22981198877096,0.14964384585619,1
-0.069916397333145,-0.14454021677375,-0.0044995695352554,1
0.065742611885071,0.08229436725378,0.01990107446909,1
-0.014747202396393,0.16322829574347,0.022933177649975,1
-0.014427661895752,0.18043225258589,0.038146778941154,1
0.028166174888611,0.063970573246479,-0.013680659234524,1
-0.1640559732914,-0.073419824242592,-0.073004238307476,1
-0.063285976648331,-0.014651700854301,0.0046477243304253,1
-0.021294891834259,0.083992786705494,0.014329314231873,1
-0.029626786708832,-0.1404173374176,-0.00012306869029999,1
0.046994388103485,0.24866216629744,0.043041363358498,1
-0.14711520075798,-0.11750196292996,-0.076173238456249,1
-0.0053022503852844,-0.11157784052193,-0.026058733463287,1
-0.097637385129929,0.20061930269003,0.18362560123205,1
-0.084375083446503,-0.12843697145581,0.052576638758183,1
-0.05444747209549,0.107167981565,0.039367131888866,1
0.052177131175995,-0.15902992337942,0.019538812339306,1
-0.056908011436462,0.017326697707176,-0.046680472791195,1
0.044514358043671,0.26146634668112,0.040689133107662,1
0.092105746269226,-0.089108006097376,0.001548059284687,1
-0.10907369852066,0.13393124192953,-0.0005631223320961,1
-0.036928236484528,-0.087436901405454,-0.014621376991272,1
0.13544249534607,0.21235980838537,0.072331197559834,1
-0.11539220809937,-0.095011241734028,-0.034009791910648,1
-0.038687527179718,-0.066924508661032,-0.012723289430141,1
-0.0048806071281433,-0.11205622646958,-0.041081048548222,1
-0.18703630566597,-0.11933975480497,0.050061084330082,1
-0.050430536270142,0.1830692216754,0.079096533358097,1
0.11633223295212,0.14969574660063,-0.075587391853333,1
-0.23569241166115,-0.023324377834797,0.11692129820585,1
0.11586546897888,0.093276925384998,-0.005096934735775,1
0.13409179449081,-0.1106217391789,0.0038849785923958,1
0.050497949123383,0.13994506746531,0.044433705508709,1
0.12777596712112,0.14117579907179,0.038635328412056,1
0.051177501678467,-0.15793684497476,0.017826102674007,1
0.014319658279419,-0.11016823258251,0.027576379477978,1
-0.033801853656769,-0.21733055263758,0.040497615933418,1
-0.24549734592438,0.022283971309662,0.032702304422855,1
-0.13390159606934,0.00067088752985001,-0.062094584107399,1
0.031928420066833,0.097433306276798,-0.0028113499283791,1
0.070000112056732,0.064939402043819,-0.011686518788338,1
-0.027283251285553,-0.14455401524901,-0.0059511438012123,1
0.010861694812775,0.19428613036871,0.046443939208984,1
0.10472059249878,0.23291083425283,0.00087220966815948,1
0.025991320610046,0.25202371925116,-0.069278165698051,1
-0.1733067035675,0.10231564193964,0.11045870929956,1
-0.055651187896729,0.0060252174735069,-0.047929614782333,1
-0.021442353725433,-0.28282692283392,0.044446133077145,1
-0.24045366048813,0.088987849652767,-0.01582845300436,1
0.087498605251312,-0.2165160626173,0.19421894103289,1
-0.0062496066093445,-0.099610759003554,0.020171068608761,1
-0.12037706375122,-0.04194950312376,-0.015607796609402,1
-0.035804450511932,0.0061427056789398,0.004084087908268,1
0.11501735448837,0.20845457166433,0.098858825862408,1
-0.10853832960129,0.0203707665205,-0.03782531619072,1
-0.18666839599609,-0.17842013388872,0.096618972718716,1
0.046525537967682,0.076376684010029,0.0045755878090858,1
-0.10944065451622,0.050245307385921,-0.017108909785748,1
0.056938946247101,-0.14998587965965,-0.040515005588531,1
0.088277041912079,0.12139951437712,-0.05898804962635,1
-0.086817562580109,0.22474973648787,0.064864136278629,1
-0.17862409353256,0.073791451752186,-0.054117128252983,1
-0.077463328838348,-0.10112272924744,-0.033641956746578,1
-0.20750737190247,0.095145545899868,0.034808866679668,1
-0.17834863066673,-0.072907499969006,0.10135010629892,1
-0.01348739862442,0.075589530169964,-0.023205034434795,1
-0.14887666702271,-0.052819892764091,0.00022944062948227,1
-0.017477214336395,-0.23111829906702,-0.090800870209932,1
-0.067504405975342,0.18085982650518,-0.0058333948254585,1
0.088772118091583,-0.21306440979242,0.051816359162331,1
0.21225184202194,0.2073692008853,-0.01207610219717,1
0.081754088401794,0.13758131116629,-0.0075702518224716,1
0.0060887932777405,0.060854725539684,-0.014728747308254,1
0.025199711322784,-0.11858087778091,-0.030633844435215,1
0.078637719154358,-0.20949790626764,0.14437118917704,1
0.025380909442902,0.11306721717119,-0.041601099073887,1
0.060022830963135,0.15634935349226,-0.095023218542337,1
-0.088097453117371,-0.0097709149122238,-0.024799145758152,1
-0.20877325534821,0.16703417152166,0.020418860018253,1
-0.0026819705963135,0.19785892218351,0.090569563210011,1
0.13373339176178,0.11190708726645,0.00038107484579086,1
-0.023169457912445,-0.11038186959922,-0.058575309813023,1
0.17945408821106,-0.17646379768848,-0.0046591833233833,1
0.12800705432892,0.26032938808203,0.056324973702431,1
-0.17301118373871,0.08590617030859,-0.048870243132114,1
0.003357470035553,0.19382216781378,0.21741808205843,1
-0.18001428246498,-0.027413010597229,0.17019737511873,1
0.10016345977783,0.08440987020731,-0.044067315757275,1
0.033785223960876,-0.21613206714392,0.0034380480647087,1
-0.10316133499146,-0.05799999833107,-0.054013729095459,1
-0.20490476489067,0.043815530836582,0.045296810567379,1
-0.21649357676506,-0.049800101667643,-0.030821457505226,1
-0.086668521165848,-0.048805478960276,0.028903491795063,1
-0.086377263069153,0.11278589814901,0.030794493854046,1
-0.090559393167496,0.14717546850443,0.093360804021358,1
0.10517984628677,-0.10297969658859,-0.058345250785351,1
0.075245916843414,-0.10420156223699,-0.067429892718792,1
-0.081088364124298,0.059349082410336,-0.0046415701508522,1
0.11892694234848,-0.099913385580294,-0.0055776759982109,1
-0.10848122835159,0.096051029860973,-0.042277686297894,1
-0.063640415668488,-0.079208621755242,-0.0068204030394554,1
-0.10958376526833,-0.05235368013382,-0.067171208560467,1
0.054799914360046,0.23450323194265,0.12851037830114,1
0.1059490442276,-0.22732604295015,0.16975892335176,1
-0.093176960945129,-0.15511405467987,0.077127657830715,1
0.1992461681366,0.19255199283361,0.055128775537014,1
0.12218922376633,-0.1645844951272,-0.02015246450901,1
-0.17761668562889,0.14656253904104,0.089601300656796,1
-0.062233954668045,0.027769707143307,-0.024328023195267,1
-0.10788950324059,-0.042724028229713,0.0034844502806664,1
0.0080079436302185,0.060623653233051,-0.013527743518353,1
-0.078920364379883,0.047969825565815,-0.0078838542103767,1
-0.22693407535553,0.11594787985086,0.098929114639759,1
-0.19243228435516,0.071499921381474,0.092372827231884,1
-0.050755381584167,-0.16300689429045,0.032315947115421,1
-0.17635017633438,0.11462100595236,0.064645148813725,1
0.0093703866004944,0.26722507923841,0.070055074989796,1
-0.033753395080566,0.10376024991274,-0.014003425836563,1
0.067385256290436,0.065273694694042,-0.012258529663086,1
-0.20280468463898,-0.11119901854545,0.091901473701,1
-0.10489982366562,-0.073730606585741,0.015848405659199,1
-0.022102832794189,0.15253927558661,-0.082964710891247,1
0.19162845611572,-0.19119793176651,-0.011034213006496,1
-0.17701479792595,-0.064420267939568,0.04794304817915,1
-0.17488467693329,-0.071865662932396,0.15244447439909,1
-0.17089581489563,-0.017768390476704,-0.008239857852459,1
-0.13552859425545,-0.16510317474604,0.15499573200941,1
0.17364323139191,0.22843774408102,-0.016397073864937,1
0.016270279884338,0.15427093952894,-0.05080284923315,1
-0.024731755256653,0.18675484508276,0.10639304667711,1
-0.0026095509529114,0.051685564219952,-0.0029212683439255,1
-0.12304648756981,-0.20821948349476,-0.018550232052803,1
-0.076123088598251,0.12516062706709,0.044012926518917,1
-0.070231795310974,0.25691773742437,0.097703583538532,1
-0.17249670624733,-0.0013266801834106,0.11280489712954,1
-0.11524686217308,-0.1889546662569,0.043139062821865,1
0.094257652759552,-0.089015183970332,0.01949467509985,1
-0.21494975686073,-0.022179082036018,0.042733810842037,1
-0.047928214073181,-0.12346591800451,-0.07035881280899,1
0.13493371009827,-0.1136177983135,0.00040329247713089,1
0.062976717948914,-0.21884869784117,-0.090536940842867,1
0.20095640420914,-0.19781988859177,0.1352352425456,1
-0.052358090877533,0.0646817907691,0.023458279669285,1
0.057390630245209,-0.22470883280039,0.075286068022251,1
-0.11111560463905,-0.20800473541021,0.15710873156786,1
-0.013621985912323,-0.17647021263838,-0.048428103327751,1
-0.028672516345978,-0.073035325855017,-0.056361794471741,1
0.077132523059845,0.19070505350828,0.0060951560735703,1
0.082766532897949,0.21073012799025,0.20405382663012,1
-0.17826199531555,-0.17651918530464,0.12392476946115,1
0.07187283039093,-0.1595709361136,-0.022953681647778,1
-0.11082246899605,-0.1684755384922,-0.015770092606544,1
0.0080532431602478,0.25103171914816,0.03107862174511,1
0.064822912216187,0.12745749205351,0.022349014878273,1
0.058233559131622,-0.20455362647772,0.11103586107492,1
0.074569702148438,0.26418497413397,-0.0043506696820259,1
-0.20039242506027,-0.11175816226751,0.045851357281208,1
0.056996464729309,0.21663387864828,0.2045069411397,1
0.12567871809006,0.14985001832247,0.063337631523609,1
0.033958435058594,0.23586296290159,-0.029776632785797,1
0.077378571033478,0.057938106358051,-0.039762385189533,1
-0.22429063916206,-0.14644416794181,0.050279580056667,1
-0.17616096138954,-0.063606880605221,-0.049946159124374,1
-0.091702580451965,0.036743067204952,-0.001376174390316,1
-0.10689553618431,-0.090706123970449,0.04618714004755,1
0.085336983203888,-0.15985755994916,0.0075462237000465,1
-0.098482549190521,0.17905338853598,0.024504669010639,1
-0.067676305770874,0.059896014630795,0.019480057060719,1
0.095463693141937,-0.089374656789005,-0.047596611082554,1
-0.083546787500381,-0.17202480882406,-0.0647958740592,1
0.10266840457916,0.16235306113958,0.035283431410789,1
0.012494742870331,-0.094822751358151,0.0081976130604744,1
0.031886398792267,-0.20895879715681,0.1339862421155,1
-0.15435239672661,-0.23424784094095,0.043578632175922,1
0.0014162659645081,-0.08508329372853,-0.053285367786884,1
0.05636078119278,-0.061801847070456,-0.0002565011382103,1
-0.1098305284977,-0.0010065361857414,0.029484070837498,1
-0.097537845373154,0.1965644583106,-0.031484924256802,0
-0.0043817758560181,0.12054764479399,-0.029112130403519,1
-0.065510034561157,0.047838114202023,-0.037687532603741,1
-0.13488152623177,-0.17519460618496,0.060305692255497,1
0.022751092910767,-0.27008888870478,0.12530732899904,1
-0.061772644519806,0.17962681502104,0.08727914839983,1
0.023586928844452,0.14284678548574,-0.016858816146851,1
-0.14008557796478,0.16786750406027,0.051903940737247,1
-0.019733905792236,0.23381378501654,-0.021360568702221,1
-0.20240899920464,-0.13645794987679,0.090395085513592,1
-0.15047460794449,-0.044932078570127,-0.086365383118391,1
0.066557347774506,-0.054890409111977,-0.030985690653324,1
0.053651988506317,-0.24261707812548,-0.082203239202499,1
0.11933207511902,0.1782057210803,-0.040936022996902,1
0.044294416904449,0.064710430800915,-0.027338691055775,1
0.17719858884811,0.24121411889791,-0.014473728835583,1
0.0087738633155823,0.12144961208105,-0.020051777362823,1
-0.21527472138405,0.10724744945765,0.036392234265804,1
-0.14820462465286,0.076428659260273,0.007720522582531,1
-0.045113205909729,0.039215452969074,0.01563910394907,1
0.14985090494156,-0.21536056697369,0.060591518878937,1
0.015023767948151,-0.099700268357992,0.0091995149850845,1
0.014291286468506,-0.259895183146,0.12767999619246,1
0.15724593400955,-0.19014928489923,0.1454264447093,1
0.03200900554657,-0.17694593966007,-0.020260073244572,1
-0.03619796037674,0.17313417047262,0.063930027186871,1
-0.10336738824844,-0.15044472366571,-0.096179470419884,1
0.10972046852112,0.10548760741949,0.02091871201992,1
0.19357091188431,0.18170096725225,-0.048067905008793,1
0.026363670825958,-0.13002358935773,0.014984525740147,1
0.16795605421066,-0.18558543920517,-0.092772893607616,1
-0.22067654132843,0.032440595328808,0.090940065681934,1
-0.15906521677971,-0.019732870161533,-0.009445957839489,1
-0.036275327205658,0.1731156334281,-0.088447757065296,1
-0.23682454228401,0.014063581824303,0.14157699793577,1
-0.13260507583618,0.14105316251516,-0.049986027181149,0
-0.11423778533936,0.0022793933749199,0.0070342496037483,1
-0.074929684400558,-0.02896324545145,0.021915175020695,1
0.066770911216736,-0.074044009670615,-0.0050333142280579,1
-0.14504262804985,-0.075432753190398,0.070181481540203,1
-0.024940311908722,-0.20204042643309,0.093255765736103,1
-0.17136573791504,-0.18139015138149,0.03736174851656,1
-0.0071859955787659,0.12575884908438,0.019709266722202,1
-0.063148736953735,0.0028379335999489,-0.041531689465046,1
-0.22677409648895,0.052097834646702,0.14628284424543,1
-0.13096854090691,0.072540082037449,-0.057186797261238,1
0.099213659763336,0.096926651895046,0.021224953234196,1
-0.023133456707001,0.21042307466269,0.14060210436583,1
-0.16623786091805,-0.039195414632559,0.092799447476864,1
0.091464221477509,-0.086989087983966,-0.04930118471384,1
0.11277407407761,-0.21342252939939,0.096029780805111,1
0.017608821392059,0.082976005971432,0.005705215036869,1
-0.10188561677933,0.051940269768238,-0.08775619417429,1
0.08557254076004,-0.103971300181,-0.0022166818380356,1
-0.1695396900177,0.047285474836826,0.051176927983761,1
-0.2019014954567,0.13670248538256,-0.069377817213535,1
0.056845366954803,-0.096713337581605,-0.057349249720573,1
0.070604026317596,0.080536983907223,-0.012390822172165,1
-0.10909110307693,0.050887517631054,-0.0039526745676994,1
-0.12114158272743,-0.098883805680089,0.027182452380657,1
0.036239624023438,-0.090226329863071,0.018084138631821,1
-0.055923670530319,0.19828351587057,-0.050883710384369,1
-0.10131335258484,0.03426717966795,0.036163292825222,1
-0.20345598459244,0.070953212678432,-0.090622618794441,1
0.12314164638519,-0.11086428165436,-0.0059081241488457,1
0.069822728633881,-0.1315461397171,0.010620959103107,1
-0.15964075922966,-0.14596585929394,0.14481122046709,1
0.0076449513435364,-0.10879573877901,-0.05538222938776,1
0.010006666183472,0.09049504250288,0.014064706861973,1
-0.1796860396862,-0.1775978282094,-0.03341194242239,1
0.1069695353508,-0.083122795447707,-0.035040937364101,1
-0.25320649147034,0.040299214422703,-0.025345630943775,1
-0.25263506174088,0.042505539953709,0.066427685320377,1
0.053513050079346,-0.21063721179962,0.076496936380863,1
-0.08686238527298,0.1746891066432,0.06071750074625,1
0.081125020980835,0.18967618793249,-0.089355830103159,1
-0.012761950492859,-0.18249120563269,0.016093797981739,1
0.17343086004257,-0.16192772239447,0.023253403604031,1
-0.067029029130936,-0.021708138287067,0.0090895369648933,1
-0.064944058656693,0.16805507987738,0.040243051946163,1
-0.078285574913025,0.25131981819868,0.072574116289616,1
0.053793728351593,-0.20594099909067,0.2122700586915,1
-0.0048407316207886,0.061458624899387,-0.000493124127388,1
-0.028984367847443,0.2400940284133,0.12368560582399,1
0.1856946349144,-0.16581730544567,-0.030173383653164,1
-0.030791342258453,0.10728933662176,0.013332784175873,1
-0.0037739872932434,0.12130781263113,0.0019407793879509,1
-0.18977451324463,-0.0094215199351311,0.15240108221769,1
-0.085681885480881,0.190140388906,0.16766636818647,1
0.07549649477005,-0.066553570330143,-0.015793614089489,1
-0.0075780749320984,0.044609300792217,0.0055601522326469,1
-0.089524239301682,0.084861032664776,0.024510182440281,1
-0.19750899076462,-0.015351980924606,-0.01835248619318,1
0.0083803534507751,0.13554539531469,-0.065589427947998,1
0.092229127883911,0.090595610439777,-0.021998539566994,1
-0.21885937452316,-0.1319733299315,0.011322997510433,1
0.031742930412292,0.10449404269457,-0.04149766266346,1
0.11402803659439,0.11744073778391,0.029692597687244,1
-0.11501103639603,0.042886026203632,0.0083724930882454,1
0.10630834102631,0.10048026591539,0.014372542500496,1
0.0046142339706421,-0.25527738779783,-0.0077150762081146,1
-0.058653295040131,-0.13910666108131,-0.085338145494461,1
-0.080558896064758,-0.001670703291893,-0.0078260079026222,1
-0.20357349514961,-0.044749654829502,0.14939554780722,1
-0.013205587863922,-0.19101832062006,-0.081380814313889,1
0.07359653711319,-0.28535965830088,0.024857260286808,1
-0.21858403086662,-0.0076080113649368,0.064447216689587,1
0.063515543937683,0.0458989366889,0.0045135542750359,1
-0.14360123872757,0.026583068072796,0.015721924602985,1
-0.19015690684319,-0.067366492003202,0.1014806702733,1
0.044076323509216,0.27794416993856,0.031491138041019,1
-0.22270420193672,0.087387464940548,0.10190767794847,1
-0.15764725208282,0.073370508849621,0.10720463842154,1
-0.16199854016304,0.15214525908232,0.17207849770784,1
0.19073861837387,0.20723488181829,0.1357482150197,1
-0.0380579829216,-0.080956991761923,-0.050002172589302,1
0.00013715028762817,-0.20417921990156,0.12495375424623,1
-0.048642098903656,0.015051610767841,0.0087202712893486,1
-0.1552642583847,-0.020223163068295,-0.073353134095669,1
0.081387341022491,0.1597049459815,0.042622186243534,1
0.068084836006165,0.091889105737209,-0.012335784733295,1
-0.16142016649246,0.030584685504436,0.012509755790234,1
-0.02647590637207,-0.060058034956455,0.013355880975723,1
0.010480105876923,-0.19254829734564,0.070308484137058,1
-0.162937104702,-0.084536841139197,0.16587682813406,1
-0.13401108980179,0.15504588931799,0.0094943419098854,1
0.0094581842422485,-0.19863349199295,0.059078685939312,1
0.068082869052887,0.22296663373709,0.088407732546329,1
0.074931144714355,0.11822301894426,-0.070073693990707,1
0.13712817430496,-0.26566211134195,0.033852629363537,1
-0.2088919878006,-0.039381172508001,0.026256404817104,1
0.066782236099243,0.23534651845694,0.11074516922235,1
-0.079493165016174,0.046452812850475,-0.0074879601597786,1
-0.063750594854355,-0.21879691630602,0.15619003027678,1
0.041413366794586,-0.28186938911676,0.048229448497295,1
-0.0068226456642151,0.12584698945284,-0.04617802798748,1
-0.20756086707115,-0.064636472612619,0.023671932518482,1
-0.045315742492676,0.062760166823864,0.018345154821873,1
-0.022035121917725,0.2513931915164,0.12902600318193,1
-0.017120122909546,-0.1120789591223,-0.0030294805765152,1
0.0065570473670959,-0.071891350671649,-0.0051634982228279,1
-0.034193456172943,-0.085886873304844,-0.047381564974785,1
-0.052243709564209,-0.053208891302347,-0.0064535960555077,1
0.086465716362,-0.19887935370207,-0.053063854575157,1
-0.074801802635193,0.05309122055769,-0.0021986290812492,1
0.15191227197647,-0.17360790073872,0.19229453057051,1
-0.11229115724564,-0.066130686551332,-0.030810676515102,1
0.045097887516022,0.13564171642065,0.026315934956074,1
-0.1950855255127,0.096572212874889,0.010658539831638,1
-0.07589191198349,-0.031813457608223,0.011828534305096,1
0.16424310207367,-0.22941873222589,0.0456308349967,1
-0.21104830503464,0.16032894700766,0.013514705002308,1
-0.067475229501724,0.0052190274000168,-0.0093508586287498,1
-0.070256888866425,0.25220107287169,-0.049479514360428,0
-0.14124295115471,-0.019319735467434,0.059086136519909,1
0.18761694431305,0.17177098244429,-0.031802706420422,1
-0.05459588766098,-0.034923076629639,0.016654126346111,1
-0.12539887428284,0.14951769262552,0.20516664534807,1
-0.12646692991257,0.046061135828495,0.016662947833538,1
0.020116984844208,-0.27169799059629,-0.070514485239983,1
0.094628155231476,-0.12285645864904,-0.02118756622076,1
-0.11409932374954,0.079693205654621,-0.096933580935001,1
-0.12060412764549,-0.019909061491489,0.027322851121426,1
0.068418681621552,-0.2125703021884,-0.0139464661479,1
-0.014312446117401,-0.13135686889291,-0.0021646395325661,1
-0.048981726169586,-0.1230124309659,-0.0044247210025787,1
-0.26846566796303,-0.0018641650676727,0.015055932104588,1
-0.1822358071804,-0.15240478888154,0.079021565616131,1
-0.054856866598129,-0.042300265282393,0.0042012855410576,1
0.16851586103439,-0.21197356283665,0.12594742327929,1
-0.046740353107452,0.12582061439753,0.044171810150146,1
-0.070725381374359,0.074172906577587,0.00066157430410385,1
-0.017636716365814,0.058036811649799,0.0037165358662605,1
-0.145049482584,-0.057036478072405,-0.00043962150812149,1
-0.078343689441681,0.14178610593081,0.078085459768772,1
-5.7697296142578e-05,0.079356603324413,0.019606932997704,1
-0.052965402603149,0.082853935658932,0.026447288691998,1
-0.22594004869461,-0.076941460371017,-0.071985267102718,1
0.12986391782761,-0.25702164322138,0.05113123357296,1
-0.10300150513649,-0.20894865691662,0.095505483448505,1
-0.13100963830948,-0.064553234726191,-0.085845038294792,1
0.018279671669006,-0.1467150747776,-0.042392663657665,1
0.031707584857941,-0.28173714131117,-0.045550458133221,1
0.0049125552177429,-0.2409885302186,0.13752617686987,1
0.0018749833106995,-0.10465122014284,-0.018728569149971,1
0.06828248500824,-0.22665437310934,0.045681215822697,1
-0.14515396952629,0.13643378764391,-0.098784290254116,1
-0.050147533416748,-0.055683042854071,0.0067726150155067,1
0.06730991601944,-0.25428282469511,-0.0088901370763779,1
-0.039631187915802,-0.25039800256491,0.065400540828705,1
-0.19022557139397,0.17105355113745,0.045310936868191,1
0.021496057510376,-0.22346419095993,0.16860998421907,1
-0.1172778904438,-0.17613668739796,0.19731629639864,1
0.046061813831329,-0.14817109331489,-0.064894571900368,1
0.009490430355072,-0.27679330855608,-0.042422041296959,1
-0.085893392562866,0.047032095491886,-0.068963624536991,1
-0.21125274896622,0.13160537928343,-0.071021139621735,1
0.13540059328079,0.16768350452185,-0.037168905138969,1
-0.13441240787506,0.17256721109152,0.18527012318373,1
0.018758475780487,0.13512476533651,-0.051774598658085,1
-0.19075685739517,-0.027322307229042,0.10137452930212,1
0.06192272901535,0.099554322659969,0.0082840025424957,1
-0.13921344280243,0.11584819108248,0.073969073593616,1
0.12884801626205,-0.18595160543919,-0.036600835621357,1
-0.22921726107597,-0.020425647497177,0.0034943744540215,1
-0.077789276838303,-0.083522312343121,-0.041657261550426,1
-0.088315457105637,-0.11582455039024,-0.087595112621784,1
0.16780114173889,0.22788467258215,0.090198703110218,1
-0.10435396432877,0.031628958880901,-0.036898747086525,1
0.047611176967621,-0.23870428651571,0.084765501320362,1
0.077320873737335,-0.13922285661101,-0.068475022912025,1
-0.093479514122009,-0.017491593956947,-0.062676958739758,1
0.1951932311058,0.19762250036001,-0.02979838848114,1
0.024086534976959,-0.24771478027105,-0.039373829960823,1
0.061468958854675,0.048057712614536,-0.0076938271522522,1
0.016677618026733,0.068048648536205,0.0013293996453285,1
-0.084509819746017,-0.13593797013164,-0.091265112161636,1
-0.030544221401215,-0.10288607701659,-0.0085693076252937,1
0.11971825361252,-0.21951545774937,0.067420788109303,1
-0.0550357401371,-0.2697384133935,0.038044236600399,1
-0.17734158039093,0.064187176525593,0.15495441108942,1
0.15664100646973,0.18105947226286,0.080461420118809,1
0.09647810459137,0.14056215435266,-0.0023853182792664,1
-0.092102110385895,0.079855434596539,0.0037119761109352,1
-0.091751903295517,-0.0023895278573036,-0.009192131459713,1
-0.053423583507538,0.052242077887058,-0.028303630650043,1
-0.09217843413353,-0.15762433409691,0.074408806860447,1
-0.2332099378109,-0.081364266574383,-0.024580895900726,1
0.076181471347809,-0.2250492349267,0.033160530030727,1
-0.07756170630455,-0.10665387194604,0.02850066870451,1
-0.065813213586807,-0.2319131270051,-0.010851047933102,1
0.089119553565979,-0.25391056388617,0.12873319536448,1
-0.068655908107758,-0.22307726740837,0.067297331988811,1
-0.049920916557312,0.031853191554546,-0.034683935344219,1
-0.054553031921387,-0.22313270717859,0.1705956235528,1
-0.083555817604065,0.045506753027439,-0.040123328566551,1
-0.10071149468422,0.23082592338324,-0.055255755782127,0
0.10039311647415,-0.082001022994518,-0.0037133321166039,1
-0.041353404521942,0.010294906795025,-0.01019149273634,1
-0.016274869441986,-0.1406573690474,-0.02569755166769,1
-0.097478270530701,0.058487601578236,-0.054051764309406,1
-0.099252939224243,-0.034170240163803,-0.084137536585331,1
0.12183672189713,-0.13864298164845,-0.041039757430553,1
0.09233295917511,0.12881284207106,-0.02844899892807,1
-0.048631608486176,0.22469859570265,0.011529214680195,1
-0.25206711888313,-0.081662060692906,0.072435282170773,1
-0.059462070465088,0.17276724427938,-0.091921843588352,1
0.12418931722641,-0.18598469346762,0.19423980265856,1
0.069009244441986,0.073319472372532,-0.044044762849808,1
0.10263460874557,-0.14134535193443,0.039686515927315,1
0.026402115821838,0.080954633653164,-0.0065538957715034,1
-0.037034928798676,-0.12285838089883,-0.019863002002239,1
-0.048501312732697,0.14433716982603,-0.026848509907722,1
-0.17666468024254,-0.10411455202848,0.035295866429806,1
0.053113102912903,0.1288873180747,0.031243287026882,1
-0.056442052125931,-0.16647247225046,-0.042550832033157,1
0.093047976493835,0.23583605140448,-0.016158901154995,1
0.092133462429047,-0.19696731865406,0.065171875059605,1
-0.16183662414551,0.082697205245495,0.0043080970644951,1
-0.083470553159714,0.24873425811529,0.02564998716116,1
-0.03321897983551,0.068473540246487,-0.022824920713902,1
0.084403097629547,-0.075505599379539,0.0093105658888817,1
-0.11358082294464,-0.15780534222722,0.070310242474079,1
-0.1645719408989,-0.086783799342811,-0.09123919904232,1
-0.044920086860657,-0.12942391447723,-0.01745693385601,1
0.12458169460297,0.20743002742529,-0.063533768057823,1
-0.097824990749359,0.13199400156736,-0.032780714333057,1
-0.17782032489777,-0.13073563948274,0.1216140165925,1
-0.13414499163628,-0.14239156246185,-0.055683694779873,1
-0.18270340561867,-0.098179710563272,0.047690309584141,1
-0.077019929885864,-0.040711633861065,-0.014207877218723,1
0.062041044235229,0.23661445826292,0.013235218822956,1
-0.16221103072166,-0.09712287876755,0.079890958964825,1
0.20732063055038,-0.22354319691658,0.077719338238239,1
0.040360510349274,0.24837624281645,-0.029310241341591,1
-0.085484266281128,-0.078996332362294,-0.077070601284504,1
-0.12945067882538,-0.031049206852913,-0.030170001089573,1
-0.085996568202972,-0.059635642915964,0.011146120727062,1
-0.17284658551216,-0.067329972982407,-0.05777046084404,1
-0.16052687168121,0.0088343992829323,0.032462678849697,1
0.057589173316956,-0.11590530350804,-0.070690117776394,1
-0.06572413444519,-0.2537936642766,-0.070470459759235,1
-0.10167893767357,0.20364698022604,0.1029075011611,1
0.15632903575897,0.13314496725798,-0.055411361157894,1
-0.25840124487877,-0.031236238777637,-0.01674497872591,1
0.13169664144516,0.2140194401145,-0.024027653038502,1
-0.064790576696396,-0.060926023870707,-0.0569082275033,1
0.12469905614853,0.17735543102026,0.15258661657572,1
-0.12253937125206,-0.073729738593102,-0.077352300286293,1
-0.024868786334991,-0.073405316099524,-0.0067826136946678,1
-0.059177219867706,0.18923976272345,0.033979028463364,1
-0.025122761726379,0.071880020201206,0.014424987137318,1
0.15592575073242,0.19237088412046,0.028877042233944,1
-0.13399586081505,-0.1272183842957,0.022294722497463,1
0.16402351856232,-0.1573051251471,0.17352166026831,1
-0.17653274536133,0.069310404360294,-0.019642286002636,1
0.13356184959412,0.17278822511435,0.01380130648613,1
0.089536607265472,0.28001593798399,-0.017311781644821,1
-0.072319000959396,-0.063291944563389,-0.066692195832729,1
-0.02870112657547,-0.10250014602207,-0.0041134655475616,1
-0.15876036882401,-0.044287245720625,0.060970045626163,1
-0.21927607059479,-0.091873547062278,-0.047942832112312,1
-0.15655955672264,0.058142550289631,0.010931856930256,1
-0.082052499055862,0.12087927013636,-0.080017544329166,1
0.012107908725739,-0.11369220167398,-0.01127402484417,1
-0.15820819139481,0.12140899151564,0.11457953602076,1
0.03995269536972,0.070898197591305,0.0074605569243431,1
0.14947563409805,-0.25468603521585,-0.0048145055770874,1
-0.054583430290222,-0.05736107006669,0.013494439423084,1
-0.17880728840828,-0.20095489174128,0.088613472878933,1
-0.089411735534668,-0.25273282080889,-0.061827875673771,1
0.11036777496338,0.20090197771788,0.037872657179832,1
-0.046230971813202,-0.067021898925304,0.022853411734104,1
-0.085752308368683,0.05259994417429,0.026169113814831,1
0.18461364507675,-0.20520743727684,-0.0010325685143471,1
0.12865030765533,0.23947518318892,0.053192123770714,1
0.018196284770966,-0.096374046290293,-0.016516514122486,1
-0.1210680603981,-0.11116710864007,0.068074144423008,1
-0.17678236961365,-0.0036502555012703,0.058582924306393,1
0.038316667079926,0.062874875962734,-0.017279461026192,1
-0.12631154060364,0.081290759146214,-0.09518238902092,1
0.046448111534119,-0.083366980776191,0.005320779979229,1
0.18888610601425,-0.16603620350361,0.14450887590647,1
-0.22263503074646,-0.05892001464963,0.15920857340097,1
-0.03317004442215,0.10036904364824,0.0098683461546898,1
0.095560610294342,0.17173808068037,-0.033892452716827,1
-0.13368982076645,-0.05337231606245,0.03210810571909,1
0.11603802442551,0.17543133348227,0.074921377003193,1
-0.074912935495377,0.26785459369421,0.041618026793003,1
0.16501009464264,-0.17880067229271,0.092692278325558,1
-0.15544760227203,-0.15781720355153,0.0020949766039848,1
0.087161719799042,0.26052620261908,0.0026024878025055,1
-0.20389235019684,0.084928579628468,-0.015162609517574,1
-0.054496109485626,-0.12727497890592,-0.0042920783162117,1
-0.021588027477264,-0.083921056240797,0.0047382339835167,1
-0.19523394107819,0.014806397259235,-0.035870216786861,1
0.069449722766876,0.066882617771626,-0.017515026032925,1
-0.12826398015022,-0.070120392367244,-0.022595085203648,1
0.01658695936203,0.069001667201519,-0.029455475509167,1
-0.1655604839325,-0.11311071459204,0.051363788545132,1
0.11762320995331,0.26810973137617,0.031629674136639,1
-0.13862612843513,0.22278522700071,-0.061264969408512,0
-0.060696244239807,0.06402050703764,0.017519868910313,1
0.012871444225311,0.22666897624731,-0.068265423178673,1
-0.050531327724457,0.083419926464558,-0.0067950561642647,1
-0.13989743590355,-0.059337958693504,-0.091153427958488,1
-0.005328893661499,-0.048299361020327,0.0037149637937546,1
-0.18095952272415,0.02796945720911,-0.023543737828732,1
-3.7848949432373e-05,-0.11541945952922,-0.050361178815365,1
-0.12852358818054,-0.068614117801189,-0.018287591636181,1
-0.1233431994915,-0.066489361226559,0.047788612544537,1
-0.20346966385841,0.041192181408405,-0.030499987304211,1
-0.10323336720467,-0.17969551682472,0.02726823091507,1
-0.11353281140327,-0.0063907876610756,-0.0063793882727623,1
-0.10020247101784,-0.01838069409132,-0.0060431137681007,1
-0.19509935379028,0.09748699516058,0.15346273034811,1
0.16449093818665,0.17543598264456,0.062364868819714,1
-0.1983188688755,-0.047277495265007,-0.016110576689243,1
0.092745244503021,0.15291958302259,0.013485379517078,1
0.033383548259735,-0.16411398351192,-0.025438778102398,1
-0.21887236833572,-0.0072652548551559,-0.09029944986105,1
-0.1728031039238,0.16158866137266,0.12801104038954,1
-0.10652893781662,-0.045152574777603,0.020861051976681,1
-0.14885360002518,-0.19523973762989,0.068429224193096,1
-0.046605706214905,0.24458142369986,0.10501683503389,1
0.023655533790588,-0.21190705895424,0.1720858886838,1
0.0081477761268616,-0.065754130482674,-0.028783455491066,1
-0.031206905841827,-0.14015922322869,-0.021623380482197,1
0.0031344890594482,0.10397633165121,0.024281017482281,1
-0.17450278997421,-0.061696987599134,-0.019011832773685,1
-0.18592399358749,0.087917201220989,0.032822303473949,1
0.025351524353027,-0.19183748215437,-0.066491648554802,1
0.026809751987457,-0.078912859782577,-0.018876604735851,1
0.14586955308914,0.15855088084936,0.065797179937363,1
-0.22558537125587,-0.084157137200236,-0.038464069366455,1
0.012447237968445,0.090776927769184,0.017749018967152,1
-0.077365607023239,-0.068646244704723,0.023400597274303,1
-0.18485993146896,0.15046604722738,0.10008677095175,1
0.041509091854095,0.23289766162634,0.010653130710125,1
-0.10207930207253,0.13096708804369,-0.0620351806283,1
-0.12573981285095,0.17428361624479,-0.054965786635876,0
-0.14251312613487,0.039129666984081,0.023749954998493,1
-0.063293755054474,0.1292967274785,-0.052811644971371,1
0.024947226047516,-0.27870265394449,-0.0062941387295723,1
0.089637100696564,-0.1809644177556,-0.035367846488953,1
-0.034472584724426,-0.19357626885176,0.1871478036046,1
-0.0876384973526,-0.0021153017878532,-0.064801208674908,1
-0.06784787774086,-0.00011781603097916,0.015343643724918,1
-0.19587802886963,-0.067860320210457,0.11460366100073,1
-0.085097223520279,-0.03271147608757,0.0045820847153664,1
-0.12238594889641,-0.18227437138557,0.078818179666996,1
-0.13792535662651,0.18627881258726,0.1047685816884,1
0.061416566371918,-0.12205733172596,-0.018381096422672,1
0.14715725183487,0.19605474919081,-0.02592545747757,1
-0.16660070419312,0.028804741799831,-0.088662281632423,1
-0.069009453058243,-0.14384092390537,-0.070893719792366,1
-0.17384415864944,-0.0092796459794044,-0.034190647304058,1
-0.0610391497612,-0.18022601306438,0.19988311082125,1
0.10318464040756,0.25242062658072,-0.0093295499682426,1
-0.033574879169464,-0.1316417530179,-0.036803238093853,1
-0.11387130618095,-0.14951742440462,-0.097755692899227,1
-0.23699906468391,0.020099632441998,0.12372843176126,1
0.085979461669922,-0.14738902077079,0.019391521811485,1
-0.13767483830452,-0.0072665140032768,0.01758324354887,1
0.080386936664581,-0.14662508666515,-0.071632780134678,1
-0.0013385415077209,0.22822471708059,-0.065625414252281,1
-0.20020133256912,0.13964319974184,0.042204640805721,1
0.18892377614975,-0.24028610438108,-0.014843590557575,1
0.11853498220444,-0.15758204087615,-0.036203406751156,1
-0.12876385450363,-0.025663636624813,0.012125976383686,1
-0.23777338862419,-0.034351371228695,-0.025210678577423,1
0.092197477817535,-0.11314025428146,-0.032597705721855,1
-0.16143211722374,-0.035202130675316,0.069517694413662,1
-0.20305728912354,-0.085980911739171,-0.031446263194084,1
-0.05445659160614,-0.081096049398184,-0.030943684279919,1
-0.044765830039978,-0.27253419905901,0.088003166019917,1
-0.11006519198418,0.1508925780654,0.035569243133068,1
-0.093130588531494,-0.054618876427412,-0.049136862158775,1
-0.14771097898483,0.11042290180922,-0.0083813741803169,1
-0.066844999790192,0.23030682653189,0.067540042102337,1
0.0027828216552734,-0.24980253726244,0.083546109497547,1
-0.099935322999954,-0.10870533809066,0.066238649189472,1
-0.049622654914856,0.17066561430693,0.086907930672169,1
0.077355802059174,-0.07324487157166,-0.0066270753741264,1
0.17702376842499,0.17094095796347,0.07635311037302,1
0.11480706930161,-0.18371511995792,0.089706219732761,1
-0.09441077709198,-0.14634765684605,-0.044368095695972,1
-0.23915392160416,0.073645450174809,0.10281083732843,1
0.14998179674149,0.12557084113359,0.065312795341015,1
-0.031870424747467,-0.039208054542542,-0.0060576573014259,1
0.03941023349762,-0.22551945596933,0.067988179624081,1
-0.03685075044632,0.23813181370497,0.15644974261522,1
-0.20284068584442,0.10955431312323,0.046207584440708,1
-0.07875657081604,0.049796111881733,-0.067711181938648,1
-0.081632792949677,-0.20772575587034,0.03038727492094,1
-0.065943270921707,-0.13470458239317,0.044779814779758,1
-0.15425354242325,0.07260849326849,0.046157144010067,1
0.043872058391571,0.0825509801507,-0.03376942127943,1
-0.0062805414199829,-0.21892482042313,0.02292437851429,1
0.034119546413422,0.1435526534915,0.034974291920662,1
0.16246730089188,0.16269635409117,0.1638198569417,1
0.076006233692169,0.15231805294752,-0.095807272940874,1
0.049869060516357,-0.22495769709349,0.050217613577843,1
-0.079055994749069,-0.24397584050894,0.037627801299095,1
0.10735112428665,-0.10478695901111,-0.032179407775402,1
0.036180675029755,-0.084434338845313,-0.0017751827836037,1
-0.090859174728394,0.097743578255177,-0.08376332372427,1
0.13409346342087,-0.12587397173047,-0.054645873606205,1
0.11657446622849,0.19565918296576,0.098464004695415,1
-0.049374163150787,-0.0062447488307953,0.0089858248829842,1
-0.10408067703247,0.1391027495265,-0.0022355690598488,1
-0.13665580749512,-0.082004051655531,-0.062878131866455,1
0.11566668748856,0.24338736385107,-0.038983426988125,1
-0.16605490446091,0.047664575278759,0.033612303435802,1
0.17057365179062,0.19526319950819,0.14165949076414,1
-0.26429677009583,-0.027882054448128,0.078385792672634,1
0.043381333351135,0.21322204917669,-0.037432223558426,1
0.068183600902557,-0.088414363563061,-0.045641735196114,1
0.12654954195023,0.2374160811305,-0.049074426293373,1
-0.029584527015686,-0.13448354974389,-0.055215336382389,1
-0.042080640792847,0.038470469415188,0.011267237365246,1
-0.066816002130508,0.015454865992069,0.017746485769749,1
-0.12413793802261,-0.14678844437003,-0.023906387388706,1
-0.10489773750305,-0.049145247787237,0.013594977557659,1
-0.061329245567322,-0.12934838794172,-0.06302260607481,1
-0.0091206431388855,-0.060465063899755,0.0042974948883057,1
-0.11928564310074,0.16543482989073,-0.087948583066463,0
-0.198550760746,0.023371338844299,0.042465664446354,1
-0.12736847996712,-0.073219558224082,0.00064424425363541,1
0.18086713552475,-0.19812845438719,0.022207222878933,1
-0.074300915002823,0.15240856260061,-0.055614225566387,0
0.11815804243088,-0.13877350464463,-0.03024934977293,1
0.085883855819702,-0.16303317248821,0.071979530155659,1
0.039045870304108,-0.28249863535166,-0.048363298177719,1
-0.073086708784103,-0.09432852640748,0.0070331916213036,1
-0.049641966819763,0.031327940523624,-0.037724383175373,1
0.16770488023758,-0.15127452462912,0.15336576849222,1
0.14575791358948,0.13721389323473,-0.016928963363171,1
-0.15911662578583,-0.17070026695728,0.085203148424625,1
0.11672347784042,-0.14787609875202,0.055125541985035,1
0.1343782544136,-0.23217426985502,-0.049431636929512,1
0.0096778869628906,-0.11793399043381,0.0079637616872787,1
-0.057047814130783,-0.010493509471416,0.016114987432957,1
-0.060213178396225,0.089518152177334,0.034280352294445,1
-0.029749870300293,0.1361211463809,0.026524543762207,1
-0.021837294101715,0.24799086898565,0.04329726845026,1
-0.12816753983498,-0.0609928406775,-0.0014013424515724,1
0.074757754802704,-0.1295877750963,-0.012029699981213,1
-0.081525683403015,-0.018950462341309,-0.042459696531296,1
0.061476469039917,0.071720696985722,-0.039791025221348,1
-0.092689037322998,0.055330060422421,-0.036476351320744,1
0.15228497982025,-0.19788253307343,0.062258295714855,1
0.032866060733795,0.27679219096899,-0.062878236174583,1
0.019730031490326,-0.080196641385555,0.014906518161297,1
0.042673826217651,-0.25797472149134,-0.023423731327057,1
0.083114445209503,-0.069522529840469,-0.0012809112668037,1
-0.069737583398819,0.10374487191439,-0.017237178981304,1
-0.10067927837372,0.02795671671629,-0.033490516245365,1
-0.1106108725071,0.090296052396297,0.047318555414677,1
-0.16092094779015,0.12898977845907,0.027885176241398,1
0.14258545637131,0.14891851693392,0.015188872814178,1
0.10110718011856,-0.24353847652674,-0.036053813993931,1
-0.0406214594841,-0.07332031801343,-0.014155767858028,1
0.054455518722534,0.10072385519743,0.0071346759796143,1
0.076381504535675,0.07560320943594,-0.038107268512249,1
-0.10530200600624,-0.11783715523779,0.026378534734249,1
-0.028468787670135,-0.15935199335217,0.049074180424213,1
-0.15116119384766,-0.026197448372841,-0.0825399979949,1
0.020907759666443,0.098492778837681,0.023647651076317,1
0.17818242311478,-0.15822112187743,-0.094689257442951,1
0.049879968166351,0.095289550721645,-0.063624165952206,1
0.075282335281372,-0.23965118080378,0.17296943813562,1
-0.15602883696556,0.17415796965361,0.081593714654446,1
-0.069543957710266,-0.082584483548999,-0.0025452151894569,1
-0.10026741027832,0.046181194484234,-0.048277631402016,1
0.033585369586945,-0.16151431202888,-0.080146916210651,1
0.17218774557114,0.19042374938726,0.14559514075518,1
-0.042676568031311,-0.073956873267889,-0.02403811365366,1
-0.23415479063988,-0.063189681619406,-0.039994150400162,1
0.056298911571503,-0.044504452496767,0.0036625787615776,1
-0.074934422969818,0.22523280233145,0.011087521910667,1
0.087614476680756,0.20020058006048,0.1081101372838,1
-0.17515951395035,0.084245629608631,0.16029430180788,1
-0.059219300746918,-0.061155293136835,0.0063413009047508,1
0.042623341083527,0.09826498478651,-0.022724531590939,1
0.013258635997772,-0.23584911972284,0.019651539623737,1
-0.053011924028397,-0.017879292368889,-0.017625488340855,1
-0.079792469739914,0.21188708394766,-0.024304993450642,0
-0.058317303657532,0.21813034266233,0.053424216806889,1
-0.10660171508789,0.19180008023977,0.072695754468441,1
-0.11895287036896,-0.13980360329151,0.018062345683575,1
-0.063934862613678,0.061360143125057,-0.025685675442219,1
-0.15007781982422,0.09194291383028,0.05597461014986,1
-0.083528161048889,0.080378003418446,0.0079401805996895,1
0.085675120353699,0.16804470866919,0.063154019415379,1
-0.012536466121674,0.19098418205976,0.001258060336113,1
-0.16262117028236,-0.053041055798531,-0.085712030529976,1
0.090408086776733,0.16410075873137,-0.062980137765408,1
0.05956619977951,-0.20277660340071,0.15063516050577,1
0.0073153376579285,-0.19877870380878,0.10974303632975,1
-0.12091627717018,-0.16316907852888,-0.092762880027294,1
0.0080678462982178,0.12731354683638,0.00076964497566223,1
-0.055408954620361,-0.05291461199522,-0.015245370566845,1
-0.046314358711243,0.0098783075809479,-0.015347264707088,1
-0.15862646698952,-0.22295834124088,-0.0051141306757927,1
0.20050197839737,-0.20870132744312,0.084174074232578,1
-0.011875867843628,0.22859229892492,-0.039659418165684,1
-0.14646109938622,-0.16492895036936,0.10814363509417,1
-0.025631010532379,-0.018206380307674,0.003965713083744,1
0.18607217073441,-0.20452582836151,0.11568211764097,1
-0.0050081610679626,0.24581813067198,-0.014764167368412,1
0.15003961324692,-0.17684951424599,0.13004998117685,1
0.075745403766632,-0.1244184654206,0.023863010108471,1
-0.076874107122421,-0.18492203205824,-0.090885676443577,1
-0.071973025798798,-0.058860782533884,0.023671321570873,1
0.050656020641327,0.1312655583024,0.018289394676685,1
-0.064717799425125,-0.2265500202775,-0.092580035328865,1
-0.081725895404816,-0.16323015093803,0.089429952204227,1
0.13604718446732,-0.20547293126583,-0.018800176680088,1
-0.032831251621246,-0.1467709839344,-0.074358016252518,1
0.10557752847672,0.24189981073141,0.052580840885639,1
-0.13749733567238,-0.14745314046741,0.042592726647854,1
0.076249778270721,0.095071993768215,-0.0085779130458832,1
-0.22845160961151,-0.033139459788799,0.04384122043848,1
-0.12999257445335,-0.093072809278965,-0.011328436434269,1
-0.084251463413239,0.012462951242924,0.010122574865818,1
-0.10265406966209,-0.17943133413792,0.087859027087688,1
-0.15759307146072,-0.16084916144609,0.035581208765507,1
0.058789372444153,0.064328067004681,0.0083949565887451,1
0.056872248649597,-0.19841723889112,0.10422084480524,1
0.10755622386932,0.23501639813185,0.13603485375643,1
-0.083177030086517,0.11485234647989,0.028930984437466,1
-0.0043632984161377,0.22143294662237,0.10087891668081,1
-0.089336782693863,0.096828795969486,-0.037697292864323,1
-0.084918558597565,-0.15001009404659,-0.093172803521156,1
0.048623323440552,-0.12369451485574,0.0069297924637794,1
-0.23832613229752,-0.11604384891689,0.028767235577106,1
0.028715968132019,0.056650288403034,0.0038856789469719,1
-0.051422297954559,-0.047780014574528,0.00036970525979996,1
-0.10010293126106,-0.12854608893394,-0.038967467844486,1
-0.14432692527771,0.17920511215925,-0.025436781346798,1
-0.16457366943359,0.061160929501057,0.086607031524181,1
-0.092734724283218,0.18095900863409,0.13381337374449,1
-0.078230321407318,0.051426269114017,-0.023186102509499,1
-0.13547095656395,-0.15926486253738,0.12751767784357,1
0.073296248912811,-0.076315529644489,0.014175660908222,1
-0.03111857175827,-0.15073157846928,0.055861733853817,1
0.014949202537537,0.20734973996878,0.049202375113964,1
-0.057828485965729,0.02635433524847,0.019572891294956,1
-0.032710194587708,0.054745115339756,0.0022368058562279,1
-0.063965916633606,-0.22178246080875,0.045513547956944,1
-0.010916590690613,0.16128637641668,0.056029222905636,1
0.038211584091187,0.084551595151424,-0.031613297760487,1
0.082808971405029,0.057713620364666,-0.01454309374094,1
-0.021661281585693,-0.18903645128012,-0.046865068376064,1
0.015953004360199,0.21880012005568,0.11358944326639,1
-0.15959697961807,0.051145292818546,-0.062596067786217,1
0.045288443565369,0.10648759454489,-0.012239493429661,1
-0.0088197588920593,-0.11112703103572,-0.063858084380627,1
-0.22441071271896,-0.13561947271228,-0.012482859194279,1
-0.13448026776314,-0.016516514122486,-0.071344383060932,1
-0.019260406494141,0.048118986189365,-0.00049718469381332,1
-0.14392247796059,0.10962124913931,0.050240196287632,1
-0.00716233253479,0.24799942225218,0.077215678989887,1
-0.16371986269951,-0.075865825638175,0.161741130054,1
0.025216042995453,0.079665504395962,-0.037875287234783,1
-0.15393200516701,0.09203378111124,-0.048976697027683,1
-0.13822376728058,0.122340105474,-0.081342749297619,1
0.060556530952454,0.065253637731075,-0.031129315495491,1
0.14751654863358,0.19438161700964,0.053799815475941,1
-0.21556350588799,-0.1067034821026,0.077289082109928,1
0.062960565090179,0.25665404647589,0.066093824803829,1
0.024060070514679,0.17044963687658,-0.020859003067017,1
-0.038865566253662,0.087849996984005,-0.042269431054592,1
0.1190442442894,-0.20013950765133,0.055534303188324,1
-0.14762341976166,-0.13730757310987,-0.091725684702396,1
-0.14077994227409,-0.13091285154223,0.15963087230921,1
0.038447320461273,0.082356534898281,-0.011540293693542,1
0.10122561454773,0.09478621929884,-0.016481444239616,1
-0.02290415763855,0.18460237234831,-0.0041153058409691,1
0.065598726272583,0.085387788712978,0.00013755261898041,1
-0.18956199288368,0.075453989207745,-0.078150607645512,1
-0.16532191634178,-0.16373773664236,0.13301510363817,1
-0.13158956170082,0.16805519908667,0.1193368807435,1
-0.012545168399811,0.10944425314665,-0.038554221391678,1
-0.03113466501236,0.28785037249327,0.0093497857451439,1
-0.0036966800689697,-0.067499250173569,-0.017252668738365,1
0.18307584524155,0.19023080915213,0.098056621849537,1
-0.062579959630966,-0.011677421629429,-0.0031421408057213,1
-0.04211300611496,0.21946915239096,0.18036448210478,1
-0.070435166358948,0.040660806000233,0.00079471617937088,1
0.090922772884369,0.14559773355722,-0.0067141577601433,1
-0.022676944732666,-0.23104698210955,0.18376616388559,1
0.067575991153717,0.086877457797527,-0.0096647962927818,1
-0.05540868639946,-0.012504406273365,-0.030147366225719,1
0.03590852022171,-0.081612350419164,-0.028544224798679,1
0.047653079032898,-0.11654407531023,-0.074948146939278,1
0.19217312335968,0.2427447065711,0.0087231770157814,1
0.073433220386505,-0.090203937143087,0.00063033401966095,1
-0.033614993095398,-0.1016678645974,0.014745451509953,1
0.070375382900238,0.051632709801197,-0.027917250990868,1
0.037402510643005,0.17823626846075,-0.084356933832169,1
0.093059599399567,-0.16621651500463,0.079962559044361,1
0.03304660320282,-0.14054695144296,-0.035778395831585,1
-0.18383526802063,-0.094334356021136,0.00068051367998123,1
-0.19533315300941,-0.16549964994192,0.11774259060621,1
0.077702164649963,0.064970724284649,-0.027783215045929,1
0.12294209003448,0.17510347813368,-0.031814113259315,1
0.035289764404297,0.082716159522533,-0.01307013630867,1
-0.21745038032532,-0.071985598653555,0.0063150003552437,1
-0.17859777808189,0.0080886781215668,-0.043879166245461,1
-0.14492130279541,0.10017836838961,-0.010640136897564,1
-0.15329053997993,0.054022558033466,0.033995144069195,1
-0.13976317644119,0.12449555844069,-0.049891613423824,1
0.015600740909576,0.11947616189718,0.01524256914854,1
-0.038015365600586,0.032796896994114,-0.0078094527125359,1
0.0051173567771912,0.1295624896884,0.0075298175215721,1
0.025923788547516,-0.11100592743605,-0.072208516299725,1
0.14102339744568,-0.239501722157,-0.0284413844347,1
0.0049400329589844,-0.20944061130285,0.12023652344942,1
0.1711078286171,-0.23652618378401,-0.036895982921124,1
-0.054851919412613,0.18650104850531,-0.084956631064415,1
-0.061859935522079,-0.12058296427131,-0.0468575283885,1
0.14530068635941,-0.22046789526939,-0.077022932469845,1
0.068866848945618,0.2756372615695,0.096263311803341,1
-0.069809943437576,-0.0060971528291702,0.0090971663594246,1
0.052468776702881,0.10590583831072,0.02413210272789,1
-0.1341390311718,-0.082149876281619,-0.04864714294672,1
0.088843166828156,0.099419049918652,-0.016090780496597,1
-0.065695613622665,-0.06526605784893,-0.0080389007925987,1
-0.061136990785599,-0.10389682184905,-0.017688915133476,1
-0.23238009214401,-0.015089780092239,-0.037140801548958,1
0.030865132808685,-0.14981461316347,0.030618973076344,1
-0.048640370368958,0.2528452500701,-0.052480265498161,1
-0.12345865368843,-0.067545000463724,-0.037854664027691,1
-0.027451455593109,-0.16326975077391,-0.083085309714079,1
-0.2058030962944,-0.10695409495384,0.16209787875414,1
-0.031363189220428,0.055260382592678,0.0089960917830467,1
0.02470064163208,-0.11689164675772,-0.057665109634399,1
-0.043184578418732,-0.11180906463414,0.012492001056671,1
-0.11988574266434,-0.18814320862293,0.067059352993965,1
-0.10943892598152,0.21025442332029,-0.016696147620678,0
0.020934045314789,-0.084222991019487,-0.051045604050159,1
-0.1214188337326,-0.024903327226639,0.0021928027272224,1
0.1817439198494,-0.17407377809286,0.14231849461794,1
0.019288957118988,-0.22424468398094,-0.029823079705238,1
0.0094351768493652,-0.17346297204494,-0.018322981894016,1
0.090089023113251,0.085926853120327,-0.034584872424603,1
0.18235486745834,0.1801049336791,0.0968302115798,1
0.042820036411285,0.17111214250326,-0.063995130360126,1
-0.19318675994873,-0.090411593206227,0.041123069822788,1
-0.098359972238541,-0.20955338329077,0.017924651503563,1
0.0058972835540771,0.13839276880026,0.011309929192066,1
-0.16631582379341,0.013901799917221,0.026992373168468,1
0.044524013996124,-0.25931955128908,0.12273078411818,1
-0.15281248092651,0.12828911095858,0.0039059147238731,1
-0.24067804217339,0.011280097067356,0.086598791182041,1
0.10984426736832,0.085265956819057,-0.025289706885815,1
0.16141825914383,-0.24040321260691,-0.050777643918991,1
0.030891358852386,-0.15822539851069,0.002279244363308,1
0.13767737150192,0.16818495839834,0.20083550363779,1
-0.12198007106781,0.20027943700552,0.16029570251703,1
0.03818553686142,0.071837984025478,-0.019305728375912,1
-0.23564767837524,0.051746599376202,0.11076276749372,1
-0.19882544875145,0.05707960575819,0.055304385721684,1
-0.18358051776886,-0.1442894898355,-0.045261345803738,1
0.15171748399734,0.23044716566801,0.080732680857182,1
0.12190139293671,0.17011787742376,0.060411311686039,1
-0.072514891624451,0.076619021594524,-0.073847495019436,1
0.071586906909943,-0.25461306422949,0.12942228466272,1
-0.13986253738403,0.015268795192242,-0.075034864246845,1
0.040581703186035,0.079048998653889,-0.0387307330966,1
0.040997624397278,0.21438237279654,-0.066086396574974,1
-0.13039511442184,-0.13074426166713,-0.076253838837147,1
0.07676362991333,-0.09570989292115,-0.048409968614578,1
-0.061619699001312,-0.063976638019085,0.010508053004742,1
-0.1065072119236,-0.056450542062521,0.0065422728657722,1
-0.17409527301788,-0.21513145416975,0.022424943745136,1
0.012706279754639,0.12372190505266,0.015583150088787,1
-0.027062892913818,0.034185864031315,0.00085528939962387,1
-0.06594455242157,-0.026866637170315,-0.0083021745085716,1
0.02249813079834,0.21222057193518,-0.078131556510925,1
-0.0033715963363647,-0.16549914330244,0.0061142668128014,1
-0.19320547580719,0.1010042950511,0.11862554401159,1
0.074446737766266,0.23953907936811,0.13324487954378,1
-0.051833808422089,0.055488727986813,0.0099406912922859,1
0.088628947734833,-0.074247270822525,-0.019320927560329,1
-0.0038211941719055,0.19653167575598,-0.097675006836653,1
0.045385539531708,-0.12723557837307,0.0012314394116402,1
-0.12908011674881,-0.068888194859028,-0.009063683450222,1
-0.088435798883438,-0.043911308050156,0.031774394214153,1
0.050518393516541,0.12778294831514,0.0076753720641136,1
-0.09330478310585,0.088212855160236,-0.014432825148106,1
-0.1249635219574,0.24849405139685,0.043784715235233,1
-0.093968957662582,0.073873527348042,-0.076109565794468,1
-0.036095082759857,0.13349100202322,-0.032984375953674,1
-0.037145674228668,-0.015191748738289,-0.013068102300167,1
0.027907907962799,0.23206152766943,0.02494040876627,1
0.089382290840149,-0.12061568163335,-0.085854016244411,1
-0.059150040149689,0.020102523267269,0.0048981532454491,1
-0.21623468399048,0.12878968566656,0.12894485145807,1
0.2147154211998,0.1906618103385,0.00050207227468491,1
-0.010582447052002,-0.26172838360071,0.075462020933628,1
-0.069618582725525,-0.055318456143141,-0.061838671565056,1
0.05440753698349,0.085870675742626,-0.058426357805729,1
-0.019916296005249,0.18636967986822,0.041944347321987,1
-0.069397956132889,0.064380131661892,-0.065703563392162,1
-0.064303815364838,-0.22475827485323,-0.013627998530865,1
-0.047817885875702,-0.061473447829485,-0.06190200895071,1
0.03603732585907,-0.074096346274018,0.0098850354552269,1
-0.065293192863464,-0.1681546792388,-0.018491052091122,1
-0.13209593296051,0.1402730718255,-0.091202758252621,1
-0.061948537826538,-0.16564667224884,0.0026042088866234,1
-0.084443986415863,0.10106898099184,-0.018207259476185,1
-0.031202971935272,-0.095525114797056,-0.066546738147736,1
0.069582045078278,-0.07356577180326,-0.03541674464941,1
-0.098668068647385,-0.077110413461924,-0.00038573890924454,1
-0.046538650989532,0.056944109499454,-0.010748736560345,1
-0.16289055347443,0.096808575093746,0.072498597204685,1
-0.23245227336884,-0.075013894587755,0.10397676378489,1
-0.094151496887207,0.045752666890621,0.004426397383213,1
-0.114864975214,-0.078719394281507,-0.029933385550976,1
-0.059413462877274,-0.022849917411804,-0.009761817753315,1
-0.050575911998749,-0.0724590215832,-0.022572971880436,1
-0.19808173179626,0.054976738989353,-0.020280249416828,1
0.050959944725037,0.10771522670984,-0.059683687984943,1
0.16746681928635,-0.23690021783113,0.018468044698238,1
0.15372771024704,0.15964015573263,0.03982450067997,1
0.02437037229538,-0.084690300747752,0.010441653430462,1
0.12294262647629,0.17160718888044,0.12289676815271,1
-0.017546772956848,0.072416640818119,-0.047765277326107,1
-0.14777132868767,-0.10642664413899,0.19641111046076,1
-0.03342467546463,0.18905707448721,-0.053641840815544,1
-0.094040095806122,0.058692805469036,0.01413843780756,1
0.13609308004379,0.27007680386305,0.073388673365116,1
-0.10737311840057,0.09522620588541,0.0040217414498329,1
-0.015951871871948,-0.21855452656746,-0.092483673244715,1
-0.02490371465683,0.17476703971624,-0.027272917330265,1
-0.16270563006401,-0.033735401928425,-0.048840418457985,1
0.11323368549347,-0.095130313653499,-0.01159755140543,1
-0.19793969392776,-0.16009576246142,-0.024731911718845,1
-0.061326652765274,-0.15162042528391,-0.05558867752552,1
-0.10761904716492,-0.036022618412971,0.013630069792271,1
0.09658294916153,0.1496881172061,-0.066351115703583,1
0.089729130268097,-0.092162059620023,0.01031307131052,1
-0.16512414813042,0.040646679699421,0.21792424470186,1
-0.1008178293705,-0.032866843044758,-0.047555223107338,1
0.058188557624817,0.097545526921749,0.024639166891575,1
-0.22749403119087,0.11156722158194,-0.0078631415963173,1
-0.0026251077651978,0.21408130973577,-0.081467196345329,1
0.099670350551605,0.10493452101946,-0.0038291439414024,1
-0.026473045349121,0.059353537857533,-0.022561140358448,1
-0.040833652019501,-0.1180545501411,-0.076724760234356,1
-0.045023918151855,0.15771993249655,-0.029708780348301,1
-0.23553222417831,0.035094387829304,0.087610624730587,1
-0.23340603709221,-0.010820344090462,-0.049211271107197,1
0.18604856729507,0.22879507392645,-0.037298806011677,1
0.024321019649506,0.21395813673735,0.17738079279661,1
-0.14258846640587,-0.074146896600723,-0.028301022946835,1
-0.078326016664505,-0.19174718111753,0.10091183334589,1
0.024840116500854,-0.25876166671515,0.025365747511387,1
-0.05953973531723,-0.26444444805384,0.0065698102116585,1
0.16555452346802,0.21496363729239,0.14906730502844,1
-0.031011521816254,-0.072893984615803,0.017234995961189,1
-0.23454838991165,0.079340778291225,0.070768125355244,1
-0.14926165342331,-0.18924888968468,0.060151241719723,1
0.014294862747192,-0.13913708180189,-0.047459490597248,1
0.050150394439697,-0.14083747565746,0.024666823446751,1
-0.01464182138443,-0.20395982265472,0.091283865272999,1
0.015738010406494,0.20145084708929,0.14031640440226,1
0.086352348327637,0.26950799673796,0.086680598556995,1
-0.0015270709991455,-0.23700412362814,0.063525803387165,1
-0.011558830738068,0.10002285987139,-0.015754245221615,1
-0.14011183381081,-0.20591825991869,-0.054430060088634,1
-0.020077109336853,0.20821674913168,-0.01112113147974,1
-0.22059524059296,-0.090797029435635,0.10139339417219,1
0.040972471237183,-0.15941985696554,-0.079464815557003,1
0.076474845409393,-0.21520338952541,0.19962508231401,1
0.026404440402985,-0.10926982108504,0.026682429015636,1
-0.21386003494263,0.070278458297253,0.027327843010426,1
0.028653681278229,-0.064069326967001,0.002501592040062,1
-0.1472262442112,-0.0069133713841438,0.047609113156796,1
-0.23030957579613,-0.10423667356372,0.044316254556179,1
-0.066870152950287,0.038892827928066,-0.026426881551743,1
-0.26566523313522,-0.046140372753143,0.0054704919457436,1
0.029396593570709,-0.25988029688597,0.084947355091572,1
-0.0032947659492493,-0.10333307553083,-0.035178750753403,1
-0.029459178447723,-0.22161423414946,0.12108106166124,1
-0.1305505335331,-0.056802213191986,0.018768347799778,1
-0.02664977312088,-0.0723318438977,0.020153887569904,1
0.079840123653412,-0.12003647722304,-0.079800061881542,1
0.028583228588104,-0.082355931401253,0.011938683688641,1
-0.1942735016346,-0.08594227861613,0.16250032931566,1
-0.043069779872894,0.056192494928837,-0.029008664190769,1
0.17387098073959,-0.16110225394368,0.13878040760756,1
0.064618408679962,-0.14879016950727,0.022251635789871,1
-0.034740269184113,-0.21221970766783,-0.025516830384731,1
-0.073565095663071,-0.22889501601458,0.017102189362049,1
-0.11451557278633,0.032796390354633,0.016327507793903,1
-0.11810576915741,-0.15539463609457,0.067820213735104,1
0.1712332367897,-0.23206817358732,0.0057751163840294,1
0.063019752502441,-0.096713301725686,0.017166152596474,1
0.095032513141632,0.27315097302198,0.037035025656223,1
-0.11004868149757,0.087747566401958,0.018420539796352,1
-0.23780366778374,0.028830416500568,-0.0088986530900002,1
0.036517560482025,-0.18191499263048,0.03904078155756,1
-0.22944736480713,0.01182671636343,0.14426862448454,1
0.045404195785522,0.29323472827673,0.04642590880394,1
0.037727892398834,0.070986725389957,-0.0041744038462639,1
0.038664579391479,-0.055477946996689,-0.003422386944294,1
-0.19433969259262,0.13570564240217,0.053002007305622,1
-0.23109650611877,0.098391689360142,-0.065890975296497,1
0.097496330738068,0.27438848465681,-0.02977242320776,1
0.16942471265793,-0.17538835853338,-0.0092420801520348,1
0.12421274185181,0.19103877991438,0.035997815430164,1
-0.2092721760273,-0.015307232737541,0.10873705893755,1
-0.0015130043029785,0.12576051801443,-0.0029028430581093,1
-0.19843617081642,-0.052879355847836,0.14322506636381,1
0.051176488399506,0.091248609125614,0.01027899980545,1
-0.25587114691734,-0.022346287965775,0.10241740196943,1
-0.14041009545326,0.16441591829062,0.0017316117882729,1
0.12731909751892,-0.11781277880073,0.032453559339046,1
-0.16947594285011,-0.086525943130255,-0.0024974122643471,1
-0.16856420040131,0.068196646869183,-0.02222091704607,1
0.01124119758606,-0.11768869496882,0.0077400505542755,1
0.2071333527565,-0.18310327082872,-0.039330147206783,1
0.071524798870087,0.21090995520353,-0.020690627396107,1
-0.041198909282684,-0.21526981145144,0.1934245750308,1
-0.16226601600647,0.154072932899,0.0048353746533394,1
0.14728266000748,-0.19698833674192,-0.034553743898869,1
0.12685924768448,0.1331495270133,-0.016095697879791,1
-0.17564129829407,-0.015486836433411,0.033240891993046,1
0.0077999234199524,-0.18557044118643,-0.051022700965405,1
-0.05539408326149,-0.021649219095707,0.012077249586582,1
0.03225314617157,0.071072421967983,-0.02586368471384,1
0.13861221075058,-0.16076392680407,-0.0047750994563103,1
-0.083846896886826,-0.047767892479897,-0.069794416427612,1
0.0346440076828,0.21413927525282,0.082018636167049,1
0.0088942050933838,-0.20858275145292,0.01767311245203,1
-0.17801892757416,0.2055501267314,0.027979828417301,1
0.033289134502411,-0.1260392665863,0.030581943690777,1
-0.14492243528366,0.061830870807171,-0.036214135587215,1
-0.081662982702255,-0.05787755548954,-0.003756009042263,1
0.16540676355362,-0.16567143052816,-0.05080784112215,1
-0.15971595048904,0.021641202270985,-0.049022816121578,1
-0.18447214365005,0.0088092312216759,0.062277816236019,1
-0.1978160738945,0.14210513979197,0.13051215559244,1
0.073925077915192,-0.10626996122301,-0.0031801611185074,1
-0.18923136591911,0.0013197064399719,0.065392024815083,1
0.088664591312408,-0.14920713752508,-0.0089042410254478,1
0.094021797180176,0.07721496373415,-0.060782484710217,1
-0.12520790100098,-0.15457285940647,0.067934118211269,1
-0.052988767623901,-0.18962141871452,-0.058734759688377,1
-0.042262315750122,0.00081317126750946,0.006017230451107,1
0.054243862628937,0.19720371812582,0.10540518909693,1
-0.10731106996536,-0.056951947510242,-0.048103466629982,1
0.036782920360565,0.21782457083464,-0.056829027831554,1
-0.049163043498993,-0.051705002784729,0.020036034286022,1
-0.082752764225006,-0.19693388044834,0.043402932584286,1
-0.0064923763275146,0.20324360579252,0.14775007218122,1
0.096708953380585,-0.2098031938076,0.10160902887583,1
0.11360412836075,-0.19899401813745,-0.022388644516468,1
-0.22990614175797,-0.054201498627663,0.066188670694828,1
0.0063754320144653,0.070232145488262,0.0079657211899757,1
-0.11467468738556,-0.15576666966081,0.00056163221597672,1
0.19754940271378,-0.20120824128389,0.13779386132956,1
0.17626947164536,0.17535253614187,-0.013941697776318,1
-0.033026397228241,-0.24056953936815,0.0057775005698204,1
-0.031660795211792,0.11517807096243,-0.00033587962388992,1
0.0063353180885315,0.24739860743284,0.073168106377125,1
-0.013665556907654,0.043992258608341,-0.0093976631760597,1
-0.21165627241135,0.064473740756512,0.066648088395596,1
-0.0040497183799744,-0.20841734856367,0.0077278912067413,1
-0.22398945689201,-0.11579055152833,0.11045775562525,1
-0.12261375784874,0.22450592368841,0.1108647659421,1
-0.097310721874237,0.1583628281951,0.0055700913071632,1
0.075220584869385,0.05373927205801,-0.037242002785206,1
-0.078200429677963,0.021686285734177,-0.016021333634853,1
0.052518784999847,-0.2599371150136,0.096709541976452,1
-0.14518857002258,-0.22667095810175,0.034369990229607,1
-0.13923817873001,0.13526905328035,0.032799385488033,1
0.1118112206459,0.22122111171484,0.081582196056843,1
0.082152903079987,-0.07603476382792,-0.053749300539494,1
-0.036319196224213,-0.15665278211236,-0.016507439315319,1
-0.10312452912331,-0.23453114181757,-0.028604805469513,1
0.16194003820419,-0.1486576013267,0.2087619677186,1
-0.0827716588974,0.17332243174314,-0.095278985798359,0
0.080693781375885,0.27543374150991,-0.016902513802052,1
0.039802074432373,-0.21383266896009,0.20348290354013,1
-0.10208931565285,-0.04284081235528,-0.0030970945954323,1
0.035528540611267,0.25288670510054,-0.077209651470184,1
0.070579051971436,-0.24842686206102,-0.019487984478474,1
-0.12879228591919,0.18338450044394,0.0647307112813,1
0.021077752113342,-0.11322698742151,0.018399097025394,1
-0.15628653764725,-0.1245815847069,0.18735053390265,1
0.012150526046753,0.20343645662069,0.065015621483326,1
-0.15338325500488,0.11271055787802,0.024883083999157,1
-0.1131084561348,-0.11782735027373,-0.024699307978153,1
0.03522914648056,-0.1996892914176,-0.088814292103052,1
0.055320203304291,-0.14602151140571,0.019562274217606,1
-0.18015199899673,0.14816948026419,0.15737565606833,1
0.0024293065071106,-0.20444750785828,-0.015672497451305,1
-0.17931002378464,-0.14502612128854,-0.065106324851513,1
-0.16160678863525,0.053560756146908,-0.070511944591999,1
-0.10379320383072,-0.044385477900505,-0.035821780562401,1
-0.015417993068695,0.12861337512732,-0.054863341152668,1
-0.04477459192276,-0.1525099799037,-0.03310763835907,1
-0.231913626194,0.081539578735828,-0.061787351965904,1
0.059817969799042,0.064018182456493,0.0044168680906296,1
-0.22195979952812,0.0031421855092049,0.062822006642818,1
-0.041007578372955,0.041849873960018,0.0019214078783989,1
0.02964860200882,-0.082307565957308,0.014949686825275,1
-0.16106468439102,-0.09936975245364,-0.093582332134247,1
-0.12557473778725,-0.1696272790432,0.11128800362349,1
0.043224155902863,-0.18051037937403,0.05386234074831,1
0.041071355342865,-0.11893836408854,-0.010411076247692,1
-0.16331431269646,0.0014431998133659,0.094146348536015,1
-0.15360710024834,0.20548819750547,0.053247027099133,1
-0.00034230947494507,0.17020102590322,-0.061412490904331,1
-0.046941339969635,0.066016353666782,-0.023262776434422,1
0.0097947716712952,0.13193165510893,0.022791743278503,1
-0.19948768615723,-0.039437618106604,-0.067270338535309,1
0.058871269226074,0.098215840756893,-0.05977276712656,1
-0.095000714063644,0.07015011459589,0.035994566977024,1
-0.015618503093719,-0.065350260585546,-0.022599183022976,1
-0.020096778869629,0.12345909327269,-0.025605656206608,1
-0.20885136723518,-0.055617906153202,0.13743544369936,1
-0.038207530975342,0.016569927334785,-0.014286704361439,1
-0.11144879460335,-0.13231790438294,0.055293582379818,1
0.054665744304657,-0.12275431118906,-0.064643934369087,1
-0.03218275308609,0.023176714777946,0.00098828226327896,1
-0.048772156238556,-0.1443531922996,-0.048997133970261,1
0.13965368270874,0.18439396470785,0.0513751283288,1
-0.19443625211716,-0.087467147037387,-0.044283166527748,1
0.1448717713356,0.19017457216978,0.055909372866154,1
-0.058550864458084,0.052418299019337,-0.0012089535593987,1
0.021121919155121,0.14072684198618,-0.023975618183613,1
-0.19607508182526,-0.089819185435772,0.16117312759161,1
-0.065983891487122,0.058693133294582,-0.03091449290514,1
-0.1936329305172,0.018817692995071,0.16495380550623,1
0.11434870958328,-0.091022384352982,-0.049790747463703,1
0.089374423027039,0.17874928563833,-0.043678179383278,1
-0.057990700006485,-0.18606755882502,0.099715776741505,1
-0.12187686562538,0.063758797943592,0.0327333137393,1
-0.074472934007645,-0.0031062662601471,-0.030765853822231,1
-0.010748982429504,-0.10339969815686,-0.007119357585907,1
-0.14514249563217,0.21372827142477,-0.007739745080471,1
-0.11046919226646,-0.07726227119565,0.030824907124043,1
-0.10661745071411,0.020076721906662,-0.077086366713047,1
-0.20187065005302,0.015354044735432,0.074668653309345,1
-0.21629148721695,0.12478471547365,0.080976359546185,1
-0.14985856413841,-0.097062524873763,0.11620699614286,1
0.049943745136261,-0.099354844598565,-0.058188028633595,1
-0.097711265087128,-0.17808368057013,0.0490902364254,1
-0.028841376304626,0.040881298482418,-0.0044387653470039,1
-0.10909330844879,-0.037585325539112,-0.061562538146973,1
-0.03924685716629,-0.2398448958993,0.1619068607688,1
0.026680290699005,0.15342306345701,-0.053905785083771,1
0.03668075799942,-0.1594519764185,0.026810549199581,1
0.006662905216217,0.10153386741877,-0.065551534295082,1
-0.051819324493408,-0.027573578059673,0.0028255358338356,1
-0.14672657847404,-0.081627205014229,0.023872755467892,1
0.13261502981186,-0.14437301829457,-0.053752042353153,1
0.13155674934387,-0.19410320371389,0.19875980168581,1
-0.09505769610405,-0.22863478213549,0.12223643809557,1
0.13877350091934,0.15785213559866,0.025275133550167,1
-0.090988606214523,-0.13848109543324,0.008282408118248,1
0.051754951477051,0.099945656955242,-0.0025856271386147,1
-0.075368851423264,0.094736374914646,-0.047850988805294,1
-0.0056221485137939,0.055026538670063,-0.012258462607861,1
0.044575273990631,-0.28109037131071,-0.045835480093956,1
-0.18510475754738,-0.16504836082458,0.009610153734684,1
-0.13826769590378,-0.16376306861639,-0.035691536962986,1
-0.26012033224106,-0.025038726627827,0.044139392673969,1
0.00770503282547,0.19465931504965,-0.0081055909395218,1
0.11115580797195,-0.15198909491301,-0.046183727681637,1
-0.013603448867798,0.22528424113989,0.11587489396334,1
0.014387607574463,0.073515884578228,-0.020412661135197,1
-0.038773357868195,0.17126699537039,0.06162578612566,1
0.078154683113098,-0.097767781466246,0.022323653101921,1
-0.054922699928284,0.011114783585072,0.012054108083248,1
0.057321071624756,-0.16656419634819,-0.033030696213245,1
0.1598327755928,0.23371364921331,0.12456630915403,1
0.051314294338226,-0.1028247596696,-0.035824865102768,1
-0.055538684129715,-0.12061722204089,0.039469517767429,1
-0.13580456376076,-0.082420390099287,-0.082954950630665,1
0.0072558522224426,-0.10232418659143,-0.041998378932476,1
-0.14101061224937,-0.072169162333012,-0.014015205204487,1
0.051862239837646,0.055844835937023,-0.0079352557659149,1
-0.036941885948181,0.087282694876194,-0.048673130571842,1
0.15277600288391,-0.13279906660318,-0.071870781481266,1
-0.11518627405167,0.17005100101233,-0.032537080347538,0
-0.022950947284698,-0.25011294335127,0.11799959093332,1
-0.22501814365387,0.1506674811244,0.048240341246128,1
0.065101027488708,0.1942443177104,0.08894494920969,1
-0.15511161088943,-0.074143147096038,0.054922111332417,1
-0.087465316057205,-0.10816413816065,-0.055523879826069,1
-0.18585681915283,0.098898984491825,-0.072118386626244,1
-0.179547727108,0.19635658711195,0.095485530793667,1
-0.067756831645966,0.070181541144848,0.0088715627789497,1
-0.011075794696808,-0.046318810433149,0.00019361078739166,1
0.11543995141983,-0.13071379065514,-0.011752016842365,1
0.050810992717743,-0.26907450705767,-0.037803493440151,1
-0.10804316401482,0.11123123019934,-0.048244781792164,1
0.20396894216537,0.18847920745611,0.10852947086096,1
0.023720622062683,0.2815148755908,-0.029090575873852,1
-0.032062530517578,0.060697562992573,-0.021948732435703,1
0.069256007671356,0.079121671617031,0.0092453062534332,1
0.14765626192093,-0.21714871376753,0.033574298024178,1
0.021875143051147,0.12716083973646,-0.062480419874191,1
-0.11121755838394,-0.034495383501053,-0.022706784307957,1
0.14474576711655,-0.16788961738348,0.17151605337858,1
-0.078711062669754,-0.048375055193901,-0.033671326935291,1
-0.061620563268661,-0.20477482676506,0.07318826764822,1
0.060016989707947,0.051340006291866,-0.0047694444656372,1
0.11330324411392,-0.22244177758694,0.058760322630405,1
0.066822230815887,0.079967461526394,0.0034200400114059,1
0.075272023677826,0.12421142309904,0.012836880981922,1
-0.041271507740021,-0.19345037639141,0.18873051553965,1
-0.027945041656494,0.17827620357275,-0.08135099709034,1
-0.11967176198959,0.045549057424068,-0.028275586664677,1
0.19681698083878,-0.22506653517485,-0.038583151996136,1
-0.20015150308609,0.081957764923573,0.14476776868105,1
0.18664681911469,-0.21696573495865,-0.058250181376934,1
0.18861502408981,-0.20399262756109,-0.049592457711697,1
0.10986763238907,0.12441404908895,-0.020336799323559,1
0.09305202960968,-0.12934292107821,-0.067896917462349,1
-0.07147091627121,-0.097401943756267,0.040867783129215,1
0.059477269649506,-0.21490835398436,-0.0072600170969963,1
0.17360591888428,-0.19117700308561,-0.0761344358325,1
-0.073890000581741,-0.16900684684515,0.026863008737564,1
-0.16965278983116,0.0065766125917435,0.052946887910366,1
-0.060019195079803,-0.02867054194212,-0.055261753499508,1
-0.14021533727646,-0.091358114033937,-0.038175724446774,1
0.027628183364868,0.26523946970701,0.017435252666473,1
-0.19490441679955,-0.14072936400771,-0.046035505831242,1
0.0057517886161804,-0.060748681426048,-0.012858919799328,1
0.0074207186698914,0.083125956356525,-0.019007466733456,1
-0.0097288489341736,-0.10392335429788,-0.030201397836208,1
-0.1304574906826,0.18710949271917,-0.08652114123106,0
-0.075147539377213,0.050019152462482,-0.031655490398407,1
0.058816373348236,-0.074248740449548,-0.034288801252842,1
-0.11659848690033,0.098062820732594,-0.068413771688938,1
0.046851396560669,-0.16672547161579,-0.065483517944813,1
0.0014817118644714,-0.056190513074398,0.0014494135975838,1
0.056322813034058,0.2356535717845,0.038131773471832,1
-0.094177782535553,0.0030172094702721,-0.030421607196331,1
-0.090319871902466,-0.21950210630894,-0.039279073476791,1
-0.062088936567307,0.25291072577238,-0.0067887827754021,1
0.073655128479004,-0.15114965289831,0.00093379616737366,1
0.060889184474945,-0.08013559691608,0.018043197691441,1
-0.015443861484528,-0.21435984224081,0.15705849975348,1
-0.085085242986679,-0.099324399488978,-0.0087457373738289,1
-0.19499996304512,0.16330995410681,-0.049774713814259,1
-0.00028407573699951,0.15908708423376,-0.070992968976498,1
-0.12798383831978,-0.1366222538054,0.2013233974576,1
0.044868052005768,-0.078600846230984,-0.00085630267858505,1
-0.1305034160614,0.038885377347469,0.053899191319942,1
0.0069754719734192,0.22666730731726,0.066248446702957,1
0.087592303752899,0.103998683393,-0.01053411513567,1
0.080593883991241,0.068375997245312,-0.013835184276104,1
-0.019784510135651,-0.2321712449193,0.18163994699717,1
-0.11005020141602,0.051585622131824,0.047425292432308,1
-0.16410997509956,-0.073440201580524,0.15495724231005,1
-0.15577232837677,0.032419599592686,-0.048007763922215,1
0.10717970132828,0.22387074679136,-0.013025529682636,1
0.061470210552216,-0.25506763905287,0.093295700848103,1
0.03499037027359,0.23452346771955,-0.049506530165672,1
0.11996227502823,-0.19800572097301,0.076075054705143,1
-0.13684618473053,-0.047380521893501,0.058081515133381,1
-0.17575478553772,-0.014709904789925,0.12929453700781,1
0.068551123142242,-0.099824591830838,-0.066682353615761,1
-0.031266868114471,-0.1768379509449,0.017488889396191,1
-0.17498132586479,0.16626592725515,0.14258670061827,1
-0.0057869553565979,0.22905143350363,0.0086326822638512,1
0.028562188148499,0.092396549880505,-0.0014805421233177,1
-0.050815373659134,-0.049261964857578,-0.01709345728159,1
-0.068521201610565,-0.13768908008933,-0.039354488253593,1
-0.23524981737137,0.10218665748835,0.077454976737499,1
-0.047364890575409,0.065810643136501,0.011801563203335,1
0.061479270458221,-0.064411245286465,-0.0021098628640175,1
-0.084203392267227,-0.2436955049634,0.0080981776118279,1
0.11146986484528,0.19054662436247,-0.046527869999409,1
-0.22518235445023,0.017811559140682,0.11063507944345,1
0.17852395772934,-0.24477454274893,0.067426927387714,1
-0.10590386390686,0.17262401431799,-0.049030937254429,0
-0.16356402635574,-0.080288453027606,0.01408863812685,1
0.094827353954315,-0.091866170987487,0.028040386736393,1
-0.005266010761261,0.26819672435522,0.12475819140673,1
0.043045103549957,0.18600373715162,0.081137306988239,1
-0.031814992427826,0.21429529041052,0.19783205538988,1
0.087793827056885,0.18508174270391,0.063704468309879,1
0.13080197572708,-0.11730141565204,0.017119638621807,1
-0.11937865614891,0.10540249198675,0.075135700404644,1
0.041780829429626,-0.17402387410402,-0.08529906347394,1
0.00063800811767578,0.22777267545462,0.058681130409241,1
0.021770834922791,-0.12851949781179,-0.083761550486088,1
-0.044660925865173,0.038449682295322,-0.040786221623421,1
0.076935946941376,-0.058733645826578,0.011234380304813,1
-0.069587230682373,0.13758934289217,0.021824859082699,1
-0.080374240875244,0.15262176841497,-0.034705467522144,0
-0.16979247331619,0.039799682796001,0.0091298446059227,1
-0.13299280405045,-0.2228978946805,0.11059568077326,1
0.013671576976776,0.29487999528646,0.027015812695026,1
-0.10552510619164,0.027675427496433,0.035173766314983,1
-0.25862672924995,0.010699421167374,0.0019874200224876,1
0.072166264057159,-0.15158554911613,-0.045044593513012,1
-0.019735932350159,0.057650871574879,-0.00058940798044205,1
0.062809407711029,-0.20865400880575,-0.003828264772892,1
-0.18824464082718,0.078147105872631,0.044254206120968,1
-0.21613121032715,0.094040997326374,0.15087834745646,1
-0.12853837013245,-0.12476370111108,0.059191204607487,1
0.029764115810394,-0.17893977463245,0.014043904840946,1
0.11719459295273,-0.09238433977589,-0.077773861587048,1
-0.19147825241089,0.034853719174862,0.11894074827433,1
-0.15197810530663,-0.12170643731952,0.20459396392107,1
-0.16196444630623,-0.074071003124118,-0.027722254395485,1
-0.041393101215363,0.0036109238862991,0.0040332600474358,1
-0.067389070987701,0.070724137127399,0.0059641972184181,1
0.069119453430176,-0.15662864968181,-0.084402784705162,1
0.18026131391525,0.20136981457472,0.1492039039731,1
0.16075998544693,0.15434991568327,-0.052070625126362,1
-0.16209533810616,-0.082448935136199,0.17207338660955,1
-0.011757731437683,0.12203987687826,-0.066803708672523,1
-0.066816508769989,0.075617589056492,-0.017438568174839,1
-0.052306652069092,-0.037059962749481,-0.032560177147388,1
-0.056479692459106,0.050990782678127,-0.049840115010738,1
-0.0595723092556,0.15467172116041,-0.041724525392056,1
-0.16176769137383,-0.097713940544054,0.14321830123663,1
0.11194294691086,0.10826478153467,-0.078714236617088,1
-0.16710555553436,0.0042441785335541,0.030415035784245,1
-0.22580945491791,0.068058960139751,0.1227433308959,1
0.0048394799232483,-0.1414212808013,-0.044044256210327,1
-0.18155682086945,0.030875690281391,0.051101379096508,1
0.12217336893082,-0.13029378466308,-0.081689961254597,1
-0.17797437310219,-0.10060501209227,0.0051734820008278,1
0.13917070627213,-0.1547886133194,-0.073860846459866,1
0.05070698261261,0.12066950649023,-0.04262663424015,1
-0.13954621553421,0.0320830270648,-0.049765832722187,1
-0.18623632192612,0.082210369408131,0.03929764777422,1
0.15163671970367,0.15570660680532,-0.0254185795784,1
-0.1429306268692,0.13697233051062,0.084782712161541,1
-0.021854221820831,-0.059025216847658,-0.0067458301782608,1
-0.023498177528381,0.14668778330088,-0.024961479008198,1
0.059869587421417,-0.099656214384595,-0.037029758095741,1
-0.16802510619164,0.18019964545965,0.10054489225149,1
-0.20075333118439,0.10112007707357,-0.053244784474373,1
-0.020499050617218,-0.059938289225101,0.0062401369214058,1
-0.21671903133392,0.050233490765095,0.093506716191769,1
0.16972774267197,0.2030693218112,0.034679889678955,1
-0.13140061497688,-0.16334512084723,-0.061807967722416,1
0.044611632823944,-0.074413299560547,0.0086962357163429,1
-0.0035850405693054,-0.14109003543854,0.029781527817249,1
-0.14426246285439,-0.18807854503393,0.03915298730135,1
-0.19150507450104,0.083686254918575,0.016611821949482,1
-0.16368192434311,0.10773976892233,0.16084974259138,1
-0.018293261528015,-0.10646408330649,0.0059730783104897,1
0.11183232069016,-0.20618905127048,-0.074231781065464,1
-0.021698713302612,0.19420077651739,0.070728950202465,1
0.10877460241318,0.10284208506346,-0.070704489946365,1
-0.044536411762238,-0.086505795828998,-0.00042157620191574,1
0.11060172319412,0.23638894408941,0.16115755587816,1
-0.073943644762039,0.11706767231226,0.011030457913876,1
0.038724958896637,-0.077039740979671,-0.032054774463177,1
-0.21378004550934,0.039616502821445,0.039052434265614,1
-0.14464530348778,-0.19364514946938,-0.052029095590115,1
-0.028599500656128,0.24628659337759,-0.070044629275799,1
-0.084014713764191,0.1231245175004,-0.00033961981534958,1
-0.15935748815536,-0.11048474255949,0.20676160603762,1
-0.068742603063583,0.15828042477369,-0.010626718401909,1
-0.11538380384445,0.22693499177694,0.051947616040707,1
0.12631565332413,0.12037136405706,-0.061050675809383,1
0.16718101501465,0.20132105797529,-0.081894189119339,1
0.032709658145905,0.17489548772573,0.077342547476292,1
-0.10331544280052,-0.0089955925941467,-0.0016321316361427,1
-0.17011919617653,-0.10771375801414,0.17008044570684,1
-0.039524555206299,0.047551296651363,0.0084915235638618,1
-0.1475744843483,0.015987314283848,0.00085971504449844,1
-0.043477416038513,0.13465458899736,0.03987742215395,1
-0.093789160251617,-0.16476374864578,0.08527896553278,1
-0.027906596660614,-0.10580548876897,-0.050146847963333,1
0.041867733001709,0.19875290244818,0.19937873631716,1
-0.024488806724548,0.075063325464725,0.01247613877058,1
-0.15169310569763,-0.066916026175022,0.086094953119755,1
-0.16130122542381,-0.15760597959161,-0.086491368710995,1
0.021595060825348,-0.19477071613073,0.012937776744366,1
-0.038393437862396,-0.0047564655542374,-0.013452850282192,1
-0.09344419836998,-0.057058181613684,-0.018143080174923,1
-0.054684430360794,0.14671320468187,-0.04468484967947,1
0.1465876698494,0.16469355672598,-0.03142249584198,1
-0.17126494646072,0.17945098131895,-0.058324657380581,1
0.062829852104187,0.048117212951183,-0.013062976300716,1
0.12261605262756,-0.1648767516017,0.033781059086323,1
0.027863264083862,0.2341308221221,0.12216142565012,1
-0.0025467276573181,0.096386693418026,-0.011764042079449,1
-0.087640643119812,0.11961444467306,0.036800853908062,1
0.077340662479401,0.24128051847219,0.0028247311711311,1
-0.10912221670151,-0.14363779127598,-0.019655205309391,1
-0.061308175325394,0.20683079212904,0.040575116872787,1
-0.19882643222809,0.13772302120924,0.025882475078106,1
-0.015592873096466,-0.12454036995769,-0.064432732760906,1
-0.060303002595901,-0.15574636682868,0.0080423504114151,1
-0.11521384119987,-0.19599213451147,0.0055707544088364,1
0.15096431970596,-0.1258101593703,-0.068930901587009,1
-0.10880184173584,0.24248384684324,0.1166587844491,1
-0.037411153316498,0.24213200062513,0.045718975365162,1
-0.1442534327507,0.156763933599,0.07119008153677,1
0.077844202518463,-0.078321348875761,-0.048084653913975,1
0.12406104803085,0.17597844451666,-0.049068167805672,1
-0.055047035217285,-0.053142014890909,-0.0029240474104881,1
-0.15458372235298,-0.13469759374857,0.055734343826771,1
-0.21933272480965,0.038011886179447,0.004842646420002,1
-0.02959793806076,-0.082119207829237,-0.055655390024185,1
-0.051548838615417,-0.046233125030994,-0.00027606636285782,1
0.1439887881279,-0.12018863484263,0.063794650137424,1
-0.18466675281525,0.11210265010595,0.13272618502378,1
-0.0062315464019775,0.085684157907963,-0.019286066293716,1
0.06829297542572,0.094964943826199,-0.011812336742878,1
0.042456924915314,0.09255526214838,0.0018888935446739,1
0.097779810428619,0.19833793491125,-0.0424779728055,1
-0.021367132663727,0.17300664633512,-0.050834193825722,1
0.069057404994965,-0.067473776638508,0.0052727684378624,1
0.0040517449378967,-0.23475528508425,0.0096707791090012,1
-0.19558548927307,-0.18354050815105,-0.0302809253335,1
-0.068178504705429,0.1041297391057,0.010845728218555,1
0.16416853666306,0.16930564492941,0.038297705352306,1
-0.068353831768036,0.031524933874607,-0.0063803866505623,1
-0.050475120544434,-0.17937877029181,0.21742976456881,1
0.099120140075684,-0.23944424837828,-0.077591754496098,1
-0.11399975419044,0.11247768253088,-0.081582926213741,1
-0.071501910686493,0.23070778697729,0.035326987504959,1
-0.053904891014099,-0.071534607559443,0.017059855163097,1
0.068993806838989,-0.11829385720193,0.032834008336067,1
-0.19876924157143,-0.0041940808296204,0.086520560085773,1
0.17893016338348,-0.19427218288183,-0.041457913815975,1
0.067296206951141,-0.085130853578448,-0.052752532064915,1
-0.06468540430069,-0.15540304780006,-0.031273804605007,1
-0.016143321990967,-0.15988029167056,-0.028040356934071,1
0.11518168449402,0.10675885528326,0.026645258069038,1
-0.11321419477463,-0.076204314827919,-0.079914189875126,1
0.052473843097687,-0.2658259049058,-0.014842189848423,1
-0.044405162334442,-0.16407453268766,-0.00074766576290131,1
-0.155228048563,-0.17828655987978,0.037049345672131,1
0.093358159065247,-0.10237932531163,0.0034064427018166,1
-0.18841236829758,0.14546202868223,0.07461354881525,1
0.051447987556458,-0.064858257770538,0.0038194730877876,1
-0.13090193271637,0.096149228513241,-0.066227458417416,1
-0.14020112156868,-0.10442446079105,0.030758984386921,1
-0.09111076593399,-0.21519620716572,0.012757517397404,1
0.066322147846222,0.04409397393465,-0.0077006593346596,1
-0.028678894042969,-0.056962046772242,0.0094524547457695,1
-0.20429167151451,-0.14440416172147,0.046175830066204,1
0.10181039571762,-0.18027818202972,0.21578372269869,1
0.10168385505676,-0.14506454765797,-0.0027562826871872,1
-0.16468012332916,0.027230270206928,-0.013557843863964,1
-0.14817768335342,0.085353918373585,-0.031898140907288,1
0.038504898548126,0.074238292872906,-0.0022990703582764,1
-0.22056552767754,-0.054222725331783,0.1314734145999,1
-0.053092151880264,0.083107881247997,-0.0029974952340126,1
-0.18679749965668,-0.12333415262401,-0.020236633718014,1
-0.073580473661423,-0.19731386750937,-0.084598422050476,1
0.041059374809265,-0.19720240682364,-0.057945512235165,1
-0.031376719474792,0.0036076009273529,-0.00051508098840714,1
0.16069799661636,-0.23114786297083,0.06016531586647,1
-0.075360387563705,-0.21010947972536,0.12820356339216,1
-0.11137083172798,-0.20670602470636,0.075565971434116,1
0.15986675024033,0.16985686868429,-0.059886090457439,1
-0.0040737390518188,-0.14930283278227,-0.01116818189621,1
-0.14568489789963,-0.096076955087483,0.10843575745821,1
-0.086022973060608,-0.18709199130535,0.131741322577,1
-0.16707399487495,0.093117512762547,-0.099498800933361,1
-0.030674695968628,0.018876448273659,-0.012607179582119,1
-0.16125875711441,0.20954441279173,0.019340805709362,1
-0.11372083425522,0.21776231378317,0.15061628073454,1
-0.14226758480072,0.11096101254225,0.039457656443119,1
0.076518297195435,0.14260887354612,-0.029422163963318,1
0.10595124959946,-0.18198646605015,0.091362304985523,1
-0.2231909930706,-0.020413212478161,0.060251466929913,1
-0.079993069171906,0.0034633129835129,0.00079923123121262,1
-0.11984127759933,0.017863430082798,-0.010025657713413,1
-0.15249520540237,0.072672136127949,-0.027245439589024,1
0.024462103843689,-0.097359453327954,-0.03855062276125,1
0.074069559574127,0.05788367241621,-0.0032331049442291,1
-0.0015734434127808,0.061103068292141,-0.010205172002316,1
-0.11225146055222,0.092993400990963,0.0586943551898,1
-0.18631115555763,-0.033504836261272,-0.024370230734348,1
-0.040263056755066,0.12392611056566,0.038863159716129,1
-0.032514154911041,-0.050391416996717,0.0083116665482521,1
0.073474824428558,0.16913517564535,-0.098268143832684,1
-0.11027443408966,0.042611815035343,0.012707598507404,1
-0.064968138933182,-0.13769482076168,-0.02024020254612,1
0.058843612670898,0.22386252135038,0.055569134652615,1
-0.12206488847733,-0.15057037770748,0.029413886368275,1
-0.1613941192627,-0.16413867473602,0.076803155243397,1
-0.20429575443268,0.077455870807171,0.16441506892443,1
-0.1699301302433,0.17864438146353,0.10806987434626,1
0.043708741664886,-0.096750193741173,-0.050589472055435,1
0.1577450633049,0.23294451087713,0.075597234070301,1
0.011236310005188,0.11375977844,0.023250117897987,1
-0.082354515790939,0.08293991535902,0.028756134212017,1
0.035920917987823,-0.1388247013092,0.0070187225937843,1
0.0092384815216064,-0.10250939265825,0.0061995759606361,1
-0.10947442054749,0.23705431073904,-0.04112384468317,0
0.10383611917496,-0.2400793209672,-0.01991244405508,1
-0.15774717926979,0.10987133532763,-0.019911713898182,1
-0.068191230297089,0.036703951656818,-0.01668157428503,1
0.16843628883362,0.17641463130713,-0.008886493742466,1
-0.026451468467712,0.1047585979104,-0.013576790690422,1
-0.0034149289131165,-0.28191021829844,-0.027568347752094,1
0.082250833511353,0.16865652054548,-0.032467819750309,1
0.06214165687561,0.10372733324766,-0.072655327618122,1
0.090266823768616,0.095540188252926,-0.058922380208969,1
0.17264550924301,0.2399091348052,0.014959692955017,1
0.04663872718811,0.079758368432522,-0.04798099398613,1
0.047476470470428,-0.26507053524256,0.080802418291569,1
0.077591061592102,0.23035123199224,0.011125676333904,1
-0.17396402359009,-0.15434219688177,0.12498519569635,1
0.020493745803833,-0.16252144426107,-0.058925233781338,1
0.02470326423645,-0.10393037553877,0.019105650484562,1
-0.14551627635956,0.13034708052874,0.0059529319405556,1
-0.12003639340401,-0.16618124395609,0.11889564245939,1
0.032615661621094,0.20991983264685,0.08061533421278,1
0.021407425403595,-0.070526741445065,0.0012561306357384,1
-0.22973451018333,0.076787315309048,-0.0075744017958641,1
-0.051092743873596,0.097463749349117,-0.048792161047459,1
-0.084371447563171,-0.094678941182792,-0.076453857123852,1
-0.078285574913025,-0.1893263310194,0.13405635207891,1
-0.15168848633766,-0.17072377353907,-0.076986752450466,1
-0.0081340074539185,0.065831981599331,-0.00072098523378372,1
0.055948793888092,0.22798829525709,0.1423167064786,1
-0.040752470493317,-0.2173610329628,0.16559048742056,1
-0.15202465653419,-0.053854890167713,0.069085903465748,1
-0.068235158920288,0.19050993770361,-0.017899118363857,1
-0.04175466299057,0.1070539727807,-0.029940985143185,1
0.020089089870453,-0.068161971867085,-0.009069636464119,1
0.0046720504760742,0.078065551817417,-0.0089907646179199,1
0.090992629528046,-0.12157897651196,0.01058067381382,1
0.17096954584122,0.21526207774878,0.088170059025288,1
0.05049467086792,0.26502212136984,0.10540425032377,1
-0.1048424243927,0.0046480968594551,-0.057285018265247,1
-0.03486293554306,-0.094342888332903,0.017948031425476,1
0.079700946807861,-0.19400767236948,0.21661526709795,1
-0.020243108272552,-0.20588010549545,0.073998101055622,1
0.087237298488617,-0.063780587166548,-0.024009697139263,1
-0.21585041284561,-0.023346923291683,0.059770621359348,1
-0.017260909080505,-0.18602383136749,0.075821347534657,1
-0.095011979341507,-0.12081361562014,0.032635189592838,1
-0.060088157653809,0.17810704559088,-0.0077062249183655,1
0.11357986927032,0.1029781922698,-0.010034635663033,1
-0.10273596644402,0.06176633387804,0.0078486576676369,1
-0.054895132780075,-0.24362540990114,0.13397256284952,1
-0.16414177417755,0.047824285924435,0.21452683955431,1
0.0060117244720459,0.21370529383421,0.1868774369359,1
0.033844649791718,0.2463232204318,0.064486280083656,1
-0.022373557090759,0.16686578840017,-0.062355265021324,1
-0.1079960167408,-0.17987278848886,0.033361800014973,1
0.19650322198868,-0.20080094784498,-0.035239391028881,1
0.022739708423615,0.07827489823103,-0.036449626088142,1
0.042669832706451,-0.12075039930642,-0.049623362720013,1
0.10068428516388,0.084433577954769,-0.0017129853367805,1
0.081516861915588,0.21067204326391,-0.094609849154949,1
0.0035161375999451,0.12512826174498,-0.047944903373718,1
0.015950620174408,-0.093354661483318,0.011437959969044,1
-0.096904635429382,-0.14273877069354,-0.072137147188187,1
-0.069523990154266,0.05527912825346,-0.0080102011561394,1
0.072217524051666,-0.068057991564274,0.016618765890598,1
-0.11687713861465,-0.18310695141554,0.0936014726758,1
-0.16163060069084,-0.10406347364187,0.15812369436026,1
-0.18598338961601,-0.086229641921818,-0.059758953750134,1
-0.23817047476768,-0.090398017317057,0.037850357592106,1
0.10732233524323,0.15669276565313,-0.025566011667252,1
0.12135511636734,-0.22315237671137,-0.046775117516518,1
0.10942620038986,0.11002708226442,0.009070448577404,1
0.019275724887848,-0.075469443574548,-0.0035942420363426,1
0.014200687408447,-0.076620696112514,0.006324015557766,1
-0.12332886457443,0.11620954424143,0.095148809254169,1
-0.040688574314117,-0.060338024049997,-0.013057641685009,1
0.077838957309723,-0.080123154446483,-0.062645107507706,1
0.19550746679306,0.23486002534628,0.037322804331779,1
0.016076445579529,-0.19757775217295,0.094371668994427,1
-0.066687405109406,0.080217756330967,-0.014862112700939,1
-0.10690316557884,-0.050334494560957,-0.051676005125046,1
-0.13620954751968,-0.08972888160497,-0.0083224102854729,1
-0.16972395777702,0.014913134276867,-0.083195131272078,1
0.14698940515518,0.20958130806684,0.11809382587671,1
-0.07629805803299,-0.15386344492435,-0.038370750844479,1
-0.10537993907928,0.015003517270088,0.027161546051502,1
-0.14454504847527,0.2202307805419,-0.00025763362646103,1
-0.16780325770378,0.11027523130178,0.0013636723160744,1
-0.019539296627045,-0.053281363099813,-0.023368671536446,1
-0.01967316865921,-0.26906640082598,-0.022993750870228,1
0.00012856721878052,-0.1205634996295,-0.080371186137199,1
0.16003388166428,0.13585155457258,0.091383643448353,1
-0.16889280080795,0.17148032039404,0.042959652841091,1
-0.086832165718079,-0.18637190759182,0.15674395114183,1
0.062220573425293,-0.21994819492102,0.17837274819613,1
-0.014768660068512,0.066534347832203,0.012812606990337,1
-0.10625976324081,0.088005162775517,-0.049044378101826,1
0.065246224403381,0.086437694728374,-0.052661560475826,1
-0.13530653715134,-0.11014848668128,-0.036530561745167,1
0.050621807575226,0.085842110216618,-0.020110286772251,1
-0.036919772624969,-0.066618222743273,-0.022082068026066,1
-0.071246534585953,0.23149641603231,0.1467477157712,1
-0.081734210252762,-0.20092516392469,-0.029695585370064,1
0.17691421508789,0.15517630428076,-0.035329349339008,1
-0.11440962553024,-0.16399206966162,0.11728168278933,1
-0.14074218273163,0.21542759984732,-0.0261295363307,0
0.071603119373322,0.22114088386297,0.15995610505342,1
-0.12150031328201,-0.031246691942215,-0.040558494627476,1
-0.14820265769958,0.026466481387615,0.011726565659046,1
-0.18120265007019,0.17837249487638,0.0066881254315376,1
0.12879353761673,0.16454490274191,0.11140612512827,1
-0.19775652885437,0.097399584949017,0.010050393640995,1
0.014971137046814,-0.1661272495985,-0.075886353850365,1
0.0034809112548828,0.15011306852102,-0.0084104612469673,1
0.089622676372528,0.082780204713345,0.0078884586691856,1
0.067635774612427,0.21300768107176,0.045084200799465,1
-0.045997500419617,-0.011474408209324,0.0037068650126457,1
-0.15898111462593,0.02327736467123,0.088559322059155,1
-0.10528722405434,-0.0025376975536346,-0.0098978206515312,1
-0.014742016792297,0.20411040633917,0.046349242329597,1
-0.024239599704742,0.057139910757542,0.007859043776989,1
0.088564336299896,0.16025906056166,0.072010584175587,1
-0.052814185619354,0.0067159906029701,0.0020092949271202,1
-0.053110122680664,0.011529736220837,0.00050374120473862,1
0.017834067344666,0.2181818112731,0.0097644850611687,1
-0.093858122825623,0.094266273081303,0.041234098374844,1
0.10756266117096,0.23810585588217,0.16761977225542,1
0.070217311382294,0.23068856447935,0.077251978218555,1
-0.1578229367733,0.086369358003139,-0.088815189898014,1
-0.18637442588806,0.039491333067417,-0.099764604121447,1
0.051214873790741,-0.13128565251827,-0.028419613838196,1
0.078817963600159,0.074005179107189,0.021354459226131,1
0.11570554971695,-0.10929499845952,-0.030718840658665,1
0.04606568813324,-0.1975023150444,0.084244720637798,1
0.14247393608093,0.18930699676275,0.11455658823252,1
-0.044202625751495,-0.1427097953856,0.018399722874165,1
-0.18999060988426,0.14267035573721,0.099504746496677,1
0.05241459608078,-0.21692800521851,0.046025909483433,1
-0.00018399953842163,0.063895098865032,-0.0043309032917023,1
-0.1186937391758,0.10101931542158,-0.032069019973278,1
0.056606113910675,0.18216817826033,0.022180765867233,1
0.081827282905579,0.069166876375675,-0.012399941682816,1
-0.21368408203125,0.048204816877842,0.016504727303982,1
0.021356999874115,-0.099923961970489,-0.001664362847805,1
-0.10882943868637,-0.2248887270689,-0.039132729172707,1
0.0030099153518677,0.10017380863428,-0.0093551948666573,1
-0.16172596812248,-0.10802678298205,0.091540135443211,1
0.049002647399902,-0.11624759249389,0.024824537336826,1
-0.03114241361618,0.10467386990786,-0.071105517446995,1
0.022795081138611,0.15482502430677,0.021432608366013,1
-0.070415318012238,-0.12579650059342,-0.052584849298,1
-0.16928684711456,0.16097047179937,0.13999635726213,1
-0.025402545928955,-0.18355940282345,-0.0976845882833,1
0.01963484287262,-0.072660824283957,-0.016755856573582,1
-0.16172343492508,-0.082607135176659,0.10002820938826,1
0.028304576873779,-0.21560515463352,0.049300245940685,1
-0.16582936048508,0.19619437307119,0.098529078066349,1
-0.056006193161011,0.055712796747684,0.014652721583843,1
-0.025358974933624,-0.049289938062429,0.0050067976117134,1
0.021637856960297,-0.17189211398363,-0.069820232689381,1
-0.26830440759659,0.011322312057018,0.028929091989994,1
-0.015601098537445,-0.10120611230377,0.006065733730793,1
0.1575031876564,-0.16395817697048,-0.078336723148823,1
-0.06034180521965,-0.0038464069366455,-0.0075356587767601,1
-0.06973060965538,-0.16409037262201,-0.059171989560127,1
-0.14627951383591,-0.18378327041864,-0.060748316347599,1
0.078507483005524,0.23643963783979,0.10968675464392,1
-0.077966392040253,-0.10205514635891,0.0071533694863319,1
-0.14598703384399,-0.1288884151727,0.11127575486898,1
0.071067273616791,-0.089410136453807,-0.02869924902916,1
-0.15250691771507,-0.098727140808478,0.20673102885485,1
-0.02302473783493,-0.22572941333055,0.066232435405254,1
0.046558260917664,0.26288848370314,0.089450798928738,1
0.12668043375015,-0.20263510942459,0.11741579324007,1
0.097391426563263,0.23665695637465,0.092195488512516,1
-0.0470250248909,0.072671316564083,-0.030647285282612,1
0.069725930690765,-0.284572891891,0.079285211861134,1
-0.25938987731934,0.010646440088749,-0.040836274623871,1
-0.020062506198883,-0.046710815280676,-0.0021208897233009,1
-0.044954836368561,-0.094726713374257,-0.034467115998268,1
0.051330745220184,-0.10828938148916,0.010690949857235,1
0.19408684968948,-0.19301673024893,0.0059595182538033,1
0.04530394077301,0.18123158067465,0.027493931353092,1
-0.22485134005547,0.11251389235258,-0.0098755732178688,1
-0.17665162682533,0.12012099474669,0.13645211607218,1
0.16821318864822,0.1693148240447,0.090236343443394,1
-0.0082096457481384,0.10088696330786,-0.020936265587807,1
-0.14245241880417,-0.18010541796684,0.057799182832241,1
0.044193625450134,-0.18844965100288,0.07202859967947,1
0.050769746303558,-0.13193010911345,0.025901161134243,1
-0.023916006088257,-0.098083531949669,-0.053512126207352,1
-0.12516587972641,-0.091456349007785,0.019638307392597,1
-0.13042759895325,-0.054836388677359,0.015199340879917,1
0.080260515213013,-0.06071150675416,0.0020815059542656,1
0.05941778421402,0.16162806004286,-0.027743436396122,1
-0.026795566082001,0.099855817854404,0.013673573732376,1
-0.19567999243736,-0.069996904581785,0.1631186529994,1
-0.18429347872734,-0.010273031890392,0.13644138723612,1
-0.13053828477859,-0.046201881021261,0.0025633201003075,1
0.12858200073242,-0.1682963296771,0.046947546303272,1
0.0044698119163513,-0.25083772093058,0.06590723246336,1
-0.030576288700104,0.029539860785007,-0.0028029903769493,1
0.010064482688904,0.19055422395468,0.013411819934845,1
-0.029044449329376,0.067524842917919,-0.050115190446377,1
-0.13675817847252,0.044915877282619,0.067474059760571,1
-0.11498522758484,-0.15079827979207,0.040353216230869,1
-0.073803097009659,-0.074390290305018,-0.070460610091686,1
-0.052306473255157,0.11020442098379,0.016507484018803,1
0.057670176029205,0.2168787047267,0.098498456180096,1
0.026214957237244,0.1910288259387,0.0020642131567001,1
0.11996781826019,0.15099053829908,0.067437060177326,1
-0.11675631999969,0.17541917413473,0.042421422898769,1
0.0040445923805237,-0.19288958609104,0.02901304513216,1
0.02317476272583,0.095465548336506,-0.011970594525337,1
-0.1308519244194,-0.11087252851576,0.092056877911091,1
-0.021338820457458,-0.16325704753399,0.0069050267338753,1
-0.17307084798813,-0.03558661788702,0.1142348870635,1
0.085359394550323,0.077200286090374,0.0091055482625961,1
-0.014167666435242,-0.24513904005289,0.026406340301037,1
0.17713636159897,-0.16426932811737,0.12607987970114,1
-0.1420384645462,0.13927581161261,0.14119530469179,1
-0.059670001268387,0.199049256742,0.18115938454866,1
-0.075433313846588,-0.066440686583519,-0.077886678278446,1
-0.1992281973362,-0.051125831902027,-0.054243236780167,1
-0.042497158050537,0.020683273673058,0.0065857842564583,1
0.13015669584274,0.17126809805632,-0.088710121810436,1
-0.10250294208527,0.043813295662403,-0.0074938014149666,1
0.0068219304084778,0.085013441741467,0.015589065849781,1
-0.16374331712723,0.065734602510929,0.20853395015001,1
-0.032927572727203,0.13816637545824,0.021519899368286,1
-0.060009241104126,-0.066108368337154,-0.023580871522427,1
-0.10985550284386,-0.094226004555821,-0.056304909288883,1
-0.10091176629066,-0.016557857394218,0.013430051505566,1
0.12745815515518,-0.21491595357656,0.142807982862,1
0.21546739339828,0.20558422058821,-0.0049718841910362,1
0.11992794275284,-0.11318060010672,0.011331431567669,1
0.0065703392028809,0.081634543836117,0.020513124763966,1
0.028008103370667,-0.13830605149269,-0.015629403293133,1
-0.15479990839958,0.15082501620054,-0.01360660046339,1
0.03990226984024,-0.086299772374332,-0.05076714605093,1
0.090294539928436,0.10358410328627,-0.069410838186741,1
0.082534611225128,0.16525097936392,-0.031951755285263,1
0.078413009643555,-0.076500000432134,0.0077304169535637,1
-0.02256578207016,-0.19289197027683,0.11769513040781,1
-0.060083031654358,0.020794175565243,-0.01410549134016,1
0.071519911289215,-0.15708943083882,-0.07592998445034,1
-0.12005019187927,0.15466233342886,0.092819534242153,1
-0.074832826852798,-0.060427404940128,-0.0046315118670464,1
-0.046067833900452,0.086446918547153,-0.015330769121647,1
-0.03839498758316,-0.087851356714964,-0.050864897668362,1
0.036538779735565,0.15522342175245,0.019008331000805,1
-0.043379902839661,0.030914731323719,-0.0015437379479408,1
-0.18210405111313,0.04437405616045,0.19672257453203,1
0.031513273715973,-0.2454703822732,0.041796199977398,1
-0.04506778717041,0.021559841930866,0.00096113234758377,1
0.034877240657806,0.25301017612219,0.055942535400391,1
-0.01733124256134,-0.037523373961449,-0.005335234105587,1
-0.086113005876541,-0.039807569235563,0.01035238057375,1
0.16338330507278,0.25972097367048,0.018395081162453,1
-0.10667490959167,0.14111682027578,0.047076769173145,1
-0.059822738170624,0.11009856313467,0.039741538465023,1
-0.14032807946205,-0.09709576703608,-0.031771838665009,1
-0.0020396709442139,0.074329383671284,0.0080553442239761,1
0.15997415781021,-0.15085652470589,-0.038609690964222,1
-0.16753706336021,0.16817083209753,-0.058613173663616,1
-0.050968199968338,-0.10439049638808,-0.0083209052681923,1
0.00081765651702881,0.09334746748209,0.0036997571587563,1
-0.14736863970757,0.017197079956532,-0.038398675620556,1
-0.09088858962059,-0.042394012212753,-0.061052843928337,1
0.077234923839569,0.085440509021282,-0.030655063688755,1
-0.086173415184021,-0.20027958601713,0.043933898210526,1
0.13146686553955,0.19612514227629,0.20075256377459,1
0.033489882946014,0.069451846182346,-0.0089142546057701,1
0.008179247379303,-0.070444080978632,0.0019215568900108,1
-0.13942500948906,0.23202105611563,0.032740794122219,1
-0.10603573918343,0.17424961179495,0.013792507350445,1
-0.067489147186279,0.10477883368731,0.028520159423351,1
0.18675923347473,0.2305111810565,0.073070995509624,1
0.094921827316284,0.099836282432079,-0.061363250017166,1
0.11445331573486,0.15287416428328,0.051624044775963,1
-0.21481743454933,-0.072674682363868,-0.018142320215702,1
-0.07048574090004,-0.0015106946229935,-0.062375701963902,1
-0.070200026035309,-0.0013002678751945,0.020777486264706,1
0.051271259784698,-0.079771464690566,-0.015170268714428,1
0.11634123325348,0.20070745795965,0.064417310059071,1
-0.081597924232483,0.040846668183804,0.029049478471279,1
0.10117077827454,0.23880120366812,0.088427551090717,1
-0.24031168222427,-0.099497441318817,0.096123240888119,1
-0.15046554803848,0.062134392559528,-0.016424544155598,1
0.016010105609894,-0.25796862691641,-0.04892934858799,1
0.014993906021118,0.25860252231359,-0.044382743537426,1
-0.14527061581612,0.043808527290821,0.031001053750515,1
0.075198948383331,0.07781621068716,0.0064111277461052,1
-0.19636029005051,0.17175158113241,-0.011837296187878,1
0.039612770080566,-0.16743647307158,-0.08739235252142,1
0.13131868839264,-0.23028472810984,-0.036683022975922,1
0.085555970668793,0.10627268999815,-0.013865910470486,1
-0.031797349452972,-0.0023709684610367,0.001486249268055,1
-0.077773481607437,-0.066773049533367,-0.03941585868597,1
0.049977660179138,0.082430608570576,0.0082750841975212,1
-0.18388453125954,0.12659553438425,-0.0041423216462135,1
0.066684544086456,-0.2571784183383,0.02946825325489,1
0.15735352039337,-0.18440616875887,0.0020890310406685,1
-0.073036909103394,0.0031268894672394,-0.058122880756855,1
0.022643566131592,0.12982157617807,-0.014867842197418,1
-0.094946026802063,-0.10405270848423,-0.033098287880421,1
0.060306191444397,0.071379624307156,0.014466509222984,1
0.15644305944443,-0.228904761374,0.024291329085827,1
-0.083438545465469,-0.11986227892339,-0.088325150310993,1
0.11018007993698,-0.23277024179697,0.097694016993046,1
-0.10814219713211,0.04816896468401,-0.079284511506557,1
0.10139346122742,0.13168872147799,-0.087604954838753,1
0.055170357227325,-0.27921942621469,-0.010411478579044,1
-0.24767434597015,-0.070899866521358,0.10147436708212,1
0.045478761196136,-0.07314277626574,-0.015194796025753,1
-0.17468738555908,-0.17857690900564,0.11865339428186,1
-0.066685676574707,0.1462067887187,-0.059842608869076,1
-0.21291279792786,0.074566937983036,0.1587285771966,1
-0.19835802912712,0.049140445888042,0.037354491651058,1
0.043863475322723,-0.21650160104036,-0.022934205830097,1
0.12203019857407,0.1491319462657,-0.060376562178135,1
-0.095281630754471,-0.26533172279596,0.029109992086887,1
-0.22030133008957,-0.12598333694041,0.1093121394515,1
-0.10861995816231,-0.040189824998379,7.2769820690155e-05,1
-0.012096345424652,0.10377585142851,-0.074836984276772,1
-0.2182622551918,0.062673412263393,-0.075417965650558,1
0.16254067420959,-0.18350652605295,-0.054191254079342,1
-0.033906757831573,-0.02397445589304,-0.0014065429568291,1
-0.1647008061409,0.081329993903637,-0.0027494058012962,1
0.038674890995026,0.055342219769955,-0.0045864507555962,1
-0.12662664055824,0.14270859211683,0.11149869114161,1
-0.0079351663589478,-0.23554309457541,-0.071797035634518,1
-0.14917579293251,-0.16661774367094,0.06692223995924,1
-0.0016986727714539,-0.095230392180383,0.01510614156723,1
0.049765050411224,0.082323543727398,0.001181036233902,1
-0.078121840953827,-0.22262818366289,-0.090951971709728,1
-0.19218176603317,0.12354268878698,0.059840731322765,1
-0.12374365329742,0.098965562880039,0.075475849211216,1
-0.14468124508858,0.021089404821396,0.015885196626186,1
-0.15260630846024,-0.11952085606754,0.023136280477047,1
0.026225924491882,-0.068323746323586,0.0057200118899345,1
-0.23549312353134,-0.098767109680921,-0.002986453473568,1
-0.1339313685894,-0.00024585425853729,-0.0093441978096962,1
-0.14284038543701,-0.015394568443298,-0.042074449360371,1
0.04045045375824,0.055569402873516,-0.0024491176009178,1
-0.13453331589699,-0.022522144019604,0.012205578386784,1
-0.08035084605217,0.19439204782248,0.0025233775377274,1
-0.1140248477459,-0.18029475957155,0.10261588543653,1
0.034231126308441,0.17506273835897,-0.018811471760273,1
-0.084497630596161,0.028669990599155,0.021688841283321,1
-0.10651198029518,-0.018793426454067,0.038706533610821,1
0.064643204212189,-0.18611059337854,-0.066498018801212,1
0.055022656917572,0.12992375344038,0.01366700977087,1
-0.0043632388114929,0.069030322134495,0.00934998691082,1
-0.12642827630043,0.14950329810381,0.011591516435146,1
-0.12060567736626,-0.01583818346262,0.020420305430889,1
-0.15286207199097,0.1281687989831,0.11334719508886,1
-0.1706286072731,0.14189951866865,0.17395723611116,1
0.18048399686813,-0.18781989812851,-0.045054383575916,1
0.0089768767356873,-0.21948554366827,0.015835657715797,1
0.0072168707847595,-0.14710537344217,-0.042181476950645,1
0.065925598144531,0.24820660799742,0.15202618390322,1
-0.19634693861008,0.10663021355867,-0.032458074390888,1
-0.054981559514999,0.21234988421202,-0.083737455308437,1
0.025772035121918,-0.14540155231953,0.021122507750988,1
-0.068963646888733,-0.17110484093428,0.089612759649754,1
0.031396806240082,0.12246104329824,0.019830450415611,1
0.16030436754227,-0.13808964565396,-0.016953133046627,1
0.045107543468475,-0.21604277938604,0.18924967199564,1
-0.033906400203705,-0.12855471111834,-0.057571478188038,1
-0.075841039419174,-0.22306922078133,0.14801908284426,1
0.069032371044159,-0.10162490815856,-0.009471096098423,1
-0.19630619883537,-0.055959120392799,0.00037399679422379,1
0.078333139419556,-0.23651642352343,0.10182962566614,1
0.17481809854507,-0.21531876176596,-0.017621017992496,1
-0.055220812559128,8.9205801486969e-05,0.0017076805233955,1
-0.089772760868073,-0.1334164775908,-0.039991036057472,1
-0.094209313392639,-0.12869802676141,0.018538542091846,1
0.082618057727814,-0.095557052642107,-0.019443310797215,1
-0.11219596862793,0.014810293912888,-0.024071015417576,1
-0.12601241469383,-0.23009692877531,0.076983161270618,1
0.029090166091919,-0.12589411064982,-0.079353608191013,1
0.066854178905487,-0.23659700900316,-0.026629827916622,1
0.10488384962082,-0.19058741629124,-0.047584921121597,1
-0.16062286496162,-0.011731892824173,-0.0055026486515999,1
0.010655283927917,0.053655438125134,0.0010038465261459,1
0.19236606359482,-0.19038160145283,0.046668075025082,1
0.042739629745483,0.082962237298489,-0.031932532787323,1
0.064187586307526,-0.17945156991482,-0.039106018841267,1
-0.033349931240082,-0.056756500154734,0.01023580878973,1
0.0053106546401978,0.11803957074881,0.0012392401695251,1
-0.2183044552803,0.038390032947063,0.036202825605869,1
-0.17910063266754,-0.053037352859974,0.050602070987225,1
-0.2360503077507,0.032640658318996,0.048114009201527,1
-0.082646429538727,0.029651336371899,-0.011439777910709,1
-0.0003778338432312,-0.065792713314295,0.0056127533316612,1
-0.14607357978821,0.062808655202389,-0.024024218320847,1
0.083503603935242,-0.20774138718843,0.17071453481913,1
0.012151539325714,0.082124717533588,-0.0044557228684425,1
0.077655136585236,-0.18909043073654,-0.041556976735592,1
-0.11065107584,0.18859847635031,0.096101827919483,1
0.19454377889633,0.20610105246305,-0.044081054627895,1
-0.1654380261898,0.043997578322887,-0.0087518468499184,1
-0.01408463716507,-0.085444538854063,0.0053641349077225,1
-0.064443707466125,0.15164028853178,-0.058362498879433,1
-0.087048590183258,-0.13825749978423,0.072818733751774,1
-0.075212746858597,0.17485209554434,-0.094233103096485,0
0.030499219894409,0.1501963660121,0.030505269765854,1
-0.085270166397095,0.018491245806217,-0.051741644740105,1
-0.053721219301224,0.21308209747076,0.17074205726385,1
0.1442893743515,0.11935579031706,0.033590994775295,1
-0.094380646944046,-0.022351048886776,0.032005853950977,1
-0.17291250824928,-0.17694335430861,0.034653268754482,1
0.12801092863083,-0.17415308207273,-0.037647798657417,1
-0.10554668307304,-0.17244759202003,0.20184222608805,1
-0.040612518787384,0.035641007125378,-0.011300377547741,1
0.14635354280472,-0.12678722478449,-0.025508590042591,1
0.03751277923584,0.11353883892298,-0.053954787552357,1
0.038017690181732,-0.16847439855337,-0.036166302859783,1
-0.042657136917114,-0.065811198204756,-0.059972323477268,1
-0.03824508190155,-0.19432698190212,0.077677823603153,1
-0.038655638694763,0.15932535380125,-0.097855478525162,1
0.15574246644974,-0.13284014165401,0.031046397984028,1
0.16386944055557,0.15281220525503,-0.091680116951466,1
-0.22027230262756,0.032638929784298,-0.060066320002079,1
-0.23917406797409,0.095126532018185,-0.052075386047363,1
-0.032282531261444,0.032887972891331,-0.021233685314655,1
-0.054617464542389,0.037422604858875,-0.017514042556286,1
0.054279327392578,0.06411350518465,0.0025711134076118,1
-0.020827770233154,0.16128098219633,-0.017267607152462,1
-0.19928705692291,-0.03392867743969,0.036291636526585,1
0.10323947668076,0.10229840129614,-0.050586484372616,1
-0.020283758640289,-0.12895744293928,-0.080898120999336,1
-0.17753317952156,-0.030239254236221,-0.057493411004543,1
0.13974094390869,-0.19673328846693,-0.044966816902161,1
-0.19874009490013,0.034307263791561,0.040687896311283,1
-0.047117531299591,0.039585076272488,0.0038307830691338,1
0.030744850635529,-0.13700615987182,-0.0093648210167885,1
0.081450760364532,-0.075295204296708,-0.030540309846401,1
-0.011710822582245,-0.14614710956812,-0.091047998517752,1
0.11966806650162,-0.20975386351347,-0.051716864109039,1
0.087993204593658,-0.26034709066153,-0.0091430693864822,1
-0.042643487453461,0.025783725082874,-0.019899539649487,1
-0.085128843784332,-0.19003736227751,-0.0024921298027039,1
-0.10425978899002,0.24799277633429,0.064370885491371,1
0.13502943515778,-0.18818019330502,-0.031830295920372,1
-0.13213381171227,-0.0047777369618416,-0.048956923186779,1
-0.057850122451782,0.05544226616621,0.017096482217312,1
0.049951612949371,0.083969719707966,0.019207254052162,1
0.055605053901672,0.089197434484959,0.023090504109859,1
0.070052087306976,0.076791875064373,0.01801935583353,1
-0.069273889064789,0.059073410928249,-0.06091883033514,1
0.04184228181839,-0.11796727217734,0.010970689356327,1
0.054951131343842,0.23652794212103,0.023249469697475,1
-0.081497132778168,0.095107518136501,-0.041866652667522,1
-0.092957049608231,0.012256525456905,-0.040426515042782,1
0.0095857977867126,0.091540046036243,-0.0036744698882103,1
0.041797935962677,0.22138976305723,0.0078288465738297,1
-0.015449702739716,-0.12043379060924,0.036211244761944,1
-0.16018676757812,-0.20535524189472,0.0022182688117027,1
-0.046567022800446,0.14643006771803,0.029918506741524,1
-0.13479125499725,0.045363776385784,-0.0016022101044655,1
0.032431185245514,-0.089250243268907,-0.016558974981308,1
0.092054307460785,0.19658558815718,0.13341005891562,1
-0.014969408512115,0.072466321289539,0.0045437216758728,1
0.038605570793152,-0.19173635542393,-0.075921975076199,1
0.063651323318481,0.19739716500044,0.029538758099079,1
-0.092604339122772,0.053621716797352,0.004268579185009,1
-0.19453865289688,-0.11235173605382,-0.062298312783241,1
0.0045909881591797,0.23821779340506,0.10586301237345,1
0.11835116147995,0.26355674117804,0.080550901591778,1
-0.1848107278347,-0.050500061362982,-0.063896775245667,1
0.12710410356522,-0.11583465151489,-0.037395246326923,1
0.040286660194397,-0.22061118483543,0.084344543516636,1
-0.23353496193886,-0.037176862359047,0.024525426328182,1
-0.040139734745026,0.02168532460928,-0.024697534739971,1
-0.091340512037277,-0.25716757029295,0.10022763162851,1
-0.1826414167881,0.02230703830719,0.057722605764866,1
0.047787427902222,0.22547849267721,0.078908063471317,1
-0.18840870261192,-0.036994464695454,0.00058241933584213,1
0.021638691425323,0.0816735252738,-0.039282955229282,1
0.096310257911682,0.12457924336195,0.011848129332066,1
-0.077884912490845,0.053478233516216,0.0055464133620262,1
-0.068636924028397,-0.13406028598547,0.063831560313702,1
0.011681914329529,-0.06195130199194,0.0030471011996269,1
-0.19305947422981,-0.17475310713053,-0.010426871478558,1
-0.049486815929413,-0.25235492736101,-0.013403549790382,1
-0.12465664744377,-0.16723760217428,0.027219615876675,1
-0.13636335730553,-0.063782643526793,0.0041903480887413,1
-0.13344511389732,-0.18952172249556,0.040995456278324,1
0.05366438627243,0.16837032884359,-0.058900512754917,1
-0.19499841332436,-0.095193958375603,0.11012432724237,1
0.026432991027832,-0.10018539504381,-0.016553305089474,1
0.048931181430817,0.11628919094801,-0.03492970764637,1
0.16373592615128,-0.22433157265186,-0.0071717128157616,1
-0.11990559101105,0.091960944235325,-0.033435486257076,1
0.040214121341705,-0.19358330965042,0.028939798474312,1
-0.22732383012772,-0.015124499797821,-0.062088929116726,1
0.056893944740295,0.19492151588202,0.089146099984646,1
-0.12667521834373,-0.018951676785946,-0.09216457977891,1
-0.15413191914558,-0.081151055172086,0.036900989711285,1
-0.017754733562469,-0.20731676369905,-0.018991477787495,1
0.023122608661652,-0.1516234241426,-0.060190670192242,1
-0.1096219420433,0.21975281089544,0.011206515133381,1
-0.18590199947357,-0.11118402797729,-0.026776917278767,1
-0.19830444455147,-0.11589970812201,-0.087065503001213,1
-0.15392914414406,0.13498234003782,0.12642512470484,1
-0.14103332161903,-0.023969158530235,0.044041447341442,1
0.0095314383506775,-0.18060346692801,0.058196105062962,1
-0.20981565117836,-0.11244214698672,0.14393233507872,1
0.036243438720703,0.16463901847601,0.011648416519165,1
0.048288404941559,0.20139151066542,0.13392002135515,1
-0.090858787298203,0.063605345785618,0.0032820031046867,1
-0.15100082755089,-0.15075368434191,0.17745202034712,1
-0.17900320887566,0.085516937077045,0.18121787160635,1
-0.0032055377960205,0.20495473593473,0.14724382013083,1
0.10178333520889,-0.078593458980322,-0.035489849746227,1
0.030181229114532,-0.11903197132051,-0.031069628894329,1
-0.1330164372921,-0.050198450684547,-0.092533893883228,1
0.058786630630493,-0.10470975982025,-0.018225602805614,1
-0.10715320706367,-0.011811673641205,0.038211040198803,1
0.14104300737381,0.25132670253515,-0.055430702865124,1
-0.0043455362319946,0.051876120269299,-0.011677876114845,1
0.11206704378128,-0.12264743633568,0.025370769202709,1
-0.12158799171448,-0.19781871140003,0.034802168607712,1
0.14171725511551,-0.19373148679733,0.05898604542017,1
-0.21665287017822,-0.081632107496262,0.016261212527752,1
0.040683031082153,0.29279717057943,0.040049642324448,1
-0.091336965560913,-0.018845923244953,-0.063192844390869,1
-0.14473712444305,-0.020193189382553,-0.024405039846897,1
0.049408555030823,0.18472477048635,-0.056968078017235,1
-0.12343683838844,-0.022433713078499,0.03985870629549,1
0.18617731332779,-0.16521972417831,-0.089913301169872,1
-0.12875619530678,0.16669496148825,0.14082822948694,1
0.080622732639313,0.098922990262508,-0.0044851899147034,1
-0.0024869441986084,0.14646007865667,-0.081092849373817,1
-0.060936659574509,0.094954140484333,0.0066447779536247,1
-0.14633724093437,-0.22301594167948,0.066919513046741,1
0.11436694860458,-0.23549339920282,0.12039960175753,1
-0.19080454111099,0.15397267788649,-0.0230757817626,1
-0.23451891541481,-0.069890594109893,0.049414716660976,1
0.051663219928741,0.10996740311384,0.02488861232996,1
-0.10351076722145,0.17171999067068,0.030334167182446,1
-0.04173356294632,-0.076761716976762,-0.020746819674969,1
-0.027169227600098,0.28844671696424,0.021394185721874,1
-0.1758593916893,0.1720442995429,0.12220979481936,1
0.12861889600754,-0.11302284244448,-0.059204153716564,1
-0.16859394311905,0.10560452193022,0.13826235383749,1
-0.021486401557922,0.18359553068876,0.026607878506184,1
0.10713821649551,-0.090430777519941,0.0047579035162926,1
-0.11415913701057,0.027146331965923,0.0037568584084511,1
0.14071434736252,-0.23903734236956,-0.022996455430984,1
0.11284106969833,0.10409938544035,-0.015093512833118,1
0.025177180767059,-0.14085969701409,0.024466939270496,1
0.047933995723724,-0.20243933051825,-0.069190591573715,1
-0.13775146007538,0.20194282382727,0.14783632010221,1
-0.065193921327591,0.15057554095984,-0.053886972367764,1
0.073311030864716,0.16148161143064,-0.011369451880455,1
-0.16015088558197,-0.13336137682199,0.011610098183155,1
-0.005018413066864,0.21129878610373,0.11155266314745,1
-0.064739286899567,0.1415259167552,-0.059158749878407,1
-0.045208990573883,-0.082356272265315,0.02663217484951,1
0.090136587619781,-0.1793364956975,-0.058953978121281,1
-0.16089609265327,0.11183529347181,0.02939922362566,1
0.12209188938141,-0.208535797894,-0.05353631824255,1
-0.028162717819214,0.21573927253485,-0.044052511453629,1
-0.18542438745499,-0.065358731895685,-0.016561679542065,1
-0.077072441577911,-0.021131128072739,-0.018251739442348,1
-0.056914776563644,0.15158229321241,-0.079590156674385,1
-0.064298868179321,-0.20498680323362,0.12588223069906,1
-0.14817813038826,0.067662663757801,0.043243713676929,1
-0.15055102109909,-0.063524082303047,-0.026077024638653,1
-0.062864273786545,-0.09117079526186,-0.023515664041042,1
-0.089049428701401,0.088364087045193,0.027020536363125,1
-0.10534340143204,0.15739443153143,0.17763417214155,1
-0.075419485569,-0.22079329192638,0.012789763510227,1
0.074543833732605,-0.12154149636626,-0.0058879554271698,1
0.11624717712402,-0.13633502647281,0.056861482560635,1
-0.025677263736725,-0.12911159545183,-0.033283956348896,1
0.029824078083038,0.072218962013721,0.0050080269575119,1
-0.054239958524704,-0.033697128295898,0.018403016030788,1
0.12954920530319,0.21910487860441,0.010500960052013,1
-0.18499526381493,0.03692015260458,-0.051685601472855,1
0.049462497234344,0.19612895697355,-0.088400520384312,1
-0.026166319847107,-0.1546020321548,0.057947635650635,1
-0.11927732825279,-0.17533316463232,0.037747576832771,1
-0.061276823282242,-0.07012477144599,0.0082361027598381,1
-0.080672681331635,-0.075713938102126,-0.022172339260578,1
0.18675726652145,0.16606148332357,-0.02265640348196,1
0.1039422750473,-0.20160084962845,0.19427002221346,1
0.024904668331146,0.13548470288515,-0.0099757090210915,1
0.13581669330597,0.15336521714926,-0.063069798052311,1
-0.052186608314514,-0.049750972539186,-0.014919184148312,1
-0.091754823923111,0.20201220363379,0.017659395933151,1
-0.033335208892822,0.070830948650837,0.0078195258975029,1
-0.11231642961502,0.040398187935352,-0.069600082933903,1
0.033711671829224,0.11469989269972,0.0066708624362946,1
0.021037101745605,-0.24887742847204,0.095992691814899,1
0.072819948196411,0.13548322767019,-0.034650407731533,1
0.051589846611023,0.067431382834911,-0.01729903370142,1
0.087954580783844,0.15011041611433,-0.088789984583855,1
-0.088996320962906,-0.15729029104114,-0.012377366423607,1
0.024410903453827,-0.13107287697494,-0.053694888949394,1
-0.17120495438576,0.012753687798977,0.0099152848124504,1
0.16426473855972,-0.16678562015295,-0.040701501071453,1
0.0082831978797913,-0.11649029701948,0.0065958499908447,1
-0.1321719288826,-0.015776336193085,0.023489318788052,1
0.050875186920166,-0.15635979920626,0.00084108859300613,1
-0.22169572114944,-0.053466442972422,0.050875775516033,1
-0.12650632858276,0.041997693479061,-0.028079181909561,1
-0.11573711037636,0.019461311399937,0.042859874665737,1
-0.10892641544342,-0.14305735006928,0.090690664947033,1
-0.13241976499557,0.17648085206747,0.0094052031636238,1
0.035221040248871,0.20196451991796,-0.085778914391994,1
-0.17945474386215,0.021248310804367,0.064206950366497,1
-0.016064286231995,0.09139209240675,-0.0278604850173,1
-0.090784221887589,-0.22254656255245,0.10848344117403,1
-0.10566565394402,-0.065408650785685,-0.017432697117329,1
-0.11413329839706,-0.17165444791317,0.087660051882267,1
0.13484990596771,-0.23309320956469,-0.011180058121681,1
0.020124554634094,0.18573939055204,0.038173019886017,1
0.18948328495026,-0.19658810645342,-0.052145890891552,1
0.07634311914444,0.2182936295867,0.018274553120136,1
0.028693377971649,-0.12044141069055,-0.013128452003002,1
-0.14103472232819,-0.21530485898256,-0.059025816619396,1
0.078710913658142,-0.19205812364817,-0.0094748064875603,1
0.093908727169037,-0.10152091272175,0.021414838731289,1
-0.017631053924561,-0.037697851657867,-0.0050670132040977,1
-0.073481142520905,-0.20772476494312,0.16454205662012,1
-0.077107578516006,-0.10609293635935,0.023795999586582,1
0.018793702125549,0.23693069070578,-0.056238748133183,1
-0.13656523823738,0.22346653789282,0.069148041307926,1
-0.087629526853561,-0.17604501545429,0.10082014650106,1
-0.22915881872177,-0.097000651527196,0.12476984411478,1
0.12839609384537,-0.19984555244446,-0.080162823200226,1
-0.073018282651901,-0.24310006946325,0.14115261286497,1
0.13360208272934,-0.11197606381029,-0.076262168586254,1
-0.013220310211182,0.16317849606276,0.067399896681309,1
-0.10315588116646,-0.2034547701478,0.024673499166965,1
-0.14995712041855,0.17901944369078,0.16142741590738,1
-0.089766591787338,-0.051893502473831,-0.010164879262447,1
-0.20357626676559,-0.054229930043221,-0.086480561643839,1
0.034480810165405,0.10486557334661,-0.066947624087334,1
-0.036175847053528,0.23722108453512,0.1540489718318,1
0.19557934999466,0.21216972917318,-0.042700618505478,1
-0.1331969499588,0.1713527366519,0.057618223130703,1
0.11871987581253,-0.12746751867235,0.00052493065595627,1
-0.25125771760941,0.090049482882023,0.03934258967638,1
0.046332776546478,0.097843192517757,-0.0096461400389671,1
0.057830512523651,0.10829650610685,-0.0011009201407433,1
0.21106719970703,0.19300063699484,0.12056424468756,1
0.12414556741714,0.2611550912261,0.052659451961517,1
-0.058568775653839,-0.079532757401466,0.00049792975187302,1
-0.13321399688721,0.033126376569271,-0.027329005300999,1
0.071801364421844,-0.23349288851023,0.15149936825037,1
0.14975678920746,0.15584739297628,0.065975822508335,1
-0.013599812984467,0.23263730853796,0.055052392184734,1
-0.021559000015259,0.22956892102957,0.029662884771824,1
-0.19269403815269,-0.10783601365983,0.05284322053194,1
-0.025853455066681,0.25855719298124,0.11436229199171,1
0.2110750079155,0.19273071736097,0.016696698963642,1
-0.19560983777046,0.10358653217554,0.17170339077711,1
-0.092872858047485,0.13603412359953,0.0044133141636848,1
-0.14574384689331,0.1155806556344,-0.067155547440052,1
0.17105084657669,-0.18956337869167,0.13260328024626,1
-0.13257738947868,-0.11708540469408,-0.017657034099102,1
-0.022636353969574,-0.091361075639725,-0.00330451130867,1
0.020796179771423,0.076779939234257,-0.040077358484268,1
0.022411704063416,-0.28706253319979,-0.026814982295036,1
-0.21881449222565,-0.12847651541233,0.10531807690859,1
-0.059917479753494,-0.17907942086458,-0.049986824393272,1
0.016071856021881,-0.25331314653158,0.091667093336582,1
0.040886163711548,-0.083309929817915,-0.009626530110836,1
0.084575295448303,-0.071768937632442,0.0043314024806023,1
-0.17520043253899,0.14189546555281,0.087443090975285,1
-0.09313228726387,0.25421520322561,0.080038122832775,1
-0.1646132171154,0.217120192945,0.071165628731251,1
-0.10847759246826,-0.050623659044504,-0.050445832312107,1
-0.17854571342468,0.13852871209383,0.14471987634897,1
-0.18843466043472,0.040704794228077,-0.074529506266117,1
-0.13451451063156,0.075759656727314,0.03051782399416,1
0.083943545818329,-0.22538564354181,0.034177929162979,1
-0.17901599407196,-0.032837174832821,0.097837395966053,1
-0.08590230345726,-0.15350557491183,0.099246509373188,1
0.14196974039078,0.17460992187262,0.11742999404669,1
-0.11505824327469,-0.13968304544687,0.00071140378713608,1
0.01995325088501,0.15388753265142,-0.035511583089828,1
-0.058661729097366,0.068999566137791,0.0095732137560844,1
0.19422167539597,0.20042391866446,0.091455392539501,1
0.077676177024841,0.085999764502048,0.011547595262527,1
-0.028562605381012,0.12633400410414,0.030437186360359,1
-0.026839911937714,0.088474355638027,-0.01558093726635,1
-0.02959543466568,-0.16469787806273,-0.065369717776775,1
-0.12539380788803,0.023283250629902,-0.093778107315302,1
0.016765534877777,0.1433569714427,0.042131707072258,1
-0.0037561058998108,0.25726210325956,-0.043762154877186,1
0.11553746461868,-0.15545082464814,-0.065096661448479,1
-0.094245880842209,0.067399524152279,0.0045897886157036,1
0.048752129077911,0.21112253516912,0.022987671196461,1
0.13983100652695,0.15210055559874,-0.083676919341087,1
-0.079476892948151,-0.017100118100643,0.020243190228939,1
-0.18438997864723,-0.068660873919725,0.056207500398159,1
0.0085512399673462,0.1936833485961,0.095526017248631,1
0.068842828273773,-0.055992621928453,0.0017380192875862,1
0.11552149057388,-0.27113685756922,0.059216812252998,1
-0.18684732913971,-0.123036660254,-0.02114499360323,1
-0.13835275173187,0.092231653630733,0.045860148966312,1
0.10144537687302,-0.26323925703764,0.079857833683491,1
0.082783401012421,-0.14156334847212,-0.0096786171197891,1
0.11868280172348,-0.098452856997028,-0.02434491366148,1
0.080649733543396,-0.20096833258867,-0.05260094255209,1
-0.12145891785622,-0.2372614517808,-0.0077229291200638,1
-0.2255933880806,0.074712641537189,0.04783184081316,1
-0.054984927177429,0.20773770660162,0.035722061991692,1
0.10887688398361,0.086350850760937,0.02246231585741,1
-0.13071984052658,-0.149583093822,-0.095483310520649,1
-0.13187378644943,0.028009541332722,-0.037763945758343,1
0.027710199356079,-0.24272122234106,0.12838464230299,1
-0.1239210665226,-0.1286843046546,0.073429875075817,1
-0.12357091903687,0.16347398608923,-0.057275198400021,0
-0.0047984719276428,-0.084962269291282,0.020806200802326,1
-0.026650667190552,-0.20952678471804,0.0019754618406296,1
-0.034915089607239,0.1995115801692,0.05970474332571,1
-0.17746892571449,0.17211198061705,0.14319873601198,1
-0.17906206846237,-0.070191254839301,0.076373152434826,1
-0.095853328704834,0.057029135525227,-0.016904063522816,1
-0.0029931664466858,0.05089508742094,0.0050253719091415,1
-0.055322289466858,0.055039472877979,-0.011011250317097,1
0.16970306634903,-0.22023259848356,-0.010086305439472,1
-0.017477631568909,-0.11495200451463,-0.030216589570045,1
-0.0087046027183533,-0.11868649721146,-0.028974764049053,1
0.11834651231766,0.13994323462248,-0.029993869364262,1
-0.1116036772728,-0.20228655636311,0.023858264088631,1
-0.12018027901649,0.20102589577436,0.053952611982822,1
0.067818582057953,-0.075591934844851,-0.027515470981598,1
-0.19503673911095,0.15622558444738,0.090388663113117,1
-0.082246720790863,-0.091270204633474,-0.066280461847782,1
-0.078098118305206,-0.0045558512210846,-0.041884869337082,1
0.14886063337326,-0.22562748938799,0.018428929150105,1
-0.010837316513062,0.12197000533342,-0.032807223498821,1
0.0091080665588379,-0.28623475879431,0.02278409153223,1
-0.0044153332710266,0.19214802235365,-0.07608949393034,1
0.074327766895294,0.12480830401182,0.010201297700405,1
-0.20343509316444,-0.079314257949591,-0.031570516526699,1
0.09796667098999,-0.086566808633506,0.0047015175223351,1
0.021709263324738,0.19245582073927,-0.017353475093842,1
-0.18214970827103,-0.16780441999435,-0.064263977110386,1
-0.17872378230095,0.017527990043163,0.053275562822819,1
0.016386985778809,-0.091036044061184,-0.025803901255131,1
-0.17373523116112,-0.086500640958548,0.20049346238375,1
-0.0060445666313171,0.069736547768116,-0.020917974412441,1
0.024832963943481,-0.26155032962561,-0.027703009545803,1
-0.13664945960045,-0.13225593790412,0.19480416923761,1
-0.20647352933884,-0.01928436011076,0.15120170265436,1
-0.19527810811996,-0.11639383621514,0.060848273336887,1
-0.12462419271469,0.22663348168135,0.074235506355762,1
-0.26058524847031,-0.034142509102821,0.070257313549519,1
-0.24152851104736,-0.092750508338213,0.050216652452946,1
0.05570524930954,0.15670659393072,-0.021205052733421,1
-0.18559491634369,-0.17912978678942,0.08841810375452,1
-0.032993614673615,-0.073294019326568,-0.030390538275242,1
0.11963313817978,0.24184530228376,-0.0098934397101402,1
-0.17745643854141,0.19660323113203,-0.029781676828861,1
0.017233550548553,-0.058146901428699,0.0013572126626968,1
0.06715589761734,-0.19920770078897,0.038796491920948,1
-0.19554564356804,0.052434302866459,-0.088181704282761,1
0.060278534889221,0.091330133378506,-0.043474107980728,1
-0.15835654735565,0.22493996471167,0.0044260248541832,1
-0.043413937091827,0.013495661318302,0.0043395683169365,1
-0.039509475231171,0.049670539796352,-0.040687941014767,1
-0.14193803071976,-0.14227079600096,0.17605244368315,1
-0.17078176140785,-0.013357169926167,0.020058177411556,1
-0.047885119915009,0.085145242512226,-0.0086866989731789,1
0.14387613534927,0.2397343441844,-0.0170933380723,1
-0.079910695552826,0.22108169645071,0.082555092871189,1
-0.078938543796539,0.034464128315449,0.018191881477833,1
0.004763662815094,-0.2796114012599,0.013363465666771,1
-0.061014980077744,-0.080581786110997,-0.035927169024944,1
0.01578164100647,0.075710706412792,-0.031470403075218,1
0.12424463033676,0.27030476182699,0.0079132989048958,1
0.14349496364594,0.14158876985312,0.081462062895298,1
-0.14607539772987,-0.026203460991383,-0.021083146333694,1
0.008609414100647,-0.22651991993189,0.13157639652491,1
-0.02297055721283,0.095830209553242,-0.058206751942635,1
0.15147912502289,-0.19699841737747,-0.010146044194698,1
-0.06164675951004,0.026033036410809,-0.022173903882504,1
-0.10955530405045,-0.11943408474326,-0.078372873365879,1
0.15779453516006,-0.17683107405901,0.013344310224056,1
-0.042531847953796,-0.22800279408693,0.074124969542027,1
-0.024094641208649,-0.092254532501101,0.00030048191547394,1
-0.07094532251358,-0.07466034963727,-0.044907800853252,1
-0.10463136434555,-0.012608021497726,-0.043667830526829,1
-0.05681174993515,0.25790148228407,0.037711963057518,1
0.064792394638062,-0.14115957915783,0.039221182465553,1
-0.0062540769577026,-0.24084443598986,-0.046953335404396,1
0.17946839332581,-0.21069733053446,-0.028957210481167,1
-0.25677344202995,0.057422406971455,0.054398454725742,1
-0.22644272446632,-0.064626071602106,-0.079082474112511,1
-0.04494720697403,-0.10208778572269,0.0043234899640083,1
0.093129098415375,-0.11783904954791,-0.061954453587532,1
-0.083896577358246,0.026805691421032,0.0057332590222359,1
-0.041142761707306,0.034141726791859,-0.03943494707346,1
0.026982247829437,0.10336146503687,-0.025828279554844,1
-0.23984310030937,-0.0843704957515,0.040929831564426,1
-0.014684498310089,-0.096518557518721,-0.037809707224369,1
0.07261073589325,-0.21304159611464,-0.053168773651123,1
0.13207429647446,-0.26608280092478,0.017752416431904,1
-0.026102483272552,0.14432243257761,-0.04142776876688,1
-0.066461831331253,-0.14040506631136,0.03878453373909,1
0.06105375289917,0.12584378570318,0.026562049984932,1
0.027055501937866,0.20601602643728,-0.094974663108587,1
-0.13371610641479,0.050298072397709,-0.03492284566164,1
0.044417560100555,-0.11505030654371,-0.0079855546355247,1
0.027889490127563,0.082706220448017,0.0051843523979187,1
-0.01377934217453,0.093637742102146,-0.065757855772972,1
0.076700091362,-0.18144316226244,0.0037067830562592,1
0.044098615646362,0.065187089145184,-0.0272461399436,1
0.040362417697906,0.20816599577665,0.089906431734562,1
0.046546518802643,0.10081275552511,-0.064939647912979,1
-0.083077758550644,-0.017506442964077,0.0027494505047798,1
0.1662135720253,-0.22783868759871,0.016501419246197,1
0.057072699069977,-0.059620965272188,-0.01359399408102,1
-0.11841243505478,0.23316778987646,-0.066772244870663,0
-0.055947780609131,-0.2579792663455,0.059836708009243,1
-0.15817183256149,-0.15632721781731,0.17908505350351,1
0.021978378295898,-0.063930984586477,0.0047936365008354,1
0.062776446342468,0.10237660259008,0.019752003252506,1
-0.11957690119743,-0.065988808870316,0.05858463793993,1
-0.10333430767059,0.010037362575531,-0.017031811177731,1
-0.15719154477119,0.010648868978024,-0.067156113684177,1
-0.14140886068344,0.14034321159124,-0.012681044638157,1
-0.14138913154602,0.029167704284191,-0.077043823897839,1
-0.034607112407684,0.036158107221127,-0.005856029689312,1
0.099953353404999,-0.16455660760403,-0.0076804757118225,1
-0.13943073153496,0.12265235930681,0.12239979952574,1
0.05649596452713,-0.13602754101157,-0.043894834816456,1
0.060012698173523,0.062621496617794,-0.028594426810741,1
-0.044673979282379,-0.069729592651129,0.020029120147228,1
-0.040802717208862,0.11932214349508,-0.053862489759922,1
0.014744758605957,0.11725854128599,-0.021260388195515,1
0.14765709638596,0.12693416327238,-0.013736672699451,1
-0.13463124632835,0.13163451105356,0.19840533286333,1
-0.063185185194016,-0.21528646349907,0.07181391865015,1
-0.014381051063538,0.21852435916662,0.15832436829805,1
0.1054083108902,0.11752416938543,-0.065672300755978,1
-0.15199878811836,-0.089049438945949,-0.0005037859082222,1
-0.17342108488083,-0.14506463706493,0.014670841395855,1
-0.10377013683319,-0.13222010433674,-0.026885159313679,1
-0.1894910633564,0.0073823928833008,0.086206115782261,1
-0.059664160013199,-0.029494017362595,0.0059789642691612,1
0.007658839225769,0.19392620772123,-0.022363603115082,1
0.14727538824081,0.16340281814337,0.021031059324741,1
-0.03443431854248,0.25219332426786,0.084670998156071,1
-0.006073534488678,-0.11738309077919,-0.016835443675518,1
-0.12427794933319,-0.19091422855854,0.13570825010538,1
0.18934267759323,-0.23119119554758,0.050244696438313,1
-0.065065205097198,0.21799977868795,0.029592268168926,1
-0.16684234142303,0.13886135071516,0.16299273818731,1
-0.089340418577194,0.043131850659847,-0.053059458732605,1
-0.0115727186203,0.18026860803366,-0.020975895226002,1
-0.12238752841949,0.11537053436041,-0.017311967909336,1
0.16683965921402,-0.22944318503141,-0.065843783318996,1
-0.092057168483734,0.18809445947409,-0.037312142550945,0
-0.052954196929932,0.15766205638647,0.031066454946995,1
0.095817089080811,0.20747470110655,0.033373989164829,1
-0.18510299921036,0.063398234546185,0.052403397858143,1
-0.00027453899383545,-0.23628444224596,-0.082978773862123,1
-0.066107124090195,-0.065620005130768,-0.029454462230206,1
-0.03709489107132,0.071850843727589,-0.012083314359188,1
-0.1378969848156,0.20123314112425,0.10649912804365,1
0.11331117153168,0.11111692339182,0.025971204042435,1
0.027988314628601,-0.13190211355686,0.0069754421710968,1
-0.12960055470467,0.072800658643246,0.026286236941814,1
0.11790001392365,0.10211285203695,0.0015961155295372,1
-0.0056202411651611,0.10376562923193,-0.065030939877033,1
0.037785828113556,-0.073200033977628,-0.033788308501244,1
0.013242363929749,-0.128831718117,-0.066445536911488,1
0.18628507852554,0.21057345718145,0.024540804326534,1
-0.054001361131668,-0.18071854859591,-0.093513779342175,1
-0.014486610889435,0.052516169846058,-0.020811088383198,1
-0.097873002290726,-0.022174179553986,0.012756370007992,1
0.028740465641022,-0.090833530761302,-0.031679898500443,1
0.043894290924072,-0.08482962474227,0.019602000713348,1
0.05118864774704,0.24496629089117,-0.045116759836674,1
0.16124224662781,0.22083952277899,-0.026350133121014,1
0.1276758313179,-0.16042494773865,-0.03895740956068,1
-0.17891049385071,0.034305758774281,-0.099725779145956,1
0.13584154844284,0.14799428731203,0.059824541211128,1
0.053873419761658,-0.094934741500765,-0.036665022373199,1
0.084783136844635,-0.15517349168658,0.060470722615719,1
-0.053450733423233,-0.043967086821795,0.020597971975803,1
-0.088001489639282,0.11561920493841,0.062867529690266,1
-0.095092087984085,0.081258721649647,-0.033923111855984,1
-0.028821229934692,0.070346228778362,-0.0062051340937614,1
0.037126541137695,0.20019369572401,-0.049039907753468,1
-0.042142570018768,0.026857696473598,-0.016989313066006,1
0.032576203346252,-0.054897077381611,0.00351832062006,1
0.054553985595703,-0.21562445163727,0.18069776147604,1
0.11133873462677,-0.22375464439392,0.084671922028065,1
-0.084561586380005,0.096821911633015,-0.050268329679966,1
-0.046730220317841,0.22703059762716,0.18261838704348,1
0.068679809570312,-0.14483535662293,0.00075733661651611,1
0.049411356449127,0.067486949265003,0.0019947662949562,1
0.072506010532379,-0.064853113144636,-0.007956363260746,1
-0.24500092864037,-0.031185664236546,-0.060865193605423,1
-0.17282539606094,-0.04131069406867,0.14572789520025,1
-0.013662278652191,-0.21792999655008,-0.085065927356482,1
-0.056243419647217,0.071580819785595,0.020436443388462,1
0.015082180500031,0.14229061454535,0.039368279278278,1
-0.10848215222359,-0.10933281295002,-0.098703496158123,1
-0.22633934020996,0.097312726080418,0.092406041920185,1
0.12306135892868,-0.14987300336361,-0.025921694934368,1
0.15329134464264,-0.20717778801918,0.11492871493101,1
-0.1399984061718,-0.027890637516975,0.0055213943123817,1
-0.045792639255524,0.028529785573483,0.0011033341288567,1
0.019424915313721,-0.082117216661572,-0.0092588737607002,1
0.011814534664154,0.093116886913776,0.0021115764975548,1
-0.041609585285187,0.029480047523975,0.00029899924993515,1
-0.16274759173393,-0.0072248727083206,-0.062115974724293,1
0.045037448406219,0.067316941916943,-0.028597705066204,1
0.16383302211761,-0.13908000290394,0.099630765616894,1
0.095586836338043,0.086362563073635,-0.022087804973125,1
-0.19272392988205,0.14844364672899,0.13404657691717,1
-0.1003203690052,-0.056874003261328,-0.026894591748714,1
0.16203635931015,-0.18476505577564,0.11505373567343,1
-0.086289346218109,0.12217207998037,0.027309246361256,1
0.0022859573364258,0.2846017703414,-0.030505403876305,1
0.035752058029175,0.17222889512777,-0.085026040673256,1
-0.053309440612793,0.04240433126688,0.01369071751833,1
-0.21375674009323,-0.11857749894261,0.051664240658283,1
0.15636628866196,0.24797996133566,0.01182222366333,1
-0.21303242444992,-0.06346333771944,0.11596939712763,1
0.037468016147614,0.094285599887371,0.01168967038393,1
-0.0060992836952209,0.10013913363218,-0.04000249505043,1
-0.048398792743683,-0.0047560632228851,0.0094508454203606,1
-0.18920934200287,-0.011934705078602,0.087169669568539,1
0.17335140705109,0.15079035609961,-0.043367765843868,1
-0.16027781367302,-0.043889246881008,-0.037997752428055,1
-0.12446042895317,0.020232871174812,-0.041582345962524,1
-0.22465455532074,-0.10606810729951,0.013656444847584,1
0.1275492310524,0.23123338073492,0.034090481698513,1
-0.19788971543312,0.14483041316271,0.054952077567577,1
0.022778868675232,0.088681779801846,-0.022946685552597,1
-0.080937325954437,0.24456884711981,0.030302993953228,1
-0.19392991065979,0.042015634477139,0.18265836685896,1
-0.15407553315163,-0.093180250842124,0.047450296580791,1
-0.17348948121071,-0.054465509951115,0.11063335090876,1
0.018221855163574,0.20864378660917,-0.046032704412937,1
-0.071458756923676,0.14630561321974,-0.069454796612263,1
0.016277730464935,-0.17984780669212,0.0052590668201447,1
-0.18188741803169,-0.092383559793234,0.16156204789877,1
-0.077625155448914,0.13597901910543,0.025825195014477,1
-0.24285471439362,-0.063711542636156,0.056155763566494,1
-0.11719900369644,0.040700785815716,-0.043654590845108,1
0.15316152572632,-0.2130932956934,0.12126547843218,1
-0.20789304375648,-0.13401278108358,0.054092414677143,1
-0.13137060403824,0.042038433253765,-0.0043148174881935,1
-0.17915716767311,0.18828242272139,0.084056787192822,1
0.13011425733566,0.22418697923422,0.077119506895542,1
0.18622487783432,0.17979254573584,0.001596488058567,1
-0.20718196034431,-0.068329885601997,0.0076877549290657,1
-0.084461897611618,-0.10886148642749,-0.043314673006535,1
-0.0029124617576599,0.18706091493368,0.081507883965969,1
-0.12012848258018,-0.16662469506264,0.0040734335780144,1
0.061261415481567,0.21165572851896,0.091487385332584,1
-0.17985334992409,-0.097306517185643,0.11847103387117,1
0.1054722070694,-0.1054107346572,-0.055552460253239,1
-0.17745706439018,0.14747098833323,0.083310179412365,1
-0.15680474042892,0.12563344091177,0.066541008651257,1
-0.051037043333054,-0.039386712014675,-0.034442633390427,1
0.12710136175156,-0.16270835697651,0.047606907784939,1
0.087228357791901,0.24536519497633,0.1004598364234,1
-0.070036053657532,-0.17257733643055,0.088831968605518,1
-0.12401580810547,0.19424273818731,0.046358726918697,1
-0.081087321043015,0.15080537647009,0.01766786724329,1
0.048272669315338,-0.051660645753145,-0.0039678066968918,1
0.043210685253143,-0.11762366630137,0.029061459004879,1
0.078247845172882,-0.055228874087334,-0.034084178507328,1
-0.015178740024567,0.076272331178188,0.00089694559574127,1
0.065167486667633,-0.24746602028608,-0.010825365781784,1
0.047815084457397,0.1403916105628,0.01313491910696,1
-0.13636755943298,0.039266712963581,0.023162566125393,1
-0.10403323173523,-0.14600412920117,0.018010504543781,1
0.044106185436249,0.10955106467009,-0.0061084553599358,1
0.0084280371665955,-0.22124803066254,-0.019477531313896,1
-0.14578235149384,-0.07788859680295,0.014468364417553,1
-0.0661441385746,-0.24506724625826,0.010053336620331,1
0.15680825710297,0.21016680449247,-0.020178854465485,1
-0.038480222225189,0.046025179326534,0.01307337731123,1
-0.054860919713974,-0.036713115870953,-0.019494764506817,1
-0.19987577199936,-0.1229456346482,-0.053106904029846,1
0.077820837497711,-0.18092688173056,0.0065873041749001,1
-0.0035688281059265,0.11856865137815,0.029564715921879,1
-0.047357201576233,0.029256798326969,0.0095637366175652,1
-0.17969313263893,-0.046288806945086,-0.001662366092205,1
-0.0086852312088013,-0.10724025825039,0.019437275826931,1
-0.074654340744019,0.016808956861496,0.0082042291760445,1
0.080754637718201,0.19333698600531,-0.040959917008877,1
0.12748152017593,-0.18581598252058,0.14426700025797,1
0.01571261882782,0.27534010261297,0.10486260801554,1
-0.22726953029633,0.045263715088367,0.00018807500600815,1
-0.15142145752907,0.14851500838995,-0.0099341198801994,1
0.024296462535858,0.19535806030035,-0.025494143366814,1
-0.10825631022453,0.018677733838558,-0.010727100074291,1
0.095332980155945,-0.095416887663305,-0.025517858564854,1
-0.045534908771515,0.13947478681803,-0.025238379836082,1
-0.036102831363678,0.12060194462538,-0.023465760052204,1
-0.12732183933258,-0.2250464335084,0.090248949825764,1
-0.037450134754181,0.15331532806158,0.0009339302778244,1
-0.1117214858532,0.14972197264433,-0.058963768184185,0
-0.24917215108871,0.018378265202045,0.012513481080532,1
-0.19584029912949,0.023698419332504,0.0077488943934441,1
-0.067362844944,0.13824402540922,0.050445102155209,1
0.10905760526657,0.10876473039389,-0.061539746820927,1
-0.013529717922211,-0.23945520073175,0.011388279497623,1
0.12425404787064,-0.19586708396673,0.16458389908075,1
-0.14202052354813,0.15863036364317,-0.065899305045605,0
-0.010053694248199,0.27846797555685,0.091282822191715,1
-0.16579455137253,0.020184308290482,-0.046899922192097,1
-0.11641854047775,-0.046733599156141,-0.020168580114841,1
-0.19371569156647,0.05765938013792,0.17333937436342,1
0.035111010074615,-0.11529157869518,-0.029259406030178,1
-0.12911155819893,0.15166696161032,0.065843351185322,1
-0.0018350481987,0.095781184732914,0.015153512358665,1
-0.12730121612549,0.04974340647459,-0.071370281279087,1
-0.063229233026505,0.11847312003374,-0.037329755723476,1
0.10466200113297,-0.12023077718914,-0.0030477717518806,1
0.030711472034454,-0.18809693306684,-0.02991633862257,1
-0.18733787536621,-0.11272065900266,-0.021887354552746,1
-0.039914786815643,0.20352061837912,0.13217998296022,1
-0.0061288475990295,0.087695024907589,-0.034666649997234,1
0.001251220703125,-0.20584177970886,0.21310991793871,1
-0.014972507953644,-0.16244957968593,-0.068230055272579,1
-0.033975303173065,0.23627426475286,-0.020296111702919,1
0.18277031183243,-0.1959877461195,0.13795784860849,1
-0.10481750965118,-0.022141650319099,0.020576737821102,1
-0.099147766828537,-0.19110705703497,0.090102680027485,1
-0.03539252281189,0.0002623051404953,-0.0036492869257927,1
0.10815209150314,-0.16902919113636,0.075625188648701,1
-0.23390743136406,0.0046432688832283,0.020047374069691,1
0.039910435676575,0.1385136321187,0.015209019184113,1
0.014813125133514,-0.091132566332817,0.0048966929316521,1
0.0829097032547,0.14605110138655,-0.022682033479214,1
0.10133987665176,0.1674972102046,0.046682916581631,1
-0.23650327324867,-0.030056990683079,0.075770445168018,1
-0.15742549300194,0.18015851825476,0.043837405741215,1
-0.017653942108154,0.1789575740695,0.015937194228172,1
-0.098901093006134,-0.04469845443964,-0.08024600148201,1
-0.059468358755112,-0.063953023403883,0.0061346665024757,1
-0.087470263242722,-0.069381605833769,-0.070332013070583,1
-0.0055423378944397,-0.25280290096998,-0.022762469947338,1
0.16474211215973,-0.2225818708539,0.085254095494747,1
-0.079053968191147,-0.26641825586557,0.05787555873394,1
-0.2151106595993,0.023780837655067,-0.044668845832348,1
-0.0063045024871826,0.10441168397665,-0.055278174579144,1
-0.01709645986557,-0.063354589045048,-0.033678665757179,1
-0.1710376739502,-0.15077378600836,0.14719402045012,1
-0.027131497859955,-0.18283366411924,-0.052074119448662,1
-0.13376575708389,0.023154847323895,0.0075164511799812,1
0.041992604732513,-0.23067409545183,0.17400030046701,1
-0.061461180448532,-0.037521280348301,-0.042092129588127,1
-0.2233250439167,-0.056143939495087,0.10473398119211,1
-0.021656572818756,0.078999869525433,-0.034297041594982,1
0.081746757030487,0.25740357488394,0.0087225586175919,1
0.16712659597397,0.18429943174124,0.12529534846544,1
-0.064223796129227,-0.09429114498198,-0.032979972660542,1
0.087587714195251,0.066344983875751,0.0014075264334679,1
-0.017879128456116,0.20404978841543,-0.0030789449810982,1
0.088786900043488,-0.14247765392065,0.042592480778694,1
0.08356636762619,0.082456640899181,0.018814243376255,1
-0.17320284247398,-0.087938485667109,0.072354070842266,1
0.1294429898262,-0.24093548208475,0.0021892189979553,1
-0.092274487018585,0.10985841602087,0.041868202388287,1
0.044907033443451,0.15650805085897,-0.043795309960842,1
0.158371925354,0.23522659391165,0.13276549428701,1
-0.085724592208862,0.016470432281494,-0.03505340218544,1
-0.12624934315681,-0.1896376311779,0.032456263899803,1
-0.032074272632599,0.076701886951923,0.015463791787624,1
-0.22515159845352,-0.094158011488616,0.11359044164419,1
-0.010174334049225,-0.10285015031695,-0.03055315464735,1
0.065089643001556,-0.05367985740304,-0.0077980235219002,1
0.046323776245117,0.074731163680553,0.00040865689516068,1
-0.13147535920143,-0.12535686418414,0.1317403241992,1
0.048039257526398,0.17903753370047,-0.073047578334808,1
0.061719477176666,-0.1459214836359,-0.077894598245621,1
0.052302360534668,-0.21602519601583,0.079743839800358,1
0.080638825893402,-0.20710581541061,0.05616918951273,1
0.14689373970032,0.17326956242323,-0.0073401555418968,1
0.036122679710388,0.13710319250822,-0.023176833987236,1
0.050586998462677,-0.12876486033201,0.021705858409405,1
-0.19088253378868,-0.052382227033377,0.04614245146513,1
-0.20256787538528,-0.13354229182005,0.023727186024189,1
0.071030676364899,0.28017719835043,0.076785542070866,1
0.11549186706543,0.15866669267416,-0.080013170838356,1
0.14830648899078,0.14891336113214,0.080121345818043,1
0.1183814406395,0.11117499321699,0.031435422599316,1
0.1831049323082,-0.17331984639168,-0.052701942622662,1
-0.046273112297058,0.24886357039213,0.082795597612858,1
-0.074207454919815,-0.14351625367999,-0.032937742769718,1
0.10724699497223,0.22495879977942,0.16522616893053,1
-0.11318311095238,-0.14410033449531,0.11742360144854,1
-0.11677750945091,0.19751762598753,0.15017565339804,1
-0.24599382281303,0.0024060979485512,0.047615610063076,1
-0.064622521400452,-0.066197916865349,0.0073015317320824,1
-0.062726318836212,-0.24927810579538,-0.074548587203026,1
-0.13326975703239,0.01136839389801,-0.034407146275043,1
-0.028409421443939,-0.11680262722075,-0.041680358350277,1
0.12597739696503,0.12262985855341,0.055365771055222,1
0.059644043445587,0.1501441821456,-0.059987969696522,1
0.078745126724243,-0.17975521087646,0.010446608066559,1
0.058981955051422,0.23067181557417,-0.037722125649452,1
0.0013968348503113,0.28196071833372,0.013978734612465,1
-0.045885741710663,0.14446365088224,0.044071510434151,1
0.066627264022827,0.17147751897573,-0.057423546910286,1
-0.032134294509888,0.060024447739124,-0.047523058950901,1
-0.18590632081032,-0.02495402097702,0.17760860174894,1
-0.017968893051147,0.09730913490057,0.010362401604652,1
0.13754189014435,0.16442625969648,0.040611952543259,1
0.20564991235733,-0.19137701392174,-0.021223120391369,1
0.012058019638062,0.081802420318127,0.014858104288578,1
-0.04733419418335,-0.057759039103985,0.0039124861359596,1
-0.074150234460831,0.21738141030073,-0.053345993161201,0
0.06436425447464,-0.21053188294172,0.047425292432308,1
-0.035321950912476,0.047014601528645,-0.036616809666157,1
0.1161607503891,-0.15720528364182,0.036564886569977,1
0.21613091230392,-0.20820162445307,0.030794702470303,1
0.061442315578461,-0.16107292845845,-0.0092009380459785,1
0.060129702091217,-0.091555067338049,-0.028996236622334,1
0.057929575443268,-0.28058791905642,0.044832170009613,1
0.02614027261734,0.15565510839224,-0.016575336456299,1
-0.020971655845642,-0.19057934731245,0.11072403937578,1
0.072773158550262,-0.18260891735554,0.0544099137187,1
0.0015879273414612,0.094154141843319,0.014574281871319,1
-0.072771370410919,0.23658942431211,0.024935983121395,1
-0.097711801528931,-0.093748134095222,0.054015196859837,1
-0.16010203957558,-0.13123379275203,0.18233995884657,1
0.0047910809516907,-0.085188664495945,-0.016377858817577,1
0.037688910961151,-0.13859305158257,-0.0038321986794472,1
0.10163468122482,0.25176017731428,0.078126557171345,1
-0.11258813738823,-0.048263624310493,0.02483231574297,1
0.088354647159576,-0.10034527478274,0.01503274589777,1
-0.022265017032623,0.05506906658411,0.0057623311877251,1
0.067721962928772,0.1866040751338,0.071101777255535,1
-0.058404415845871,0.23047646135092,0.11525108665228,1
-0.16959765553474,-0.14727929979563,-0.087753675878048,1
0.22114300727844,0.19889735430479,0.020253382623196,1
-0.082902550697327,0.030275501310825,-0.023892603814602,1
-0.15965059399605,-0.024519346654415,0.07660848647356,1
-0.13481238484383,-0.05960601568222,0.013074867427349,1
-0.16599833965302,0.14158972352743,-0.046193994581699,1
0.13562220335007,-0.16638819873333,0.01847680658102,1
-0.15383777022362,-0.00023434311151505,-0.062925450503826,1
-0.10131034255028,0.24065762013197,0.036197774112225,1
-0.11033865809441,0.13322193175554,0.088272444903851,1
-0.018832743167877,-0.24524983018637,0.13564149290323,1
0.055418789386749,-0.056969441473484,-0.0037135481834412,1
-0.056931525468826,-0.22587092965841,0.11031196266413,1
-0.045135617256165,0.19783940166235,0.11714486032724,1
0.039401710033417,0.18954785913229,-0.025688819587231,1
0.062508821487427,0.19510888308287,-0.025682717561722,1
-0.23758915066719,-0.10618705395609,-0.011308364570141,1
0.078753173351288,0.11612432450056,0.036315970122814,1
0.077803313732147,0.1751246675849,0.060445345938206,1
-0.1776624917984,-0.17330861836672,0.097788386046886,1
-0.047635436058044,-0.07495778799057,-0.0075391307473183,1
-0.0040039420127869,-0.074428293853998,-0.035116247832775,1
-0.11914139986038,-0.13886325061321,-0.098147176206112,1
-0.022795259952545,-0.19157896190882,0.21329442411661,1
-0.059663951396942,0.0085748583078384,-0.020228810608387,1
-0.045989990234375,0.11674653738737,-0.057205371558666,1
0.10510557889938,-0.28001054376364,0.066808745265007,1
-0.038236677646637,-0.051021289080381,-0.014134518802166,1
-0.063864380121231,-0.0051190406084061,-0.022461965680122,1
0.11567538976669,-0.1128829177469,-0.079269386827946,1
-0.18841776251793,0.12006463855505,0.0037091746926308,1
-0.19716113805771,-0.17171753197908,-0.033528171479702,1
0.0064506530761719,-0.290209017694,0.017930559813976,1
-0.01681387424469,0.18213825672865,0.064967028796673,1
0.0087774991989136,0.065151907503605,0.0019814223051071,1
0.053748071193695,0.21999391168356,0.18620651215315,1
-0.0084594488143921,0.046321116387844,0.0026936307549477,1
-0.094561547040939,-0.19410616159439,-0.064147025346756,1
0.061102628707886,0.058983184397221,-0.018943205475807,1
0.10134196281433,-0.10101663821843,-3.5442411899567e-05,1
-0.22688859701157,-0.0009293332695961,-0.065384201705456,1
-0.051359802484512,0.1893121227622,0.16227170079947,1
0.075837433338165,0.077262945473194,-0.039903402328491,1
-0.079910069704056,-0.13571333512664,0.072939865291119,1
-0.13305884599686,0.20656206458807,-0.078527711331844,0
0.043142020702362,-0.10436791554093,0.01623272895813,1
0.054302632808685,-0.21190952509642,0.11533727496862,1
0.098763763904572,-0.1835799664259,-0.0060471296310425,1
-0.082118630409241,0.22538717836142,0.056907899677753,1
0.15436321496964,0.14642145484686,-0.067689128220081,1
0.20972102880478,-0.22241368889809,0.083603568375111,1
0.1260421872139,0.25502567738295,0.070174165070057,1
-0.025958001613617,-0.067983411252499,-0.0063580870628357,1
-0.032357931137085,0.032689057290554,-0.012408994138241,1
-0.059649646282196,0.051118768751621,0.02046250551939,1
-0.23747429251671,-0.011821821331978,0.055399872362614,1
0.062878787517548,-0.070376394316554,-0.019974440336227,1
-0.075102210044861,0.24600388854742,0.13538838177919,1
-0.092525720596313,0.056416861712933,-0.0071630999445915,1
0.051022291183472,0.25315552204847,0.066451743245125,1
0.0099214315414429,0.18959756940603,-0.0097686573863029,1
0.11272180080414,0.099664188921452,0.012427769601345,1
-0.092481017112732,-0.25499109178782,0.021265543997288,1
0.076319634914398,0.095996998250484,-0.045605979859829,1
-0.023056209087372,-0.26192333549261,0.086762718856335,1
-0.006493866443634,-0.08617508225143,-0.010155998170376,1
0.081091046333313,0.27720292657614,-0.0029114112257957,1
0.0071459412574768,-0.063900236040354,0.0040244832634926,1
-0.043046295642853,-0.27366477996111,0.025872997939587,1
-0.088693737983704,0.0094757080078125,-0.0073826238512993,1
-0.14322775602341,-0.21652551740408,0.10674583166838,1
-0.03653472661972,-0.14000419899821,-0.08877570182085,1
0.1605224609375,0.18093495815992,-0.045708999037743,1
-0.10507529973984,-0.039437808096409,0.015459202229977,1
-0.21100750565529,-0.01023606210947,-0.0060868486762047,1
-0.088979303836823,-0.12135563977063,-0.077409155666828,1
-0.015891134738922,-0.15080435946584,-0.017902992665768,1
0.020401358604431,0.16021581739187,-0.024453349411488,1
0.083947777748108,0.19686757773161,0.18896857649088,1
0.10805207490921,0.13274239748716,-0.026590451598167,1
0.0086186528205872,-0.12649661488831,0.0076709017157555,1
-0.10357061028481,0.059785030782223,-0.017209060490131,1
0.0016891360282898,0.15551420301199,-0.090875927358866,1
0.085791885852814,-0.090504162944853,-0.07341030985117,1
0.0091803669929504,0.20993684977293,0.027752965688705,1
-0.077970802783966,-0.10428310371935,-0.056286938488483,1
-0.12655988335609,-0.033209599554539,0.053006358444691,1
0.11487489938736,-0.14225426316261,0.031470574438572,1
0.070294976234436,0.20292165130377,0.09741834551096,1
0.047282040119171,-0.28461547940969,0.099587686359882,1
-0.085277050733566,-0.049876395612955,0.025161750614643,1
-0.013487637042999,-0.18345773220062,-0.100546695292,1
0.016600012779236,-0.22945297509432,0.10189808160067,1
0.02724027633667,0.11947556585073,-0.0074558779597282,1
0.11848205327988,0.12333705276251,-0.029357068240643,1
-0.11161130666733,0.18550541251898,0.1799321398139,1
-0.19034993648529,0.094347231090069,0.094694621860981,1
-0.057180911302567,-0.12405762448907,-0.0024726241827011,1
-0.18988242745399,0.11692660301924,0.16504990309477,1
-0.04937344789505,0.19522058218718,0.11522594839334,1
0.21102923154831,0.2133000716567,-0.0044122189283371,1
0.067542612552643,0.066818289458752,0.0091868862509727,1
0.18935096263885,0.20561733096838,0.063708543777466,1
0.048900604248047,-0.056034561246634,0.0048317015171051,1
-0.052150160074234,0.052041344344616,0.0045649036765099,1
0.097473204135895,-0.098998975241557,-0.036627449095249,1
-0.065124541521072,0.0042868852615356,0.0028140768408775,1
-0.18977695703506,-0.061015106737614,-0.061741761863232,1
0.08732670545578,-0.13136747479439,0.010318093001842,1
-0.14599990844727,0.14518129080534,0.027979992330074,1
0.044727265834808,0.22264065593481,-0.044656552374363,1
0.099072813987732,0.10320759564638,-0.042823471128941,1
-0.062682181596756,0.075945667922497,-0.018130742013454,1
0.040744721889496,-0.16343478858471,-0.076835758984089,1
-0.044734597206116,-0.22667594999075,-0.0801145657897,1
-0.079196751117706,0.035874016582966,-0.035742245614529,1
-0.037082970142365,-0.1299393530935,-0.012016400694847,1
-0.076664984226227,-0.031716860830784,-0.046414367854595,1
-0.021492898464203,-0.1888223066926,0.026876658201218,1
-0.1242142021656,-0.045271810144186,-0.014723636209965,1
0.0016029477119446,-0.19127557426691,0.08891611546278,1
-0.12717196345329,-0.19299764931202,0.10619658976793,1
0.16595673561096,-0.16239777207375,-0.080571509897709,1
-0.23889183998108,0.011926993727684,-0.057937733829021,1
-0.034299314022064,-0.048913039267063,0.0051308795809746,1
-0.12045979499817,-0.081164861097932,-0.020381920039654,1
-0.26429834961891,-0.029691576957703,0.018992729485035,1
0.017707705497742,0.18997462838888,0.097513653337955,1
-0.12278443574905,0.14819692820311,0.20279110223055,1
0.10311162471771,0.091321282088757,-0.014812596142292,1
-0.14056271314621,0.12338446825743,0.15163787454367,1
0.08391147851944,0.27896010130644,0.067059062421322,1
-0.17838916182518,0.0050286948680878,0.012538753449917,1
-0.071811735630035,0.13952232152224,0.025742821395397,1
-0.17354473471642,-0.078672360628843,0.12777506560087,1
0.023381888866425,0.11110854893923,0.011637963354588,1
-0.23501300811768,0.038922064006329,-0.021842613816261,1
-0.10916146636009,-0.031906850636005,0.028599970042706,1
-0.020038068294525,0.056931100785732,-0.029600106179714,1
0.0040717720985413,0.054804258048534,-0.010216526687145,1
0.18468970060349,0.16145523637533,0.18171083182096,1
0.032521724700928,-0.096372855827212,0.021950170397758,1
-0.00051665306091309,0.17424472421408,-0.0063035562634468,1
-0.057643473148346,-0.099275838583708,0.0076274871826172,1
-0.14410400390625,0.13703887909651,-0.098040752112865,1
-0.12645962834358,-0.24298360198736,0.091193906962872,1
-0.16854807734489,0.0082708448171616,-0.07541860640049,1
-0.04568338394165,0.20649596303701,0.02131725102663,1
0.085481703281403,-0.23836482316256,-0.014535970985889,1
-0.030333459377289,0.01713090389967,-0.0026029869914055,1
0.03218287229538,0.14731698483229,-0.010406799614429,1
0.11515867710114,0.24992176145315,0.12679744511843,1
-0.20851024985313,-0.091696456074715,-0.01982519775629,1
-0.096119284629822,0.10235168784857,-0.088197104632854,1
-0.096520215272903,0.026184879243374,0.023362658917904,1
-0.044017672538757,-0.017884708940983,-0.0091438367962837,1
0.00067174434661865,-0.23225758224726,-0.0016076043248177,1
-0.04960423707962,0.01628590375185,0.0037325099110603,1
-0.086556524038315,0.21767964214087,0.071523644030094,1
0.10571312904358,0.16861935704947,0.046779356896877,1
-0.050797969102859,0.13597749918699,-0.053344219923019,1
0.16731911897659,-0.18154539912939,0.09878646582365,1
-0.22570967674255,0.0076002925634384,0.14363465458155,1
0.0069736838340759,-0.12446699663997,0.002057783305645,1
-0.088001132011414,0.13264504820108,0.00093976408243179,1
0.027828752994537,-0.25591752678156,0.010405652225018,1
0.13605219125748,-0.22496153414249,0.075997896492481,1
0.1614391207695,-0.18902798742056,0.010442294180393,1
-0.065596640110016,-0.14669224619865,-0.059468321502209,1
-0.19463840126991,-0.026525415480137,0.057652078568935,1
-0.041284918785095,0.047311671078205,0.0060932859778404,1
-0.031790673732758,-0.19613792747259,0.062189243733883,1
0.11621999740601,-0.10014821123332,-0.020122595131397,1
-0.079456865787506,-0.006065770983696,-0.043538250029087,1
0.07324880361557,-0.15237215906382,0.028042495250702,1
-0.011994361877441,0.26149036735296,-0.046466022729874,1
-0.012853503227234,0.21630599349737,-0.032113239169121,1
0.11099171638489,0.086622126400471,-0.058589823544025,1
-0.042938709259033,0.26678352802992,0.047180734574795,1
0.071568727493286,0.1125615015626,-0.055791415274143,1
0.091507732868195,0.12212049216032,0.0066772624850273,1
0.017300426959991,-0.16364837437868,-0.0015665367245674,1
-0.093588382005692,-0.20993817597628,-0.04945170134306,1
0.11336654424667,0.24966254085302,0.1224147900939,1
-0.056713312864304,-0.025882385671139,0.0179588124156,1
-0.16547194123268,-0.014682598412037,0.045065112411976,1
-0.15600392222404,-0.18464493006468,-0.043112449347973,1
-0.094483941793442,0.16723074764013,0.13089773803949,1
-0.082628428936005,0.15501817315817,0.0075422301888466,1
-0.052429914474487,0.025514788925648,-0.00074879080057144,1
-0.12340435385704,-0.037969931960106,-0.060728125274181,1
-0.15944170951843,0.053947605192661,0.021912805736065,1
-0.12201225757599,-0.14412273094058,0.16374667733908,1
-0.077327370643616,-0.068514242768288,-0.05221214145422,1
-0.086913347244263,0.17405148595572,0.047220729291439,1
-0.04898864030838,-0.017430953681469,0.011565156280994,1
-0.11630243062973,0.038270004093647,0.020693741738796,1
-0.19256654381752,-0.049251191318035,0.051170594990253,1
0.11885207891464,-0.20563566684723,-0.035669557750225,1
0.13980823755264,-0.15421086549759,-0.018583454191685,1
-0.18206384778023,-0.0050855204463005,0.13772844523191,1
0.043933212757111,-0.071766834706068,-0.015046440064907,1
0.085506856441498,-0.16447914391756,-0.04266694933176,1
0.051030158996582,-0.23890682309866,0.13783968240023,1
0.10308140516281,0.099514178931713,-0.074429899454117,1
0.13802820444107,0.18078386038542,0.045068681240082,1
-0.03749281167984,0.10259734839201,-0.052993483841419,1
0.011882066726685,0.16458519548178,-0.04705823212862,1
-0.20514485239983,-0.078756336122751,0.071740515530109,1
-0.0064966082572937,0.20213159173727,-0.038237251341343,1
0.035138964653015,0.18354844301939,0.072159580886364,1
0.096768617630005,0.14897318929434,-0.032774835824966,1
0.019766509532928,0.088396228849888,-0.0030347853899002,1
0.12639534473419,-0.25422807782888,0.026981048285961,1
0.053703486919403,0.091851584613323,-0.011217005550861,1
0.069154739379883,0.099642507731915,0.021289862692356,1
-0.11152756214142,0.20787324756384,0.092670075595379,1
0.064059793949127,-0.071777079254389,0.0013817995786667,1
-0.22013899683952,0.11175435036421,0.11272660642862,1
0.029999673366547,-0.17214068770409,0.073194019496441,1
-0.2106768488884,0.070930980145931,0.021423198282719,1
0.12051939964294,-0.24631647020578,0.099351890385151,1
-0.077680796384811,0.028745822608471,-0.021398954093456,1
0.087536573410034,0.15477844327688,0.045547686517239,1
-0.038752913475037,-0.20093135535717,0.0024018213152885,1
0.076878249645233,-0.089062709361315,-0.007484495639801,1
0.14902555942535,-0.24919045716524,-0.027566596865654,1
-0.098045766353607,0.0019643902778625,0.017803974449635,1
-0.13987249135971,0.018681488931179,0.031027220189571,1
0.033248841762543,0.074716575443745,-0.0020777508616447,1
-0.084899365901947,-0.20908883213997,0.093947537243366,1
-0.0041760206222534,-0.18531178683043,0.047299288213253,1
-0.10126233100891,-0.079859513789415,-0.0015312507748604,1
0.11786395311356,0.14877175539732,-0.0014703422784805,1
0.037207067012787,-0.27749568969011,-0.047988452017307,1
-0.053866297006607,-0.19228680431843,-0.008966326713562,1
-0.052230358123779,0.11114660650492,-0.0096118524670601,1
-0.09538733959198,0.16737058013678,0.082390494644642,1
-0.1404550075531,0.0064804404973984,0.015833206474781,1
0.066590964794159,-0.16556601971388,-0.052798137068748,1
-0.052692860364914,0.12073896080256,0.0026692673563957,1
-0.079006791114807,0.034503720700741,-0.010904513299465,1
-0.1457946896553,0.034788124263287,-0.069083951413631,1
-0.18602845072746,0.19698520749807,-0.0011521652340889,1
0.16878908872604,0.14610189944506,0.11798093467951,1
0.033965885639191,0.1154350861907,-0.061088494956493,1
-0.18418270349503,0.0135737657547,-0.0078859254717827,1
-0.072868227958679,0.020474918186665,-0.045876942574978,1
0.052231311798096,0.18780114501715,-0.079805307090282,1
0.12819200754166,-0.20979849994183,-0.067297421395779,1
-0.13051235675812,-0.13835087791085,-0.08446479588747,1
-0.053520172834396,-0.20651852339506,0.1575638577342,1
0.026920199394226,0.18990292400122,-0.043030835688114,1
-0.17704609036446,0.061221338808537,-0.026451781392097,1
-0.14605069160461,-0.18755090236664,-0.0045411512255669,1
0.16211897134781,-0.22693680971861,0.12295747548342,1
0.068180203437805,0.21771084517241,-0.06019002199173,1
-0.14393931627274,-0.2327168956399,-0.016950577497482,1
0.10837429761887,-0.2184641584754,0.045562021434307,1
-0.084310263395309,0.019012123346329,0.016008146107197,1
-0.08261513710022,-0.043720670044422,0.010737620294094,1
0.17185461521149,0.2220991179347,-0.045655876398087,1
0.085611402988434,-0.093374885618687,0.013409845530987,1
-0.048239171504974,0.014627017080784,-0.014410607516766,1
-0.10011810064316,0.13445249944925,0.075421161949635,1
-0.11961701512337,0.07777813822031,0.047145552933216,1
0.22941809892654,-0.21005947142839,0.0027036443352699,1
-0.0029197335243225,-0.088695833459496,0.022709496319294,1
0.033388435840607,-0.059862274676561,0.004105918109417,1
0.08577686548233,-0.11085699684918,-0.054837606847286,1
0.1670224070549,-0.17850372940302,0.051739670336246,1
0.093333184719086,0.18097975105047,0.04760779440403,1
-0.208869099617,0.014477662742138,0.18628164380789,1
0.052041828632355,-0.090122601017356,0.021551288664341,1
-0.036470711231232,-0.027822144329548,-0.01055596023798,1
-0.23139071464539,0.011918038129807,0.14979218691587,1
0.057294487953186,0.10014729946852,-0.040702685713768,1
-0.025441467761993,0.019074447453022,0.0025509968400002,1
0.20912939310074,-0.19068548828363,0.02440819889307,1
0.01613849401474,0.16209714859724,-0.092470325529575,1
-0.077797323465347,0.20242186635733,-0.057946279644966,0
0.14593356847763,0.13306940346956,-0.018673412501812,1
0.19580525159836,-0.2009167149663,0.054137878119946,1
-0.017249703407288,0.13582234829664,-0.055690228939056,1
-0.1084041595459,-0.043738525360823,-0.064063549041748,1
0.15139013528824,-0.20721710473299,0.11940228193998,1
0.15333765745163,-0.17325112968683,0.16758132725954,1
-0.11046171188354,-0.18220581114292,0.10505912452936,1
-0.12545296549797,-0.1274177711457,0.035649098455906,1
0.13509166240692,-0.12472808733582,-0.024867035448551,1
-0.070119231939316,-0.03704384714365,0.0004846528172493,1
0.11653023958206,-0.11647540517151,0.0046469494700432,1
0.059909284114838,-0.15213462337852,0.034808047115803,1
-0.14350965619087,-0.1076306249015,0.058194972574711,1
-0.18937173485756,-0.05556233599782,-0.0049639418721199,1
-0.028610169887543,0.042782135307789,0.0051674768328667,1
-0.15381699800491,0.12582879513502,0.19539762288332,1
0.080650866031647,0.22445648163557,0.09774137288332,1
0.074589729309082,-0.11338790506124,-0.051419615745544,1
0.12819761037827,-0.1365602016449,-0.048951677978039,1
0.097927451133728,0.15532308071852,-0.092147350311279,1
-0.047121822834015,-0.034214705228806,0.010207898914814,1
-0.083317786455154,0.14703250676394,-0.070550449192524,0
-0.22655183076859,0.14810725301504,0.040829934179783,1
0.21412664651871,0.19896557182074,0.036461494863033,1
-0.19159239530563,0.099917270243168,0.11946818977594,1
0.029828667640686,-0.079279018566012,0.014416120946407,1
-0.1427395939827,0.017197147011757,-0.010772086679935,1
-0.022849023342133,-0.23594222217798,0.07591862231493,1
0.037669777870178,-0.10054685635259,0.0087217167019844,1
0.18997466564178,0.19453146308661,0.12172926217318,1
0.048688471317291,0.21477108448744,-0.066162079572678,1
0.0621577501297,0.28126975148916,0.071015812456608,1
-0.028977930545807,0.0481863245368,-0.030241601169109,1
0.083906471729279,-0.064532171934843,-0.024761669337749,1
-0.16845613718033,-0.090346708893776,0.07919355481863,1
-0.04975813627243,-0.14772593230009,-0.074305139482021,1
-0.031320750713348,-0.11073735076934,-0.08363801240921,1
0.19823920726776,0.17685147374868,-0.00022069364786148,1
-0.034280598163605,-0.0037940889596939,0.0035977438092232,1
-0.15910866856575,-0.030715249478817,0.02517045289278,1
-0.077278226613998,0.12654895335436,-0.042977072298527,1
-0.092206627130508,0.12161581963301,0.025899015367031,1
0.031450212001801,-0.23063049465418,0.044282682240009,1
-0.025820434093475,-0.13504653796554,-0.042725615203381,1
-0.0035102367401123,0.23284997791052,0.057498417794704,1
0.1492623090744,0.20124577730894,0.10136500746012,1
-0.02797943353653,-0.081188507378101,-0.01816176623106,1
-0.091000616550446,0.048821680247784,-0.059337347745895,1
0.13230383396149,0.19876249879599,0.068536482751369,1
0.066808044910431,-0.24020201712847,-0.023561805486679,1
0.060425221920013,-0.17595075070858,0.08281496912241,1
0.077482283115387,-0.1785042732954,0.0057270675897598,1
-0.1668915450573,0.07032386213541,-0.0033981576561928,1
0.1460657119751,-0.17902292311192,0.054870493710041,1
-0.081088244915009,0.11277026683092,-0.03805810958147,1
0.16552072763443,-0.17376642674208,0.0076451972126961,1
0.012494921684265,0.17646005004644,0.042517110705376,1
-0.10357934236526,0.0075773671269417,-0.025351800024509,1
-0.0082956552505493,0.16819154471159,0.04034785181284,1
0.13852971792221,0.11756554991007,-0.049705006182194,1
0.0010393261909485,0.25717195123434,0.098782725632191,1
-0.10305494070053,0.0058968365192413,0.032363824546337,1
-0.13600397109985,0.05919187515974,-0.071100354194641,1
0.0011205673217773,-0.13711102679372,-0.07050347328186,1
-0.10600554943085,-0.12640681117773,0.0045442953705788,1
-0.24304088950157,-0.012649714946747,-0.079020231962204,1
0.027440249919891,-0.11488310620189,0.029775410890579,1
0.09141594171524,0.092943780124187,-0.05522795021534,1
0.05870795249939,-0.27384275943041,0.11243168264627,1
-0.13599187135696,-0.19671136140823,0.14925197511911,1
-0.076935708522797,-0.2266011312604,0.12351558357477,1
0.10098898410797,0.20188387483358,0.17928814142942,1
0.033055007457733,0.28676696866751,0.04497867077589,1
-0.10670882463455,0.031662233173847,-0.026169717311859,1
0.0545853972435,-0.1815632507205,-0.058177538216114,1
-0.034113585948944,-0.089143903926015,-0.018318556249142,1
-0.08602511882782,-0.03090438991785,-0.05442588031292,1
0.074158728122711,0.063966356217861,0.014734253287315,1
-0.077195912599564,-0.19898743927479,-0.051171153783798,1
-0.1528754234314,0.11564291268587,0.1161177828908,1
-0.12318134307861,0.084323801100254,-0.097583942115307,1
0.053899705410004,-0.1117731006816,-0.0054547712206841,1
-0.23218739032745,0.11563786119223,-0.043079525232315,1
0.075692236423492,-0.26180183142424,-0.037271715700626,1
-0.028111279010773,0.17560245841742,0.086711041629314,1
-0.19155120849609,-0.19762600213289,0.0072420462965965,1
-0.01964396238327,0.1133343949914,-0.0111323595047,1
0.0064914226531982,-0.079048765823245,-0.019863232970238,1
-0.19871500134468,-0.12160282954574,0.083226107060909,1
-0.15985172986984,-0.0082901418209076,0.084700219333172,1
-0.033574163913727,0.079039730131626,-0.026572652161121,1
8.3267688751221e-05,-0.1193315256387,-0.021653369069099,1
0.0045645833015442,-0.20537872612476,0.017703600227833,1
-0.04474812746048,-0.066494151949883,-0.010322518646717,1
-0.13576051592827,0.22665186971426,-0.0077143535017967,1
-0.065040171146393,-0.11555278114974,-0.00038047879934311,1
-0.00019025802612305,-0.099341841705609,0.024176694452763,1
0.029447615146637,-0.13855738937855,0.025301367044449,1
0.12322795391083,0.13659510761499,-0.01192931830883,1
0.12995249032974,0.26796822994947,0.066465340554714,1
0.020235896110535,-0.10748108383268,-0.071555949747562,1
-0.015607297420502,-0.065897595137358,-0.018987737596035,1
-0.17520636320114,0.053426466882229,0.10384253412485,1
-0.051136314868927,-0.037713401019573,0.018462888896465,1
0.076624929904938,0.20928721874952,0.15233523398638,1
0.037166774272919,-0.24249198287725,0.11839706450701,1
0.11115217208862,0.1819106861949,0.11604306846857,1
-0.20664870738983,0.1602845415473,0.065051548182964,1
-0.14085757732391,0.049368657171726,-0.09979309886694,1
-0.0052618384361267,-0.063419863581657,-0.0070028305053711,1
0.16023600101471,-0.1531793102622,0.067220963537693,1
-0.075492709875107,0.024028159677982,-0.0021151825785637,1
-0.1532074213028,-0.15864418074489,0.13345167785883,1
-0.078532308340073,-0.20881137251854,0.1599783077836,1
-0.089249014854431,0.010220490396023,-0.0010925605893135,1
-0.011484920978546,-0.2358732894063,0.18283409625292,1
-0.11582031846046,0.21799632161856,0.13965461403131,1
-0.23768043518066,-0.021328531205654,0.059987731277943,1
0.027915954589844,-0.25346129387617,0.038347877562046,1
0.068335950374603,-0.18779348582029,0.025831192731857,1
-0.028842389583588,0.085721485316753,0.0033751353621483,1
-0.10830035805702,0.18869354575872,0.025452725589275,1
-0.082375854253769,0.13915263861418,-0.052543766796589,0
0.050276875495911,-0.26461822539568,0.056579552590847,1
-0.045951068401337,0.050600744783878,-0.024174593389034,1
-0.21572828292847,0.083448030054569,0.096095599234104,1
0.041578948497772,0.28196307271719,0.089017070829868,1
0.059907972812653,-0.19369970262051,-0.086580537259579,1
-0.027769386768341,-0.20826403796673,-0.022858962416649,1
-0.1797913312912,0.06063836067915,0.065325312316418,1
0.11784964799881,0.14541783183813,-0.07284838706255,1
-0.053642988204956,-0.033996485173702,-0.038763254880905,1
-0.1133029460907,0.15867944806814,0.15982844680548,1
-0.13077878952026,-0.015887640416622,0.030749298632145,1
0.011810064315796,-0.11550257354975,-0.039123356342316,1
-0.16747710108757,-0.068463023751974,-0.063968360424042,1
-0.13429307937622,0.066513858735561,-0.00058218091726303,1
-0.054154992103577,-0.015235081315041,0.013163276016712,1
-0.18172949552536,0.11072517186403,-0.078467890620232,1
0.0055650472640991,-0.095452854409814,-0.03423385322094,1
-0.15269520878792,-0.0740219745785,0.048198394477367,1
-0.080255597829819,-0.12337451986969,-0.076074458658695,1
0.074917137622833,-0.13287747651339,-0.075416244566441,1
0.13454610109329,-0.16086168959737,0.097738347947598,1
0.024450659751892,0.13336735218763,0.022110022604465,1
-0.10822254419327,-0.18894052505493,0.028286933898926,1
-0.1197509765625,0.065684475004673,0.002276323735714,1
-0.040410041809082,-0.14584770053625,-0.077750585973263,1
0.046739518642426,0.098018191754818,-0.018522940576077,1
-0.020350337028503,-0.2580849006772,0.040845513343811,1
-0.10394579172134,0.05198111385107,0.026135183870792,1
0.060751736164093,0.20738866180182,0.13772169500589,1
-0.0067424178123474,0.090511910617352,0.022438526153564,1
0.091316401958466,0.074453718960285,-0.065350912511349,1
0.06907457113266,0.27362989634275,0.014581725001335,1
-0.020424485206604,-0.067811105400324,-0.025468364357948,1
-0.011955320835114,-0.10668971203268,-0.047581113874912,1
0.011835873126984,-0.20125106722116,0.13172198086977,1
-0.19811326265335,-0.10847940668464,-0.0082189664244652,1
-0.054059118032455,-0.099885471747257,-0.0088709369301796,1
-0.048280239105225,0.11195289343596,0.0029400959610939,1
0.047039449214935,-0.058073218911886,-0.0042977258563042,1
-0.12337827682495,-0.19174695760012,0.056951358914375,1
-0.057786494493484,0.016465283930302,-0.023560725152493,1
0.059573948383331,-0.062211330980062,-0.021754413843155,1
0.055775582790375,-0.11519477237016,-0.018830999732018,1
0.020000457763672,0.056547306478024,-0.0067543610930443,1
-0.12133711576462,0.12401763349771,-0.064559020102024,1
-0.03671270608902,-0.25007029622793,0.061598494648933,1
-0.01542717218399,-0.17460642009974,0.040662214159966,1
-0.049549758434296,0.10866378992796,-0.017297960817814,1
-0.036842048168182,0.16155835241079,-0.065821796655655,1
-0.016375005245209,0.23988526314497,0.16261944919825,1
-0.17324936389923,-0.03411652892828,0.054517649114132,1
-0.18412667512894,0.027817957103252,0.19290447980165,1
-0.17357048392296,-0.070363247767091,0.18554260581732,1
-0.065978497266769,0.0026697590947151,-0.0081261619925499,1
0.07867842912674,0.14964131265879,-0.078367985785007,1
-0.023940980434418,0.14352387934923,-0.044649958610535,1
-0.10857248306274,0.068479426205158,-0.04789911955595,1
-0.070173293352127,0.081128977239132,0.0098934546113014,1
0.015560746192932,-0.074275912716985,-0.040288344025612,1
0.1251494884491,0.10657634586096,-0.061321638524532,1
-0.085173964500427,-0.12959618121386,-0.017814517021179,1
-0.029058635234833,0.040812350809574,0.0058409944176674,1
-0.07240229845047,-0.07947438955307,0.016099996864796,1
0.010465741157532,0.066378884017467,-0.0041181519627571,1
0.050913870334625,-0.1355303004384,-0.078785687685013,1
-0.073532581329346,0.10683459788561,-0.065134041011333,1
0.19882386922836,-0.20459786057472,0.0023206695914268,1
0.087447047233582,0.17583494633436,0.0078401491045952,1
-0.13589480519295,-0.054290749132633,-0.022046253085136,1
-0.2266973555088,-0.048277013003826,0.068354941904545,1
0.010339438915253,-0.096301053650677,-0.049546509981155,1
-0.10269647836685,0.024237595498562,-0.045013226568699,1
0.021223962306976,-0.21463768929243,-0.032025769352913,1
0.016618430614471,-0.2215963602066,0.16588502377272,1
-0.15749117732048,0.16562356799841,0.02351089566946,1
-0.13291981816292,-0.10546525381505,0.073229216039181,1
0.017760872840881,-0.093237277120352,-0.028990678489208,1
0.02698802947998,0.11177135258913,-0.029719837009907,1
0.1179826259613,-0.18729423731565,0.032169483602047,1
-0.2349499464035,-0.047914825379848,-0.0062351450324059,1
0.059101164340973,-0.10363076906651,0.016542881727219,1
-0.072527468204498,-0.14448589831591,-0.089823976159096,1
-0.12936973571777,0.090361453592777,-0.082152180373669,1
-0.1829731464386,0.022858403623104,-0.059392161667347,1
-0.22612604498863,0.018533736467361,0.086866833269596,1
-0.022765040397644,0.077623538672924,0.0020433738827705,1
-0.21523517370224,0.012686654925346,0.063796870410442,1
-0.19504603743553,0.17210682481527,0.036148883402348,1
-0.052491396665573,0.10638166218996,0.0089411064982414,1
0.036491096019745,-0.074667010456324,-0.0018754377961159,1
-0.012732863426208,0.15569844096899,0.020783126354218,1
-0.23779630661011,-0.070242688059807,-0.022441722452641,1
0.059707045555115,0.1624213680625,-0.067495077848434,1
-0.073579132556915,0.27496417611837,-0.0036901012063026,1
0.16035109758377,0.18005680292845,-0.050038054585457,1
7.3552131652832e-05,-0.28178664296865,0.10119312256575,1
-0.12747830152512,0.18336840718985,0.070893086493015,1
-0.048517644405365,0.017783433198929,0.0074612125754356,1
-0.062615931034088,-0.034978121519089,0.021752916276455,1
0.1298970580101,0.20776887983084,0.1001832857728,1
-0.0086828470230103,-0.069643026217818,-0.025468550622463,1
-0.013354599475861,-0.11782180331647,-0.019358322024345,1
-0.20640063285828,-0.16575096547604,0.020489998161793,1
0.015017628669739,0.16698294132948,0.010486446321011,1
-0.13780561089516,-0.18066806346178,0.050689987838268,1
-0.17130109667778,-0.058888044208288,0.030164547264576,1
0.032860517501831,0.13301923125982,-0.0068731084465981,1
-0.15961426496506,0.021737277507782,-0.0086145326495171,1
0.1762273311615,-0.18508895486593,0.16980994492769,1
-0.11073818802834,0.024430371820927,0.017132453620434,1
-0.24915492534637,-0.085808102041483,0.038371257483959,1
-0.11939775943756,-0.13894847035408,0.21838200837374,1
-0.041917860507965,0.16956254094839,0.071149058640003,1
-0.10934597253799,-0.19736478477716,0.00083887577056885,1
-0.086884319782257,-0.18743196874857,0.11627980321646,1
-0.23206776380539,-0.026515245437622,0.087149359285831,1
-0.2066048681736,-0.12891713902354,-0.059515938162804,1
-0.24407112598419,0.045686118304729,0.071743108332157,1
0.041347920894623,0.15386532992125,-0.029675126075745,1
0.1456795334816,-0.26364349573851,0.015072368085384,1
-0.049107730388641,0.14819570630789,0.0028424635529518,1
0.053118288516998,0.15541046112776,-0.062190614640713,1
0.10770267248154,-0.25860395282507,-0.053212285041809,1
-0.00017863512039185,-0.099888562748674,-0.059356227517128,1
-0.010641992092133,-0.27469133585691,-0.054611563682556,1
-0.0071748495101929,0.24865379184484,-0.080515086650848,1
0.010460615158081,-0.15042851865292,-0.067718490958214,1
-0.02343475818634,0.026963271200657,0.0051574632525444,1
0.0042265653610229,0.18568410724401,-0.086649022996426,1
-0.028482735157013,-0.036956213414669,-0.012021578848362,1
-0.15595185756683,0.026107139885426,0.070355467498302,1
-0.055519163608551,0.25321286171675,0.017713531851768,1
0.10885608196259,0.20903845876455,-0.052521102130413,1
0.16905772686005,0.17096301168203,0.12665522843599,1
-0.056490451097488,-0.16330009698868,0.059929266571999,1
0.059047102928162,0.12526459246874,0.028503365814686,1
0.076812922954559,-0.20949331671,0.083098508417606,1
0.036467373371124,0.10609682649374,-0.069774761795998,1
0.058373630046844,-0.26785022765398,-0.076962806284428,1
0.15838170051575,-0.18607092648745,0.026848934590816,1
-0.11611407995224,-0.21751380711794,0.060126930475235,1
-0.13027009367943,0.026200287044048,-0.0021415278315544,1
-0.088388860225677,-0.0466218739748,-0.0099513456225395,1
0.12083208560944,-0.20535097271204,0.076267965137959,1
-0.062958747148514,-0.074776034802198,-0.071483783423901,1
0.067281424999237,-0.046998646110296,0.00065707415342331,1
-0.072054415941238,-0.20904874056578,0.076753579080105,1
-0.097189247608185,0.2169681712985,-0.076989255845547,0
0.018889009952545,-0.08646000828594,-0.051535554230213,1
-0.1835378408432,-0.10474006133154,-0.0038279667496681,1
0.079867005348206,-0.18659714609385,-0.050614185631275,1
-0.10462862253189,-0.03107363730669,0.032691486179829,1
-0.009071409702301,-0.095493004191667,-0.034175276756287,1
-0.0095818042755127,0.086545251309872,-0.034136816859245,1
-0.11634835600853,0.13324322551489,-0.048698119819164,1
-0.17804914712906,-0.0013016611337662,-0.071534849703312,1
-0.12499901652336,-0.1184289380908,-0.09182745963335,1
0.04975414276123,-0.074885753914714,0.0044476687908173,1
0.092559397220612,-0.19710579514503,0.061793647706509,1
-0.018016278743744,-0.080105070024729,0.010444156825542,1
-0.097424507141113,0.076898597180843,-0.018885500729084,1
0.10519832372665,-0.20207170397043,0.054408028721809,1
0.17144304513931,0.21037470549345,0.027479760348797,1
-0.1149690747261,0.058260165154934,-0.008721299469471,1
0.079310476779938,-0.13128896057606,0.0045410990715027,1
-0.24074646830559,-0.053384222090244,0.029372625052929,1
-0.15765616297722,0.13439644128084,-0.037823714315891,1
-0.089499831199646,-0.15722085908055,-0.04248820245266,1
-0.11702466011047,0.11900482326746,-0.013474173843861,1
0.03736025094986,0.14610343426466,-0.084298461675644,1
0.019252777099609,0.17182033509016,-0.004150390625,1
-0.12272372841835,0.17917653173208,-0.084784187376499,0
-0.22440248727798,0.048094414174557,-0.04713562130928,1
-0.053831368684769,-0.16117261350155,0.014332942664623,1
-0.097740292549133,0.10897824913263,0.057037718594074,1
0.064094483852386,0.053832314908504,-0.026692688465118,1
-0.17352145910263,-0.04604385048151,0.087738923728466,1
-0.016049027442932,0.080098979175091,-0.023240774869919,1
-0.25717967748642,-0.040476303547621,0.035516999661922,1
0.15114718675613,-0.22524742037058,-0.057781085371971,1
0.052762091159821,-0.052343372255564,-0.0047742053866386,1
0.0069889426231384,-0.13134771585464,-0.051218785345554,1
-0.12380301952362,-0.084913802333176,-0.084374412894249,1
-0.0034151673316956,0.19573157280684,-0.056456968188286,1
0.073333859443665,-0.072558613494039,-0.010779730975628,1
0.0038822293281555,0.24719028919935,0.020210333168507,1
-0.18375492095947,0.16280078142881,0.034545101225376,1
-0.096687912940979,0.10522719472647,-0.091655366122723,1
0.17166060209274,-0.17037764936686,0.19309570640326,1
-0.036023080348969,-0.20427436381578,0.11272107809782,1
-0.0004417896270752,0.08000173419714,-0.010806418955326,1
0.037234961986542,0.079679273068905,-0.046385377645493,1
-0.13173514604568,0.15693160146475,-0.057186909019947,0
-0.20030990242958,-0.15216438472271,0.05109853297472,1
-0.13836440443993,-0.041622251272202,0.049278475344181,1
-0.20802396535873,0.030663661658764,0.16522813588381,1
0.05759871006012,0.12002088874578,0.031623564660549,1
0.084077775478363,-0.27447139471769,-0.018999770283699,1
-0.048636615276337,-0.11777275055647,0.028698854148388,1
0.023607313632965,-0.10421372111887,-0.037628158926964,1
-0.048020541667938,0.1030106022954,0.0096578076481819,1
-0.03772234916687,0.023350261151791,-0.0050599649548531,1
-0.21898657083511,-0.1369869671762,-0.050830945372581,1
-0.17677164077759,0.076959021389484,0.071845553815365,1
0.028100669384003,0.12413207441568,-0.0020375549793243,1
0.19039469957352,0.1769904717803,-0.059613771736622,1
0.1508247256279,-0.14498066529632,0.04358247667551,1
-0.078720360994339,0.15718891471624,0.0088674053549767,1
0.021416664123535,-0.15851870179176,-0.091985162347555,1
-0.057758450508118,0.012036547064781,0.0024697855114937,1
-0.17372161149979,-0.15738509967923,-0.059949524700642,1
0.079888045787811,-0.092582859098911,0.023269526660442,1
-0.16630506515503,0.058750130236149,-0.073228597640991,1
-0.11390987038612,-0.021395966410637,-0.022171750664711,1
-0.058227002620697,-0.13907808065414,0.016962222754955,1
-0.093658328056335,0.091709367930889,-0.042348586022854,1
0.058996558189392,-0.12354909814894,-0.028987549245358,1
-0.12540087103844,-0.052780222147703,-0.064020246267319,1
0.0080434679985046,-0.20721689611673,-0.0044008269906044,1
0.042959868907928,-0.10752490488812,-0.0060097500681877,1
-0.049807012081146,0.020681999623775,0.0083752200007439,1
0.12605941295624,0.19149222224951,-0.012483350932598,1
-0.16764444112778,0.010179750621319,0.019139967858791,1
0.19348937273026,0.22210904210806,0.093024648725986,1
0.043627142906189,-0.071040913462639,0.005472794175148,1
-0.23868438601494,-0.011190682649612,0.080463238060474,1
-0.0046260952949524,-0.25950852781534,-0.040300324559212,1
-0.17904287576675,-0.12128385715187,-0.068989969789982,1
-0.18144971132278,0.046291656792164,0.03390096873045,1
-0.18762493133545,-0.0036856681108475,0.062794603407383,1
0.15768384933472,0.23511289805174,0.086794532835484,1
0.082634091377258,-0.070208124816418,0.013063527643681,1
0.078532159328461,-0.10481342952698,0.013558402657509,1
-0.2159298658371,0.093403242528439,0.097974129021168,1
0.052640318870544,0.1217527911067,-0.064561456441879,1
0.11892336606979,-0.24311431497335,0.1290575042367,1
0.095537841320038,-0.20148319005966,0.19931019097567,1
-0.18028086423874,0.030019529163837,0.11294027417898,1
0.16138523817062,-0.15588272362947,0.032287456095219,1
-0.1823782324791,0.076404578983784,0.069207258522511,1
-0.018128037452698,-0.13259818032384,0.016539730131626,1
0.1096059679985,-0.21488027274609,0.11389354616404,1
-0.060824930667877,-0.25920388847589,0.086394496262074,1
-0.039842665195465,0.12055914849043,0.035358868539333,1
0.065219223499298,0.076688818633556,0.002528078854084,1
-0.17414671182632,-0.10740060964599,-0.066810876131058,1
0.076097667217255,-0.1470992974937,0.019560486078262,1
-0.059540092945099,0.076801039278507,0.025583930313587,1
0.042171776294708,0.20275779813528,0.16717881709337,1
0.0021693110466003,0.14860983937979,-0.044485218822956,1
-0.062631577253342,0.042613469064236,-0.06536927819252,1
-0.12596473097801,0.078239314258099,0.018239341676235,1
-0.17724758386612,-0.18185639381409,-0.00029142946004868,1
0.020699679851532,-0.08201264962554,0.0033213719725609,1
-0.13353222608566,0.22067918628454,0.12220294028521,1
0.017221510410309,0.20065736025572,0.11032917350531,1
-0.065217196941376,-0.27290887385607,-0.030757881700993,1
-0.093798995018005,-0.203439027071,0.10441512614489,1
-0.023661375045776,0.24785827845335,-0.037221662700176,1
0.086655795574188,0.18611591309309,0.10902138799429,1
0.13524979352951,-0.20441356301308,0.068711750209332,1
0.027020692825317,0.064918451011181,-0.011361360549927,1
0.071562588214874,-0.08372151479125,0.013590261340141,1
-0.14713096618652,0.17266919463873,0.013294614851475,1
-0.20405828952789,-0.10815784428269,0.029655121266842,1
0.097127020359039,-0.25627539306879,0.040285050868988,1
-0.20242655277252,0.045724473893642,-0.032416418194771,1
-0.065804004669189,-0.20253226161003,0.16137024015188,1
-0.088652670383453,-0.14674247428775,0.076924882829189,1
0.0037699341773987,-0.098642438417301,-0.056572780013084,1
-0.20245310664177,-0.069836551323533,0.11077787727118,1
-0.086658090353012,0.20515289157629,-0.029342710971832,0
0.0018555521965027,-0.26418536156416,0.12880078703165,1
-0.003337025642395,-0.17860374599695,-0.093582816421986,1
-0.091286540031433,0.13518715649843,-0.051525495946407,1
-0.057948529720306,-0.26001235097647,-0.019188478589058,1
0.092168986797333,-0.24799727648497,0.000595323741436,1
-0.09874764084816,0.13791457563639,-0.075119711458683,0
0.070745706558228,0.27034585922956,-0.050874099135399,1
-0.21080079674721,-0.053538162261248,0.15231744199991,1
0.021448850631714,-0.13296515494585,0.029518105089664,1
-0.061983227729797,-0.12323205545545,0.029217772185802,1
-0.059297740459442,0.25648941844702,0.0011924877762794,1
-0.10377705097198,-0.051695555448532,-0.032671213150024,1
-0.078603446483612,0.067240126430988,-0.06448570638895,1
-0.021155655384064,0.095978833734989,0.026587523519993,1
-0.21537858247757,-0.047445219010115,0.11019928008318,1
0.070931255817413,-0.045918930321932,-0.0032182857394218,1
0.068922579288483,-0.20214043557644,0.072374679148197,1
0.01240199804306,0.14299664646387,-0.051889561116695,1
-0.16530022025108,-0.1868154630065,-0.038107551634312,1
-0.073370307683945,-0.042257681488991,-0.031702004373074,1
-0.13095366954803,-0.054213799536228,-0.089462861418724,1
-0.12098830938339,0.048638634383678,0.041644014418125,1
0.060638427734375,0.094504423439503,0.013598509132862,1
-0.1292516887188,-0.092871852684766,-0.040473274886608,1
0.078058660030365,-0.068071484565735,-0.031156949698925,1
0.033771932125092,-0.099521744588856,-0.028605125844479,1
-0.17725077271461,-0.11477193422616,-0.040033556520939,1
-0.0075547099113464,0.052160806953907,-0.0046254470944405,1
-0.043474853038788,0.055340625345707,0.017366968095303,1
-0.10823455452919,-0.16402127593756,0.14068257063627,1
0.10176426172256,0.15927290171385,0.031975746154785,1
-0.028079569339752,0.015668831765652,0.0021815672516823,1
-0.084280967712402,-0.085423987358809,-0.074578203260899,1
-0.094190895557404,-0.025283940136433,-0.043040484189987,1
0.023764491081238,-0.19967602938414,-0.0046134367585182,1
0.14547795057297,0.25054573267698,-0.031533285975456,1
-0.0024639368057251,0.20636378973722,0.074062265455723,1
-0.026051104068756,0.073361240327358,-0.032476060092449,1
-0.20921224355698,0.0937225446105,0.15280169993639,1
0.049636542797089,-0.23546627908945,-0.035422593355179,1
-0.10648488998413,0.054353438317776,-0.028747454285622,1
0.026702642440796,-0.17916733771563,0.072856925427914,1
0.16945326328278,0.16855933517218,0.19045449048281,1
-0.055338650941849,0.19242056459188,0.043189093470573,1
0.055146276950836,-0.19400124996901,0.072323657572269,1
0.038879811763763,-0.1107033053413,-0.051676750183105,1
0.0010818243026733,-0.067824095487595,-0.029098972678185,1
-0.04695463180542,0.23096134513617,0.10521251708269,1
-0.15280020236969,0.10296345502138,-0.065771006047726,1
-0.030096828937531,0.14905836433172,-0.0088292062282562,1
0.032919228076935,-0.088601319119334,0.012866251170635,1
0.068022191524506,-0.25608555227518,-0.038593001663685,1
-0.17919117212296,0.083013288676739,0.035418026149273,1
-0.049717485904694,-0.25206930190325,-0.06834289431572,1
0.039111077785492,-0.099157502641901,0.021455973386765,1
-0.16295158863068,0.17776104062796,0.13013307005167,1
-0.013079881668091,-0.14017893373966,0.0028680637478828,1
-0.1812584400177,-0.062444824725389,0.12866581231356,1
-0.03998214006424,0.19538091868162,0.053031004965305,1
-0.011153936386108,0.067162342369556,-0.0099914520978928,1
-0.062336534261703,-0.020068183541298,0.015538297593594,1
0.019711196422577,0.17767559736967,-0.039175614714622,1
0.18414783477783,0.19096329063177,-0.089222885668278,1
-0.13592553138733,0.03096679598093,-0.013330973684788,1
-0.17200842499733,0.047405026853085,-0.081472232937813,1
0.082351982593536,-0.072874305769801,0.013921998441219,1
-0.07084858417511,-0.018876828253269,-0.010362349450588,1
-0.051149487495422,-0.20643905550241,-0.027398034930229,1
0.087418377399445,-0.16949532926083,0.061005622148514,1
-0.13035222887993,-0.081825315952301,0.018008850514889,1
-0.059660702943802,0.094036661088467,0.01452512294054,1
-0.027742087841034,-0.13883598148823,-0.073894418776035,1
-0.066411137580872,0.20882438868284,0.062406174838543,1
-0.055896818637848,-0.11618006974459,0.022600375115871,1
0.061071693897247,-0.09986949127051,-0.035345517098904,1
-0.18422782421112,-0.085795911960304,0.13132681697607,1
-0.14680969715118,-0.14302868396044,0.15861391276121,1
0.049054443836212,0.23889621347189,0.099215961992741,1
-0.10244357585907,0.065154887735844,0.046595014631748,1
0.12387865781784,0.10176486521959,-0.013631902635098,1
-0.11320039629936,-0.02421498298645,-0.07170956581831,1
-0.023126542568207,-0.10512991901487,0.0031396374106407,1
-0.026574015617371,0.19351943582296,0.028921231627464,1
0.07525247335434,-0.15909108892083,0.05044362694025,1
-0.016322731971741,0.12825750559568,-0.0029669031500816,1
0.051946997642517,0.11058983951807,-0.077060185372829,1
-0.1411084830761,-0.14086795970798,-0.088716812431812,1
0.11383551359177,-0.21584023535252,-0.071746006608009,1
0.02972823381424,-0.092132839374244,-0.0075207874178886,1
0.14460623264313,0.2019155845046,-0.014985635876656,1
0.15182346105576,-0.17301434278488,0.057120494544506,1
-0.17321309447289,0.06034030765295,0.050673745572567,1
-0.24421238899231,-0.014337085187435,-0.035878159105778,1
-0.24427303671837,0.043608091771603,0.10743790119886,1
-0.1700259745121,-0.1403216086328,-0.013799630105495,1
-0.057743847370148,-0.11030470021069,0.0039309784770012,1
0.027807116508484,-0.26186086982489,-0.083773821592331,1
0.15890461206436,-0.14849156886339,0.089881487190723,1
0.035177767276764,-0.14297266677022,-0.084177620708942,1
0.13376861810684,0.22933428734541,0.043084047734737,1
0.080169975757599,-0.16235572844744,-0.0044593438506126,1
-0.13236090540886,-0.08947447873652,-0.019016809761524,1
0.0070270299911499,0.1955645903945,0.04081080108881,1
0.13300132751465,0.19043477624655,0.019585601985455,1
-0.05115282535553,0.19782211631536,0.1518524363637,1
0.047878623008728,0.080443538725376,-0.039785146713257,1
0.12341839075089,-0.14470914378762,0.050659082829952,1
-0.089795589447021,0.14376293867826,0.010745517909527,1
-0.14053130149841,0.10837400704622,0.20534504204988,1
-0.027445256710052,-0.061711199581623,0.0030683726072311,1
0.052562415599823,0.18190553039312,-0.024480395019054,1
-0.10130578279495,0.22569938749075,-0.057867556810379,0
-0.20691224932671,-0.014249235391617,-0.027262851595879,1
-0.049154043197632,0.075482733547688,-0.02872658520937,1
-0.14357960224152,-0.016884051263332,-0.08604958280921,1
-0.10873880982399,-0.0022923946380615,-0.052855439484119,1
0.057289719581604,0.092367060482502,0.0033441111445427,1
0.062114715576172,-0.15593814477324,-0.024748429656029,1
-0.041213035583496,-0.15491831302643,0.058692082762718,1
-0.022990763187408,-0.19294340163469,-0.098806634545326,1
0.086763262748718,-0.081368697807193,0.0072490051388741,1
-0.10338446497917,0.17652823776007,0.0076672956347466,1
-0.130819439888,0.13227195292711,0.029033698141575,1
0.13325601816177,0.14854665845633,-0.022363491356373,1
-0.063064008951187,-0.11644043214619,0.015916436910629,1
-0.022524416446686,-0.18833972513676,-0.069266743957996,1
-2.0861625671387e-06,0.097788877785206,-0.017377845942974,1
-0.01802784204483,0.19203730672598,0.012081414461136,1
-0.14532294869423,-0.022256970405579,0.012734137475491,1
0.083062410354614,0.16700833290815,0.0065010562539101,1
-0.089835971593857,-0.2291716709733,0.13205718249083,1
-0.0072363018989563,-0.10922294855118,0.025844879448414,1
-0.081591486930847,-0.17641944438219,0.010741218924522,1
0.09271639585495,-0.1640163064003,-0.059635102748871,1
-0.18825376033783,0.071832187473774,0.160151489079,1
-0.022024810314178,-0.073370307683945,-0.0096159875392914,1
-0.031976699829102,0.10762549191713,0.0057864040136337,1
-0.061080455780029,-0.10738721070811,0.0039856061339378,1
-0.04957115650177,0.20260836929083,0.1455632224679,1
0.028781950473785,0.14885609596968,-0.093829188495874,1
0.17051917314529,0.23844086378813,0.11535484343767,1
-0.13395747542381,-0.13748059049249,0.031096108257771,1
-0.059490442276001,0.19186656922102,-0.045868076384068,1
-0.19404619932175,-0.13257206976414,-0.035267986357212,1
-0.060111910104752,-0.13203928619623,-0.093488983809948,1
-0.11185002326965,0.031087972223759,-0.074320115149021,1
-0.10571911931038,0.030686892569065,-0.025035120546818,1
0.027991831302643,-0.10926899779588,-0.057007141411304,1
0.03159886598587,-0.16508658230305,-0.038624338805676,1
-0.011718988418579,-0.2696773186326,-0.016899578273296,1
-0.11053174734116,-0.0090015083551407,-0.0045291408896446,1
-0.023204743862152,-0.1452649384737,-0.088455490767956,1
0.018648743629456,-0.20227209478617,0.073423750698566,1
-0.087175220251083,-0.23256220668554,0.094603396952152,1
0.010758519172668,-0.25365776568651,-0.043107107281685,1
0.15128684043884,0.24937354773283,0.027270451188087,1
0.073671758174896,-0.24797391146421,-0.060178525745869,1
0.048808515071869,0.072195924818516,-0.00053482502698898,1
-0.14182117581367,-0.039261434227228,0.018325217068195,1
-0.1772563457489,0.037152521312237,-0.095481500029564,1
-0.23976129293442,-5.4813921451569e-05,0.05866988748312,1
-0.036561071872711,-0.2563703879714,0.059840299189091,1
-0.047150552272797,0.029501594603062,0.0098925158381462,1
0.034740507602692,-0.070560639724135,0.0040549859404564,1
-0.0031521916389465,0.2246557995677,0.19284530729055,1
-0.14426046609879,-0.066016938537359,-0.037208147346973,1
-0.066248118877411,0.065112195909023,0.02781230956316,1
-0.014062643051147,-0.24971710890532,0.12594050914049,1
-0.10524153709412,-0.076928198337555,0.038895942270756,1
0.16611576080322,0.21187367290258,0.045693263411522,1
-0.010746538639069,-0.096001680474728,-0.013080663979053,1
0.00490802526474,-0.086822163313627,-0.05383088439703,1
-0.12328541278839,0.19066797941923,-0.05085027962923,0
-0.11465460062027,0.19906305521727,0.034589864313602,1
-0.092589199542999,0.19900482147932,0.12837464362383,1
-0.22371506690979,0.090006448328495,0.12754396349192,1
-0.10224992036819,-0.043446902185678,0.038866721093655,1
-0.070844680070877,-0.025125555694103,-0.023270852863789,1
0.12162691354752,-0.17052008956671,0.030981779098511,1
-0.030633628368378,0.14092307537794,0.018536157906055,1
0.059691488742828,0.088085569441319,0.011347696185112,1
-0.017726480960846,0.073880396783352,0.019438728690147,1
0.012520968914032,-0.090483889915049,0.01703529804945,1
-0.091497808694839,-0.21326771378517,0.17214126139879,1
0.1225643157959,0.1980687007308,0.073517747223377,1
0.07957661151886,-0.16051522642374,-0.092027723789215,1
-0.13747370243073,-0.099496536888182,-0.08008436113596,1
0.16544264554977,-0.16360278427601,0.16232546418905,1
-0.011394202709198,0.18328490108252,-0.019493915140629,1
0.13927686214447,0.11854625493288,0.057568155229092,1
-0.1170380115509,0.022111818194389,-0.039548598229885,1
0.07538229227066,-0.13249415531754,0.019787572324276,1
-0.087880253791809,0.012813597917557,0.012174896895885,1
0.12520313262939,0.260324023664,0.080471701920033,1
-0.20403102040291,-0.13144623488188,0.096221722662449,1
0.0058759450912476,0.099517725408077,-0.036987163126469,1
-0.027659296989441,0.13354260474443,-0.011422604322433,1
0.19620531797409,0.18663381785154,-0.051156766712666,1
-0.021369457244873,0.13507971912622,0.021162629127502,1
-0.20625606179237,0.013077192008495,0.061866275966167,1
-0.18279829621315,-0.073687210679054,0.078930266201496,1
-0.041281878948212,0.035042367875576,-0.025275312364101,1
-0.095662236213684,-0.0078214481472969,0.0049574300646782,1
-0.14712011814117,0.142084620893,0.14671842008829,1
-0.022329270839691,-0.21082467585802,-0.046766109764576,1
0.036911427974701,0.08271773904562,-0.036518469452858,1
-0.13614374399185,-0.092046344652772,0.026727862656116,1
-0.016019225120544,0.078867100179195,0.0040229707956314,1
-0.012400269508362,0.18390636891127,0.068090572953224,1
0.0087770819664001,0.087750338017941,0.015671938657761,1
0.1536505818367,-0.19995062798262,-0.042424507439137,1
0.061829805374146,-0.1514859162271,-0.044410362839699,1
-0.0038542151451111,0.17625602334738,0.00084201246500015,1
-0.030100703239441,0.14815335720778,0.023757569491863,1
-0.07217201590538,-0.16537968069315,0.0090478733181953,1
0.1212574839592,-0.096814245218411,0.0088566616177559,1
-0.014843344688416,-0.24032370001078,0.11947695165873,1
-0.17567646503448,-0.18935561925173,0.051000975072384,1
0.18230533599854,-0.20204937458038,-0.066374264657497,1
-0.023801207542419,-0.08067699149251,0.016579747200012,1
-0.23580941557884,-0.11141357664019,0.080391012132168,1
-0.25075826048851,-0.010940231382847,0.080202616751194,1
-0.20630687475204,-0.031650975346565,-0.007024385035038,1
-0.033359706401825,0.26313295215368,0.0063228979706764,1
-0.0026945471763611,-0.19097239524126,0.03832470625639,1
-0.24262815713882,-0.00020810216665268,0.049863912165165,1
0.12827867269516,-0.11754919961095,0.046148858964443,1
0.12307369709015,0.10538876801729,0.0084092244505882,1
-0.24824345111847,-0.042016081511974,-0.025726489722729,1
0.17898970842361,-0.21138070523739,0.1528829112649,1
0.040865778923035,0.22551398724318,0.020102955400944,1
0.040622115135193,0.054434902966022,-0.0051499679684639,1
-0.23296424746513,0.11786762624979,0.01198723167181,1
0.13179439306259,-0.16448219120502,0.097618512809277,1
0.082726538181305,0.14657444506884,0.049938164651394,1
0.025960266590118,-0.26101315766573,0.084316112101078,1
-0.1246500313282,-0.18769558519125,-0.021016418933868,1
-0.10366550087929,0.23623695224524,-0.049248293042183,0
-0.15538400411606,0.1478958055377,0.11963181942701,1
-0.040463030338287,-0.2092767059803,0.072244264185429,1
0.0926274061203,-0.12591380998492,0.044340804219246,1
0.076806783676147,0.076493285596371,-0.022216483950615,1
-0.058892041444778,-0.027152515947819,0.018601126968861,1
-0.25876358151436,-0.014529868960381,-0.00027935951948166,1
-0.13775622844696,0.18119033426046,-0.00048971921205521,1
-0.26385214924812,-0.0030848458409309,0.068158097565174,1
-0.21536135673523,0.15899350494146,-0.024579457938671,1
0.019729316234589,0.15518041700125,-0.00064008682966232,1
-0.06550270318985,0.11765687912703,0.021827153861523,1
-0.078462868928909,-0.066227149218321,-0.054681576788425,1
-0.14060670137405,0.051328040659428,0.02175822108984,1
0.03587418794632,0.064644508063793,-0.001378558576107,1
0.051674723625183,0.1246470734477,-0.084992919117212,1
0.099785804748535,0.091981314122677,0.010373778641224,1
-0.0045358538627625,0.14243740588427,-0.074702255427837,1
-0.033176064491272,0.13367552310228,-0.071704261004925,1
-0.10243338346481,0.13423822075129,-0.053582735359669,0
-0.079798251390457,-0.0080915540456772,-0.0075586214661598,1
-0.027987897396088,0.25579421967268,-0.026232421398163,1
-0.064110487699509,0.14604554325342,0.052730090916157,1
-0.01817375421524,-0.048548988997936,-0.0084399357438087,1
0.045892834663391,0.21201717108488,-0.052453950047493,1
0.0082140564918518,-0.088354504667222,0.021034121513367,1
-0.10333317518234,0.22693475335836,0.044260121881962,1
0.023935794830322,0.085049442946911,-0.019697599112988,1
0.10586887598038,-0.14582508429885,0.046905256807804,1
-0.14917144179344,-0.17088408768177,0.14168895035982,1
-0.073022246360779,0.0021344944834709,-0.042807377874851,1
0.082973182201385,0.10302313417196,-0.053855158388615,1
-0.21697133779526,0.033121667802334,0.033674456179142,1
0.052017092704773,0.22216608375311,0.11421967297792,1
-0.079685628414154,0.17560406774282,0.19192939251661,1
-0.063266664743423,0.12838312238455,0.036467410624027,1
-0.21522226929665,-0.12434515543282,0.081197671592236,1
-0.082212746143341,0.054143138229847,-0.0021592304110527,1
-0.20147359371185,0.0076380148530006,-0.057726085186005,1
-0.18203008174896,0.11565101891756,0.16027376800776,1
-0.10558775067329,0.018629059195518,0.0027160570025444,1
-0.13463142514229,0.0082320049405098,-0.040887616574764,1
-0.16153359413147,0.043831892311573,-0.056540757417679,1
0.054110586643219,-0.16280222684145,0.039087183773518,1
0.1284926533699,-0.17257874459028,0.083053462207317,1
-0.10876879096031,-0.046866942197084,0.017563663423061,1
0.12326234579086,-0.17910081893206,0.022406056523323,1
0.10547977685928,-0.1186652854085,-0.0027368292212486,1
-0.032161891460419,0.19148498028517,0.11261553317308,1
-0.16281655430794,-0.046349048614502,0.032287634909153,1
-0.085456222295761,0.0070225670933723,-0.00059019774198532,1
-0.20978328585625,-0.050895649939775,0.031613446772099,1
-0.028849124908447,-0.062287613749504,0.0029524192214012,1
-0.11588671803474,-0.043715473264456,0.011128701269627,1
-0.20738464593887,-0.07706093788147,-0.032678939402103,1
-0.16328796744347,-0.12410190887749,-0.033418200910091,1
0.13381093740463,0.21017368882895,0.10525881499052,1
0.10617172718048,-0.12210390530527,0.012118227779865,1
-0.13684892654419,0.14555982500315,0.20072201639414,1
-0.02780818939209,0.25310721248388,-0.00055240839719772,1
-0.23929524421692,0.088514931499958,0.061319835484028,1
0.069663524627686,0.16423603147268,0.056191444396973,1
-0.12878915667534,-0.053713854402304,0.027447037398815,1
-0.13824763894081,0.15099146217108,0.081737510859966,1
0.12843626737595,0.22411536425352,-0.015439115464687,1
0.092164576053619,-0.087651559151709,-0.061565436422825,1
0.083643078804016,0.10771902650595,0.025645188987255,1
0.087715923786163,-0.23951502889395,0.01208121329546,1
-0.12430649995804,0.017280660569668,-0.094406548887491,1
0.11846488714218,0.24433394521475,-0.072298064827919,1
-0.0077216029167175,-0.083161914721131,-0.029859937727451,1
0.096289932727814,0.14418139308691,-0.0026924088597298,1
0.057688355445862,0.17292117327452,0.014817088842392,1
0.07786899805069,0.1067918613553,-0.01361720263958,1
-0.045006394386292,0.06096089631319,-0.0023604109883308,1
0.022126972675323,-0.080409295856953,-0.018853642046452,1
-0.13713493943214,0.012918226420879,0.0029539242386818,1
-0.12536352872849,-0.15513304620981,0.18321222811937,1
-0.035104215145111,0.22468536347151,0.065453432500362,1
0.011106073856354,-0.09910671581747,-0.051885135471821,1
-0.19876676797867,0.022742263972759,0.1182072237134,1
-0.22094687819481,-0.042639948427677,-0.041226245462894,1
-0.040243804454803,-0.086749281734228,0.015448935329914,1
-0.19183433055878,-0.015215545892715,0.12925193458796,1
0.010185778141022,0.247578792274,0.05861809104681,1
-0.043708682060242,-0.062524572014809,-0.0048009529709816,1
-0.17313146591187,-0.17713809013367,0.14418818801641,1
0.11241579055786,0.23319011181593,0.14958620816469,1
-0.0044100284576416,-0.10804804880172,-0.0042756199836731,1
-0.076959818601608,0.088974289596081,-0.044630952179432,1
0.14587938785553,0.15121441334486,0.22395596653223,1
-0.00057744979858398,0.1613540276885,-0.06167247146368,1
-0.0014589428901672,-0.15033873170614,0.041148826479912,1
0.079090476036072,0.26926102489233,0.10331828147173,1
0.16045218706131,-0.1844462826848,0.18812983483076,1
-0.12209409475327,0.049337141215801,0.011662192642689,1
0.11885821819305,0.23222693055868,-0.026923827826977,1
-0.11214485764503,0.14494716376066,0.056341342628002,1
0.1022509932518,0.080354638397694,-0.0020353272557259,1
0.11319679021835,-0.089120430871844,-0.031086973845959,1
-0.14428922533989,0.16972484439611,-0.024909399449825,1
0.053990960121155,-0.21400203555822,0.20058993250132,1
0.034238159656525,0.2155130431056,0.018478490412235,1
-0.064548343420029,0.030398733913898,0.0083600208163261,1
-0.019105792045593,-0.16351422667503,0.013168178498745,1
-0.1001290678978,0.21145661920309,-0.081189811229706,0
0.095447897911072,0.080176673829556,0.0082665607333183,1
-0.1142540872097,0.064090214669704,-0.048140667378902,1
0.022281467914581,0.18625374883413,-0.042592972517014,1
-0.062690913677216,-0.22830624133348,0.15688136965036,1
0.1100760102272,0.16712682694197,0.0082939490675926,1
-0.083967238664627,-0.024947956204414,0.0050381496548653,1
0.030350387096405,-0.11294731870294,0.017174817621708,1
-0.13514304161072,0.020462602376938,-0.078063644468784,1
-0.10727789998055,-0.17767565697432,0.0002085417509079,1
-0.20052215456963,-0.16155188158154,0.087521113455296,1
-0.12856206297874,0.0079593807458878,0.04329776018858,1
-0.20438078045845,-0.13340746983886,0.062228359282017,1
0.017647802829742,0.23338117450476,0.1825028732419,1
-0.14610594511032,-0.18233269453049,-0.078939668834209,1
-0.11650633811951,0.19324263185263,0.078024633228779,1
0.098520636558533,0.081914834678173,0.010686330497265,1
-0.04149204492569,-0.13407465443015,-0.0057061761617661,1
0.1801695227623,-0.21455997228622,0.058206729590893,1
-0.12757989764214,-0.2037251740694,-0.082790903747082,1
-0.21648401021957,-0.059856273233891,0.13300225883722,1
-0.0074678063392639,-0.12631074152887,0.028241209685802,1
0.0088959336280823,-0.056930873543024,-0.0052356570959091,1
0.055376589298248,0.20954363793135,-0.098113633692265,1
-0.07090437412262,0.0837756767869,-0.00264061242342,1
-0.12023833394051,-0.0053078755736351,-0.076413534581661,1
-0.10200780630112,-0.053277902305126,-0.076029449701309,1
-0.059295386075974,-0.086170299910009,0.021853052079678,1
0.051919281482697,0.098219387233257,0.024526529014111,1
-0.0054118633270264,0.10366516560316,0.0039216056466103,1
0.0069741606712341,0.21476586908102,0.18358475714922,1
0.058477878570557,-0.2008914873004,0.1714369431138,1
-0.00081360340118408,0.099798165261745,-0.058122240006924,1
-0.031330764293671,0.08714085072279,0.0059637203812599,1
-0.1032287478447,-0.054222013801336,-0.044703759253025,1
-0.19918695092201,-0.052238788455725,0.053408391773701,1
0.090014278888702,0.22613041847944,0.072573311626911,1
0.024528324604034,0.11894723027945,-0.034607730805874,1
-0.036575376987457,0.19859140366316,0.082790799438953,1
0.1068999171257,-0.12145049870014,-0.049735315144062,1
-0.064664781093597,0.15510459989309,-0.073950633406639,1
-0.020692586898804,0.070879928767681,-0.034359581768513,1
0.068536520004272,0.28719808906317,0.034542568027973,1
-0.010623931884766,0.063307918608189,-0.006624162197113,1
0.0063186883926392,0.17512195557356,0.036260336637497,1
0.064902722835541,0.23129203170538,0.18870607763529,1
0.010582149028778,0.14727926999331,0.04521681368351,1
0.023499608039856,0.059976704418659,0.0031062737107277,1
-0.0014876127243042,0.15981798619032,-0.043198801577091,1
-0.17603826522827,-0.13746893778443,0.10775589197874,1
-0.17782935500145,0.031543768942356,0.039048187434673,1
-0.073187917470932,-0.10979161411524,0.031267933547497,1
0.02474445104599,0.24291311949492,-0.033832222223282,1
0.16810643672943,0.14827888458967,0.21547085791826,1
0.098936498165131,-0.26704411953688,0.068416364490986,1
-0.032440304756165,0.02381506562233,-0.011590592563152,1
0.0013150572776794,-0.093864526599646,0.00093115866184235,1
-0.17106133699417,-0.0090386494994164,0.034305907785892,1
-0.17710441350937,0.10214480012655,0.19398996978998,1
-0.027805984020233,-0.087108402512968,0.024214096367359,1
-0.090326696634293,-0.092306571081281,-0.0036299750208855,1
-0.063582569360733,0.024452216923237,-0.027612701058388,1
0.048593699932098,-0.11952963843942,0.029049314558506,1
0.029476940631866,0.055550239980221,0.0035758763551712,1
0.01956844329834,-0.18798720091581,0.012287072837353,1
0.012160241603851,0.18895208090544,0.091296799480915,1
0.13034111261368,0.13199705630541,0.0012068226933479,1
-0.1662645637989,-0.17582880705595,-0.061170823872089,1
-0.022147595882416,-0.18258365988731,0.017783001065254,1
0.094954550266266,-0.13224563375115,0.038266226649284,1
-0.10564312338829,0.14545611292124,0.028706096112728,1
-0.0080479383468628,0.096083380281925,-0.0035746097564697,1
-0.12310621142387,-0.10622205305845,-0.0002780482172966,1
-0.042263686656952,0.046600796282291,-0.022695817053318,1
-0.21333184838295,-0.029533825814724,0.025639422237873,1
-0.17708316445351,-0.071767080575228,-0.040052607655525,1
-0.040423035621643,-0.041967194527388,-0.042019344866276,1
0.034006476402283,0.064537800848484,-0.010076142847538,1
-0.081819325685501,-0.070947168394923,0.030571885406971,1
-0.024107038974762,-0.093561934307218,0.016341909766197,1
-0.16424125432968,0.065602846443653,-0.07116474211216,1
0.16865760087967,-0.23299504071474,-0.04876422137022,1
-0.14969843626022,-0.20026183873415,0.026351518929005,1
-0.046805620193481,-0.054000098258257,0.012395836412907,1
-0.21046584844589,-0.036755584180355,0.039050124585629,1
-0.10091614723206,0.14311788231134,0.091089628636837,1
-0.23106092214584,-0.0050005987286568,0.10464603453875,1
-0.076522827148438,0.24664034694433,0.13588080555201,1
-0.18113523721695,-0.030743069946766,0.11058179289103,1
-0.16800710558891,-0.17417584359646,0.12152936309576,1
-0.17236396670341,-0.073833618313074,-0.10000674426556,1
-0.10380217432976,-0.2145796045661,0.1554227694869,1
-0.068646818399429,-0.062252055853605,0.012040458619595,1
-0.1109012067318,-0.12596534006298,-0.049171857535839,1
-0.15501940250397,0.081393785774708,0.033508338034153,1
-0.04072904586792,-0.19533458352089,-0.0073821470141411,1
-0.15595275163651,0.1467135772109,0.15266669541597,1
-0.071275353431702,-0.13360744342208,0.025556057691574,1
-0.060898154973984,-0.087344360537827,0.01590434461832,1
-0.06411400437355,-0.18499003350735,-0.068369507789612,1
-0.14539170265198,0.18614502996206,0.16521660238504,1
-0.048376977443695,-0.22551935166121,-0.041289299726486,1
0.08222222328186,0.099223159253597,-0.030990250408649,1
0.08534562587738,0.12080223113298,-0.038933083415031,1
0.019031643867493,-0.096377203240991,-0.012241415679455,1
-0.055873334407806,-0.039271250367165,-0.025034531950951,1
-0.051244527101517,0.032949693500996,-0.039177060127258,1
-0.10895159840584,0.10852710157633,-0.022892065346241,1
-0.03232079744339,-0.11099100857973,-0.069819197058678,1
0.036444485187531,0.053693316876888,0.0055275484919548,1
-0.24404567480087,-0.10596171300858,0.028624765574932,1
-0.068441212177277,0.048115454614162,-0.0054552182555199,1
0.067461550235748,-0.20183213055134,0.14770758897066,1
-0.14862424135208,0.22856565564871,0.00086373835802078,1
0.14677613973618,-0.2191844061017,-0.049708485603333,1
-0.011490821838379,0.058004029095173,-0.012039192020893,1
-0.087686091661453,-0.05629550665617,-0.081876255571842,1
-0.2243167757988,0.020640127360821,0.065151683986187,1
0.047168970108032,-0.24425550550222,0.0071050748229027,1
-0.049324929714203,-0.065416663885117,0.012225918471813,1
0.10924011468887,0.085709698498249,0.0099155381321907,1
-0.0081800222396851,0.07609211653471,0.020420700311661,1
0.00094163417816162,0.11816432327032,0.013718172907829,1
0.046073853969574,-0.2018064185977,-0.07593496888876,1
-0.14655640721321,0.0022929385304451,-0.08691393584013,1
-0.130191385746,0.17188527435064,-0.089950047433376,0
0.013391494750977,-0.20742485672235,0.16931892186403,1
-0.0071305632591248,-0.044380344450474,-0.0019096210598946,1
-0.18881097435951,0.0025187432765961,0.13278216868639,1
0.16012668609619,-0.20197100937366,0.07499273866415,1
-0.11591494083405,0.18984719365835,0.13293691724539,1
0.038443565368652,0.12089987844229,-0.051791191101074,1
0.020015180110931,0.14784873276949,-0.08114043623209,1
0.048760294914246,0.14172046631575,0.039073184132576,1
0.10758340358734,-0.15828968584538,0.042437806725502,1
-0.17484393715858,-0.053599420934916,0.033746682107449,1
-0.11641636490822,-0.050538867712021,-0.052941553294659,1
-0.00061267614364624,0.12888177484274,-0.028556264936924,1
-0.12776413559914,0.028048016130924,0.052644856274128,1
-0.013864159584045,-0.19440262019634,0.21168643981218,1
-0.12636002898216,-0.13798144087195,0.063542850315571,1
-0.1665626168251,0.046093709766865,0.097765065729618,1
0.16925185918808,-0.18473202735186,0.14134553819895,1
-0.1324650645256,0.1269451007247,-0.015534989535809,1
0.065582692623138,-0.21050929278135,-0.059442885220051,1
-0.028313517570496,-0.063677325844765,-0.014175474643707,1
0.060374915599823,-0.053018718957901,-0.010519184172153,1
-0.014508068561554,0.20814033597708,0.10528925806284,1
-0.13066554069519,0.088964022696018,-0.075358368456364,1
-0.1834120452404,-0.10076139355078,0.16906721144915,1
-0.036418080329895,0.14703843742609,0.029487513005733,1
9.8168849945068e-05,-0.096512367017567,-0.0070324763655663,1
-0.16762837767601,-0.11139183863997,0.10832030326128,1
-0.067551463842392,-0.13610228896141,-0.05071047693491,1
-0.044735193252563,-0.078826496377587,-0.058471225202084,1
-0.2412366271019,0.091602526605129,0.01116556674242,1
-0.072908967733383,-0.030710004270077,-0.067641906440258,1
-0.11566805839539,-0.11816144548357,-0.076454736292362,1
-0.0066739916801453,-0.074251731857657,0.012152411043644,1
-0.11964255571365,-0.12053036689758,0.051385767757893,1
-0.043127179145813,-0.022646889090538,-0.029028214514256,1
-0.18474504351616,-0.16559708863497,0.074912361800671,1
0.034161746501923,-0.11248670052737,0.012190222740173,1
-0.069683909416199,-0.15209549292922,0.060635633766651,1
0.027397453784943,0.18378963321447,-0.0049735829234123,1
-0.070121645927429,0.12827532738447,-0.0038794651627541,1
0.068195521831512,-0.058740992099047,-0.0065271928906441,1
0.17484104633331,-0.22715332359076,-0.073753498494625,1
-0.15619501471519,-0.049321357160807,0.023680068552494,1
-0.069113433361053,0.11271030455828,-0.0047426745295525,1
-0.016797959804535,0.21606399863958,0.14628238230944,1
-0.011252701282501,-0.10954895801842,-0.022977702319622,1
0.11487066745758,0.15647270530462,0.066687025129795,1
-0.16741245985031,0.070074684917927,0.024243302643299,1
-0.21102210879326,-0.15182749181986,0.011361740529537,1
-0.01465779542923,0.25956677645445,-0.028265915811062,1
0.034465789794922,-0.27925281971693,0.056980490684509,1
-0.071868896484375,0.02899818867445,-0.043932475149632,1
-0.18716728687286,0.014383047819138,0.17118325084448,1
-0.1115200817585,-0.19876264035702,-0.0677395388484,1
-0.042159199714661,-0.23309797793627,0.048877194523811,1
0.17390060424805,0.1826676055789,0.13716311007738,1
0.11900460720062,0.11989214271307,0.040729448199272,1
-0.09937185049057,0.083914659917355,-0.016109429299831,1
0.10573452711105,-0.22744759172201,0.13246753066778,1
-0.12787508964539,-0.089221415109932,0.031973741948605,1
0.051507651805878,0.14401096850634,-0.059262789785862,1
-0.13974744081497,-0.1458145417273,-0.015172012150288,1
0.0041870474815369,0.14453109353781,-0.029768519103527,1
-0.17432826757431,-0.023827493190765,-0.041482612490654,1
-0.022658705711365,-0.16812560707331,0.073829092085361,1
0.028527140617371,0.26075371354818,-0.015048466622829,1
-0.089492827653885,0.19169601052999,0.14046356827021,1
-0.025239229202271,0.032951287925243,0.0049417242407799,1
-0.021224200725555,-0.049865007400513,-0.0005062147974968,1
-0.015622198581696,0.26890885084867,0.10236925631762,1
-0.1344778239727,-0.081685354933143,0.018422119319439,1
-0.051277786493301,-0.1761769503355,-0.00032689422369003,1
-0.039422035217285,0.0087075382471085,0.0020086988806725,1
-0.038366734981537,0.1334401294589,0.037406980991364,1
-0.088801741600037,-0.20985670387745,-0.033770948648453,1
-0.15734139084816,-0.12743990123272,0.10748352855444,1
0.055756092071533,0.21707855910063,-0.048692479729652,1
0.12735533714294,-0.19979710131884,-0.088218428194523,1
0.064548552036285,0.24691417068243,0.041631869971752,1
-0.13082700967789,0.10412590950727,0.066607691347599,1
-0.16818389296532,0.025493107736111,-0.03099287301302,1
-0.10555031895638,0.072272665798664,0.048608370125294,1
0.13819348812103,0.19018443673849,-0.070103272795677,1
-0.13215088844299,0.20940466970205,-0.06849766522646,0
0.065180242061615,-0.2274020537734,0.16892249137163,1
0.0055201053619385,-0.14724626019597,-0.037719309329987,1
0.0070564746856689,0.082902573049068,-0.026833824813366,1
-0.0032481551170349,0.078766651451588,-0.031745418906212,1
-0.032072007656097,-0.16535567492247,-0.070646345615387,1
0.2128534913063,0.21778704971075,0.070086963474751,1
0.171491086483,0.22526457160711,0.068212248384953,1
-0.052075088024139,-0.044407837092876,-0.038300111889839,1
0.078204810619354,-0.13320862874389,-0.0072352960705757,1
0.038625597953796,-0.15101784467697,-0.017926715314388,1
-0.092811018228531,0.023787342011929,-0.028042480349541,1
-0.17221891880035,0.17861007899046,-0.046078957617283,1
-0.03231817483902,-0.17168088257313,0.068929940462112,1
-0.086606472730637,-0.16864114999771,0.037240408360958,1
0.043483018875122,0.08310916274786,0.00011957436800003,1
-0.048180043697357,-0.21385185420513,-0.067450560629368,1
-0.19740146398544,-0.15883937105536,0.0095229670405388,1
0.079558253288269,0.18999006599188,0.035002924501896,1
0.14111822843552,-0.20670456439257,0.040625087916851,1
0.018291532993317,-0.13727682456374,-0.051815755665302,1
0.064593732357025,-0.23839286714792,-0.079030431807041,1
-0.19213712215424,0.059827126562595,0.11038903146982,1
0.047557413578033,0.1980105265975,-0.093843962997198,1
-0.19495540857315,-0.023673973977566,0.19742280989885,1
-0.079958945512772,-0.039404589682817,-0.011142618954182,1
0.050851821899414,-0.053824655711651,0.0039996653795242,1
8.922815322876e-05,0.1122233197093,-0.021477118134499,1
-0.061308890581131,-0.064037304371595,-0.047459699213505,1
-0.092238426208496,-0.20284543186426,-0.036048240959644,1
0.023693799972534,0.098993204534054,-0.0071786493062973,1
0.077806711196899,0.10574264079332,-0.04003331810236,1
-0.037753283977509,-0.034878574311733,0.0082088485360146,1
-0.043459117412567,-0.056339778006077,-0.022701404988766,1
-0.12165802717209,-0.0010408982634544,-0.062532521784306,1
0.18091684579849,-0.16754106432199,-0.035487495362759,1
0.035360634326935,0.25512310117483,0.12531129270792,1
0.15418320894241,-0.26177249103785,0.067029885947704,1
-0.11321622133255,-0.055138517171144,0.0059759393334389,1
0.12944632768631,0.1344860419631,0.056973494589329,1
-0.16456380486488,-0.0041209012269974,0.093592412769794,1
-0.073991000652313,0.018511041998863,-0.024301275610924,1
-0.12690928578377,-0.1624608412385,0.18360874801874,1
-0.013034224510193,0.1726885959506,-0.077165596187115,1
-0.20327717065811,-0.1269412022084,0.015017531812191,1
-0.12990716099739,-0.097694668453187,-0.047426290810108,1
-0.20612758398056,0.0071640834212303,0.15021476894617,1
-0.091059267520905,-0.068843372166157,-0.026525259017944,1
0.037904918193817,0.2694513425231,-0.017417952418327,1
-0.037378013134003,0.21422406286001,0.17494811862707,1
-0.014252543449402,0.052757807075977,-0.0071174576878548,1
-0.13045489788055,-0.10643346142024,0.058431841433048,1
0.078142166137695,0.17228176444769,-0.072782702744007,1
-0.066390156745911,-0.22507996112108,0.0095628052949905,1
-0.065764009952545,0.2541531547904,-0.064617976546288,0
-0.10460251569748,0.25031339377165,0.026244603097439,1
-0.22194981575012,-0.054340951144695,0.063765846192837,1
-0.00050276517868042,-0.07848290912807,-0.021325819194317,1
0.20466375350952,-0.2192427739501,-0.032899312674999,1
0.093758225440979,0.132249109447,-0.04628648608923,1
-0.25552508234978,-0.04350258409977,0.091290406882763,1
0.15156000852585,-0.23618484288454,-0.070429481565952,1
-0.035407900810242,0.088839657604694,-0.054579205811024,1
-0.10553029179573,-0.11345048062503,0.0073007419705391,1
-0.1642746925354,0.015124447643757,0.098662026226521,1
-0.16563951969147,0.035157360136509,-0.015502087771893,1
-0.022576689720154,0.26299425214529,0.06801450252533,1
-0.11441567540169,-0.076262591406703,-0.035732202231884,1
-0.061615139245987,0.039280362427235,0.0018187239766121,1
-0.20013815164566,-0.13155502080917,-0.00093584507703781,1
0.16633081436157,-0.18038646876812,-0.031426049768925,1
-0.13815188407898,-0.11065017525107,-0.096942611038685,1
-0.053646117448807,0.092011250555515,-0.050438649952412,1
0.14515608549118,0.18649413436651,0.061351656913757,1
0.01240074634552,0.26052900403738,0.13886068016291,1
0.079651713371277,0.083832271397114,0.013384304940701,1
0.057600438594818,-0.067065924406052,-0.014297224581242,1
-0.11842483282089,0.13226423412561,-0.071185417473316,1
-0.10100710391998,-0.18712413311005,-0.023222863674164,1
-0.0801682472229,0.1569601520896,0.088375054299831,1
0.18202906847,-0.18886160105467,-0.028448425233364,1
-0.051647186279297,-0.17991093546152,-0.057576417922974,1
-0.16017299890518,0.0073731914162636,-0.03350306302309,1
-0.059951841831207,0.020450167357922,0.013103611767292,1
0.051584243774414,0.058729268610477,0.0013341531157494,1
-0.23003402352333,0.10651022940874,0.019443549215794,1
0.11660069227219,-0.15960907936096,0.020568862557411,1
-0.06163889169693,-0.19691318273544,0.12104626744986,1
0.09365451335907,0.11353028565645,-0.03196308016777,1
0.075610756874084,0.059766076505184,-8.4377825260162e-05,1
-0.13285905122757,-0.1362562328577,0.14836741238832,1
-0.059398710727692,0.25841885060072,0.1117777004838,1
-0.18800964951515,-0.14980356022716,0.016431458294392,1
-0.089168906211853,0.031857080757618,-0.029851816594601,1
0.12795740365982,-0.20438338071108,0.13074412196875,1
0.17601430416107,0.21158766001463,0.063810683786869,1
0.077707052230835,0.24297922104597,0.016360945999622,1
-0.14567697048187,0.064315222203732,-0.076785109937191,1
-0.19444495439529,-0.093645675107837,-0.042992196977139,1
0.0050578117370605,-0.17231055349112,-0.077788889408112,1
-0.14454889297485,-0.13261585310102,0.00029640644788742,1
-0.12166818976402,-0.058932635933161,-0.056570492684841,1
-0.042591154575348,-0.13352696225047,-0.073699645698071,1
0.030472815036774,0.20402198284864,-0.010607503354549,1
0.13377559185028,-0.16534820199013,-0.10093183070421,1
0.077227056026459,-0.12672175094485,0.021740838885307,1
-0.036364316940308,0.17535924166441,0.046339273452759,1
0.16654986143112,0.21951165050268,0.14663494378328,1
0.086122810840607,-0.21545191854239,0.18387757986784,1
0.21798121929169,0.20355402678251,-0.050605438649654,1
-0.070815086364746,-0.029090091586113,-0.027669280767441,1
0.15354228019714,-0.20188470929861,-0.084481038153172,1
-0.1303551197052,0.14474330097437,0.094682596623898,1
0.037577927112579,-0.16034750640392,-0.021216429769993,1
-0.048575401306152,0.24062802642584,0.080135025084019,1
-0.069976419210434,0.091171182692051,0.0077328905463219,1
0.13597726821899,-0.17840939760208,0.050900168716908,1
-0.15646815299988,0.12985356897116,0.050733529031277,1
-0.10868147015572,-0.069018207490444,-0.062619104981422,1
0.033984661102295,0.25036876648664,0.0089583173394203,1
0.14373415708542,0.13374003022909,-0.090343274176121,1
0.027639448642731,-0.17774786800146,0.053330086171627,1
-0.15227714180946,-0.1790965795517,-0.080619223415852,1
-0.16378706693649,-0.017843410372734,0.040273122489452,1
0.15326732397079,-0.19475738704205,-0.045841790735722,1
0.0072546005249023,0.15090095251799,-0.092885185033083,1
-0.037378966808319,-0.11798849329352,-0.048819191753864,1
0.086469888687134,-0.10993627924472,-0.028980933129787,1
-0.08890363574028,0.027395091950893,0.021484203636646,1
-0.24625107645988,-0.023002773523331,0.0083915516734123,1
-0.19994288682938,0.067452721297741,0.15494333952665,1
0.075562655925751,0.068439282476902,0.020380206406116,1
0.044802844524384,-0.13592124730349,0.0049672350287437,1
0.11544173955917,0.17059295624495,-0.053468391299248,1
-0.052556961774826,-0.26874966174364,0.10506386309862,1
0.071302354335785,0.11700247973204,-0.073632545769215,1
0.017647087574005,0.25099467486143,-0.0075439140200615,1
-0.16630357503891,0.092743940651417,0.054061613976955,1
-0.05816662311554,0.088133864104748,-0.011552281677723,1
0.039473414421082,0.20970594137907,0.037862755358219,1
-0.1451318860054,0.071008048951626,0.014313898980618,1
0.014365255832672,0.11569850891829,-0.065731726586819,1
0.044622004032135,0.22329028695822,0.03684489428997,1
0.035588204860687,-0.1033612776082,-0.017274893820286,1
-0.072088479995728,-0.11532206926495,0.044527672231197,1
-0.12457528710365,-0.1666161864996,0.086077578365803,1
-0.21138271689415,0.037994481623173,-0.070688225328922,1
0.093481957912445,0.10897917300463,-0.026284635066986,1
-0.045887887477875,0.049818836152554,0.0022620484232903,1
-0.13353905081749,-0.22319050133228,-0.006317175924778,1
-0.11737334728241,0.10463411360979,0.043595887720585,1
-0.077539622783661,0.19058924168348,0.013699628412724,1
-0.18937632441521,-0.10359752178192,-0.055416025221348,1
-0.12170255184174,-0.14771755412221,0.055313535034657,1
-0.10685515403748,-0.08284817636013,-0.088235810399055,1
0.22366487979889,-0.20961208641529,0.048100866377354,1
-0.24884185194969,-0.062677528709173,-0.046567782759666,1
-0.034011542797089,-0.063446454703808,0.0081966444849968,1
0.039081633090973,0.073079966008663,-0.025379702448845,1
-0.031836688518524,-0.12911087833345,-0.024687238037586,1
-0.081998765468597,-0.034572914242744,-0.022667445242405,1
-0.12133881449699,0.23510422557592,-0.034431405365467,0
0.0028231739997864,0.084564559161663,0.017081871628761,1
-0.022419989109039,0.19643940776587,0.128721781075,1
-0.032701551914215,-0.035040974617004,0.0067767575383186,1
-0.24020290374756,-0.028932772576809,-0.060675419867039,1
0.058940470218658,-0.20649518817663,-0.046355828642845,1
0.22467732429504,0.20312862843275,0.018843553960323,1
0.067229270935059,0.10433817654848,0.0094743371009827,1
-0.0029434561729431,-0.15038926154375,0.041096150875092,1
-0.0023500323295593,-0.083326425403357,0.0070159658789635,1
0.15679955482483,0.18304439634085,0.15491788834333,1
-0.10743328928947,0.18798404186964,0.18927554041147,1
-0.11615663766861,-0.015009582042694,-0.073795460164547,1
-0.077725172042847,-0.071663774549961,0.013206399977207,1
-0.11550560593605,-0.18504855036736,-0.071981273591518,1
-0.19556841254234,-0.071538258343935,0.097708500921726,1
-0.19606405496597,0.11737418919802,0.029014833271503,1
-0.022363722324371,0.057285346090794,-0.022166810929775,1
0.094363808631897,-0.16202741861343,-0.014984920620918,1
0.15380495786667,0.19719912856817,-0.07417269051075,1
-0.055201202630997,-0.20892892032862,0.19620645791292,1
0.14626580476761,-0.18500928580761,-0.0057359114289284,1
0.016879260540009,-0.13078184612095,0.012325122952461,1
0.11247396469116,-0.1187084056437,0.026330627501011,1
-0.12376940250397,0.18620719760656,0.1411969140172,1
0.039787232875824,0.24776785820723,0.0068588554859161,1
-0.079101204872131,0.047907255589962,0.02827463299036,1
0.13261437416077,0.25447668880224,-0.054417096078396,1
0.20071059465408,-0.18992415815592,-0.069265924394131,1
-0.18188694119453,0.085501320660114,0.10573930293322,1
-0.044947266578674,-0.026590965688229,-0.038802407681942,1
-0.0030677318572998,0.1211244687438,-0.034167304635048,1
0.013992130756378,-0.19059579819441,0.095235981047153,1
-0.078985005617142,0.090579085052013,0.023278303444386,1
0.029258668422699,-0.17693822085857,0.046431444585323,1
-0.036555826663971,0.031228981912136,0.0031001195311546,1
0.0593181848526,-0.11811454966664,0.032524883747101,1
0.065347731113434,-0.15556326135993,-0.092715535312891,1
0.12662976980209,-0.18887390196323,-0.061095431447029,1
-0.18122062087059,-0.10789109952748,-0.0065060034394264,1
0.12998282909393,-0.22413850575686,-0.058122731745243,1
-0.062176913022995,0.026123680174351,0.0052324756979942,1
-0.079699873924255,0.18806677311659,0.13312179595232,1
0.12703388929367,0.19220378249884,0.059711813926697,1
0.0045082569122314,0.21259423345327,-0.017516642808914,1
0.18997210264206,0.20070960372686,0.017489567399025,1
-0.048697531223297,-0.22882836312056,0.068045303225517,1
-0.13635808229446,-0.10970981605351,0.10868022590876,1
-0.11308670043945,-0.081859979778528,-0.063383534550667,1
-0.097461372613907,0.18791069835424,0.13956188410521,1
0.10842245817184,-0.19780385494232,0.061689503490925,1
0.0011402368545532,-0.16471054404974,-0.046183757483959,1
-0.16693371534348,0.04997543245554,0.10204745084047,1
-0.17495661973953,0.060305185616016,-0.07621007412672,1
0.039464354515076,0.25222276896238,0.12377590686083,1
-0.1796610057354,0.083204321563244,0.025052063167095,1
-0.11062866449356,0.073327951133251,0.028370968997478,1
-0.031974017620087,-0.13832487538457,-0.081511475145817,1
0.062102854251862,-0.15751776844263,0.011527918279171,1
0.12659966945648,0.2125893458724,0.1015737131238,1
0.0025774836540222,-0.088606155477464,-0.039088971912861,1
0.19033664464951,0.22070147842169,0.062540419399738,1
-0.077684640884399,-0.25898338109255,-0.053505621850491,1
-0.056906819343567,-0.028940990567207,-0.025504052639008,1
0.086124956607819,0.25648783892393,0.098577924072742,1
0.028814435005188,0.066672332584858,0.00087019801139832,1
0.0047148466110229,-0.11781396903098,-0.004901610314846,1
0.056309938430786,0.10871625691652,-0.019836038351059,1
-0.10020810365677,-0.0026068463921547,-0.020078904926777,1
0.0017549395561218,0.15568404644728,-0.075225658714771,1
-0.069415271282196,0.096840716898441,0.037968762218952,1
-0.18214890360832,-0.080382252112031,0.19905809313059,1
-0.25536930561066,-0.0031194686889648,0.078431911766529,1
-0.0092579126358032,0.05904383212328,-0.0035650208592415,1
-0.063230186700821,-0.028233386576176,0.0085029676556587,1
0.049078643321991,0.22939952462912,-0.058122806251049,1
0.18801754713058,-0.1649631857872,0.099568746984005,1
-0.17981916666031,0.16462733596563,0.10147418826818,1
1.4066696166992e-05,-0.27239475399256,0.049962617456913,1
0.011792123317719,0.12079601734877,0.024191677570343,1
-0.080197006464005,0.11195429414511,-0.0064064338803291,1
0.087715625762939,0.095461897552013,0.024470277130604,1
0.072476446628571,0.061304964125156,-0.033323585987091,1
-0.20119622349739,0.1273335441947,0.14793949574232,1
-0.098749876022339,0.063088916242123,0.027011774480343,1
0.15702575445175,-0.15273343026638,0.10527638345957,1
-0.11010178923607,-0.10288846422918,-0.053802661597729,1
-0.042730212211609,0.0028505027294159,0.0024775490164757,1
0.01980996131897,-0.20445068925619,0.19794658571482,1
-0.026745915412903,0.085671730339527,-0.05740462988615,1
-0.12515479326248,0.032319314777851,-0.078619420528412,1
-0.09558030962944,0.20272209495306,0.022863768041134,1
0.042459666728973,-0.10848525073379,-0.0070793703198433,1
0.0094629526138306,0.14853743463755,-0.012832827866077,1
-0.080056548118591,-0.037448592483997,-0.049464851617813,1
0.057900369167328,-0.073734015226364,-0.03002955019474,1
-0.15368595719337,0.21476670354605,0.055354170501232,1
0.090957820415497,-0.26317595690489,-0.035577021539211,1
0.11271238327026,-0.27179501205683,-0.026952564716339,1
-0.03464949131012,0.19388353079557,0.098721422255039,1
-0.040307641029358,0.11911468952894,0.0061615183949471,1
0.14415645599365,0.25149046629667,0.03054840862751,1
-0.07006111741066,-0.23112008720636,-0.082148179411888,1
-0.0079758167266846,0.058896981179714,-0.001756489276886,1
-0.12768360972404,-0.19589089602232,-0.082880534231663,1
-0.024429619312286,0.086217887699604,0.0080066099762917,1
-0.074259847402573,0.06844612210989,0.010604314506054,1
-0.1579637825489,0.060809873044491,-0.024296909570694,1
-0.14984786510468,-0.070078775286674,-0.04098267108202,1
0.14564996957779,-0.19058733433485,-0.010531090199947,1
0.0084063410758972,0.20640178769827,0.18842589110136,1
-0.077638298273087,-0.10054035519715,-0.087255753576756,1
-0.086136400699615,-0.030038729310036,0.010812543332577,1
0.055828750133514,0.056206665933132,-0.011340022087097,1
0.13144475221634,-0.21955795586109,0.1289394274354,1
0.030155897140503,0.11024787276983,0.021720767021179,1
-0.10258695483208,-0.2047633677721,0.054498083889484,1
-0.19234779477119,-0.08500964473933,0.12710676342249,1
-0.23755741119385,-0.10705445660278,0.066219173371792,1
-0.13091930747032,0.13220246881247,-0.018106155097485,1
-0.091834455728531,-0.13396077975631,0.0019203498959541,1
0.038293242454529,0.11285185068846,0.026471503078938,1
-0.067975789308548,-0.16101516783237,-0.0021468475461006,1
-0.06342089176178,-0.026545226573944,-0.00096350163221359,1
-0.18030759692192,0.17988451570272,0.10108684748411,1
-0.12386983633041,0.0058838054537773,-0.067363224923611,1
-0.14552617073059,-0.15914775058627,0.12239345163107,1
0.054703772068024,-0.088919035159051,-0.020991101861,1
-0.094690382480621,0.038082577288151,0.030853129923344,1
-0.069304615259171,-0.072827568277717,-0.027826122939587,1
0.050479471683502,0.2648571357131,-0.054564066231251,1
-0.085806757211685,0.16225781291723,0.019363887608051,1
0.0028020143508911,-0.13591867685318,-0.023460045456886,1
-0.14092808961868,0.12752725929022,-0.04796227067709,1
0.042466700077057,0.11183258146048,0.019624970853329,1
0.010778605937958,-0.1135782385245,-0.019754096865654,1
-0.058805018663406,0.11177793890238,-0.078536354005337,1
0.11855089664459,0.13082342594862,0.036288060247898,1
-0.21616941690445,0.13266354054213,0.084929443895817,1
0.081290125846863,0.087209634482861,-0.054861776530743,1
-0.031931936740875,0.058046288788319,-0.023788787424564,1
-0.16697537899017,-0.10365364374593,-0.09551665186882,1
0.074054896831512,-0.11730205267668,-0.018651306629181,1
0.021552801132202,-0.20410568267107,0.017720371484756,1
0.048920035362244,-0.17722809314728,-0.046121135354042,1
-0.12001422047615,0.2083391174674,0.044225238263607,1
-0.19032034277916,0.030129231512547,-0.038670033216476,1
-0.11067885160446,-0.22114190459251,-0.079306304454803,1
0.045044958591461,-0.13580014929175,-0.045661851763725,1
0.17491352558136,0.19366975873709,0.10427690297365,1
0.076979100704193,-0.05711941421032,-0.015908978879452,1
-0.054273575544357,-0.0026081204414368,-0.0058457031846046,1
0.15314871072769,-0.16403112560511,-0.032730109989643,1
0.082469046115875,-0.14472271874547,-0.062618874013424,1
-0.15646311640739,-0.19801146537066,0.045304842293262,1
0.14880990982056,0.1563141271472,0.081150539219379,1
-0.1722297668457,-0.044549740850925,-0.091604925692081,1
-0.042072534561157,-0.21299190074205,-0.091573148965836,1
0.10570603609085,0.15555965155363,0.065612532198429,1
-0.03417295217514,0.15091501921415,0.045747585594654,1
-0.048150241374969,0.21971621364355,0.18192464858294,1
0.18310385942459,0.17352470010519,0.097254551947117,1
-0.17640507221222,0.058532126247883,0.21219772845507,1
-0.2099936902523,-0.015014179050922,-0.05935051292181,1
-0.10190287232399,0.11424463242292,0.036861322820187,1
-0.21488910913467,-0.076104138046503,0.15167497843504,1
-0.079449474811554,0.031005345284939,-0.030106864869595,1
0.10193407535553,0.13023602217436,-0.0056630149483681,1
-0.2533193230629,-0.071208754554391,-0.0061805471777916,1
-0.10832983255386,-0.15049429610372,0.1392031237483,1
-0.082447975873947,0.15083738416433,6.4857304096222e-05,1
-0.16864824295044,0.057399027049541,0.026637203991413,1
-0.095292747020721,-0.12639497406781,-0.061449564993382,1
-0.051103889942169,-0.011406354606152,-0.0086049512028694,1
-0.14056685566902,-0.13764923810959,0.095076598227024,1
-0.063399702310562,-0.23484811931849,-0.060854233801365,1
-0.018130004405975,-0.090592339634895,-0.010155633091927,1
-0.009857714176178,0.21737029403448,0.14237860590219,1
-0.2057278752327,0.13518517464399,-0.018344469368458,1
-0.18110164999962,0.023042775690556,0.12002710253,1
0.039043486118317,0.16006945818663,0.023022122681141,1
-0.1151194870472,-0.057255335152149,-0.059178426861763,1
-0.022901177406311,0.15709703415632,-0.025746673345566,1
0.074037969112396,-0.18562330305576,-0.04853256046772,1
-0.062958210706711,-0.037429094314575,-0.0085317566990852,1
0.077037334442139,-0.06256752833724,-0.046254090964794,1
0.075414597988129,-0.11213896982372,0.012164458632469,1
-0.033942520618439,-0.072878871113062,0.014025174081326,1
0.047550916671753,0.15170853585005,0.016650356352329,1
-0.12409681081772,-0.11021149810404,0.05274822562933,1
0.046519219875336,-0.10310631152242,-0.023046404123306,1
0.0098205208778381,0.26221474260092,0.13701441138983,1
-0.00025266408920288,0.098000012338161,0.020072363317013,1
-0.22834047675133,0.037287257611752,0.12545741349459,1
-0.18578284978867,0.085586033761501,-0.064945213496685,1
-0.034790754318237,0.08619337528944,-0.021734945476055,1
0.12129372358322,0.1275162473321,-0.056010745465755,1
0.10029929876328,-0.082253837957978,-0.026646547019482,1
-0.083872020244598,-0.0051648691296577,-0.058021448552608,1
0.094650208950043,0.22497989982367,0.034355036914349,1
0.086110174655914,0.16484498232603,0.005001924932003,1
0.053274512290955,0.11185526102781,-0.043689601123333,1
-0.074021339416504,-0.20947889983654,-0.028338640928268,1
-0.20119911432266,-0.041014112532139,0.15448515862226,1
0.015869915485382,-0.12643378041685,-0.012218646705151,1
-0.012679934501648,0.27711346000433,0.028249189257622,1
0.091071605682373,0.22747307270765,0.032875053584576,1
-0.26569628715515,0.036611311137676,0.043552301824093,1
-0.17271995544434,-0.040872942656279,-0.097975011914968,1
-0.063537746667862,0.13919430226088,0.00012358278036118,1
0.094595491886139,0.18116631358862,-0.062343515455723,1
0.028241872787476,0.21712704747915,-0.072912968695164,1
-0.0083014965057373,-0.27622548490763,0.030260108411312,1
0.05534440279007,-0.074360482394695,-0.027537755668163,1
-0.0069466233253479,-0.086101921275258,0.0044456794857979,1
0.035014688968658,0.16198276728392,0.016915328800678,1
-0.072019517421722,-0.25738102942705,0.1136552169919,1
0.1406661272049,0.17319675534964,0.029680341482162,1
-0.049031138420105,0.12291707843542,-0.0036075785756111,1
0.08231657743454,-0.19011003524065,-0.027227185666561,1
0.069562077522278,-0.10927720647305,-0.061031855642796,1
-0.11847975850105,0.020221799612045,-0.0023669824004173,1
0.091629326343536,-0.11442209221423,-0.049523510038853,1
-0.013597667217255,-0.12574130669236,0.03886466473341,1
-0.15330410003662,-0.16681350022554,-0.065283320844173,1
0.067649781703949,-0.058165308088064,0.0032168701291084,1
0.055777668952942,-0.17800735682249,0.046964436769485,1
-0.22451710700989,0.1288083717227,0.04900223761797,1
-0.028426110744476,-0.016897439956665,0.002356119453907,1
-0.11846080422401,0.0020418167114258,0.032190285623074,1
0.085377156734467,0.16092943400145,0.02363620698452,1
0.13585138320923,0.13177462667227,-0.0378637611866,1
-0.12508052587509,-0.013020105659962,0.040355525910854,1
-0.0066804885864258,-0.13627462089062,-0.034721702337265,1
-0.12046122550964,0.23228126019239,-0.012391574680805,0
0.017501831054688,-0.27420594543219,0.070053525269032,1
-0.0069538950920105,-0.090996630489826,0.019459448754787,1
-0.0059589147567749,-0.073411883786321,-0.012868501245975,1
0.081833958625793,0.17537575215101,-0.073637627065182,1
0.074621498584747,0.052365221083164,-0.00021616369485855,1
0.033718705177307,-0.24174428731203,-0.0014925822615623,1
-0.095092922449112,0.23272549360991,0.068302623927593,1
0.14295834302902,-0.17035673558712,-0.068281136453152,1
0.058157980442047,0.087520010769367,0.012997470796108,1
-0.0079768300056458,-0.11578982137144,-0.077185489237309,1
0.10573559999466,-0.15407354384661,0.030532903969288,1
-0.13875105977058,0.092114336788654,0.0023212060332298,1
0.0019736886024475,-0.084739485755563,-0.018273815512657,1
0.043288767337799,-0.18755333125591,-0.029325507581234,1
-0.056934982538223,-0.062272474169731,0.0082757398486137,1
0.14289307594299,0.19655504077673,-0.018058434128761,1
0.089824855327606,0.19128008931875,0.034167669713497,1
-0.00081723928451538,-0.12158192694187,-0.042405977845192,1
-0.076945453882217,0.011862844228745,-0.061299450695515,1
0.14349102973938,0.17983924597502,0.095038272440434,1
0.10195934772491,0.23065986484289,0.030404523015022,1
0.11340814828873,-0.24024593085051,-0.080013014376163,1
0.16135460138321,-0.17985966801643,0.15821831673384,1
-0.097430288791656,-0.1611492857337,-0.029833108186722,1
0.057082891464233,0.04999291151762,0.0004173144698143,1
-0.18098589777946,-0.085756440646946,-0.087965808808804,1
0.13997328281403,0.19953837245703,0.16807175427675,1
0.083735883235931,-0.11568189412355,-0.06405220925808,1
-0.24184048175812,0.0072120726108551,-0.014979310333729,1
0.047940790653229,-0.13688473775983,0.012645617127419,1
0.060948193073273,-0.26778814941645,0.062551744282246,1
-0.176717877388,-0.029227137565613,0.18479432910681,1
-0.088720619678497,-0.13139600679278,-0.061758898198605,1
-0.053963601589203,0.25196179002523,0.12206084281206,1
-0.029573082923889,0.19986995309591,-0.078708089888096,1
0.09145987033844,-0.071137089282274,-0.045454673469067,1
-0.10837179422379,0.16781073063612,0.019242353737354,1
-0.17642736434937,-0.1629431694746,-0.021415539085865,1
0.087099432945251,0.13913585990667,-0.052780665457249,1
0.14608150720596,0.1362728998065,-0.0057044848799706,1
-0.03630793094635,0.22189085930586,0.039902120828629,1
-0.034859776496887,-0.18295040726662,-0.00077327340841293,1
0.09069699048996,0.072864510118961,0.0057370886206627,1
-0.021714448928833,0.075877971947193,0.0024856254458427,1
0.089326679706573,-0.12156654335558,0.017749711871147,1
-0.016961693763733,-0.099872140504885,0.01101391762495,1
0.18549567461014,0.19843288511038,0.097345940768719,1
-0.19417932629585,0.079820267856121,0.030408121645451,1
-0.1555190384388,-0.11432257294655,-0.086080528795719,1
-0.063548624515533,-0.08810138143599,-0.024890922009945,1
0.050272226333618,0.22750928252935,0.043680846691132,1
0.10308486223221,0.078357972204685,0.015893988311291,1
-0.053929179906845,0.012937225401402,0.0042939260601997,1
0.021961092948914,-0.15091720223427,0.035082638263702,1
-0.03583151102066,0.0070636123418808,-0.012193582952023,1
0.093242049217224,-0.15976957976818,-0.014963053166866,1
0.10565143823624,-0.087863218970597,-0.070507071912289,1
-0.22172012925148,-0.096128963399678,0.024792172014713,1
-0.15239125490189,0.041816927492619,-0.087202291935682,1
0.026623666286469,0.15458368510008,0.0026481077075005,1
0.045951783657074,-0.24367564171553,0.16312599927187,1
-0.0827257335186,-0.15605494379997,-0.080517686903477,1
0.13686656951904,0.18869077414274,0.17354316264391,1
0.040164649486542,-0.25577243417501,-0.029820904135704,1
0.044853210449219,0.25993388146162,0.011502154171467,1
-0.19646802544594,0.17214151471853,0.10126998275518,1
-0.21639060974121,0.037802495062351,-0.020410843193531,1
0.04684579372406,0.080860324203968,-0.0075520798563957,1
-0.011529684066772,0.25534429401159,-0.033816948533058,1
-0.0065566301345825,0.27703752368689,0.0072023794054985,1
-0.10559850931168,-0.080134781077504,0.020232491195202,1
-0.06485179066658,0.10649513453245,0.011821188032627,1
-0.039129793643951,-0.11479311808944,-0.08307783305645,1
0.023546040058136,0.09694954007864,0.0073167830705643,1
-0.12336015701294,-0.23841104656458,-0.047111958265305,1
-0.08251366019249,-0.042636044323444,0.0063012912869453,1
-0.0092107653617859,0.079706646502018,-0.00032446533441544,1
-0.036931335926056,0.16326024383307,-0.032539568841457,1
-0.14350253343582,-0.056169413030148,-0.035420052707195,1
-0.00049477815628052,0.093509547412395,0.0015584677457809,1
-0.13966390490532,-0.22278399020433,0.018395207822323,1
-0.21005049347878,-0.0036873891949654,-0.085265211760998,1
-0.026296973228455,0.036670692265034,-0.019442968070507,1
0.10195010900497,0.18782561272383,0.04128984361887,1
-0.0026010274887085,-0.055609937757254,0.0013367459177971,1
-0.11555209755898,0.14790093153715,0.023703180253506,1
0.16597533226013,-0.1864805445075,0.18476208299398,1
0.15168392658234,0.19045307487249,0.11586394160986,1
-0.048399388790131,0.050932608544827,0.01104224473238,1
-0.079182505607605,-0.19227057695389,0.10810584574938,1
-0.03331732749939,0.046426244080067,0.0048872157931328,1
-0.053704917430878,0.18626400083303,-0.057575136423111,1
-0.089468628168106,-0.066884402185678,-0.0069392248988152,1
-0.1070661842823,0.12686314433813,0.054094083607197,1
-0.18354678153992,-0.087806614115834,0.013112612068653,1
0.11085361242294,-0.14903776347637,0.063717640936375,1
0.17981624603271,0.22636719793081,-0.037241905927658,1
0.068590104579926,0.19131585210562,0.057250745594501,1
-0.10531187057495,0.057199634611607,0.031567595899105,1
0.10607939958572,-0.12000150978565,-0.040487490594387,1
0.11039179563522,0.19637902826071,0.020744487643242,1
-0.016220569610596,0.08906177431345,-0.01540519297123,1
0.11447340250015,0.14531718939543,0.02754332870245,1
-0.035967826843262,0.0028289183974266,-0.014360330998898,1
0.12194776535034,0.20710291713476,0.033795855939388,1
-0.10184019804001,-0.046082604676485,-0.031278923153877,1
-0.019142925739288,-0.21274218708277,-0.09880106151104,1
0.11010593175888,0.27500050514936,-0.027778074145317,1
-0.046708643436432,-0.26295850425959,0.046088092029095,1
-0.068354159593582,-0.038408599793911,-0.042420797049999,1
-0.22379860281944,-0.026646561920643,0.028018467128277,1
0.053643047809601,0.093609176576138,-0.033914312720299,1
0.047267436981201,0.075255654752254,-0.011445634067059,1
-0.056039154529572,0.18542554229498,0.14619777351618,1
-0.03978568315506,0.10031101852655,-0.026246465742588,1
0.048956632614136,-0.086532699875534,0.018542893230915,1
-0.14915660023689,-0.20751748979092,-0.06295171380043,1
0.049383401870728,0.1433102414012,-0.037677928805351,1
0.15009295940399,-0.144217684865,0.071853391826153,1
0.058885276317596,-0.12733841314912,0.027156889438629,1
-0.0064638257026672,0.063905484974384,-0.027824006974697,1
-0.14526727795601,-0.032473653554916,0.026790119707584,1
-0.1355913579464,-0.046663675457239,0.050949014723301,1
0.1123474240303,-0.12092768773437,0.020790658891201,1
-0.21251535415649,0.067731626331806,0.13598992675543,1
-0.10106414556503,0.055553786456585,-0.056712776422501,1
-0.098909795284271,-0.14558214694262,-0.0075742974877357,1
0.11557477712631,0.17276608198881,0.10864656418562,1
-0.054724991321564,-0.25474575906992,0.058616705238819,1
-0.028820216655731,-0.020779259502888,-0.0045842453837395,1
-0.016734421253204,-0.054344434291124,0.0022477880120277,1
0.054517269134521,0.24810092896223,0.10098648816347,1
0.13458651304245,-0.13640607893467,-0.071454130113125,1
-0.11093565821648,-0.13617486134171,0.069869212806225,1
-0.21411576867104,-0.083279216662049,0.038484074175358,1
0.076924622058868,-0.075853234156966,-0.000373475253582,1
-0.014524579048157,-0.13840518519282,-0.044153787195683,1
0.1156724691391,0.092997871339321,0.027806453406811,1
-0.10070490837097,-0.12680701352656,0.082742564380169,1
-0.0053814649581909,0.25800164788961,-0.045529618859291,1
0.11436694860458,0.10156964510679,0.023844704031944,1
-0.24288001656532,0.085614867508411,0.0028199329972267,1
-0.012184023857117,-0.12460087612271,-0.025227747857571,1
-0.032981216907501,0.05551140755415,-0.00027472525835037,1
-0.14231893420219,-0.16286851465702,-0.087305851280689,1
-0.037651598453522,0.23045250028372,0.17691738158464,1
-0.044526636600494,-0.092808227986097,0.0076704099774361,1
0.036240875720978,0.27953936904669,0.10603483766317,1
0.076032221317291,-0.24919668585062,-0.049852579832077,1
-0.13225883245468,-0.060575779527426,-0.033670820295811,1
-0.13409799337387,0.090923391282558,0.032109163701534,1
-0.21128743886948,-0.021637246012688,0.14767939597368,1
0.094813406467438,-0.26173835247755,-0.072917744517326,1
0.12465244531631,0.25331669300795,-0.00082557648420334,1
0.051871418952942,0.093856580555439,0.019727669656277,1
-0.092804104089737,0.057641424238682,-0.021542578935623,1
-0.2031437754631,-0.078257255256176,0.12143176048994,1
-0.14804095029831,0.14945860952139,0.050750114023685,1
-0.10016405582428,0.18701364845037,-0.076393447816372,0
-0.18662911653519,0.154845289886,0.081602089107037,1
0.16530990600586,-0.1551740206778,0.065944992005825,1
-0.020476222038269,0.11309943348169,0.012808531522751,1
0.053752243518829,0.10999304801226,-0.031246684491634,1
-0.028575718402863,-0.0868726586923,0.015190906822681,1
-0.060503423213959,0.23116564005613,0.097339294850826,1
-0.02246505022049,-0.059190828353167,0.01041517406702,1
0.040482461452484,0.19247864931822,-0.0060757622122765,1
-0.19366738200188,-0.065807994455099,-0.0087992325425148,1
0.13356167078018,0.16283269971609,-0.051264747977257,1
-0.098284214735031,-0.048454735428095,0.035866938531399,1
-0.21508526802063,0.032299153506756,0.037362433969975,1
0.015362858772278,0.20378144830465,0.046782553195953,1
-0.17725268006325,0.012681730091572,0.18048774451017,1
0.00078296661376953,0.085885368287563,-0.0097947418689728,1
0.08686363697052,0.081647895276546,0.024525456130505,1
-0.061316281557083,0.10678983479738,-0.064809761941433,1
-0.067335247993469,-0.15319719165564,0.034209102392197,1
-0.036419749259949,-0.079907303676009,-0.0066739246249199,1
0.036820590496063,0.079810701310635,-0.040494084358215,1
0.050327956676483,0.072113327682018,0.009739875793457,1
-0.12019410729408,-0.19023104012012,0.17621082812548,1
0.016732931137085,0.2411327585578,0.1757543310523,1
-0.01408851146698,0.063221998512745,0.0072639212012291,1
0.029079437255859,0.06288043409586,0.0015455707907677,1
0.14204668998718,0.18333076685667,-0.057918377220631,1
0.01794695854187,-0.27668134123087,0.091963909566402,1
0.20201140642166,-0.22317602485418,0.055510826408863,1
0.020318686962128,-0.082421785220504,0.0085220709443092,1
-0.066213667392731,-0.041185803711414,-0.045058086514473,1
-0.013937950134277,0.046522207558155,0.0013171657919884,1
-0.13228878378868,-0.0055543854832649,0.010874234139919,1
-0.1612988114357,5.698949098587e-05,-0.084299750626087,1
0.050322473049164,-0.055772416293621,-0.00043975561857224,1
0.026198983192444,0.19346978515387,-0.079402275383472,1
-0.0033836364746094,0.13974108546972,0.013838462531567,1
0.057015597820282,0.17662175744772,0.057537257671356,1
0.00077342987060547,0.086817242205143,-0.0023718103766441,1
-0.15609487891197,-0.056486696004868,0.016074500977993,1
-0.03698718547821,-0.13255529478192,-0.072821162641048,1
-0.14162307977676,-0.063696540892124,0.067614428699017,1
-0.047317028045654,0.19174470752478,0.064491093158722,1
-0.1118386387825,0.16060604900122,0.03180455416441,1
0.039404630661011,0.093373976647854,-0.052463866770267,1
-0.055990934371948,-0.27307801693678,0.077910281717777,1
0.14779335260391,0.22769846767187,0.043254807591438,1
-0.0065644383430481,-0.1978370770812,0.19592080265284,1
0.037143766880035,0.23636045306921,0.11392340809107,1
-0.22025385499001,-0.010985396802425,-0.032869584858418,1
0.15015304088593,-0.15615591406822,0.11496726423502,1
0.17324197292328,-0.15078246220946,0.069168396294117,1
-0.15891605615616,-0.0056735798716545,-0.072902001440525,1
-0.19891291856766,0.10937944799662,-0.015406645834446,1
-0.08381325006485,-0.16898733377457,0.018193140625954,1
0.089601099491119,-0.27649604529142,-0.0084185227751732,1
-0.16386336088181,-0.044848650693893,0.10414641350508,1
0.035369038581848,0.097253911197186,0.0070884749293327,1
-0.14431920647621,-0.20546097308397,0.053762272000313,1
-0.082982361316681,0.11372459679842,-0.0027422085404396,1
-0.16796711087227,-0.022452548146248,-0.052980504930019,1
0.10974550247192,0.22743412107229,-0.053604520857334,1
-0.18433880805969,0.11465621739626,0.04892785102129,1
-0.098440885543823,-0.15399614349008,0.05029933154583,1
-0.071822613477707,0.26551356166601,0.078437931835651,1
-0.042438387870789,0.17109208554029,-0.0030909404158592,1
-0.13387721776962,0.031118772923946,0.0023209974169731,1
0.058042824268341,0.067249588668346,-0.014599084854126,1
0.030421376228333,-0.080559268593788,-0.045323483645916,1
0.11874634027481,0.19022213667631,-0.033725380897522,1
0.14775711297989,0.23963960260153,0.12855926901102,1
-0.13232815265656,0.070568464696407,-0.081970080733299,1
-0.014068484306335,0.12586050480604,0.028654500842094,1
-0.15950101613998,-0.068224027752876,0.019008539617062,1
0.1136412024498,-0.19985581189394,0.19741759449244,1
-0.052022367715836,-0.034442506730556,0.016542993485928,1
-0.041366279125214,-0.046061478555202,-0.0083150044083595,1
0.19853788614273,-0.22198081761599,0.050686068832874,1
0.14197671413422,0.12829590588808,-0.022926278412342,1
-0.049584150314331,-0.07485868781805,0.024342469871044,1
0.13763952255249,0.24467488378286,-0.040524736046791,1
-0.047686100006104,0.067766107618809,0.0053718164563179,1
-0.10524463653564,-0.1389424726367,-0.10065221041441,1
-0.11157980561256,-0.19763009995222,0.14416382461786,1
-0.2129647731781,0.049309574067593,0.14194191247225,1
0.1342493891716,0.26977115124464,0.048294879496098,1
0.014130413532257,0.21624752134085,-0.077802024781704,1
0.042285263538361,-0.051140606403351,0.0020407289266586,1
0.05489057302475,0.11825243383646,0.022074408829212,1
0.15147036314011,0.14705752581358,-0.041059911251068,1
-0.058223634958267,0.11868164688349,-0.069675423204899,1
-0.055440187454224,0.089752860367298,-0.0062071904540062,1
0.086112201213837,-0.26350630074739,-0.048010446131229,1
-0.17122164368629,-0.18042293190956,0.080727033317089,1
0.041913986206055,0.075353913009167,0.012422777712345,1
-0.0096320509910583,0.072892718017101,-0.00073418021202087,1
-0.071223586797714,-0.074365690350533,-0.0016200467944145,1
-0.11063277721405,-0.19077003747225,0.062172666192055,1
-0.11900201439857,0.18110426515341,0.043791271746159,1
0.1142652630806,-0.20945975184441,-0.09372565895319,1
-0.15375593304634,0.054332561790943,-0.019880242645741,1
-0.077448904514313,-0.095125492662191,-0.012522898614407,1
-0.18424448370934,-0.02772943675518,0.031492181122303,1
-0.18072226643562,-0.041283559054136,-0.03997902572155,1
-0.19064530730247,-0.1346243545413,0.080553136765957,1
-0.19219288229942,0.020239278674126,-0.0052586570382118,1
0.0082957148551941,0.19372113794088,-0.079603791236877,1
-0.085356324911118,0.13619651645422,0.07635348290205,1
-0.0073550343513489,0.13676022738218,-0.018882893025875,1
-0.072841852903366,0.087979830801487,-0.026028744876385,1
-0.24622431397438,0.096167005598545,0.047628723084927,1
-0.038511753082275,-0.063397001475096,0.0030244961380959,1
0.1281686425209,-0.14958929270506,-0.038195498287678,1
0.021745324134827,0.23788025230169,0.086210109293461,1
-0.044213771820068,0.19868164509535,-0.043513648211956,1
0.057171046733856,0.14157082885504,-0.0022284090518951,1
-0.0083150267601013,-0.16376447677612,-0.040512770414352,1
-0.073759168386459,-0.1264454331249,-0.056309342384338,1
0.025097250938416,-0.12340087816119,0.030800171196461,1
-0.053462862968445,0.015084557235241,-0.021478235721588,1
-0.10893872380257,-0.18250826001167,0.11008618026972,1
-0.021806061267853,-0.1938763782382,0.12244934588671,1
0.0031722187995911,-0.086721486411989,-0.0061564445495605,1
-0.03512042760849,-0.030615322291851,0.0045759007334709,1
0.012696743011475,0.074926607310772,0.0050109997391701,1
-0.20249554514885,-0.036122694611549,0.15727829188108,1
-0.03460282087326,-0.078050386160612,0.015639737248421,1
-0.20357674360275,0.078757114708424,0.12837912887335,1
-0.054220199584961,-0.018683187663555,-0.015368662774563,1
-0.095648914575577,0.17570935934782,0.029203288257122,1
-0.12018674612045,0.064598999917507,-0.0079753920435905,1
-0.16830748319626,-0.2153245061636,0.054238639771938,1
0.12794864177704,-0.11669628880918,0.025178752839565,1
-0.056443601846695,-0.040639810264111,-0.022209838032722,1
-0.13563364744186,0.002602331340313,-0.031760044395924,1
-0.1345003247261,0.14778619259596,0.13067386299372,1
-0.12554448843002,-0.23279515653849,0.054375551640987,1
-0.0085741281509399,0.22197612375021,0.053682453930378,1
-0.16402733325958,-0.031222596764565,-0.083257965743542,1
0.12357503175735,0.21218087524176,-0.0047103986144066,1
-0.17496943473816,-0.056235041469336,0.0033496245741844,1
-0.080116212368011,-0.20514920353889,-0.065551824867725,1
-0.057737529277802,-0.24000433832407,-0.062266871333122,1
0.061223745346069,0.068549685180187,-0.043708086013794,1
-0.018549859523773,-0.12044485472143,0.012197554111481,1
0.0014449954032898,0.20439749211073,-0.071269758045673,1
-0.045738518238068,-0.069277135655284,-0.039369203150272,1
-0.18529671430588,0.078271977603436,0.14019373804331,1
0.022968888282776,0.2319218441844,0.12348885089159,1
-0.10535043478012,-0.13023028336465,-0.089813180267811,1
-0.19260954856873,0.051967494189739,-0.040222175419331,1
-0.063077211380005,0.1401569917798,0.0087709352374077,1
0.034502804279327,-0.068278484046459,-0.014619432389736,1
-0.060246825218201,-0.17565735429525,0.21320629864931,1
-0.025338530540466,0.076704405248165,-0.014485321938992,1
-0.13005292415619,-0.18662057816982,-0.0045334994792938,1
-0.060776352882385,0.025366477668285,0.011046059429646,1
-0.16925990581512,-0.099951141688507,0.10541666299105,1
0.012241959571838,-0.098015439230949,0.016860328614712,1
-0.20720222592354,-0.012085072696209,0.15073498338461,1
-0.028290271759033,0.087785683572292,0.018971376121044,1
-0.11426511406898,-0.0054777786135674,-0.042664542794228,1
-0.17516872286797,-0.087877935729921,-0.036999188363552,1
-0.070972621440887,0.22815760225058,0.0018447861075401,1
0.1409597992897,0.12398950010538,0.034411139786243,1
-0.13536697626114,0.093155540525913,0.091402448713779,1
-0.028395414352417,0.14222132414579,0.0040244832634926,1
-0.10604137182236,0.16237609833479,0.1795858964324,1
-0.13866177201271,0.24041929095984,0.052602224051952,1
0.0045135617256165,-0.091456534340978,-0.006269708275795,1
-0.045428574085236,-0.05177753791213,-0.037785045802593,1
0.026183843612671,-0.21154413372278,0.059986181557178,1
-0.074636310338974,-0.10066510993056,-0.066923059523106,1
-0.10677379369736,-0.08654838707298,-0.028052560985088,1
0.16356772184372,0.16966431587934,-0.023259326815605,1
0.098774671554565,0.14966432005167,0.028925016522408,1
-0.11905410885811,0.16955151408911,0.11376240104437,1
0.079778730869293,-0.21348116546869,-0.040471859276295,1
-0.22174748778343,-0.03324431926012,0.10541262477636,1
-0.034731566905975,-0.12138405069709,-0.0180339589715,1
0.10777807235718,0.11591758579016,-0.03852953016758,1
0.03941810131073,0.077441491186619,0.0079068318009377,1
0.08794093132019,0.26705660670996,0.037573240697384,1
-0.1401723921299,0.13119880110025,0.16964105516672,1
0.16677898168564,-0.19574209302664,0.13384204357862,1
0.017266929149628,0.25619991868734,-0.074622943997383,1
0.079659759998322,-0.13350778445601,0.0092323198914528,1
-0.022030293941498,-0.15129410475492,0.035294651985168,1
0.022443473339081,-0.14365673437715,-0.091086305677891,1
-0.033168017864227,-0.087351744063199,-0.016366705298424,1
-0.11848941445351,0.16722436994314,-0.074998833239079,0
-0.19670730829239,0.043378092348576,0.15248251706362,1
0.018662929534912,0.076662011444569,0.0085224583745003,1
-0.075064569711685,-0.16439347714186,-0.08499339222908,1
-0.13446208834648,-0.059999916702509,-0.012643061578274,1
-0.043147206306458,0.01062523573637,0.0059598758816719,1
-0.033404886722565,0.13130662590265,-0.030629590153694,1
-0.037124812602997,-0.22416349500418,0.066344745457172,1
-0.18340000510216,-0.10071874957066,0.16025400906801,1
-0.055738031864166,-0.083274580538273,-0.060008518397808,1
-0.074321538209915,-0.031338386237621,-0.030177384614944,1
0.11115127801895,0.187110863626,-0.059172570705414,1
0.025673389434814,0.19516875594854,-0.091645509004593,1
-0.12318506836891,-0.21252083778381,0.12191451340914,1
-0.16239783167839,-0.092006389051676,-0.035511001944542,1
-0.060678094625473,0.059447206556797,0.0055171921849251,1
-0.063728123903275,0.074573777616024,-0.077611237764359,1
0.12028312683105,0.1501943692565,-0.096528321504593,1
0.04086822271347,0.23288186639547,0.16430530697107,1
0.038346767425537,0.10902776569128,-0.017312720417976,1
-0.068309426307678,0.15454836934805,-0.049926318228245,1
-0.052650779485703,-0.1875077933073,-0.034959882497787,1
-0.20544785261154,-0.13647791370749,0.11283614486456,1
0.079227983951569,-0.055196795612574,-0.0049157813191414,1
0.12772470712662,-0.22086883336306,0.10315278917551,1
-0.037628054618835,0.15218629688025,-0.030565783381462,1
-0.039065182209015,-0.14436405524611,-0.083871319890022,1
-0.10086035728455,0.010609902441502,-0.043452925980091,1
-0.1168729364872,0.072755642235279,0.039981983602047,1
0.097197115421295,-0.12291574478149,-0.050455465912819,1
0.22342568635941,-0.20312376320362,-0.02380446344614,1
-0.1621578335762,-0.061758626252413,0.060692511498928,1
0.021371722221375,-0.083230119198561,0.016069911420345,1
-0.10290065407753,-0.063986111432314,0.023242630064487,1
-0.088660001754761,0.1327193453908,-0.099562883377075,0
0.089885652065277,0.23327400535345,0.10804622620344,1
-0.082350641489029,0.086935617029667,-0.077483214437962,1
-0.22349652647972,-0.045701820403337,0.093756310641766,1
0.091217935085297,-0.20267632603645,-0.034043408930302,1
-0.16956481337547,0.052852772176266,0.0044208243489265,1
-0.071275860071182,0.22154381126165,-0.027803063392639,1
0.036632478237152,-0.16314454376698,0.030950494110584,1
-0.048863589763641,-0.045530911535025,0.015505231916904,1
-0.19297882914543,0.085738904774189,0.076295979321003,1
-0.26763728260994,-0.011431902647018,-0.00067047029733658,1
0.057393848896027,0.14884928613901,0.010915376245975,1
0.12960904836655,-0.15112907811999,-0.0062085464596748,1
0.056171715259552,0.073069371283054,-0.0054361671209335,1
0.018824279308319,0.16390546411276,0.0091839805245399,1
-0.20057702064514,0.0060132369399071,0.07052793353796,1
0.0044416785240173,0.29069795459509,0.015476025640965,1
-0.11545965075493,0.19414868205786,0.15544270724058,1
0.099299669265747,0.093810372054577,-0.028486527502537,1
-0.10841843485832,0.0031031668186188,-0.014810375869274,1
-0.18650430440903,-0.069283749908209,0.056846790015697,1
-0.16378396749496,-0.039319511502981,-0.072592630982399,1
-0.0074518322944641,0.26912751048803,-0.04717793315649,1
-0.050344079732895,-0.076248157769442,-0.026889063417912,1
-0.026744782924652,0.062334321439266,0.011349000036716,1
-0.12389382719994,-0.13939279690385,-0.051921747624874,1
0.082352459430695,-0.07096041738987,-0.005084864795208,1
-0.084346741437912,0.037575773894787,-0.023305647075176,1
0.14471763372421,-0.22037640213966,-0.074111104011536,1
-0.0041386485099792,0.12329681962729,-0.061400704085827,1
-0.16718843579292,-0.10649905214086,0.18548052757978,1
-0.072419911623001,0.25891914218664,0.094955302774906,1
0.057063698768616,0.1260958686471,-0.078338220715523,1
0.14441686868668,-0.16732431203127,0.14558162540197,1
-0.080652445554733,0.11179130524397,-0.068529956042767,1
-0.1247321665287,-0.16568505764008,0.17322758585215,1
0.14752590656281,0.18988176435232,0.020771600306034,1
-0.034914195537567,-0.014242172241211,-0.0083119496703148,1
-0.013001978397369,0.12758751958609,-0.06887473911047,1
0.10567855834961,0.087869040668011,-0.069250367581844,1
0.024341523647308,-0.082469869405031,0.00079431384801865,1
-0.10884368419647,0.042862601578236,-0.078158549964428,1
0.0061853528022766,-0.1489226333797,0.013316422700882,1
0.0023303031921387,0.089361883699894,0.01203777641058,1
0.073524117469788,-0.070505579933524,0.021095983684063,1
-0.053055197000504,-0.17176312208176,-0.056529268622398,1
-0.22240582108498,-0.079736858606339,0.12014206498861,1
-0.0056748390197754,0.19580610841513,0.21306730061769,1
0.16871869564056,0.21878065913916,0.006206177175045,1
0.015224039554596,-0.13565187528729,-0.037699177861214,1
0.14555829763412,0.19918691366911,0.096726961433887,1
0.080688297748566,-0.077035130932927,-0.028329573571682,1
0.061951875686646,0.079424239695072,-0.037226401269436,1
0.15125548839569,0.13487211614847,-0.071892403066158,1
0.040527760982513,-0.13823463395238,-0.033715955913067,1
-0.11367577314377,-0.19209785759449,-0.065789759159088,1
-0.08170884847641,0.2054034397006,-0.061805069446564,0
-0.16004195809364,0.062300734221935,0.044298611581326,1
-0.028449296951294,-0.024012014269829,0.0032617226243019,1
-0.14052239060402,-0.19509036839008,0.10780171304941,1
-0.15725758671761,-0.039229974150658,0.043765030801296,1
0.11108487844467,-0.21110779047012,0.065333478152752,1
-0.23761400580406,0.088078133761883,0.098061956465244,1
0.052855849266052,0.18332435935736,-0.084960300475359,1
0.10389697551727,0.080345459282398,-0.056859157979488,1
0.097436964511871,0.19190027564764,-0.092417512089014,1
-0.055785030126572,-0.20176455378532,0.11660543829203,1
-0.1516127884388,0.055242277681828,-0.026523031294346,1
0.03311562538147,0.082508526742458,0.010650232434273,1
-0.18448102474213,0.040826506912708,-0.023085959255695,1
0.041771769523621,0.20924084633589,0.032912470400333,1
-0.071107387542725,0.093242518603802,0.037447743117809,1
0.10929805040359,0.18362876027822,0.072772793471813,1
-0.13110661506653,0.013953611254692,-0.073506258428097,1
0.066797971725464,0.066355548799038,-0.0015485212206841,1
0.050832569599152,0.11675696820021,-0.022881232202053,1
-0.12954926490784,-0.10529456613585,-0.04997967928648,1
0.1026594042778,-0.28090288490057,0.010362327098846,1
0.11445438861847,0.17913367599249,0.028513222932816,1
-0.045622885227203,0.25977506488562,0.0038819089531898,1
0.073788166046143,-0.19351640343666,-0.01943988353014,1
-0.2209147810936,-0.043437510728836,-0.039018683135509,1
0.037753462791443,0.17308529466391,0.070374600589275,1
-0.079202353954315,0.045479916036129,0.0079003646969795,1
-0.018847405910492,0.078300140798092,-0.023269139230251,1
-0.067583471536636,-0.080042030662298,-0.01221477240324,1
0.021510064601898,0.075590066611767,-0.027144864201546,1
-0.10885673761368,0.016777440905571,-0.016098417341709,1
-0.012942254543304,-0.09328165370971,-0.00035162270069122,1
-0.10323998332024,-0.088449697941542,-0.080743797123432,1
-0.054741322994232,0.28027500957251,-0.0099912732839584,1
-0.069633662700653,0.036233805119991,0.025404281914234,1
0.049897968769073,0.093575812876225,0.014161087572575,1
-0.024950861930847,0.097171418368816,-0.015425235033035,1
-0.18689846992493,-0.011593125760555,0.10643223673105,1
-0.028620660305023,-0.031292974948883,0.00015095621347427,1
-0.089564830064774,-0.030709631741047,-0.0069610849022865,1
-0.10239008069038,-0.18147734552622,0.11603478342295,1
0.21065175533295,-0.20186547935009,-0.045508287847042,1
0.11062198877335,0.086273245513439,-0.076123543083668,1
0.17151612043381,-0.17025868594646,0.1354660615325,1
-0.13228234648705,-0.17446003854275,0.062959976494312,1
-0.16174727678299,-0.18165877461433,0.09046395868063,1
0.067163467407227,0.10361393541098,-0.026273027062416,1
0.055286705493927,-0.18492583930492,0.052505888044834,1
-0.059375911951065,0.015379346907139,-0.012334205210209,1
-0.042559862136841,0.21615176647902,0.11337464302778,1
0.19185215234756,0.18613436073065,0.13796386867762,1
-0.070479810237885,-0.15874274075031,-0.075833544135094,1
-0.026772081851959,0.19743340462446,0.033004350960255,1
-0.077310532331467,-0.086738889105618,-0.03058660775423,1
-0.13842594623566,0.017443597316742,-0.089603882282972,1
-0.052397787570953,-0.049822941422462,0.021492086350918,1
-0.13640174269676,-0.20303460210562,-0.064602687954903,1
-0.16228002309799,0.071495227515697,0.07005213946104,1
0.1196613907814,0.16813655942678,-0.021742559969425,1
-0.049938499927521,0.14371163398027,0.034872882068157,1
-0.062666684389114,-0.035954616963863,0.016723699867725,1
-0.072703391313553,-0.032968617975712,0.016008473932743,1
-0.00012749433517456,0.12236962467432,-0.080765597522259,1
0.16793543100357,0.15313222259283,0.21028680354357,1
0.18195444345474,-0.20504730939865,0.091616503894329,1
0.10488724708557,-0.16627152264118,0.065706625580788,1
-0.19625079631805,-0.024489894509315,0.026953913271427,1
-0.04680061340332,0.19087889045477,-0.010524868965149,1
0.082047641277313,0.12403585761786,-0.04098941385746,1
0.024080455303192,-0.10917373746634,0.0055014714598656,1
0.020436942577362,0.21695467084646,0.12666762620211,1
-0.12505951523781,-0.080797670409083,-0.061200998723507,1
0.064661860466003,0.19743981212378,0.10457324236631,1
-0.082141309976578,-0.18218888342381,-0.033863589167595,1
-0.12650853395462,0.2120109423995,0.11325519531965,1
-0.031951606273651,-0.044834729284048,-0.017334707081318,1
-0.10428813099861,-0.12729415670037,-0.098768688738346,1
0.20770126581192,-0.22493482381105,-0.009958989918232,1
0.044677257537842,0.19090842455626,0.0014042630791664,1
-0.17892533540726,0.028081931173801,0.14022044092417,1
0.14665013551712,0.24507837742567,-0.010845638811588,1
-0.05234307050705,-0.040482044219971,0.015278749167919,1
0.15826290845871,0.18424101918936,-0.047025322914124,1
0.091107606887817,0.077275149524212,0.019341073930264,1
-0.12997335195541,0.20049723237753,0.14271225780249,1
-0.15465399622917,0.070789180696011,0.080651380121708,1
-0.14234435558319,-0.0098174586892128,-0.011799149215221,1
-0.029190421104431,0.096321605145931,-0.0069654509425163,1
-0.039307713508606,-0.23197252303362,-0.022148139774799,1
-0.20584285259247,-0.068660363554955,0.063440062105656,1
-0.14874804019928,0.085199572145939,-0.045036911964417,1
0.094832897186279,0.20593818277121,0.12909353524446,1
-0.080830156803131,0.18382795900106,-0.01909564435482,0
-0.020997226238251,-0.059924926608801,-0.036905340850353,1
-0.068365156650543,0.23139878362417,0.1006062105298,1
-0.0606330037117,-0.079627424478531,0.029337577521801,1
0.0448899269104,0.12291783839464,-0.073332481086254,1
-0.15377286076546,0.11542212218046,-0.082715414464474,1
0.14351004362106,-0.25682506710291,0.049476630985737,1
-0.014994561672211,-0.098495579790324,-0.059965439140797,1
0.10729348659515,0.17876877635717,0.087309323251247,1
0.086297452449799,-0.078028103336692,0.006397433578968,1
-0.13908514380455,-0.021352522075176,0.042364083230495,1
-0.056955844163895,0.017398804426193,0.013267941772938,1
-0.06422483921051,0.12399754673243,0.0088510289788246,1
-0.17986500263214,0.063690446317196,0.11008756607771,1
-0.017033517360687,0.23427572101355,0.030672989785671,1
-0.059224724769592,-0.070731244981289,0.016917131841183,1
-0.031038284301758,0.049669854342937,-0.0061570033431053,1
0.065284669399261,0.061411134898663,0.0078497752547264,1
0.1122220158577,0.25734003633261,0.064395777881145,1
-0.045528292655945,0.21822424978018,0.090844340622425,1
0.047720015048981,-0.16484389454126,-0.066766299307346,1
0.13867050409317,-0.20439264923334,0.01770393550396,1
-0.042895674705505,0.024417124688625,-0.02952828258276,1
0.12525451183319,-0.13364288583398,-0.06380670517683,1
-0.2215821146965,0.10646086186171,0.085700415074825,1
0.19578832387924,-0.2010725736618,0.056365720927715,1
-0.011988699436188,-0.074332259595394,0.014249138534069,1
0.1169558763504,0.21542992442846,0.067905448377132,1
0.021348774433136,0.18477218598127,-0.077996946871281,1
-0.020554900169373,-0.26543255895376,-0.022638201713562,1
0.17501455545425,0.20256762951612,-0.019982039928436,1
-0.1942732334137,0.13388108462095,0.10235539823771,1
-0.030726850032806,0.23776494711637,0.10863513499498,1
0.18604379892349,-0.18622475117445,-0.089291475713253,1
0.092507064342499,0.22233488410711,0.032861143350601,1
-0.035891711711884,0.026985190808773,-0.02790991216898,1
0.0059961080551147,-0.25508222728968,-0.038456216454506,1
0.032511174678802,0.097311533987522,-0.047063022851944,1
-0.16683951020241,-0.16740614175797,-0.052290432155132,1
0.20146209001541,0.20050051063299,0.036051742732525,1
-0.099465936422348,0.08584401756525,-0.055648781359196,1
0.11002361774445,-0.20978704094887,-0.035593815147877,1
0.067585170269012,-0.12652313522995,0.025064699351788,1
0.067303121089935,0.063390843570232,-0.012321501970291,1
-0.04341185092926,0.056890033185482,-0.050740577280521,1
-0.085387378931046,-0.046310067176819,-0.038860894739628,1
-0.091767162084579,-0.230199880898,-0.015450567007065,1
0.044319748878479,0.19999479502439,0.10131642967463,1
0.15439307689667,0.15156429260969,0.20755568891764,1
-0.087857067584991,0.15764196962118,0.075185053050518,1
-0.048733949661255,0.25438665598631,0.061492279171944,1
-0.0097308754920959,-0.075266003608704,-0.042937971651554,1
-0.16135013103485,-0.068569574505091,-0.067908450961113,1
0.03833794593811,-0.23761752992868,-0.064240448176861,1
0.025422751903534,0.19999410957098,-0.077966071665287,1
-0.071149468421936,0.10728485137224,0.012368343770504,1
0.090126395225525,0.081621579825878,-0.014507219195366,1
0.028631031513214,-0.20831886678934,-0.02971026301384,1
-0.18711313605309,-0.013537034392357,0.15195489674807,1
0.082763016223907,-0.19383965432644,-0.036770448088646,1
-0.070957720279694,-0.012114435434341,-0.039225436747074,1
0.16466045379639,-0.21631214022636,0.070746578276157,1
-0.059709399938583,0.2066752538085,0.06039284914732,1
-0.034643471240997,0.10912806540728,-0.020692065358162,1
-0.049201250076294,0.13907390087843,0.0025379285216331,1
0.073606550693512,0.17137446254492,-0.087685707956553,1
-0.062048375606537,0.19357302039862,-0.028723128139973,1
-0.020433366298676,0.073360897600651,-0.010858602821827,1
-0.048409581184387,0.15051307529211,0.048259429633617,1
0.052371978759766,0.14102961868048,-0.050383396446705,1
-0.091953009366989,0.12500952929258,0.012632392346859,1
0.16021317243576,-0.17739004641771,-0.095438532531261,1
0.16007137298584,0.22064047306776,0.13093809038401,1
-0.070179671049118,-0.027956634759903,0.0081813856959343,1
0.18106293678284,0.16732319444418,0.081109084188938,1
0.118572473526,-0.20549173653126,0.12995634227991,1
0.15052425861359,-0.15185830742121,0.038238100707531,1
0.10485690832138,0.14878972619772,0.01561726629734,1
-0.047821819782257,0.21401505917311,0.18673012405634,1
-0.14686968922615,-0.0064278244972229,-0.023343525826931,1
0.15523570775986,-0.18799692392349,0.16450958698988,1
0.00037342309951782,0.15908410400152,-0.026294052600861,1
-0.092914581298828,-0.11912296898663,-0.027115724980831,1
-0.042532622814178,-0.017244838178158,0.0046089664101601,1
-0.077614098787308,-0.017850063741207,-0.028395004570484,1
-0.078963607549667,-0.16180038824677,0.096267648041248,1
0.15690058469772,0.15047483891249,0.10893801599741,1
-0.066540986299515,-0.19932991266251,0.10735750943422,1
-0.00094234943389893,0.085549436509609,-0.029239691793919,1
0.075958490371704,0.11767277866602,-0.06290665268898,1
-0.011122703552246,0.12571620196104,-0.061015486717224,1
-0.21343469619751,0.16089727729559,0.027045361697674,1
-0.040684401988983,-0.22716674953699,0.12258518487215,1
0.11761909723282,0.23870753496885,0.15287084132433,1
0.04995459318161,-0.24735128134489,0.042939476668835,1
0.035262703895569,0.11937416344881,-0.0090073496103287,1
-0.026850163936615,0.20699616521597,0.076498426496983,1
-0.010948479175568,0.24077417701483,0.030147232115269,1
-0.05021208524704,-0.091100898571312,0.023653224110603,1
-0.014875590801239,-0.23758689314127,0.065851166844368,1
-0.12285941839218,0.025737233459949,-0.05105172097683,1
-0.043698132038116,0.21955599635839,0.041156657040119,1
-0.077017188072205,-0.14589512720704,0.062965728342533,1
-0.085797041654587,0.10278975218534,0.029004640877247,1
-0.16815477609634,0.11787111312151,0.020129822194576,1
-0.10207331180573,0.17858728021383,-0.091995798051357,0
0.0047144889831543,0.12504703551531,0.027271546423435,1
-0.23640483617783,-0.12564422562718,-0.00335443764925,1
-0.021842956542969,0.22011502832174,0.063509568572044,1
0.095684766769409,0.15971141308546,0.047311745584011,1
-0.19019266963005,0.043262101709843,0.16851354390383,1
0.038066327571869,-0.17318319529295,0.017254151403904,1
0.086562693119049,-0.062056660652161,0.0003170445561409,1
-0.13921239972115,-0.13348021730781,0.11932998150587,1
0.057829678058624,-0.11396455205977,0.011924311518669,1
-0.18304499983788,0.060494668781757,0.16847988218069,1
-0.21142718195915,-0.084720158949494,-0.00646061450243,1
0.017528533935547,0.21197929233313,-0.04639058560133,1
-0.25500380992889,-0.037494249641895,-0.046149455010891,1
0.16288512945175,0.13936627656221,-0.0063464567065239,1
-0.15341651439667,0.068584688007832,0.030580036342144,1
-0.03584235906601,-0.15376050397754,0.05514770001173,1
-0.077131450176239,-0.15487961098552,0.029885917901993,1
0.021271109580994,-0.081491641700268,-0.031948432326317,1
0.013890385627747,-0.13819784671068,0.0014212802052498,1
-0.02174174785614,0.05596112459898,-0.0069714710116386,1
-0.1164770424366,-0.11707909032702,-0.06941794604063,1
0.091441810131073,0.081771098077297,-0.0031190887093544,1
0.16328591108322,-0.1512556783855,0.064438574016094,1
-0.0081942677497864,-0.12404861114919,-0.01538073271513,1
0.051401197910309,0.27206995338202,0.065802998840809,1
0.021977126598358,0.1768376454711,0.068392366170883,1
0.022328436374664,0.13741960376501,-0.030727580189705,1
0.092057883739471,-0.17947229743004,0.017203912138939,1
-0.078349530696869,-0.06646990403533,-0.028495512902737,1
-0.036610543727875,-0.22232345491648,0.13513088971376,1
-0.057292342185974,0.19558133929968,0.028675012290478,1
-0.062829524278641,-0.071924552321434,-0.0025998279452324,1
-0.22139012813568,0.047181867063046,-0.072152234613895,1
-0.19643253087997,0.074977837502956,-0.016477338969707,1
-0.090905010700226,0.029243342578411,0.00452970713377,1
-0.097392797470093,0.097870700061321,0.040708862245083,1
-0.25652903318405,0.019689053297043,0.080304898321629,1
-0.032643437385559,0.20402222126722,-0.053966857492924,1
0.13568967580795,0.12607220560312,-0.072173394262791,1
-0.0016918182373047,0.052047096192837,-0.0027275830507278,1
-0.049216270446777,0.18718614429235,-0.078537717461586,1
-0.070532500743866,-0.035688303411007,0.01914619654417,1
-0.24901309609413,0.029784314334393,0.033819429576397,1
-0.013893485069275,0.16381608694792,-0.015604734420776,1
0.085204184055328,-0.084959755651653,0.018245987594128,1
-0.047984778881073,-0.063894096761942,-0.0020181909203529,1
-0.21610876917839,0.14506604522467,0.022594355046749,1
0.015952944755554,-0.20702011138201,0.075854919850826,1
0.19304937124252,-0.20263626426458,0.071575634181499,1
-0.090485960245132,0.083148248493671,-0.049251340329647,1
0.089761197566986,0.20389219373465,0.16781608015299,1
0.10904335975647,0.12312480062246,0.0093344002962112,1
-0.20962819457054,-0.13613446056843,-0.017519719898701,1
-0.010655879974365,-0.14739621430635,0.013295605778694,1
-0.033157169818878,-0.063480064272881,0.0046763494610786,1
-0.21104490756989,-0.040476463735104,0.10411951690912,1
0.0087169408798218,-0.1939173489809,0.046611279249191,1
-0.1142857670784,-0.14337856322527,-0.099079288542271,1
0.035760402679443,-0.15292573347688,0.019281342625618,1
-0.22564804553986,0.10864431411028,0.11305300146341,1
-0.16431629657745,-0.04222708940506,0.019296027719975,1
-0.090920180082321,0.21296157687902,0.14287484437227,1
-0.036233007907867,0.0015805438160896,-0.0095634832978249,1
-0.20698755979538,-0.095524113159627,0.033986859023571,1
-0.16352942585945,-0.12232344783843,0.17156659811735,1
-0.0065582990646362,-0.1016875191126,-0.023255303502083,1
-0.11205506324768,0.081783689558506,-0.07422249764204,1
-0.20107537508011,0.034032829105854,-0.016996540129185,1
-0.070615202188492,-0.21443142741919,0.039264924824238,1
0.0095894336700439,0.14009798318148,-0.069803401827812,1
-0.017935812473297,-0.11967307329178,0.0080695077776909,1
-0.1555560529232,0.0068477615714073,0.051390163600445,1
-0.024476647377014,0.27209248393774,0.073334433138371,1
-0.18865820765495,0.046456165611744,0.067886464297771,1
0.027126371860504,-0.17202597111464,-0.077722266316414,1
-0.074925154447556,-0.026987440884113,-0.007399745285511,1
-0.15498501062393,0.072723634541035,0.050185106694698,1
-0.090921819210052,-0.025769956409931,-0.024135515093803,1
0.10029250383377,0.20277085155249,0.061064220964909,1
0.020282626152039,0.1951404735446,0.026587374508381,1
-0.027426302433014,0.21395515650511,-0.043889760971069,1
-0.13735741376877,-0.11537601612508,-0.00027086585760117,1
-0.23836356401443,-0.064775172621012,-0.029733434319496,1
-0.023412704467773,0.10386311262846,-0.028611578047276,1
0.017200708389282,0.10199522227049,-0.052097640931606,1
0.0060687065124512,0.25569402426481,0.0313336327672,1
-0.18949219584465,0.002712607383728,0.013565547764301,1
0.12599152326584,-0.22724909335375,0.11175424605608,1
-0.056283414363861,0.045233093202114,0.011337570846081,1
-0.20842298865318,0.090068824589252,0.050450228154659,1
-0.23091071844101,0.10739631205797,-0.044227167963982,1
0.036395490169525,-0.10150311083999,0.013937592506409,1
0.065899312496185,-0.055579099804163,-0.013809479773045,1
-0.028685212135315,0.16890137642622,-0.0058280900120735,1
0.011997520923615,-0.18295492231846,0.058367408812046,1
0.043285429477692,-0.23909816890955,0.019732728600502,1
-0.20471915602684,-0.063814222812653,-0.0026900544762611,1
-0.019698858261108,-0.086424527689815,-0.0087975487112999,1
-0.037755191326141,-0.076598441228271,-0.026988357305527,1
-0.040083348751068,0.059365533292294,-0.0031169280409813,1
-0.17821890115738,-0.038898639380932,0.21078304201365,1
-0.011571645736694,0.23703246563673,0.10670010000467,1
-0.09834685921669,0.25405152887106,0.1000537648797,1
-0.10733890533447,0.049655847251415,0.041504941880703,1
-0.092997938394547,-0.058000843971968,0.00025125592947006,1
0.029804289340973,0.23003282397985,0.12390647083521,1
-0.21890336275101,-0.059038814157248,-0.012486688792706,1
-0.053622037172318,0.039738543331623,-0.033109776675701,1
0.0093601942062378,0.12365525215864,0.022007748484612,1
-0.051912128925323,-0.16849566996098,0.032847419381142,1
0.077005624771118,0.06429585069418,0.014946535229683,1
-0.12503260374069,-0.011164918541908,-0.0098709091544151,1
-0.20601606369019,0.11450017243624,-0.067334055900574,1
0.052041709423065,-0.059872549027205,-0.020540840923786,1
-0.16910943388939,-0.1867448464036,0.057870306074619,1
-0.097723424434662,-0.041733857244253,-0.028498880565166,1
0.056367576122284,0.19613387435675,-0.048594020307064,1
0.054827153682709,-0.23528894037008,0.066581316292286,1
-0.054883658885956,0.09027773886919,-0.066728509962559,1
-0.05676943063736,-0.073492513969541,0.0030381605029106,1
-0.11354941129684,-0.17772087454796,-0.042424917221069,1
-0.094620108604431,0.14677933603525,-0.0052941665053368,1
-0.18257021903992,-0.0021652355790138,0.032329611480236,1
0.048553049564362,-0.14670290052891,-0.044191800057888,1
-0.11533638834953,-0.014023318886757,0.0083085522055626,1
0.1369863152504,0.19421079009771,0.16524340957403,1
-0.12248829007149,-0.021965354681015,-0.054375149309635,1
0.025685846805573,-0.19667897373438,0.010264627635479,1
-0.1999124288559,0.01535078138113,0.0035803243517876,1
-0.090349853038788,0.062635697424412,-0.053648196160793,1
-0.21197843551636,0.12991575151682,0.033648066222668,1
-0.035730123519897,0.21944224089384,0.16058742254972,1
-0.1274556517601,0.10130516439676,0.08423013240099,1
-0.028153359889984,-0.23553063720465,-0.013457544147968,1
0.041820108890533,0.17802038043737,-0.0036855414509773,1
-0.08884185552597,0.11408711224794,0.01899529248476,1
0.070146977901459,0.083505533635616,-0.019556574523449,1
-0.014753401279449,-0.20499337464571,-0.017863564193249,1
-0.12558460235596,-0.1856143027544,-0.082738876342773,1
-0.070833683013916,-0.16010564938188,0.0033705160021782,1
0.062870979309082,-0.20558008551598,-0.057070933282375,1
0.037213623523712,-0.11459280084819,-0.070664040744305,1
0.049023151397705,-0.20166621357203,0.018164359033108,1
-0.0031348466873169,-0.15745808556676,0.057076178491116,1
0.0013611912727356,0.10383885353804,-0.010872207581997,1
-0.20344662666321,0.083492793142796,0.15957529097795,1
-0.026685535907745,0.077573336660862,-0.0043476745486259,1
-0.16832226514816,0.057181008160114,0.079512529075146,1
-0.15419617295265,0.16910090297461,0.14283204823732,1
0.066238045692444,0.1781712397933,-0.088223434984684,1
0.063494682312012,-0.19128895550966,0.22400394827127,1
-0.04639345407486,0.20238622277975,-0.07392280548811,1
0.13230341672897,-0.14769371971488,0.054235823452473,1
0.11471325159073,-0.20403221994638,0.0014358833432198,1
-0.16074907779694,0.041871197521687,0.07188568264246,1
-0.054352432489395,-0.02573611587286,0.018417797982693,1
0.0076380372047424,-0.16127592325211,0.016424044966698,1
0.073359966278076,0.2197435721755,0.14110251516104,1
0.056873619556427,0.12294829636812,0.035663209855556,1
-0.065474808216095,0.24041523784399,-0.023414790630341,1
-0.15677046775818,0.095587931573391,0.2037049010396,1
0.12382024526596,-0.19265519827604,-0.062712028622627,1
-0.13609477877617,-0.014642231166363,-0.054055295884609,1
-0.092381924390793,-0.028250016272068,0.027156807482243,1
0.14420789480209,-0.14047896489501,0.028329826891422,1
-0.24577277898788,0.029391549527645,-0.071465946733952,1
-0.1116868853569,-0.098395923152566,-0.00064869970083237,1
-0.094715714454651,0.040733017027378,-0.0076219961047173,1
-0.1319862306118,-0.050246734172106,-0.060028478503227,1
-0.01984566450119,0.16765367239714,0.038859777152538,1
-0.023262679576874,-0.025257140398026,0.0041071698069572,1
-0.10812801122665,-0.25952679663897,0.026864841580391,1
-0.21742898225784,0.086627818644047,-0.029391288757324,1
0.12821823358536,0.10630618780851,-0.081999890506268,1
0.022914588451385,-0.20325032621622,-0.030377425253391,1
-0.18102177977562,-0.024169839918613,0.074395276606083,1
-0.051361173391342,0.049797065556049,-0.006157211959362,1
0.10873460769653,-0.096075410023332,-0.011071048676968,1
-0.036625921726227,0.11656358093023,0.023437798023224,1
-0.068345606327057,-0.11161665525287,-0.0033170133829117,1
-0.17272636294365,0.0076524764299393,0.05509764701128,1
0.0097357630729675,-0.20243642479181,0.14347315579653,1
-0.16723716259003,0.11837815493345,0.046361528337002,1
-0.0028712153434753,0.081248499453068,-0.0084690079092979,1
-0.083291798830032,0.0089897885918617,0.0093183144927025,1
0.16884827613831,-0.15165813267231,-0.020913742482662,1
-0.012663185596466,-0.2150326743722,0.088964335620403,1
-0.058254659175873,-0.20045544207096,0.12560642510653,1
-0.17047345638275,0.027575425803661,0.087167985737324,1
-0.01049268245697,0.19728451222181,0.11619902402163,1
-0.10757195949554,0.028870515525341,-0.0035969838500023,1
0.065330445766449,-0.065244778990746,-0.0055396929383278,1
-0.17039087414742,-0.086931484751403,0.023663811385632,1
-0.18638727068901,0.14677333086729,-0.010745368897915,1
0.13125884532928,0.12582155317068,0.063455782830715,1
-0.028132736682892,-0.19350350648165,-0.03844440728426,1
-0.032812118530273,0.070116631686687,0.0015011206269264,1
-0.04373437166214,-0.055152658373117,-0.005399577319622,1
-0.018581926822662,-0.084203671664,-0.0066447481513023,1
0.011593520641327,-0.22484304755926,0.075563661754131,1
-0.099229723215103,-0.027995407581329,0.031609855592251,1
-0.067972332239151,0.10636889189482,-0.050719209015369,1
-0.17547380924225,0.10504695028067,0.048577331006527,1
-0.10935252904892,0.05424926429987,0.033400572836399,1
0.035084128379822,0.26249780505896,0.014793731272221,1
-0.095322877168655,-0.13113570772111,0.023003868758678,1
-0.062579870223999,-0.064214020967484,0.011610440909863,1
-0.057429403066635,0.0070598050951958,0.014821596443653,1
-0.10373038053513,0.065905801951885,0.0098873898386955,1
-0.06751561164856,-0.19221773743629,0.10761127620935,1
0.031335711479187,0.11982559412718,-0.055493094027042,1
0.13076311349869,-0.20137449353933,-0.030465133488178,1
-0.17488408088684,0.12688630074263,-0.055291749536991,1
0.043112695217133,-0.082478469237685,-0.032417595386505,1
-0.024250745773315,0.16487105935812,-0.014181606471539,1
0.16708713769913,0.20155679434538,0.023500472307205,1
-0.0014060735702515,0.086439214646816,-0.014438785612583,1
-0.066930294036865,0.011997327208519,-0.02738781273365,1
0.077597200870514,0.17562889307737,-0.08535922691226,1
0.081540286540985,-0.16485571116209,-0.096557848155499,1
-0.087206184864044,-0.18036173284054,0.035395540297031,1
-0.0087693333625793,-0.15408082678914,-0.095007970929146,1
-0.21973121166229,0.076007835566998,0.14158982783556,1
-0.013386785984039,0.041290931403637,0.0013080909848213,1
0.057857394218445,-0.072164496406913,-0.014001317322254,1
0.096905589103699,-0.18928627669811,0.044480927288532,1
-0.036495506763458,0.086894668638706,-0.029131107032299,1
-0.17598634958267,0.1664170846343,-0.039163284003735,1
0.015792727470398,-0.26696159690619,0.051879830658436,1
-0.01554399728775,-0.046201959252357,0.0023402497172356,1
0.041420221328735,0.22059666365385,-0.071422301232815,1
-0.018162429332733,0.12055138498545,-0.072985798120499,1
-0.053231567144394,0.038497574627399,-0.017171032726765,1
-0.21763011813164,-0.055780742317438,0.10555429011583,1
-0.012460350990295,-0.070205127820373,-0.0060880184173584,1
0.069545745849609,0.24186073988676,-0.04412680119276,1
-0.22030979394913,0.1021189764142,-0.04327267408371,1
0.063856840133667,-0.28723583370447,0.028976909816265,1
0.041095674037933,-0.12815312296152,-0.018269039690495,1
-0.14703103899956,-0.083876298740506,0.074533380568027,1
-0.075217485427856,-0.22953728586435,-0.059739127755165,1
-0.0034651160240173,0.24890735000372,0.1432661190629,1
-0.15066540241241,-0.12013878114522,-0.058768503367901,1
-0.072804838418961,-0.11405793949962,0.0032311826944351,1
-0.12096366286278,-0.13128685206175,0.085442163050175,1
-0.017256438732147,0.17992179840803,0.029781974852085,1
0.015005707740784,-0.27758192270994,-0.026491284370422,1
0.13249713182449,-0.11785334534943,-0.0079751387238503,1
-0.052787959575653,0.020625665783882,-0.023054681718349,1
-0.024935007095337,0.19294398277998,-0.0038439258933067,1
-0.072340965270996,0.008680023252964,0.018370412290096,1
0.012343525886536,0.053219266235828,0.0033933594822884,1
0.018496692180634,-0.23561734706163,0.10774215310812,1
-0.057297438383102,0.20932041853666,0.088263191282749,1
0.0567587018013,-0.044454697519541,0.0036226436495781,1
0.011348724365234,-0.12668237835169,-0.011476501822472,1
0.006292998790741,0.088923297822475,-0.0028799846768379,1
-0.14807993173599,-0.16869804263115,-0.00095117837190628,1
-0.046732127666473,-0.24283326417208,0.13954550772905,1
-0.034188628196716,0.20343487709761,0.03618535399437,1
0.10402452945709,-0.1183699388057,0.0098326429724693,1
-0.21847742795944,0.064640082418919,-0.037685960531235,1
-0.030936658382416,-0.091068599373102,-0.042610354721546,1
-0.010776102542877,-0.15722136944532,0.058688618242741,1
0.0056519508361816,0.059772081673145,-0.018596597015858,1
-0.048366844654083,-0.046372842043638,0.018084667623043,1
-0.01195627450943,0.19020613282919,0.11000911146402,1
0.025512635707855,-0.094135785941035,0.0094270631670952,1
-0.059276401996613,-0.087122195400298,-0.067255340516567,1
0.088398933410645,0.11755118519068,-0.025381945073605,1
-0.13369104266167,0.097677759826183,0.091339714825153,1
-0.19293612241745,-0.12104379013181,0.10707504302263,1
-0.080243527889252,0.10866529494524,0.018031172454357,1
-0.05471396446228,0.02639489620924,-0.030707344412804,1
-0.03968745470047,-0.12252791412175,-0.044524490833282,1
0.03884744644165,0.26066359132528,0.057030640542507,1
0.077310979366302,-0.22914592176676,0.10740677267313,1
-0.052346616983414,0.079130582511425,-0.038263686001301,1
-0.1058261692524,-0.065465044230223,-0.025039501488209,1
0.034592568874359,-0.092024277895689,-0.049309313297272,1
-0.013421177864075,-0.1063904245384,0.028238780796528,1
-0.052812725305557,0.19139408320189,0.18352795392275,1
0.14150941371918,0.15530391782522,-0.068745501339436,1
0.088411867618561,-0.17229213565588,0.02540772408247,1
0.018784046173096,-0.11310108657926,0.023991487920284,1
-0.14747977256775,-0.034906640648842,-0.02170168608427,1
-0.016689121723175,-0.064534690231085,-0.017421022057533,1
0.16269671916962,-0.13726417347789,0.084356106817722,1
-0.11169251799583,-0.24710334092379,0.10356969386339,1
-0.081619024276733,0.11478095501661,-0.083129398524761,1
0.15708434581757,0.16673835366964,0.0081083923578262,1
0.01361471414566,0.15227251499891,0.03448773920536,1
-0.044070661067963,-0.017728053033352,-0.010534547269344,1
0.0086104273796082,-0.21645559370518,0.032303065061569,1
0.10021662712097,-0.094746302813292,-0.011033780872822,1
0.11489564180374,0.20531820505857,-0.019377037882805,1
-0.1033436357975,0.083977408707142,-0.065853275358677,1
-0.039396703243256,-0.044570792466402,-0.044564418494701,1
0.1784371137619,-0.24447905272245,0.056159950792789,1
-0.11966371536255,0.090468652546406,-0.07916709035635,1
-0.18401339650154,-0.19828025251627,0.0088976249098778,1
0.095432937145233,-0.20478359609842,0.15697822719812,1
-0.15357875823975,0.0068744719028473,-0.018008358776569,1
-0.10034489631653,-0.17043802887201,0.065828822553158,1
-0.18688499927521,-0.16046381369233,-0.045432440936565,1
0.0045977830886841,0.21326395124197,-0.060827650129795,1
0.090923309326172,0.20903395861387,0.18361035734415,1
0.032869100570679,0.10654213279486,0.015526242554188,1
-0.063022196292877,-0.049534268677235,-0.0026369616389275,1
-0.13387700915337,0.13712251931429,-0.046426706016064,1
-0.050418168306351,-0.15587903186679,-0.032249286770821,1
0.058395266532898,0.085633896291256,-0.032414078712463,1
-0.22297883033752,-0.10683621605858,0.024166010320187,1
-0.13319793343544,-0.020453952252865,0.015661396086216,1
-0.098704516887665,0.11082384735346,0.034786321222782,1
0.031330525875092,-0.1571633592248,-0.0042769536375999,1
0.014598786830902,0.15237712115049,-0.063674494624138,1
0.13730412721634,-0.1680880188942,-0.025577239692211,1
0.079601764678955,-0.12283421307802,-0.0295115634799,1
0.19843190908432,-0.20089044421911,-0.043783240020275,1
0.14273375272751,-0.16465404629707,0.19613952189684,1
0.108258664608,-0.28318946808577,0.032880216836929,1
-0.025292217731476,0.092197306454182,0.014184661209583,1
0.037133574485779,0.21171768754721,-0.090219970792532,1
-0.068326741456985,-0.12914865836501,0.045575931668282,1
-0.093264609575272,0.21958180516958,-0.039815098047256,0
-0.044364154338837,0.030721165239811,-0.0413798391819,1
-0.1937917470932,0.045530520379543,-0.092978056520224,1
-0.12585452198982,-0.13027220778167,0.033342830836773,1
-0.17196580767632,-0.13556877151132,-0.022195167839527,1
-0.05732461810112,-0.26155192404985,0.01261942833662,1
0.12451082468033,-0.12672869488597,-0.037944473326206,1
-0.12954142689705,0.19273593276739,0.081425048410892,1
-0.20452624559402,0.092424042522907,0.15211396664381,1
-0.073809295892715,-0.086763110943139,-0.049424983561039,1
-0.18510383367538,0.090646497905254,0.15736966580153,1
-0.19484490156174,0.159687243402,0.015625946223736,1
-0.16113042831421,0.19453694671392,-0.022295393049717,1
0.0094722509384155,0.13915776461363,-0.089434035122395,1
-0.043219268321991,-0.12412657774985,-0.021217316389084,1
-0.11092704534531,0.1901905760169,0.10612487047911,1
-0.034528732299805,-0.16043175756931,0.010286994278431,1
0.025468766689301,-0.27508492022753,0.1133351251483,1
0.031399309635162,-0.1985717266798,0.075658731162548,1
-0.010468602180481,-0.20083902031183,-0.035173520445824,1
-0.04410195350647,0.05123694986105,0.017347492277622,1
-0.14291676878929,-0.071303952485323,0.070379607379436,1
-0.080937802791595,0.054868765175343,-0.024117991328239,1
0.054441034793854,0.069331221282482,0.0087438002228737,1
0.012993693351746,0.12997826188803,-0.016219213604927,1
-0.17163613438606,-0.18127294629812,0.024478606879711,1
-0.080822080373764,-0.19322523474693,0.15807149559259,1
-0.17694228887558,-0.13617503643036,0.089030586183071,1
-0.088131666183472,-0.032560966908932,-0.022818602621555,1
-0.025857329368591,-0.21919543296099,0.18458358198404,1
0.15762954950333,0.2488961443305,0.012688249349594,1
-0.15404352545738,-0.16420215368271,0.14537870138884,1
-0.059967547655106,-0.079883014783263,-0.072572864592075,1
0.066985428333282,-0.1727856323123,0.069205470383167,1
0.056000649929047,-0.25058519095182,-0.071292899549007,1
0.041728258132935,-0.29118233174086,0.0083595514297485,1
0.012098014354706,-0.25957923382521,0.041594177484512,1
-0.18396034836769,0.11056693643332,0.014729477465153,1
-0.048786461353302,-0.19746594130993,-0.020195856690407,1
0.01729017496109,-0.068063415586948,-0.0078796371817589,1
0.073019206523895,-0.20875348895788,-0.090243987739086,1
0.14468163251877,-0.20952692627907,0.161501057446,1
0.1137610077858,0.16453614085913,-0.051568478345871,1
-0.023875772953033,-0.10825503431261,-0.037470497190952,1
-0.11368706822395,0.17376481741667,0.11416984349489,1
-0.046119511127472,-0.24567662924528,0.068952716886997,1
0.12912344932556,-0.22696769982576,0.085299395024776,1
-0.15964421629906,-0.11830706894398,0.149688847363,1
0.0026575922966003,-0.10584778571501,0.0049815103411674,1
0.097624599933624,-0.11137702222914,-0.026052944362164,1
-0.050477385520935,-0.13643634691834,0.0418511480093,1
-0.05554986000061,0.1958424076438,0.0010698735713959,1
-0.041167795658112,0.034142516553402,-0.033633396029472,1
-0.14819541573524,-0.0024783983826637,-0.0068466290831566,1
0.10838848352432,-0.18050468713045,-0.043098323047161,1
0.034741520881653,0.08736015111208,0.011156834661961,1
-0.20280563831329,0.063969500362873,0.099414400756359,1
-0.14048656821251,0.14537296444178,-0.002877913415432,1
0.13909846544266,-0.12079760059714,-0.067297108471394,1
-0.22468259930611,-0.073968624696136,0.022052802145481,1
-0.063904404640198,0.027159936726093,-0.01664050668478,1
0.0030462741851807,0.21628617495298,0.20426277071238,1
-0.10617431998253,0.20877733081579,0.056275807321072,1
0.20358300209045,-0.21169503033161,0.058338858187199,1
0.058439433574677,-0.25020361691713,0.078659676015377,1
0.15905576944351,-0.15888893976808,-0.031414829194546,1
0.12262576818466,-0.19222304970026,0.12315579503775,1
0.14408391714096,-0.1348486803472,-0.032077826559544,1
0.19029116630554,-0.2113995924592,0.13380584865808,1
0.046784579753876,0.093566812574863,0.0074887648224831,1
0.059342324733734,0.16514947265387,0.027211844921112,1
-0.046933114528656,0.070864208042622,-0.026967965066433,1
0.0077543258666992,0.072589866816998,0.0048445984721184,1
-0.024387657642365,0.14571293443441,-0.02567695826292,1
-0.16914939880371,0.060205645859241,0.17739131301641,1
0.087946236133575,0.14553522318602,0.0024565383791924,1
0.11287069320679,0.21094375103712,0.050445444881916,1
0.013099849224091,0.055014453828335,-0.0057665482163429,1
0.061344981193542,0.090816490352154,-0.00039450824260712,1
-0.1455991268158,0.18864773958921,0.040974102914333,1
-0.044643640518188,0.032533310353756,-0.0097078159451485,1
0.052981853485107,0.19050305336714,-0.068156838417053,1
0.031914532184601,-0.097093570511788,0.0089747831225395,1
-0.15594878792763,0.11645593494177,0.13764847069979,1
0.097523748874664,0.2311118170619,-0.052167728543282,1
-0.061064392328262,-0.078200520947576,-0.056431643664837,1
0.16534560918808,0.15035124868155,0.092346914112568,1
-0.078815966844559,0.20168846100569,-0.086700595915318,0
0.034747898578644,0.24218472093344,-0.010580487549305,1
-0.096182256937027,0.10986555367708,-0.065893121063709,1
-0.10713261365891,0.038334779441357,0.024521224200726,1
0.021804451942444,0.12907385081053,0.012215979397297,1
-0.12091028690338,0.009584903717041,-0.0045650973916054,1
0.13975960016251,-0.18697493523359,0.15003078430891,1
0.14752787351608,0.17524351924658,0.034498937427998,1
0.040522396564484,0.082300536334515,0.0050061494112015,1
0.0062485933303833,0.13953288644552,-0.019244886934757,1
0.11638969182968,0.1976323351264,0.13750714808702,1
-0.14136156439781,-0.13842932879925,-0.015630565583706,1
0.12550979852676,0.20171671360731,-0.029326930642128,1
-0.062528312206268,-0.020125068724155,0.01335921138525,1
-0.013115644454956,-0.041348397731781,-0.00085785239934921,1
0.1497078537941,-0.18697664886713,0.15914375334978,1
-0.11025559902191,0.013830110430717,0.0018689855933189,1
0.1656197309494,-0.14751760661602,0.14686972647905,1
0.10383301973343,0.13632004708052,0.05264300853014,1
-0.22725197672844,-0.11039796192199,0.043207414448261,1
0.11900252103806,-0.094017350114882,-0.061968810856342,1
0.22002792358398,0.21562083810568,0.049270607531071,1
0.14584589004517,-0.20412892848253,0.1856379583478,1
0.019128441810608,-0.067569091916084,-0.012569583952427,1
0.040672719478607,0.24090173095465,0.17469919472933,1
-0.082612067461014,-0.073883486911654,0.0082089379429817,1
-0.12203133106232,-0.14514051377773,-0.053853176534176,1
-0.057743906974792,-0.036990582942963,-0.0015295520424843,1
-0.15987333655357,-0.1009352375404,0.12973523885012,1
-0.030287802219391,-0.1901845112443,0.053510911762714,1
-0.0025750994682312,0.2237194404006,-0.080654732882977,1
-0.052004486322403,-0.11440068669617,-0.020021937787533,1
-0.051952540874481,0.040443576872349,-0.0016162469983101,1
0.088371694087982,0.11444159597158,0.030818276107311,1
0.15167421102524,0.16465713828802,0.073223136365414,1
-0.14137017726898,0.22871275991201,0.02849655598402,1
-0.13534778356552,-0.044247090816498,-0.070166669785976,1
0.0083360075950623,0.09616007655859,-0.064902275800705,1
-0.17224913835526,-0.094649322796613,-0.09724984318018,1
0.028856813907623,-0.1600348725915,0.011620476841927,1
0.0076155662536621,-0.16831626743078,-0.021876215934753,1
-0.14915403723717,-0.14586593210697,0.14668131619692,1
0.046803176403046,0.26687192171812,-0.024713948369026,1
0.10832023620605,-0.13064540550113,0.0090664252638817,1
-0.17076444625854,-0.086422496475279,0.067741639912128,1
-0.0055322051048279,-0.078375136479735,0.0095271542668343,1
-0.025958180427551,-0.18712469190359,0.063253603875637,1
0.13185650110245,-0.18182335048914,-0.086912095546722,1
0.12777715921402,0.23679479211569,-0.084970630705357,1
-0.11889576911926,-0.14645205810666,0.062083549797535,1
0.034411072731018,-0.11214470956475,0.017950944602489,1
0.061511635780334,0.079854138195515,0.010900966823101,1
-0.041595280170441,-0.17789795994759,0.029558695852757,1
0.089458823204041,0.12889542430639,0.017405413091183,1
-0.036143124103546,-0.059036895632744,-0.018111355602741,1
-0.10979631543159,-0.10259550297633,-0.072316817939281,1
-0.068270593881607,0.19860651344061,0.20150745660067,1
-0.061137348413467,0.14946746081114,0.018783390522003,1
-0.023932754993439,-0.054841440171003,0.0036767348647118,1
0.16524028778076,-0.17751058936119,0.02707726508379,1
-0.029741764068604,0.2196734175086,-0.053600817918777,1
0.12991380691528,0.1127622500062,-0.049561761319637,1
-0.046979665756226,-0.034033723175526,-0.042325936257839,1
-0.15314775705338,-0.066556435078382,0.07977270334959,1
-0.16182455420494,0.12137817591429,0.075185410678387,1
-0.10302549600601,-0.20389696210623,-0.02564811706543,1
0.10402143001556,-0.14633161574602,-0.059236414730549,1
0.084119498729706,-0.15558044239879,0.065489873290062,1
-0.12934547662735,-0.15316439047456,-0.0025973841547966,1
0.097540676593781,-0.13674087449908,-0.034089766442776,1
-0.10833954811096,-0.1889337003231,-0.05656024813652,1
-0.12847563624382,0.0015953555703163,0.032914020121098,1
-0.093796163797379,-0.13639660552144,-0.056970916688442,1
0.0023238062858582,-0.13589240983129,-0.020290061831474,1
-0.25018936395645,-0.041624449193478,0.03546617180109,1
-0.25963613390923,0.016202732920647,0.017079912126064,1
-0.15169394016266,-0.11987163871527,0.027708984911442,1
-0.11393016576767,-0.026661112904549,-0.057943269610405,1
-0.015145480632782,0.044837452471256,-0.0094654485583305,1
0.16693723201752,0.15994622558355,0.13653612881899,1
0.079801201820374,0.20064448565245,0.05399814248085,1
-0.095468044281006,-0.014208503067493,-0.041615717113018,1
-0.047051727771759,-0.025986284017563,-0.0082937255501747,1
-0.011818051338196,0.2288583740592,0.079241223633289,1
-0.19603723287582,0.082159675657749,0.08755799382925,1
0.039469182491302,0.13141364604235,-0.059090368449688,1
0.085226953029633,0.091653876006603,-0.0056561380624771,1
-0.17716506123543,-0.00016041100025177,0.029350258409977,1
0.083681523799896,-0.22096724808216,-0.079949147999287,1
-0.11326983571053,-0.10172045964282,0.0036239102482796,1
-0.13964357972145,0.1176133826375,0.064096190035343,1
0.017866492271423,-0.16830641776323,0.00012917071580887,1
-0.044688642024994,-0.16356570273638,-0.06611081212759,1
0.052097916603088,0.14102656394243,0.040685974061489,1
-0.08661213517189,0.063537918031216,-0.071879751980305,1
0.098861455917358,-0.18169516324997,0.0088638961315155,1
-0.0062273144721985,-0.042614951729774,0.0046937614679337,1
-0.22420373558998,0.10754991322756,0.054877452552319,1
-0.15946209430695,0.073914058506489,0.10832095891237,1
-0.20270884037018,0.089451171457767,-0.04477770626545,1
0.13305920362473,-0.1404030174017,0.018666483461857,1
-0.16200888156891,0.03602210432291,0.016554646193981,1
0.13605844974518,0.21064802259207,0.046372026205063,1
0.059137642383575,-0.18655228614807,0.0031124725937843,1
-0.089549630880356,-0.090077614411712,-0.06625784188509,1
0.16525810956955,-0.1405943185091,0.094068728387356,1
0.043448090553284,0.1702344045043,-0.022878393530846,1
0.12931251525879,-0.23267702013254,0.080935798585415,1
0.092869579792023,-0.15255985409021,-0.021489396691322,1
-0.039083898067474,0.073136635124683,-0.040350846946239,1
0.090758144855499,-0.11512140836567,0.025997541844845,1
0.097823679447174,0.20815872400999,0.11108513921499,1
0.073598802089691,-0.27335933595896,0.090037979185581,1
-0.089234828948975,0.16166480630636,-0.096251867711544,0
-0.21707332134247,-0.048974685370922,0.10633412748575,1
0.098068237304688,0.21379672735929,-0.0019305273890495,1
-0.19210296869278,-0.036633461713791,0.062080956995487,1
0.060774147510529,-0.088051301427186,-0.01123708486557,1
0.08903557062149,0.18445911258459,-0.040597021579742,1
-0.1732711493969,0.057280577719212,0.16066529601812,1
0.043525159358978,-0.060781754553318,-0.020238198339939,1
0.036023914813995,-0.28113374859095,-0.03470042347908,1
0.15393704175949,-0.22031207382679,0.13070554286242,1
-0.22589668631554,0.085437037050724,0.066750980913639,1
0.10093456506729,-0.14424125477672,-0.0049587562680244,1
0.14011764526367,0.1357072070241,-0.080218583345413,1
-0.023175656795502,0.10504356771708,0.016688354313374,1
0.15855103731155,-0.17843110114336,0.15500471740961,1
-0.047884404659271,0.22592621296644,-0.035395614802837,1
0.028920829296112,-0.27595473080873,0.081044219434261,1
-0.12310171127319,-0.15506678447127,0.11660719662905,1
-0.0018573999404907,0.05769044905901,-0.0036148950457573,1
-0.099532812833786,-0.1858633980155,0.1102484241128,1
-0.12209144234657,0.17835872620344,-0.091501288115978,0
-0.047838807106018,0.17587410658598,-0.084970690310001,1
0.067324340343475,0.15503823012114,0.038647159934044,1
-0.15508028864861,0.092033885419369,0.040620990097523,1
-0.23952153325081,0.0014311075210571,-0.070916093885899,1
-0.019215047359467,0.098239444196224,0.010644525289536,1
0.023347020149231,0.22322022169828,-0.089657083153725,1
-0.11317524313927,0.068985022604465,-0.065948761999607,1
-0.040315628051758,-0.19671256095171,0.17316872626543,1
-0.04874587059021,0.068671427667141,-0.018332161009312,1
0.10677522420883,-0.081669386476278,0.0090936496853828,1
0.13932806253433,-0.23720713704824,0.074446566402912,1
-0.21370187401772,-0.032306879758835,-0.059837199747562,1
-0.1486052274704,0.10427813977003,0.089400909841061,1
-0.14542004466057,0.064274601638317,-0.064079724252224,1
-0.082525640726089,-0.085489383898675,-0.020526029169559,1
0.08305412530899,0.22339179366827,0.056958585977554,1
-0.16882038116455,-0.085634103044868,0.10977640002966,1
-0.18048551678658,0.12064523249865,0.16022918373346,1
0.1561393737793,-0.15267811343074,0.033237673342228,1
0.067122757434845,0.12573876231909,0.0086674615740776,1
0.10169404745102,0.23937406390905,0.10550729185343,1
-0.021124720573425,0.030800633132458,0.0054774656891823,1
-0.085238486528397,-0.059846077114344,0.00094961374998093,1
-0.032768070697784,0.0018197670578957,-0.0062732622027397,1
-0.083647727966309,0.26007279008627,-0.049975208938122,0
0.16729480028152,-0.16571987420321,-0.0074388757348061,1
0.036001980304718,-0.089878750033677,0.013915829360485,1
-0.058006107807159,0.033306606113911,0.019233427941799,1
-0.10488614439964,-0.0016117542982101,-0.0087446495890617,1
-0.15690270066261,-0.13898272439837,-0.00099187344312668,1
0.082325875759125,0.11526422947645,0.0025000274181366,1
0.062310874462128,-0.11167310643941,-0.0041790008544922,1
-0.058119475841522,-0.014745682477951,0.019291140139103,1
0.069450438022614,-0.2687601968646,-0.039108224213123,1
-0.11824977397919,-0.07408869639039,-0.026527903974056,1
0.18522810935974,0.23531319946051,0.0049736127257347,1
-0.058921724557877,0.25109183043242,0.1418189778924,1
-0.043502628803253,0.092179201543331,-0.052476622164249,1
-0.13832059502602,0.097403965890408,0.067314930260181,1
0.067734777927399,0.11285359412432,0.03117298334837,1
0.14583110809326,0.248982809484,0.032032616436481,1
-0.021094858646393,-0.12131048180163,-0.01276009529829,1
-0.18056771159172,0.15941562503576,0.10619845241308,1
-0.025819003582001,0.21792548149824,0.047098733484745,1
-0.1910874247551,-0.1275370195508,0.014264188706875,1
-0.10678666830063,-0.18392606079578,0.038973025977612,1
-0.098383694887161,0.0063204914331436,-0.067672900855541,1
-0.16327375173569,-0.096095513086766,0.069556467235088,1
0.19231253862381,-0.19916430860758,-0.052650950849056,1
-0.012356340885162,0.25458963960409,0.15729702264071,1
-0.24227055907249,0.024344362318516,-0.01698150485754,1
0.1037003993988,0.19720425456762,-0.061503507196903,1
-0.033221900463104,-0.016901075839996,-0.0010844543576241,1
-0.12828743457794,0.023528821766376,0.019710130989552,1
0.02034330368042,-0.093545574229211,-0.026368342339993,1
0.14404445886612,-0.12566069886088,-0.015637569129467,1
0.023634850978851,0.087959475815296,0.021421015262604,1
-0.058403670787811,0.015027113258839,0.01859799772501,1
-0.059686243534088,-0.053394470363855,0.016157902777195,1
-0.047874510288239,-0.076907202601433,0.0039325430989265,1
0.088581383228302,0.21640457957983,0.012527890503407,1
-0.14478367567062,0.0257673189044,0.046526037156582,1
-0.1671407520771,0.14047335833311,0.083906091749668,1
0.06885689496994,0.08220424503088,-0.0086913406848907,1
-0.11751708388329,-0.15140648931265,-0.022651873528957,1
0.036408603191376,-0.24116354435682,-0.075607977807522,1
-0.088210821151733,-0.018512703478336,-0.02948210388422,1
-0.017874419689178,-0.23103509098291,-0.066833086311817,1
0.081604659557343,-0.22610855847597,0.038311772048473,1
-0.070836365222931,0.030462644994259,-0.029778033494949,1
-0.045685648918152,0.0053097084164619,-0.013536788523197,1
0.029796838760376,0.20670448988676,0.024950422346592,1
-0.10299676656723,0.019257940351963,-0.060955531895161,1
0.03335040807724,-0.083468716591597,-0.011254139244556,1
0.014441251754761,0.20019387453794,-0.034638769924641,1
0.13969165086746,-0.1426666341722,0.077906362712383,1
0.041241586208344,-0.13993614539504,-0.024294853210449,1
-0.077226936817169,-0.065005972981453,-0.055537007749081,1
0.036153733730316,-0.2130525931716,0.091732688248158,1
-0.13880601525307,-0.017150610685349,-0.073418356478214,1
-0.21575585007668,0.027036763727665,-0.003747396171093,1
-0.016633152961731,0.098200418055058,-0.027866058051586,1
0.027531802654266,-0.26040039211512,0.10230251401663,1
0.13501697778702,-0.27457673102617,0.045139603316784,1
0.16905337572098,-0.18090645968914,0.12489702552557,1
0.047296583652496,-0.29255337268114,0.066923461854458,1
-0.043651878833771,-0.23445538431406,0.161032743752,1
-0.17339992523193,-0.061263285577297,0.2022914364934,1
-0.15511250495911,-0.10040897910949,-0.07053430378437,1
-0.21796360611916,0.02131038159132,0.082147680222988,1
0.17170256376266,-0.2087669223547,0.074541918933392,1
0.0018112063407898,-0.15074892342091,-0.07526446133852,1
-0.072701722383499,0.21429627388716,-0.035007253289223,0
-0.0038455724716187,0.16808792203665,0.024118646979332,1
-0.17529660463333,0.083184622228146,0.1924384906888,1
0.067701458930969,0.056225813925266,-0.029945470392704,1
0.10633587837219,0.2353195771575,0.013492554426193,1
0.15572154521942,0.23406209796667,0.077225305140018,1
0.08268278837204,0.18500494211912,0.088386334478855,1
0.073289215564728,-0.22201507538557,0.02726998925209,1
0.14183902740479,0.19814141839743,0.033053293824196,1
-0.031179785728455,0.085741691291332,0.021982587873936,1
0.078763246536255,-0.081258287653327,0.010183341801167,1
0.054414093494415,0.077538438141346,0.00058985501527786,1
0.1044060587883,-0.086722432635725,-0.050686649978161,1
-0.14808842539787,0.12251245230436,-0.034352608025074,1
-0.085904121398926,-0.12464369274676,0.013270385563374,1
-0.10352835059166,-0.16793273389339,0.12630409747362,1
-0.10239720344543,-0.058143325150013,-0.012631885707378,1
0.039099991321564,-0.21493320912123,0.087970085442066,1
0.012785732746124,0.14674811810255,0.047303564846516,1
-0.12520244717598,-0.11192972678691,0.090630851686001,1
-0.034786522388458,-0.14432597905397,-0.052965000271797,1
-0.082887917757034,-0.080579882487655,0.000705786049366,1
0.16568332910538,0.14838720113039,0.011348567903042,1
0.048482060432434,0.080673210322857,0.013415575027466,1
0.0074126720428467,-0.18083291500807,-0.019280515611172,1
-0.010724365711212,0.20879762619734,0.16157323867083,1
-0.015137434005737,0.13867206126451,-0.0650425106287,1
0.10698372125626,0.2298728749156,0.0053617507219315,1
0.060146689414978,0.060886852443218,0.007128968834877,1
-0.11357349157333,0.039792604744434,-0.01162726432085,1
0.040576815605164,-0.20541150122881,-0.0076185241341591,1
-0.10017421841621,-0.24555807560682,0.12538839131594,1
-0.17736315727234,-0.099614796810783,-0.095500141382217,1
-0.1247883439064,-0.037884876132011,-0.00065090507268906,1
-0.19067534804344,-0.029936596751213,0.10795591026545,1
-0.095742404460907,0.076062239706516,-0.011108420789242,1
0.064736783504486,0.14168398827314,0.042981781065464,1
0.1038339138031,0.12299924343824,-0.074016608297825,1
-0.071195781230927,0.063431970775127,-0.018265597522259,1
0.10091006755829,0.13476061075926,-0.013589270412922,1
0.19305086135864,0.17528744786978,0.051479481160641,1
0.030083417892456,-0.076446890830994,-0.037166617810726,1
-0.13303107023239,0.16167934983969,0.098139010369778,1
0.13555055856705,-0.26825993508101,0.079274274408817,1
-0.018976926803589,-0.15394811332226,0.028756655752659,1
-0.034085869789124,0.069225333631039,-0.021526582539082,1
0.013638854026794,0.17846950143576,-0.059024587273598,1
-0.13206827640533,0.1436989530921,0.014939107000828,1
0.10265725851059,-0.23669778555632,0.11724249273539,1
-0.16850808262825,-0.19611330330372,0.079298220574856,1
-0.022285401821136,-0.273531652987,-0.028856083750725,1
-0.073573142290115,-0.25900489836931,0.060068674385548,1
-0.066366583108902,-0.10271386592649,-0.027983583509922,1
0.0750932097435,-0.083587273955345,0.016749538481236,1
-0.040974259376526,-0.15030549094081,0.040834940969944,1
0.010190904140472,-0.1926831677556,0.021301083266735,1
-0.079932332038879,-0.13863875344396,0.03804275393486,1
-0.15934810042381,-0.11510948743671,0.16181143373251,1
-0.00037848949432373,0.26525732129812,0.0031017735600471,1
0.029740452766418,0.254991941154,-0.025667950510979,1
-0.15783679485321,-0.091480232775211,0.11434119194746,1
-0.22314819693565,-0.076753506436944,-0.066897302865982,1
-0.053672164678574,-0.081861978396773,0.022219322621822,1
-0.13518488407135,0.19138517230749,0.012699358165264,1
-0.094858318567276,0.050790019333363,0.003727562725544,1
-0.13852053880692,-0.15641562268138,-0.0021094903349876,1
0.015535771846771,0.17405840009451,0.032143890857697,1
-0.21685281395912,-0.091800825670362,-0.064692378044128,1
0.06443053483963,-0.11476705782115,0.020479217171669,1
-0.007695198059082,0.20760702341795,-0.021456755697727,1
-0.065947830677032,0.15484233945608,0.006333202123642,1
-0.051646262407303,-0.183169670403,-0.023481748998165,1
-0.12786483764648,-0.12473082542419,-0.054427348077297,1
-0.17991831898689,0.2084287032485,-0.011042349040508,1
-0.052829325199127,0.061880610883236,-0.031653083860874,1
0.14527958631516,0.21737276762724,0.090956337749958,1
-0.092259913682938,0.16512682288885,0.11970151215792,1
-0.13555696606636,0.054161332547665,-0.035275220870972,1
0.019013643264771,0.21129011362791,0.084322713315487,1
-0.087062507867813,0.20282878726721,0.14307583123446,1
0.06894439458847,0.15681075304747,-0.077859126031399,1
0.13100320100784,0.22199692577124,-0.060729049146175,1
-0.0097060799598694,-0.064919102936983,-0.020838864147663,1
-0.042806684970856,0.047469891607761,0.018833987414837,1
0.0079109668731689,0.19268920272589,0.063284873962402,1
-0.0044611692428589,0.21579536050558,0.13243591040373,1
-0.061200559139252,-0.08955901209265,0.0013566389679909,1
-0.20746976137161,-0.13816933333874,0.12115798145533,1
0.084190905094147,-0.16566678881645,0.011074542999268,1
-0.067190557718277,-0.10698967380449,-0.045900397002697,1
0.069293022155762,0.20016791671515,-0.078188665211201,1
-0.15279543399811,-0.0065417885780334,-0.035865925252438,1
-0.24567729234695,-0.08932401612401,0.019311375916004,1
0.19962865114212,0.17517208307981,-0.066160045564175,1
-0.2461171746254,-0.032540805637836,0.069033019244671,1
0.16148322820663,0.16943170875311,0.04957839101553,1
-0.024884104728699,0.13350272923708,-0.0057249367237091,1
-0.018929004669189,0.11948787420988,-0.076312407851219,1
0.084639549255371,0.065015502274036,0.013751693069935,1
-0.0011259317398071,-0.084609011188149,0.021043531596661,1
-0.051010251045227,0.039557851850986,-0.0344512835145,1
0.081900238990784,0.14520072191954,-0.055947721004486,1
0.15524798631668,-0.14584808051586,-0.088323302567005,1
-0.0076140761375427,-0.0727818030864,-0.010218404233456,1
-0.069979667663574,-0.065061993896961,-0.0044842585921288,1
-0.19693005084991,0.06176782399416,-0.012788660824299,1
-0.10480242967606,0.046347819268703,0.03419952839613,1
-0.054465055465698,-0.14091244339943,-0.018580675125122,1
-0.074455380439758,-0.10594204161316,-0.0092641487717628,1
0.077474534511566,0.1210049316287,0.022083409130573,1
-0.036122441291809,0.24173637479544,-0.070579558610916,1
0.12218725681305,0.22965183109045,-0.066784843802452,1
0.081905841827393,0.11129703372717,0.011788994073868,1
-0.15429735183716,0.0011352971196175,-0.017497278749943,1
-0.157684892416,0.034805841743946,-0.023218706250191,1
0.010719776153564,0.10964297503233,0.023607634007931,1
-0.059031128883362,-0.023256197571754,-0.020967990159988,1
-0.16799563169479,-0.10463329963386,-0.013408087193966,1
-0.13838279247284,-0.1210538931191,-0.075527422130108,1
-0.069042503833771,0.0065505057573318,-0.053326033055782,1
0.052703320980072,-0.081906134262681,0.0041786432266235,1
0.070016026496887,0.19373296946287,0.042509868741035,1
-0.1539254784584,0.21230652183294,0.095632515847683,1
0.052047789096832,-0.24642799049616,0.13454505056143,1
-0.16284471750259,0.20986243337393,0.084479175508022,1
-0.16301283240318,0.093232683837414,0.062809817492962,1
0.16342574357986,0.22417106479406,-0.029455780982971,1
-0.11703744530678,0.015958078205585,-0.002360500395298,1
0.016837775707245,-0.069859817624092,0.0043661221861839,1
0.001758873462677,-0.15236467123032,-0.080600239336491,1
0.05120724439621,0.078991882503033,-0.015832833945751,1
-0.23604029417038,0.10249698907137,-0.040958926081657,1
0.17692232131958,-0.18561396002769,-0.086129389703274,1
-0.12469232082367,-0.079243578016758,0.048887260258198,1
0.059082806110382,-0.077516188845038,0.012386284768581,1
0.16211467981339,-0.16545562446117,-0.044574685394764,1
-0.13771641254425,-0.17502918094397,0.12699722498655,1
0.0033130049705505,-0.24168244749308,-0.072582595050335,1
-0.058471232652664,0.20661728829145,-0.086275540292263,1
0.10666483640671,-0.19945833086967,-0.050518162548542,1
0.086920976638794,-0.19985415041447,0.1019901111722,1
0.1756380200386,-0.17218936234713,0.18972376734018,1
-0.093213737010956,-0.21632061898708,0.17210907489061,1
-0.081480443477631,-0.13575036078691,-0.040921822190285,1
0.10324537754059,-0.25119642168283,0.13395354896784,1
0.12458831071854,-0.12291730940342,-0.093371570110321,1
0.039603412151337,-0.22291269153357,0.15800560265779,1
-0.15154814720154,-0.0027019679546356,0.047072939574718,1
0.10467940568924,0.23657136410475,-0.02241825312376,1
-0.24813291430473,-0.054003242403269,-0.029645271599293,1
0.049716293811798,-0.058131836354733,0.0032753869891167,1
-0.080411612987518,0.071209378540516,-0.00025758892297745,1
0.039637267589569,-0.1064132922329,0.0037849918007851,1
-0.11196187138557,-0.24902103096247,0.0035484656691551,1
-0.00020647048950195,-0.15005239471793,-0.0081169456243515,1
-0.11319983005524,0.15819343179464,0.10737024992704,1
0.093036592006683,0.19486262649298,-0.037354573607445,1
-0.18482899665833,0.087177433073521,-0.069605737924576,1
0.061218976974487,0.19332402199507,-0.078893400728703,1
0.14643388986588,-0.18549975752831,-0.086267374455929,1
-0.0013321042060852,0.09719830006361,-0.012972742319107,1
-0.10497796535492,-0.028100878000259,0.013245917856693,1
-0.071128338575363,-0.029320694506168,0.021571628749371,1
-0.17117559909821,0.14572938531637,0.10947809368372,1
0.087112367153168,-0.13616332411766,0.051043279469013,1
0.12597697973251,-0.23863572627306,0.11687601357698,1
0.05936473608017,-0.1542570181191,-0.072029516100883,1
-0.1061155796051,0.10210598260164,-0.075803764164448,1
-0.13250523805618,0.12874519079924,0.034124903380871,1
0.091488778591156,0.10180931538343,0.0050582885742188,1
-0.025728762149811,-0.04070458561182,-0.014376185834408,1
-0.078452050685883,0.27311592549086,0.03412301838398,1
-0.077108412981033,-0.23577476292849,0.033877797424793,1
0.12916988134384,-0.19255393743515,0.060793168842793,1
-0.0088318586349487,0.25872065871954,0.11922750622034,1
0.025374889373779,0.077515341341496,-0.0054154023528099,1
0.055649220943451,0.053449578583241,-0.0053549408912659,1
-0.17734897136688,0.07115987688303,0.13541074842215,1
-0.0041819214820862,-0.078333850950003,-0.014186061918736,1
0.11524623632431,0.11399748176336,0.0047089010477066,1
-0.13229256868362,0.043700031936169,0.011738337576389,1
-0.026920557022095,0.20627375692129,0.15365178138018,1
0.07299929857254,-0.2113353535533,0.070334561169147,1
-0.20544224977493,-0.045941513031721,0.1340511366725,1
-0.024361193180084,0.028888054192066,0.004970945417881,1
-0.09772852063179,0.1769257709384,0.20396424084902,1
0.14242416620255,-0.21755469590425,-0.0069742947816849,1
0.09796130657196,0.12504092603922,0.012293621897697,1
0.01543778181076,-0.22957048565149,0.16644371300936,1
0.016503155231476,0.24268960207701,0.14473847299814,1
-0.15807232260704,-0.1258049402386,-0.045023985207081,1
-0.071858674287796,0.18590673059225,0.1234325543046,1
-0.16126847267151,-0.15134014189243,-0.014360584318638,1
-0.052999883890152,0.24864976853132,-0.012626633048058,1
-0.00087052583694458,-0.080910930410028,-0.0014523863792419,1
0.091036319732666,0.18919330090284,-0.0087592825293541,1
-0.12404781579971,0.064751796424389,-0.0048983469605446,1
-0.073132634162903,-0.19084894657135,0.1023286357522,1
0.0973179936409,0.22092827409506,-0.037431113421917,1
-0.1904005408287,-0.052989158779383,0.16757058352232,1
-0.053261876106262,-0.17346382886171,0.066462978720665,1
0.039663910865784,0.25316264480352,-0.015227474272251,1
0.0082067251205444,0.23732855170965,0.089518554508686,1
-0.17093682289124,0.16680946201086,-0.027429185807705,1
0.041577279567719,0.065920375287533,0.0020324811339378,1
-0.24486857652664,-0.050177197903395,-0.061715319752693,1
-0.0035911202430725,-0.084170633926988,0.0014512315392494,1
-0.045537173748016,-0.039744839072227,-0.010191880166531,1
-0.21125105023384,0.082392118871212,-0.084478735923767,1
-0.11916247010231,0.13244429975748,0.11413828283548,1
-0.046353399753571,0.088805414736271,0.021094955503941,1
-0.012401938438416,-0.063288208097219,-0.00045348703861237,1
-0.0099818706512451,0.06915033608675,-0.023168109357357,1
0.17759126424789,-0.18908561766148,0.14907934516668,1
0.077729463577271,0.26765241473913,0.012875840067863,1
0.19229733943939,0.21005295962095,0.0011759400367737,1
-0.034323513507843,-0.011855393648148,0.0019995048642159,1
-0.029327690601349,-0.090994941070676,-0.0060312002897263,1
0.049645304679871,-0.15152831375599,-0.052758611738682,1
0.086998105049133,-0.14002009853721,0.051697582006454,1
0.074283003807068,-0.18546935915947,-0.080452591180801,1
-0.02089250087738,-0.27391270548105,0.070162035524845,1
-0.047579109668732,-0.036033071577549,0.00075218826532364,1
-0.074687480926514,0.011262662708759,-0.0067970231175423,1
0.038527309894562,-0.11354806087911,0.014892548322678,1
-0.051693707704544,0.13785695284605,-0.05175107717514,1
0.094801962375641,-0.20662242919207,0.20176709443331,1
-0.15518048405647,0.16914864629507,0.04411642998457,1
-0.17677599191666,-0.19639962911606,0.061648763716221,1
-0.037849247455597,-0.040460735559464,-0.029060654342175,1
-0.11433127522469,0.16366901248693,0.11972972005606,1
0.0095884799957275,-0.071067996323109,-0.029589533805847,1
-0.033145844936371,0.26686730235815,0.076877184212208,1
-0.18517732620239,-0.12887961789966,0.083225093781948,1
0.022554278373718,-0.26347792893648,0.061655066907406,1
-0.12855908274651,-0.1112573063001,-0.045543871819973,1
0.069931924343109,0.070219330489635,-0.02037750184536,1
-0.14624339342117,0.096454612910748,-0.0018721893429756,1
-0.029630124568939,-0.1493741646409,0.022874444723129,1
0.054778695106506,0.21505665034056,0.16895029693842,1
-0.20325580239296,-0.080469131469727,0.1559477224946,1
-0.045572340488434,-0.060239497572184,0.022037707269192,1
-0.085099637508392,0.090903244912624,0.0058772638440132,1
-0.22628054022789,-0.04894831776619,-0.0079704895615578,1
-0.074764668941498,-0.21388987451792,0.0090156048536301,1
-0.11644974350929,0.011114276945591,-0.057606056332588,1
-0.022605419158936,-0.28957300633192,0.047393903136253,1
-0.12789851427078,0.03678435832262,-0.018147774040699,1
0.075846374034882,0.065084002912045,0.018088333308697,1
-0.20796132087708,-0.070458216592669,0.10855696350336,1
0.055387616157532,-0.12792476639152,-0.01327770203352,1
0.14261156320572,0.20324864238501,-0.09042826294899,1
0.033913314342499,-0.072493413463235,0.0038075819611549,1
-0.096112161874771,-0.23728916794062,0.037474125623703,1
0.04577761888504,-0.13752554357052,-0.039028041064739,1
0.085783660411835,-0.15637359023094,-0.030755646526814,1
-0.11043730378151,-0.20893093943596,0.018481321632862,1
-0.20485132932663,0.012133590877056,-0.02398919314146,1
-0.079009562730789,-0.14541678130627,0.051503583788872,1
-0.16024494171143,0.094166733324528,0.15662644058466,1
0.077427446842194,-0.085493369027972,-0.00092869251966476,1
0.10280680656433,0.24190100282431,0.095577962696552,1
-0.083723217248917,0.1901638135314,-0.01260083168745,1
-0.10519996285439,0.25677206367254,-0.018654383718967,0
-0.11599054932594,0.049654833972454,-0.040184922516346,1
-0.11313498020172,-0.18973926454782,0.095974184572697,1
0.046494543552399,0.063462220132351,-0.009376622736454,1
0.057522833347321,-0.12627658806741,-0.0014979317784309,1
0.024135887622833,-0.17805539816618,-0.040972858667374,1
0.11322015523911,-0.11600918695331,-0.089675582945347,1
-0.038099586963654,-0.038517780601978,0.0065616294741631,1
-0.14849337935448,0.13910750299692,0.02622514218092,1
-0.084731876850128,0.21017091721296,0.12090343981981,1
0.05731475353241,0.16387429088354,0.0010873824357986,1
-0.036038517951965,0.17307930439711,0.051361121237278,1
0.21290773153305,-0.19686442613602,-0.03217925876379,1
0.053980588912964,0.26098700612783,-0.045458674430847,1
-0.22683894634247,0.1267172768712,-0.036705888807774,1
-0.10246834158897,-0.15211781859398,0.025777325034142,1
-0.16054707765579,-0.03040423989296,0.06751387566328,1
-0.16015702486038,-0.088376521132886,-0.027390703558922,1
0.10203808546066,0.23145475238562,0.16944365948439,1
-0.14839297533035,-0.085218708030879,-0.065306507050991,1
-0.024629771709442,0.032113932073116,0.0038318410515785,1
0.094704210758209,0.18152966350317,0.037809625267982,1
0.067737996578217,-0.19620982557535,0.091914184391499,1
-0.13245120644569,-0.19972659647465,-0.040375471115112,1
0.06320184469223,0.24386616796255,0.13537063449621,1
0.13869851827621,0.25795694440603,-0.014886640012264,1
-0.22103810310364,0.068784914910793,-0.05022119730711,1
-0.04369705915451,0.086552791297436,0.0046718493103981,1
-0.038111090660095,0.059278927743435,0.0043446496129036,1
0.1513364315033,-0.16890425980091,0.018349058926105,1
-0.20750012993813,-0.021867454051971,0.018512822687626,1
0.14454090595245,0.12538582831621,0.04203899949789,1
-0.17670252919197,0.15871246904135,0.063327752053738,1
-0.026515781879425,-0.055102713406086,-0.0033173784613609,1
-0.012704730033875,-0.13176462054253,0.006585918366909,1
0.023491740226746,-0.19034564495087,-0.079427629709244,1
-0.24873498082161,0.0035358965396881,0.065969802439213,1
-0.016602158546448,-0.039540566504002,-0.0040245428681374,1
0.090450942516327,-0.27925197035074,0.0330565944314,1
-0.12197971343994,0.026217557489872,0.032697416841984,1
-0.23751619458199,-0.11772449500859,0.0080378130078316,1
0.026645123958588,0.25225915759802,-0.073493108153343,1
0.053997814655304,0.1529571339488,-0.0021956488490105,1
0.097936928272247,0.19476177543402,0.14778275042772,1
0.0015910267829895,-0.078907415270805,-0.00055348128080368,1
-0.17106387019157,-0.080022055655718,0.18916649371386,1
-0.04282134771347,0.0037695914506912,-0.00754364579916,1
-0.05556657910347,-0.26068147271872,0.07406247407198,1
-0.063483595848083,0.20231731981039,-0.033628933131695,1
-0.14134114980698,0.10248028486967,0.11030269414186,1
-0.094393610954285,0.060005597770214,0.022012047469616,1
0.047446846961975,0.088205091655254,0.022223606705666,1
-0.026982367038727,-0.12194917164743,-0.069308184087276,1
0.16941559314728,-0.15603765845299,0.13292629271746,1
0.066170930862427,-0.2175193503499,-0.00072728097438812,1
0.19201415777206,-0.21823428571224,0.076550669968128,1
0.0030578970909119,-0.23917103558779,0.037589013576508,1
-0.20168235898018,0.17255511134863,-0.023922361433506,1
-0.083533018827438,-0.08334400318563,-0.063310123980045,1
0.058025240898132,-0.23906985670328,0.09077426046133,1
-0.23918786644936,0.049371458590031,0.13024755567312,1
-0.092764854431152,-0.0099618509411812,-0.034698374569416,1
-0.090857684612274,-0.02240788936615,0.011974297463894,1
0.065625846385956,-0.055068604648113,-0.018098287284374,1
-0.10736775398254,0.0021799653768539,-0.043265201151371,1
-0.002610981464386,0.060324512422085,0.0063067078590393,1
0.12919551134109,-0.17803635448217,0.055156148970127,1
0.099934816360474,-0.26053258031607,0.080243490636349,1
-0.089302152395248,-0.018401369452477,0.0086917504668236,1
0.017235040664673,-0.21965099871159,-0.068896166980267,1
0.15880364179611,-0.16523309797049,-0.07205218821764,1
-0.065770536661148,-0.25565115362406,0.043642476201057,1
-0.17447671294212,-0.13306179270148,-0.051768876612186,1
-0.026331841945648,-0.10379814449698,0.0047981590032578,1
0.0072116255760193,0.18069466203451,0.023528553545475,1
0.18000763654709,-0.19351027160883,-0.071080930531025,1
-0.058947861194611,-0.19061507284641,-0.022817112505436,1
-0.1831342279911,0.089832864701748,-0.013584144413471,1
0.10143196582794,-0.19556058198214,-0.073448449373245,1
-0.11115083098412,-0.15023951977491,-0.072477169334888,1
0.042392730712891,0.10247238725424,0.0083330273628235,1
0.067396700382233,-0.071777690201998,0.0041884630918503,1
-0.25166818499565,-0.006228968501091,-0.052918784320354,1
-0.18958050012589,0.19163259118795,0.071642763912678,1
-0.075542122125626,-0.0039667934179306,-0.041991136968136,1
0.11526393890381,0.18076052516699,0.0060309544205666,1
-0.08364725112915,0.19984074681997,-0.089278310537338,0
0.085268557071686,0.28460734337568,0.0070953145623207,1
-0.229073792696,0.012029491364956,0.055772222578526,1
-0.13680294156075,-0.20632097125053,0.022800631821156,1
-0.14563843607903,-0.063791796565056,0.005942739546299,1
-0.14780753850937,-0.0098328068852425,0.074011482298374,1
-0.011323630809784,-0.18543229997158,0.020471639931202,1
-0.12140461802483,0.2336350902915,0.031331025063992,1
-0.030003488063812,-0.16411244869232,-0.054129160940647,1
-0.16304725408554,0.07654745131731,0.077770210802555,1
-0.0067984461784363,0.12144239991903,-0.0055190175771713,1
-0.030154287815094,-0.050956975668669,-0.0096716955304146,1
0.086610019207001,-0.20089819282293,0.091386415064335,1
0.1224165558815,0.1399612352252,-0.070464484393597,1
-0.11549231410027,0.25922980159521,0.017673030495644,1
-0.26297771930695,0.022644825279713,0.0045249536633492,1
-0.18980154395103,0.10631418973207,0.10167933255434,1
-0.066691607236862,-0.14204368367791,-0.036164492368698,1
-0.045225918292999,0.02017118036747,-0.026433721184731,1
0.18006163835526,-0.15911271050572,0.066956646740437,1
-0.023617565631866,0.084556899964809,-0.023460350930691,1
0.048598229885101,-0.20763144642115,0.2053237631917,1
0.12700456380844,-0.14346953853965,-0.043053783476353,1
-0.011363089084625,-0.21341455727816,0.0059351548552513,1
0.10940188169479,-0.12257527001202,-0.08690107613802,1
0.042373955249786,0.10583191365004,0.0085157081484795,1
0.057075560092926,-0.12942452542484,-0.082018718123436,1
-0.0046035051345825,-0.19496709853411,-0.092162571847439,1
-0.20589768886566,-0.033155478537083,0.1183093264699,1
-0.11427900195122,-0.11482977680862,0.067071460187435,1
-0.21029931306839,-0.063573200255632,0.086734779179096,1
-0.090702325105667,-0.099895767867565,-0.082612119615078,1
0.10410165786743,-0.19655054807663,0.085889436304569,1
-0.018442392349243,0.11189981549978,-0.010743632912636,1
-0.043967485427856,0.1771097406745,-0.099008530378342,1
-0.083807021379471,0.027100436389446,-0.010699860751629,1
0.052920997142792,-0.1980969235301,-0.048686198890209,1
-0.16543081402779,0.056923232972622,0.046847723424435,1
0.021507859230042,0.18607067316771,0.043468147516251,1
-0.12487348914146,0.017368346452713,-0.044029988348484,1
-0.24992996454239,0.09917788952589,0.043293364346027,1
0.14069771766663,0.22980412095785,0.051704339683056,1
-0.016853809356689,0.21503212302923,0.16719549149275,1
0.1097104549408,-0.20866499096155,0.15002494305372,1
-0.14727213978767,0.17903830856085,0.033008016645908,1
0.055442869663239,-0.14705508202314,-0.012410260736942,1
-0.051876276731491,-0.047861728817225,-0.0471386089921,1
0.038486242294312,-0.15169092267752,-0.061901658773422,1
-0.21987345814705,-0.02231078594923,-0.01727256923914,1
-0.058324038982391,0.22410889714956,-0.071995466947556,0
-0.12399989366531,0.029873348772526,0.053383119404316,1
0.08191442489624,0.16195126622915,0.0062081590294838,1
0.075843870639801,-0.10452535469085,0.014197953045368,1
-0.094316452741623,0.2223704084754,0.053211361169815,1
-0.12387815117836,0.20789452642202,0.15188213437796,1
-0.21015536785126,0.095872975885868,0.0054063871502876,1
0.047057151794434,-0.056738886982203,0.0047405660152435,1
-0.080520510673523,-0.16704066097736,0.063353829085827,1
-0.0047915577888489,0.07953991740942,0.008514903485775,1
0.080778181552887,0.19716124981642,0.046966306865215,1
-0.16533812880516,-0.031156167387962,-0.041889928281307,1
-0.0057449340820312,0.24094571918249,0.066572248935699,1
0.001568615436554,0.19228949397802,-0.028895430266857,1
-0.048329591751099,-0.19106803834438,0.20081496983767,1
0.11168944835663,0.2019193097949,0.20087135583162,1
0.020096123218536,0.23208164423704,0.052916772663593,1
-0.047780573368073,0.056435935199261,0.015243671834469,1
0.20405858755112,-0.18430079519749,0.0015788301825523,1
-0.067488968372345,0.20243635028601,-0.034867160022259,0
-0.13094997406006,0.17372562736273,0.15137671679258,1
-0.22435545921326,0.04555656760931,0.13572143763304,1
-0.085481554269791,-0.21004523336887,-0.011502236127853,1
-0.21499574184418,0.02614613622427,-0.0811807513237,1
0.016093373298645,0.058566235005856,-0.008388064801693,1
-0.050629019737244,0.12215930968523,0.011063300073147,1
-0.051363974809647,0.084924153983593,-0.0034988448023796,1
0.18512099981308,0.20979955047369,-0.014057673513889,1
-0.13865679502487,-0.15026940777898,0.099191300570965,1
-0.22405305504799,-0.020555883646011,0.051497019827366,1
-0.054969102144241,-0.23573998361826,0.094867832958698,1
0.16453915834427,0.18503089994192,-0.033323459327221,1
-0.1824089884758,-0.12307556159794,0.10466412454844,1
0.13724482059479,0.16000666469336,0.036785386502743,1
0.10787349939346,-0.19445164501667,0.1339443102479,1
0.021222591400146,-0.057629846036434,-0.0059675201773643,1
0.11244589090347,0.1231534704566,-0.022937640547752,1
0.098691761493683,-0.22685048729181,0.011076115071774,1
0.029142558574677,0.13861884921789,-0.026905357837677,1
-0.063848555088043,0.20009129494429,-0.095499686896801,1
-0.13716530799866,0.17055302113295,-0.053878910839558,0
-0.2105855345726,0.0033650547266006,0.10832112282515,1
0.15287703275681,-0.20837929844856,0.076860032975674,1
-0.17169922590256,-0.045802805572748,0.025074295699596,1
-0.10039240121841,-0.23899690061808,0.046986602246761,1
-0.068430215120316,-0.19081007689238,-0.069815814495087,1
0.046168982982635,-0.18454651534557,-0.085431057959795,1
0.049101173877716,-0.23423189669847,0.14509470015764,1
-0.18174067139626,-0.12482213042676,0.096145741641521,1
-0.078719079494476,0.19716545194387,-0.0011391863226891,1
0.11412709951401,0.20581444352865,0.071522913873196,1
0.074779450893402,-0.056040573865175,0.0068156346678734,1
0.187116086483,0.20971640199423,-0.035672724246979,1
0.081154882907867,-0.21223469823599,-0.035469718277454,1
0.059933960437775,0.086530856788158,-0.022483207285404,1
0.070805728435516,-0.20742148160934,0.093697585165501,1
-0.20083275437355,0.10862933844328,0.090148963034153,1
-0.11671495437622,-0.23607511073351,0.076807267963886,1
-0.16197389364243,0.12166664749384,-0.066084019839764,1
-0.10389882326126,-0.10624808399007,-0.030291311442852,1
-0.063776046037674,0.23612173646688,0.052973799407482,1
-0.21801874041557,-0.012500561773777,0.024816833436489,1
-0.071073025465012,-0.27098751813173,0.089348919689655,1
0.19393050670624,-0.19289334118366,-0.081770367920399,1
0.0047091841697693,0.11419511586428,0.023147694766521,1
0.041286051273346,0.27896331995726,-0.050275333225727,1
-0.010914862155914,0.088417939841747,-0.017546243965626,1
-0.06428337097168,0.021753840148449,-0.01830817013979,1
-0.093395799398422,0.15861343592405,0.10699857026339,1
0.018997430801392,0.17339637130499,-0.011325240135193,1
-0.022589147090912,0.11506868153811,0.0021891966462135,1
0.060383319854736,0.071380667388439,-0.03075597435236,1
-0.095249563455582,0.097962357103825,-0.049594931304455,1
0.10192215442657,-0.13564416021109,-0.017877422273159,1
0.042499840259552,0.18306832760572,0.050847254693508,1
-0.14685413241386,-0.021096371114254,-0.081707745790482,1
-0.15789529681206,-0.10099024337251,-0.065266162157059,1
-0.002728283405304,-0.095751914661378,0.014799386262894,1
-0.0013666749000549,0.20793580263853,-0.091072726994753,1
-0.080770283937454,0.089877404272556,-0.018940441310406,1
0.10122239589691,-0.20869895070791,0.13193763047457,1
0.18519288301468,-0.23049653321505,0.04845317453146,1
0.034699380397797,-0.21939630061388,0.11512199789286,1
0.084912478923798,0.063880480825901,0.010165713727474,1
-0.18051666021347,0.074409998953342,0.099401570856571,1
-0.023334681987762,-0.037476010620594,-0.010459192097187,1
0.13665008544922,-0.23043362051249,0.068581782281399,1
0.080603063106537,0.14677936583757,-0.010767661035061,1
0.079047858715057,0.25525315850973,0.11742723733187,1
-0.0015265941619873,0.16176106780767,-0.038794592022896,1
-0.12146148085594,0.19885417073965,0.11386456340551,1
-0.20104199647903,0.11603831499815,0.080690287053585,1
-0.0079609155654907,0.098384909331799,-0.0027312934398651,1
0.15758639574051,-0.17761559784412,-0.052612148225307,1
0.13148635625839,0.23455303162336,-0.053264424204826,1
-0.042622327804565,0.0918795093894,-0.045330010354519,1
0.05200856924057,-0.070554221048951,-0.0065800324082375,1
-0.18574273586273,-0.10978592559695,-0.070493429899216,1
-0.18877190351486,-0.0099338293075562,0.1339180842042,1
-0.15391114354134,0.15678455680609,-0.078756101429462,1
0.089533805847168,-0.25232861191034,0.071569867432117,1
-0.13547217845917,-0.11331354081631,-0.01719918102026,1
-0.10127493739128,-0.047388203442097,-0.014719195663929,1
-0.049143612384796,0.1154622361064,-0.025684036314487,1
-0.055764049291611,-0.14130123332143,0.0064801424741745,1
-0.18044039607048,-0.13655722141266,0.052579753100872,1
-0.054850816726685,0.22750296443701,0.037676922976971,1
-0.075822472572327,0.19322111457586,0.080598957836628,1
0.0032011270523071,0.25334411114454,0.13271412998438,1
0.12802976369858,0.20649202913046,-0.034827060997486,1
-0.10621100664139,0.23635276407003,-0.061641924083233,0
-0.048688590526581,-0.10860125999898,-0.028153464198112,1
0.053690016269684,0.080610744655132,-0.015622340142727,1
-0.076355904340744,-0.081257550045848,-0.053038559854031,1
-0.097899556159973,-0.038674365729094,-0.00053059309720993,1
0.17750573158264,0.15704213827848,0.15272601693869,1
-0.20807844400406,0.02705629914999,0.097952596843243,1
0.041367590427399,0.068538509309292,-0.02823843806982,1
-0.070274084806442,0.0026909932494164,-0.057259172201157,1
-0.15717649459839,-0.22526179999113,0.063857860863209,1
-0.2293004989624,0.090167306363583,-0.025259010493755,1
-0.10464745759964,-0.2467272952199,-0.016893535852432,1
-0.18700954318047,-0.012855634093285,0.20594612509012,1
0.051364898681641,-0.19068130105734,0.079087994992733,1
-0.0354083776474,-0.19669665396214,0.016959205269814,1
0.14966517686844,0.25253798812628,0.098071448504925,1
-0.18475431203842,0.13442005962133,0.13715466111898,1
-0.076510965824127,-0.0072385743260384,-0.065407156944275,1
0.076029479503632,-0.2091566696763,0.10730201750994,1
-0.0462646484375,0.094060756266117,-0.07830660790205,1
0.030504524707794,-0.18643361330032,0.018430925905704,1
0.100162088871,-0.18234486877918,0.10622753947973,1
-0.17627292871475,-0.03165502846241,0.0052870735526085,1
0.13610100746155,0.18525972217321,-0.045187696814537,1
-0.088620901107788,0.099472500383854,-0.046930707991123,1
0.15575855970383,0.14225620776415,0.083272136747837,1
-0.050584465265274,-0.1856247484684,0.066081024706364,1
-0.058314591646194,-0.0040120556950569,-0.046220682561398,1
-0.17276239395142,0.14288172870874,0.08381711691618,1
-0.12270686030388,0.1636565849185,0.0864013209939,1
-0.021361112594604,0.0590805336833,0.010843805968761,1
-0.17624536156654,-0.077267648652196,0.11396966129541,1
-0.078026950359344,-0.23185027390718,-0.08606880158186,1
0.1782785654068,0.18208890408278,-0.0085484832525253,1
-0.021114408969879,-0.15110925957561,0.056032501161098,1
-0.062366306781769,-0.00061100721359253,0.012750633060932,1
0.068328082561493,0.19079291075468,-0.0569768846035,1
0.1231803894043,0.10909727960825,0.036507271230221,1
0.046787440776825,0.12617594748735,0.025506131350994,1
-0.025841236114502,0.049199320375919,-0.012459211051464,1
-0.032795250415802,0.16273891180754,0.068834699690342,1
-0.16887024044991,-0.1944567412138,-0.059270910918713,1
0.12442028522491,0.21240334957838,0.06727859377861,1
0.15887784957886,-0.18762052804232,-0.0032744482159615,1
-0.15323388576508,0.16569008678198,0.11368802934885,1
-0.025272965431213,0.22160988301039,0.090582244098186,1
-0.13669621944427,0.18011575192213,0.12042147666216,1
-0.11785328388214,-0.16955110430717,-0.093376822769642,1
-0.016294956207275,0.04701779037714,0.0029384270310402,1
0.072195887565613,0.064667545258999,0.00024693459272385,1
-0.16651439666748,0.047193519771099,-0.071525655686855,1
-0.016119062900543,-0.21671313792467,-0.097771413624287,1
-0.11866769194603,0.19418992847204,0.020429946482182,1
-0.083398282527924,-0.24633935838938,0.10053644329309,1
-0.16428259015083,0.058636702597141,-0.0043859258294106,1
-0.010679543018341,-0.059082329273224,-0.0010969489812851,1
-3.516674041748e-06,-0.2060370221734,0.046052940189838,1
-0.06420761346817,0.24093159288168,-0.025405138731003,1
0.16477662324905,-0.19018502533436,-0.033997036516666,1
-0.081970393657684,0.10808471590281,-0.058943323791027,1
-0.082392424345016,0.11103826016188,-0.0087088420987129,1
-0.082950949668884,0.12224446982145,0.0012838467955589,1
-0.056607186794281,0.010006353259087,0.0017850175499916,1
0.1938903927803,-0.22926027327776,0.090980835258961,1
-0.22893518209457,-0.012468628585339,-0.020982891321182,1
0.046804130077362,-0.12629103288054,-0.076068207621574,1
0.1986231803894,-0.19971454143524,0.056411065161228,1
-0.17566308379173,0.20599444955587,-0.016416914761066,1
-0.15404033660889,-0.057409361004829,0.016202740371227,1
-0.1671661734581,-0.097482584416866,0.11359379440546,1
-0.033081412315369,0.19465085119009,0.055816121399403,1
-0.078129380941391,-0.056821707636118,0.022560350596905,1
0.065880835056305,-0.069962194189429,-0.0013498738408089,1
0.041442632675171,0.21453460305929,0.12252838164568,1
-0.13240256905556,-0.0349330753088,0.0055431053042412,1
0.0041734576225281,0.11972456425428,-0.0024776235222816,1
-0.0030680894851685,-0.074462462216616,0.012827925384045,1
0.039372563362122,0.20776408165693,-0.056834660470486,1
-0.033513069152832,0.14898868650198,0.051000267267227,1
-0.1028870344162,-0.13849828392267,-0.049775667488575,1
0.022119224071503,-0.070952780544758,-0.030360639095306,1
0.19765263795853,-0.18981640785933,0.10419902950525,1
0.01635867357254,-0.07088204100728,-0.0032875090837479,1
0.074047744274139,0.19914429634809,0.15078146010637,1
0.0082550048828125,-0.069533925503492,0.0061428174376488,1
-0.07368466258049,0.096678607165813,-0.03424433618784,1
0.16850280761719,-0.15455591678619,0.038912959396839,1
-0.21736013889313,-0.11454675439745,0.01079148799181,1
0.021091043949127,-0.23648732155561,0.014570184051991,1
-0.24777138233185,-0.025625243782997,0.030790738761425,1
-0.054576873779297,-0.035024426877499,0.012166239321232,1
0.049976766109467,0.060894720256329,-0.0019466578960419,1
0.12443470954895,0.19405814260244,0.085992194712162,1
-0.083441197872162,0.14755467325449,-0.058988846838474,0
-0.012759506702423,-0.15395390614867,-0.052247039973736,1
0.083466589450836,-0.1100141890347,-0.059592306613922,1
-0.21292406320572,0.11929080635309,-0.075103394687176,1
0.073950350284576,-0.17075131833553,-0.074454374611378,1
-0.078053593635559,-0.017894871532917,-0.0019537732005119,1
-0.013500094413757,-0.15371923148632,-0.019734926521778,1
-0.23235291242599,0.050552539527416,0.11603308469057,1
-0.078473120927811,-0.017951592803001,-0.034469969570637,1
-0.1003854572773,-0.14480429887772,-0.086518310010433,1
0.042980253696442,0.23231469839811,-0.072369866073132,1
-0.023521602153778,-0.04036358371377,0.0052752867341042,1
-0.038969337940216,0.015509121119976,0.0056470707058907,1
-0.03570169210434,-0.16841161996126,0.069046035408974,1
-0.025339066982269,0.085588477551937,0.014204546809196,1
-0.12994205951691,-0.036741599440575,0.031019829213619,1
0.050195574760437,0.19336896389723,0.089161820709705,1
0.048157811164856,-0.12457235902548,-0.08222983777523,1
0.096210479736328,0.20658101886511,-0.0053404793143272,1
-0.017934203147888,0.18115790933371,0.014179088175297,1
0.0053536891937256,-0.22193148732185,0.13534919172525,1
-0.14366370439529,0.14303339272738,-0.046280480921268,1
-0.13901111483574,0.18407096713781,-0.01681163161993,1
-0.00093108415603638,-0.13998721167445,-0.090081363916397,1
0.054302155971527,0.099282406270504,-0.050557695329189,1
-0.090132832527161,0.020627737045288,-0.043656282126904,1
-0.16466870903969,-0.026127174496651,-0.0072272643446922,1
0.090448498725891,-0.12911695986986,-0.03242988884449,1
0.087229549884796,-0.11275586951524,-0.029533214867115,1
-0.067111909389496,0.035482697188854,0.012569643557072,1
-0.25220832228661,-0.079020999372005,0.072717376053333,1
0.11207622289658,0.15996488183737,-0.021757841110229,1
0.012647032737732,-0.12257394380867,-0.030041337013245,1
-0.087842971086502,-0.068448938429356,0.0082358494400978,1
0.059925019741058,-0.074135676026344,0.0046788081526756,1
0.0083000063896179,0.071917615830898,-0.022202052175999,1
0.10109740495682,-0.24362982064486,-0.066978320479393,1
-0.15355458855629,-0.07233483530581,0.0046756491065025,1
-0.028524160385132,0.1224661692977,-0.030555427074432,1
-0.066102683544159,0.25860520452261,0.1274277344346,1
0.17482423782349,0.23759438842535,0.0035481825470924,1
-0.11742022633553,-0.11444550193846,0.034893341362476,1
-0.076547533273697,-0.046449337154627,0.017840303480625,1
-0.035960018634796,0.040575079619884,-0.019647859036922,1
-0.094688147306442,-0.0092004835605621,-0.014945186674595,1
0.074045598506927,0.098662726581097,0.014500580728054,1
0.018561542034149,0.14169768244028,-0.030840426683426,1
0.1201343536377,0.23316698521376,-0.025560840964317,1
0.11012601852417,-0.26729605346918,0.01608981192112,1
0.047143638134003,-0.16413297504187,0.043273635208607,1
-0.15663087368011,-0.036202169954777,-0.023991867899895,1
0.071525752544403,0.21370654553175,0.028487339615822,1
-0.13332206010818,-0.16340553015471,0.083077244460583,1
-0.041374504566193,-0.21420215070248,0.1735922768712,1
-0.085159420967102,-0.029130108654499,-0.032237678766251,1
-0.11259889602661,0.12682753056288,0.08530355244875,1
0.069463670253754,0.056963346898556,-0.028408743441105,1
-0.26356136798859,0.04985523968935,0.056493707001209,1
0.072172224521637,0.17573788017035,0.030671164393425,1
-0.08381387591362,0.2587952837348,0.045815609395504,1
0.154689848423,-0.1735106036067,-0.092528961598873,1
-0.2246205508709,-0.12324097752571,0.051661588251591,1
-0.17019513249397,0.15899329632521,0.0080050453543663,1
-0.067593038082123,-0.05938907340169,-0.027554728090763,1
-0.075292944908142,0.057218946516514,0.0042698606848717,1
-0.065609872341156,-0.25991073995829,0.0010219588875771,1
0.0098475813865662,-0.16515053808689,0.0374551191926,1
-0.12964773178101,0.11770438402891,0.018362648785114,1
-0.23275876045227,0.10249640792608,-0.034553945064545,1
-0.10153517127037,-0.12926523946226,0.044192247092724,1
-0.20187741518021,0.068781532347202,0.13445133715868,1
0.094007909297943,-0.17605641484261,-0.094121292233467,1
-0.10434231162071,-0.041467484086752,-0.069588281214237,1
0.053158462047577,0.086972139775753,-0.029947727918625,1
0.15770077705383,-0.20361976325512,0.11478170007467,1
-0.21320191025734,-0.041940100491047,0.12666793912649,1
-0.13014560937881,0.043465249240398,-0.047003656625748,1
-0.24344089627266,-0.10917627904564,0.01827023178339,1
0.027045249938965,0.088916055858135,-0.039452441036701,1
0.10511738061905,-0.21042250096798,0.0034446492791176,1
0.044538557529449,-0.11070125363767,0.0092737972736359,1
0.058801472187042,-0.056255344301462,0.002738282084465,1
0.10988128185272,0.13374187797308,-0.078343443572521,1
-0.21757605671883,0.011760115623474,-0.044486038386822,1
-0.1572268307209,-0.15091706439853,0.07382682710886,1
-0.054372638463974,-0.022079840302467,-0.027200639247894,1
-0.024563729763031,-0.052042338997126,-0.029454238712788,1
0.1112904548645,0.19422750920057,-0.01041766256094,1
-0.11407387256622,0.23358579725027,0.0071010813117027,1
-0.043596982955933,0.10110691934824,-0.065615065395832,1
-0.21589356660843,-0.054762497544289,-0.008631594479084,1
0.086788415908813,-0.075117822736502,-0.054431207478046,1
-0.011329472064972,-0.19002684950829,0.091199211776257,1
-0.065138578414917,0.17699968069792,0.10994476824999,1
-0.0048424601554871,-0.14847391471267,0.018174938857555,1
0.034815788269043,0.075134925544262,-0.008434921503067,1
-0.18912559747696,-0.087113300338387,0.14036475867033,1
-0.013109982013702,0.16033830493689,0.037681050598621,1
0.12604236602783,0.2577333971858,-0.056758441030979,1
-0.066872864961624,-0.26218267530203,0.039971463382244,1
-0.094513177871704,0.13585562258959,0.06423007696867,1
0.026242911815643,0.12408409267664,0.028238788247108,1
-0.010169923305511,-0.12140142731369,-0.0052391514182091,1
0.16624200344086,-0.16353453695774,0.063110791146755,1
-0.1991959810257,0.16442789882421,-0.048339910805225,1
-0.10245966911316,0.08092974871397,0.002911739051342,1
0.055330514907837,0.18611165136099,-0.063500948250294,1
-0.1597318649292,0.14336084574461,-0.063595183193684,1
-0.026450157165527,-0.19835492968559,0.072640039026737,1
-0.066663563251495,-0.17414662986994,0.076805226504803,1
-0.1688819527626,0.054351024329662,0.040098331868649,1
-0.064598321914673,0.14670062810183,-0.043807320296764,1
-0.12782916426659,-0.10906286723912,0.016181208193302,1
-0.14734914898872,-0.037655673921108,0.004353366792202,1
-0.2598263323307,-0.014665968716145,0.060523189604282,1
0.078611671924591,0.089348189532757,-0.050521060824394,1
-0.1933416724205,0.10936055332422,-0.091259688138962,1
-0.033748209476471,0.21458878368139,0.0025713592767715,1
-0.099789410829544,0.04395068436861,-0.046841964125633,1
-0.078947961330414,0.04435471445322,0.0023069605231285,1
-0.013287246227264,0.27222713083029,0.12084213644266,1
0.028343796730042,-0.25258062034845,0.014662273228168,1
0.06160306930542,0.077959202229977,0.0063846483826637,1
-0.060713738203049,0.26948448270559,0.023332916200161,1
-0.00097900629043579,0.27227442711592,0.022570259869099,1
-0.22736579179764,0.069966591894627,0.092667482793331,1
-0.15527433156967,-0.13164199888706,-0.024278394877911,1
0.033659517765045,0.14675327390432,-0.030256249010563,1
-0.16596919298172,-0.069918286055326,0.015163786709309,1
-0.18560728430748,-0.048705045133829,0.080753318965435,1
-0.11005589365959,0.1591662093997,0.031486265361309,1
-0.13842394948006,-0.21142837405205,-0.068372137844563,1
-0.1382163465023,0.018278501927853,-0.093110796064138,1
-0.10740938782692,0.028295256197453,-0.0416654124856,1
-0.039780974388123,0.011930875480175,-0.022573828697205,1
0.03711861371994,0.19716312736273,-0.012281492352486,1
-0.098979711532593,0.085984341800213,0.04310455173254,1
-0.1576130092144,-0.16770678013563,-0.023979507386684,1
-0.16868004202843,0.18701120465994,0.011737324297428,1
-0.0597003698349,0.014731451869011,-0.0085752829909325,1
-0.0402991771698,-0.066640514880419,-0.0060935243964195,1
-0.065893560647964,0.062824450433254,0.0074968114495277,1
0.072966516017914,-0.052193205803633,-0.0051613226532936,1
0.035461008548737,-0.23763304203749,0.17976403981447,1
-0.034148275852203,0.11597771197557,-0.033561006188393,1
-0.14831292629242,0.014998145401478,0.041570208966732,1
0.10521191358566,0.090443260967731,0.02291988581419,1
-0.13010206818581,0.11006576567888,0.085920579731464,1
-0.17854803800583,0.19534196704626,0.0458969399333,1
-0.21318632364273,-0.023471683263779,-0.018376164138317,1
-0.054818093776703,0.10499156266451,-0.038392253220081,1
-0.24647271633148,0.043523706495762,-0.060152448713779,1
-0.056878238916397,-0.11910213157535,0.015476368367672,1
-0.050675868988037,0.050542436540127,-0.011936478316784,1
-0.057237356901169,-0.20891040563583,0.0064540579915047,1
-0.16934081912041,0.12902043014765,-0.07328487187624,1
0.1498316526413,0.21829160302877,0.037417680025101,1
-0.2315180003643,-0.11973063461483,0.058283738791943,1
-0.24648427963257,0.064840905368328,0.089396081864834,1
-0.21144795417786,0.06128042191267,0.16858588904142,1
-0.20639333128929,-0.013782635331154,0.064052246510983,1
-0.021148145198822,0.16554778069258,0.013711683452129,1
0.023163318634033,-0.12068412080407,-0.016197510063648,1
0.14528703689575,0.2044759914279,0.14560084789991,1
-0.10186818242073,-0.057528238743544,0.039987318217754,1
-0.092194646596909,-0.077093068510294,0.032169602811337,1
-0.054488986730576,0.22910108417273,0.14890640228987,1
0.0025987029075623,0.12557933479548,0.0039787590503693,1
-0.16268137097359,0.012548334896564,0.023542679846287,1
0.13071292638779,-0.20198657363653,0.18443728238344,1
0.21149009466171,0.20646467059851,0.057666279375553,1
-0.049587905406952,0.18486043065786,0.10082814842463,1
-0.073110729455948,0.15602149814367,-0.090602837502956,0
-0.06757727265358,0.052171461284161,0.020857341587543,1
0.10268366336823,0.084692366421223,0.025504194200039,1
-0.080260396003723,0.11292979866266,0.0024961456656456,1
0.057821214199066,-0.1300439555198,0.036090292036533,1
-0.19542521238327,0.092173926532269,0.098509944975376,1
-0.14431154727936,-0.0012052357196808,0.055808313190937,1
-0.23353403806686,-0.0190090239048,0.14438375085592,1
-0.19483375549316,0.00021722167730331,-0.03235187381506,1
0.071651220321655,0.23217492550611,0.06643595546484,1
-0.12386003136635,-0.11826453916728,0.096131466329098,1
0.16898095607758,0.21023177355528,0.088823862373829,1
-0.081847965717316,-0.090641723014414,-0.072830073535442,1
-0.075382441282272,-0.0050354972481728,-0.020048730075359,1
0.03643798828125,-0.082366082817316,-0.027374006807804,1
-0.022216022014618,-0.27359705418348,0.019268684089184,1
-0.12257173657417,0.13140035420656,-0.049521498382092,1
-0.093713223934174,0.24004020541906,0.028562024235725,1
-0.18688449263573,-0.003490075469017,0.038050301373005,1
0.022975385189056,-0.25548153370619,0.094227306544781,1
0.078190207481384,0.16528584808111,-0.097588997334242,1
0.10915738344193,0.14020013064146,0.06235571205616,1
0.037786424160004,-0.066383600234985,-0.017291598021984,1
-0.013422727584839,0.047360144555569,-0.0010526850819588,1
0.1432056427002,-0.16179252415895,-0.080682463943958,1
-0.1735947728157,0.013398885726929,0.013023979961872,1
-0.072871804237366,-0.20432555675507,0.11550549417734,1
-0.0094808340072632,0.089434422552586,-0.020322129130363,1
-0.19571542739868,0.11463411897421,0.11036425083876,1
0.01829332113266,-0.11087295971811,-0.00075071305036545,1
-0.06356018781662,0.13364913314581,-0.069364704191685,1
0.13147586584091,-0.19382332265377,0.18950625509024,1
0.18532478809357,0.19003235548735,0.005508080124855,1
-0.05458676815033,0.077770330011845,-0.013837181031704,1
0.043039500713348,0.24523182958364,0.017299324274063,1
0.036367833614349,-0.21183384954929,0.050401456654072,1
-0.072974294424057,0.080841965973377,-0.03291978687048,1
-0.052606552839279,-0.12344369292259,-0.08142601698637,1
0.13186365365982,0.17433842271566,-0.00013618171215057,1
0.031530737876892,0.19933810085058,0.12186563760042,1
0.14010006189346,-0.16468481719494,-0.086986564099789,1
-0.0016418099403381,0.11220293492079,-0.049977086484432,1
-0.086582720279694,-0.19234170019627,0.10948056727648,1
0.14349526166916,-0.18492026627064,0.066434882581234,1
-0.048328757286072,0.093658231198788,0.02769573777914,1
0.082585871219635,-0.21898201853037,0.19328678399324,1
-0.021817624568939,-0.063141763210297,-0.028963528573513,1
-0.16032046079636,-0.22739475220442,0.048976965248585,1
0.018485605716705,0.25891568511724,0.035448476672173,1
-0.027767360210419,0.19296725839376,0.010584317147732,1
-0.15258625149727,-0.16400235146284,0.038000129163265,1
-0.052403688430786,-0.067808330059052,-0.015625588595867,1
0.038604199886322,-0.099830480234232,-0.025277376174927,1
-0.2060344517231,-0.085053560324013,0.13103755563498,1
0.15449404716492,-0.25323078781366,0.061184965074062,1
-0.18542310595512,-0.014374494552612,0.14480387419462,1
-0.072937160730362,-0.044946573674679,-0.019716896116734,1
0.05024653673172,-0.056298553943634,-0.0056541264057159,1
0.023113787174225,-0.15354119986296,-0.0063621029257774,1
0.089041411876678,-0.20413843542337,-0.072799444198608,1
-0.1168552339077,0.046966649591923,0.040194682776928,1
0.019687592983246,0.074421964585781,0.0089734494686127,1
0.080610811710358,-0.18440003693104,-0.012738242745399,1
-0.0041449069976807,0.14842463284731,-0.028453633189201,1
-0.043992519378662,-0.030623860657215,-0.0058956369757652,1
-0.15639615058899,0.12141611427069,0.13582193106413,1
-0.058112233877182,-0.017121911048889,-0.030825719237328,1
-0.10280740261078,-0.13421285524964,0.039423547685146,1
-0.11148852109909,0.12421572953463,0.029985524713993,1
0.014846086502075,-0.08218832872808,0.012799553573132,1
-0.048817694187164,0.056289099156857,0.0075491890311241,1
-0.11305451393127,0.047349251806736,-0.085973277688026,1
-0.2231293618679,-0.11305437609553,0.1146724447608,1
-0.0012957453727722,-0.069405399262905,-0.00045005977153778,1
-0.039199113845825,0.0097206607460976,-0.0074248984456062,1
0.1650248169899,-0.24092645198107,0.038823142647743,1
0.011543035507202,-0.15339693427086,-0.084187090396881,1
0.061945915222168,0.077845208346844,0.01633708178997,1
-0.048149347305298,-0.19483926147223,-0.063695631921291,1
0.18916493654251,0.17034187167883,0.11887285858393,1
-0.22282817959785,-0.14021818339825,0.00014317780733109,1
-0.073037326335907,0.012842662632465,-0.007649190723896,1
-0.027260661125183,-0.14974510297179,-0.059385076165199,1
-0.012014329433441,-0.11920544505119,-0.0095306783914566,1
-0.048711001873016,0.095666341483593,-0.0487145408988,1
-0.1538365483284,0.039608038961887,-0.068032495677471,1
-0.092231541872025,0.18580361455679,0.14263994246721,1
0.040171086788177,0.097131364047527,-0.047510586678982,1
-0.097963511943817,0.14707500487566,0.032522238790989,1
0.10413384437561,0.15748082846403,0.00072701275348663,1
-0.17922297120094,0.14961270242929,-0.031331621110439,1
0.011405944824219,0.10707741230726,0.023695357143879,1
0.10592186450958,0.17793341726065,0.023117862641811,1
-0.17790469527245,0.067696206271648,0.082199446856976,1
0.053704023361206,-0.21068204194307,0.073724962770939,1
-0.070702731609344,0.17639785259962,-0.016400262713432,1
0.011062324047089,-0.25736766308546,-0.038315154612064,1
0.010040104389191,-0.08948976546526,-0.040648922324181,1
0.095843493938446,0.16867961734533,-0.0084372386336327,1
-0.013022363185883,-0.20122323185205,0.19745553284883,1
0.038655638694763,0.21558036655188,0.014641404151917,1
0.072111189365387,0.054342471063137,-0.019126541912556,1
-0.11117303371429,-0.076162019744515,0.0041617080569267,1
0.14855909347534,0.25878220051527,0.037827759981155,1
0.11961835622787,0.23343723267317,0.15607584267855,1
0.047879993915558,-0.12709408998489,0.026990287005901,1
0.19981050491333,-0.17678406089544,-0.010814122855663,1
-0.21171218156815,0.080683700740337,-0.085692681372166,1
0.069504499435425,0.079006515443325,0.0088457018136978,1
0.12459415197372,0.16781916469336,-0.085399456322193,1
-0.15043085813522,0.025256805121899,0.053216405212879,1
-0.15505355596542,0.14766938239336,-0.078825272619724,1
-0.1103980243206,0.19866531342268,0.071620129048824,1
-0.02969491481781,-0.13716164976358,-0.013982824981213,1
-0.037668645381927,0.069464363157749,-0.038588128983974,1
-0.19296753406525,0.066114522516727,0.041800327599049,1
-0.13045990467072,-0.061098165810108,0.0046674832701683,1
-0.074049025774002,0.16504212468863,-0.073062278330326,1
0.071037352085114,-0.13697465881705,-0.043757170438766,1
-0.044394791126251,0.18010800331831,-0.046615913510323,1
0.055196046829224,-0.18071397393942,0.015786819159985,1
-0.05096161365509,0.038396216928959,0.0046199187636375,1
-0.18495348095894,-0.14125241711736,-0.063589610159397,1
0.037422120571136,0.1820155903697,-0.070326991379261,1
-0.014399468898773,-0.19763039797544,0.035569325089455,1
0.18469256162643,0.1849222406745,0.036203496158123,1
-0.094075471162796,-0.058825645595789,-0.01614486426115,1
-0.07939201593399,-0.18271678686142,-0.089158780872822,1
-0.17264103889465,0.12411024421453,0.0055742636322975,1
-0.11060866713524,-0.039487313479185,0.0096416547894478,1
-0.011622965335846,0.20401050895452,0.11540774255991,1
-0.17354759573936,-0.021387383341789,-0.037830404937267,1
0.070902407169342,-0.1009371309774,-0.052886642515659,1
-0.13141718506813,-0.068822838366032,-0.075149573385715,1
0.083311796188354,-0.089235321618617,-0.024950616061687,1
-0.22904592752457,-0.069128423929214,0.13087413460016,1
0.075857698917389,0.10614982992411,0.011356510221958,1
-0.15333390235901,0.066671632230282,0.003439374268055,1
0.14374202489853,-0.18894253671169,-0.019540227949619,1
0.10415381193161,-0.17903080582619,-0.10090887546539,1
-0.14986544847488,-0.0082797855138779,0.012736909091473,1
-0.035161077976227,0.091242723166943,0.02328946441412,1
0.05701094865799,0.15702807158232,0.02613540738821,1
0.039903581142426,0.11307636648417,-0.024182766675949,1
-0.036311566829681,0.014685064554214,-0.0020105764269829,1
-0.11384040117264,-0.074166987091303,-0.064971536397934,1
-0.18409544229507,0.17373319715261,0.10986617952585,1
-0.054295182228088,-0.27532226592302,0.092664696276188,1
-0.1900829076767,0.04910858720541,-0.060917191207409,1
-0.20756110548973,-0.10196541133337,0.05547346919775,1
-0.089101880788803,0.0092615634202957,-0.055068589746952,1
0.045532941818237,0.12544483691454,-0.083968725055456,1
-0.10295978188515,0.25581704825163,0.004061333835125,1
0.066672027111053,-0.093826432246715,0.013493418693542,1
0.035282135009766,0.11636566370726,0.030165277421474,1
-0.19241747260094,-0.11742142215371,-0.028562441468239,1
-0.14334630966187,0.010026589035988,-0.016061879694462,1
-0.17425841093063,0.080875046551228,-0.019086949527264,1
0.10224896669388,-0.15926827862859,-0.006086140871048,1
0.063521921634674,-0.2423248514533,0.036324255168438,1
-0.12595120072365,-0.089360813610256,-0.021090500056744,1
0.13637179136276,0.18687149137259,0.15366011112928,1
0.085106611251831,0.14647578448057,0.035481385886669,1
0.12134170532227,-0.21980029344559,0.0090100392699242,1
0.012134075164795,0.11743637174368,0.013184584677219,1
0.028193414211273,-0.066400211304426,-0.0085423216223717,1
0.086990296840668,-0.079011660069227,-0.032674126327038,1
0.15889018774033,-0.26056430488825,0.037015281617641,1
-0.13728079199791,-0.23749446123838,0.046955056488514,1
-0.13669276237488,0.034952230751514,0.0097824856638908,1
-0.0045748949050903,0.25339516252279,0.076178751885891,1
0.037279665470123,-0.19269855320454,0.026033282279968,1
-0.18434298038483,0.033672027289867,0.091629542410374,1
0.070123314857483,0.24285050481558,0.15404114872217,1
-0.14266404509544,-0.12265082448721,0.12473868578672,1
0.058024764060974,0.14684557169676,-0.093114286661148,1
-0.068986862897873,-0.13418872281909,0.057747378945351,1
0.0056812167167664,-0.22259317338467,-0.019198879599571,1
0.035610973834991,0.16789823025465,-0.07191976159811,1
0.13137143850327,0.13341059535742,0.06314293295145,1
-0.07399120926857,-0.054037410765886,0.0016865208745003,1
-0.094317495822906,-0.043269544839859,-0.0041529908776283,1
-0.064931005239487,0.17817332595587,-0.049933791160583,0
0.02984356880188,0.099514178931713,0.012061148881912,1
-0.21578723192215,-0.15424808487296,0.063960619270802,1
-0.16994598507881,-0.17612314224243,0.14961797744036,1
0.047084867954254,-0.23264733701944,0.026684880256653,1
-0.23823776841164,-0.064502935856581,0.096212156116962,1
0.079703271389008,0.21423440426588,-0.018448948860168,1
-0.070118874311447,-0.022806383669376,-0.024810120463371,1
-0.14276376366615,-0.13995941728354,-0.04881014674902,1
-0.13187119364738,-0.22555085271597,-0.025236949324608,1
0.14657932519913,0.1720836982131,-0.053178302943707,1
0.10712611675262,-0.2521328702569,-0.042830415070057,1
0.10578072071075,0.17926474660635,-0.069721482694149,1
0.15214025974274,0.24023398011923,0.08089555054903,1
0.03415185213089,0.088194869458675,-0.046102948486805,1
-0.04079395532608,-0.070159185677767,-0.048395164310932,1
0.03492271900177,0.28102158755064,0.088219530880451,1
-0.15732401609421,-0.10738913388923,-0.0049983188509941,1
0.10703462362289,0.23384772986174,0.033916629850864,1
-0.091096132993698,-0.015282079577446,-0.031255781650543,1
-0.026321113109589,0.14317537099123,-0.084146082401276,1
0.048817813396454,-0.23343227058649,-0.0044134929776192,1
-0.013702750205994,0.20586048811674,-0.086649872362614,1
0.056587994098663,-0.053650945425034,0.00021918118000031,1
0.022012412548065,-0.23400638252497,0.18150023370981,1
0.043118238449097,0.093937493860722,-0.012146659195423,1
0.011803805828094,-0.12182658724487,0.033689402043819,1
-0.078776210546494,-0.11523488443345,-0.096054278314114,1
0.01472020149231,0.17060654610395,-0.03363486379385,1
-0.17782327532768,-0.044763509184122,0.13044767826796,1
-0.12422156333923,0.13144887238741,-0.097377859055996,1
0.066914856433868,0.12240283936262,-0.0071904137730598,1
0.18532347679138,-0.23896197229624,-0.010346405208111,1
0.093681871891022,-0.081302266567945,-0.043109782040119,1
-0.052246004343033,-0.075922273099422,-0.014020942151546,1
0.16156935691833,0.16839601844549,0.18479182571173,1
-0.076603472232819,0.19029339402914,0.045046456158161,1
-0.064861983060837,-0.252536021173,-0.024840526282787,1
0.084943652153015,-0.21723821014166,-0.020261988043785,1
-0.032996416091919,0.19376035779715,-0.068819150328636,1
0.052143335342407,-0.28997746855021,0.065526433289051,1
0.06537652015686,0.047134600579739,-0.016548812389374,1
0.037864923477173,0.097259573638439,-0.018815472722054,1
0.12616389989853,-0.12494675442576,0.05332688242197,1
-0.21905791759491,0.074490122497082,0.010937444865704,1
-0.014212727546692,-0.15775917097926,-0.01688739657402,1
0.083164155483246,-0.1855304390192,0.07179943472147,1
0.097021639347076,0.14651652425528,-0.089555710554123,1
0.11136239767075,-0.1678775921464,-0.065884657204151,1
-0.047739863395691,-0.17251318693161,-0.010333277285099,1
0.0093673467636108,0.26345806568861,-0.034625887870789,1
0.058853566646576,0.25834088772535,0.0083000585436821,1
-0.20767000317574,-0.13585317134857,-0.048758566379547,1
-0.068470060825348,-0.03359393030405,-0.0005919560790062,1
0.13317447900772,-0.14556453749537,0.073309473693371,1
-0.09882265329361,0.011697389185429,0.016042269766331,1
-0.061076939105988,0.096104897558689,-0.071339197456837,1
-0.037202417850494,-0.19273886829615,0.11414165049791,1
-0.16065254807472,-0.0067438706755638,0.067440025508404,1
-0.027568995952606,-0.24227187782526,0.0015160664916039,1
-0.17502027750015,0.17597120255232,-0.029022566974163,1
-0.025943160057068,0.074134640395641,-0.022724248468876,1
-0.020250380039215,0.19829469174147,-0.030951827764511,1
0.18714910745621,0.16632135957479,0.12128492444754,1
-0.11203441023827,-0.25102487951517,0.096976764500141,1
0.013836085796356,0.12072844058275,0.0071352943778038,1
0.0098928213119507,0.26356735080481,0.13750309497118,1
-0.088287383317947,0.18596126884222,-0.068690590560436,0
-0.04050749540329,0.22770991176367,0.13722787052393,1
0.18868106603622,-0.20601277053356,0.07026644796133,1
-0.10482037067413,-0.11679468303919,-0.091614909470081,1
-0.013424813747406,-0.19083045423031,-0.01837332546711,1
0.073636174201965,0.084955893456936,0.011767268180847,1
-0.06499844789505,-0.057408027350903,-0.019897453486919,1
0.049640238285065,-0.2172918394208,0.055752143263817,1
0.005149781703949,-0.058435179293156,-0.00045817345380783,1
-0.046387434005737,0.071864284574986,0.0031710788607597,1
-0.17075797915459,-0.097779020899907,0.092908449470997,1
-0.075566381216049,-0.056348219513893,-0.032607667148113,1
0.054415822029114,0.11377616971731,-0.069827303290367,1
-0.12698197364807,-0.15411549806595,-0.077072538435459,1
0.084838330745697,-0.11408747453243,-0.037862278521061,1
0.05699497461319,-0.12609414197505,-0.072196379303932,1
-0.17874494194984,0.15290006250143,-0.072909377515316,1
0.15407240390778,-0.13891429454088,0.057288594543934,1
-0.051421612501144,-0.20873004198074,0.17278356105089,1
-0.014043152332306,-0.15032001212239,-0.0089659541845322,1
-0.17157199978828,0.044551394879818,-0.015584893524647,1
0.041048645973206,-0.20341861248016,-0.07395301014185,1
0.0179083943367,0.20163633674383,0.13163834065199,1
0.074151933193207,0.15341957658529,-0.0084885433316231,1
-0.12692084908485,0.24110936373472,-0.0006987527012825,1
0.11609214544296,-0.23353487998247,0.1166652366519,1
0.045718014240265,-0.22135321050882,-0.072591833770275,1
0.11762446165085,0.24768041819334,0.10744003206491,1
0.053212642669678,-0.15755387023091,0.042314141988754,1
-0.24571940302849,0.045806147158146,0.10860996693373,1
-0.12840291857719,0.16251831501722,0.18115740269423,1
0.15781038999557,-0.21963507682085,0.15817410498857,1
0.15694051980972,0.20626582950354,0.022524923086166,1
0.026734590530396,-0.1762280613184,0.037352241575718,1
-0.011106908321381,-0.082573164254427,-0.0047186687588692,1
0.055084228515625,-0.072650948539376,-0.016365431249142,1
-0.13308751583099,0.03155592828989,0.044755347073078,1
0.11600071191788,-0.13197581470013,-0.006323866546154,1
-0.1509795486927,-0.10787248704582,-0.073494367301464,1
0.094338595867157,-0.13148529827595,0.047791801393032,1
0.088796973228455,0.086337052285671,-0.012376539409161,1
-0.023013949394226,0.22605570405722,0.14400910586119,1
-0.050785779953003,-0.025343641638756,-0.0062666609883308,1
0.11641603708267,-0.18868114799261,0.13409230858088,1
-0.15529334545135,0.041652075946331,-0.066496059298515,1
0.051398575305939,-0.2206784710288,-0.064119391143322,1
0.18397122621536,0.22201573103666,-0.044122159481049,1
-0.23662805557251,0.031182967126369,0.10519748181105,1
-0.1016526222229,0.035736389458179,-0.013625584542751,1
-0.22762435674667,-0.043117761611938,-0.015717171132565,1
-0.069663286209106,0.13605947047472,0.030733294785023,1
0.077430188655853,-0.22338733822107,-0.04387778788805,1
-0.21004340052605,-0.021660670638084,0.16778761893511,1
-0.1757096350193,-0.12178482301533,0.018526650965214,1
-0.026724755764008,-0.067793987691402,-0.018280990421772,1
0.090853869915009,-0.2480785921216,0.025790899991989,1
-0.0871562063694,0.24702831357718,0.037870354950428,1
-0.034138321876526,0.27083959430456,-0.022069923579693,1
0.035618543624878,-0.1642746552825,-0.080180056393147,1
-0.073791861534119,0.092261157929897,0.01442738622427,1
0.11057215929031,-0.12872710637748,-0.0041256174445152,1
-0.11425805091858,0.18181770294905,0.090045563876629,1
0.053891599178314,-0.1482470035553,-0.079684503376484,1
0.032022476196289,0.062545724213123,-0.0011257007718086,1
0.096972644329071,-0.1457309499383,-0.084583230316639,1
0.071260213851929,0.046708442270756,-0.002667210996151,1
0.082992851734161,-0.1322888918221,-0.034233756363392,1
-0.063261598348618,0.23404433578253,-0.0033266320824623,1
0.10545301437378,0.14276423305273,-0.094399236142635,1
-0.14761886000633,0.14341711252928,0.14542923122644,1
0.052706778049469,0.14344433695078,-0.086841229349375,1
0.12232279777527,0.22543331235647,0.0072673261165619,1
0.084670603275299,-0.19451828300953,0.021969750523567,1
0.11588305234909,-0.10549141187221,0.017696805298328,1
-0.053108692169189,-0.12827818840742,-0.0073374584317207,1
0.069055020809174,0.19031339138746,-0.073806323111057,1
0.0044726729393005,0.10752209275961,-0.01872244477272,1
0.039227068424225,-0.1097331289202,-0.0087802335619926,1
0.0050727128982544,0.21445723623037,0.061780750751495,1
-0.14243188500404,-0.12716519832611,0.15035533159971,1
-0.21177163720131,-0.0083211958408356,0.17240548878908,1
-0.06645879149437,-0.23024357110262,0.11369449645281,1
0.017697513103485,0.26035787910223,0.14897487312555,1
-0.012578189373016,-0.11861185915768,-0.041899494826794,1
-0.10322478413582,0.25689878314734,0.033185623586178,1
-0.14768552780151,0.036836497485638,0.059923686087132,1
-0.088420897722244,0.26005395501852,-0.013614930212498,0
-0.04515016078949,-0.031411051750183,-0.02521675825119,1
-0.16717272996902,0.14327547699213,0.031485699117184,1
0.071918845176697,0.081689290702343,-0.0079623758792877,1
-0.17037904262543,0.14435444027185,0.034636147320271,1
-0.22458156943321,0.048576660454273,0.018744505941868,1
0.045742392539978,0.23390486091375,0.093921966850758,1
0.064549744129181,0.049003057181835,-0.0019310936331749,1
0.08411568403244,-0.18840105831623,-0.072016969323158,1
0.01447206735611,-0.25152543932199,0.13426695019007,1
0.014818429946899,0.21241610497236,-0.015272095799446,1
0.02258026599884,-0.11311618797481,-0.051239013671875,1
-0.02331930398941,-0.075412815436721,0.020477682352066,1
-0.17341333627701,0.14149064570665,-0.073529310524464,1
-0.19948688149452,0.15773513168097,0.01814853399992,1
-0.059482991695404,0.087964080274105,0.02412424236536,1
0.013337016105652,0.2199135646224,0.18001393228769,1
0.013256907463074,-0.12378465011716,-0.073098905384541,1
-0.067746371030807,-0.07960101775825,0.028595827519894,1
0.018917739391327,-0.090511621907353,-0.014092043042183,1
0.02654105424881,0.12002160400152,-0.059248887002468,1
-0.04373973608017,0.064843915402889,0.013036631047726,1
-0.11806878447533,0.02866093069315,-0.023419559001923,1
0.052504360675812,0.14780444651842,0.041491948068142,1
-0.056341290473938,0.16799124330282,0.054379992187023,1
-0.16277623176575,0.014758855104446,0.067241735756397,1
0.11686813831329,-0.10767187830061,-0.037703476846218,1
0.12656992673874,-0.15275305137038,-0.090966753661633,1
0.08310067653656,0.22844540327787,-0.08932714164257,1
0.030737817287445,-0.11804487556219,-0.024026036262512,1
-0.055442333221436,-0.08712968416512,0.013293407857418,1
0.1408948302269,-0.14827980101109,0.022143729031086,1
0.0029443502426147,0.10697924345732,-0.066030241549015,1
0.020510971546173,-0.20712457597256,-0.099815465509892,1
-0.23536333441734,-0.11518974974751,0.083761401474476,1
-0.048568904399872,-0.022909492254257,-0.010320849716663,1
0.06101006269455,-0.17716260999441,0.037969946861267,1
0.047030627727509,-0.13948994502425,0.021135352551937,1
0.046170175075531,0.15121950954199,0.011732466518879,1
0.1132578253746,0.21076314896345,0.15415249019861,1
0.0033987164497375,-0.066473737359047,0.0060914233326912,1
-0.084821403026581,0.012640990316868,-0.0037471279501915,1
-0.081990391016006,0.061812900006771,0.022838763892651,1
-0.08191990852356,0.020413644611835,-0.051820270717144,1
-0.1818114221096,0.016384899616241,-0.023488968610764,1
-0.018497943878174,-0.11285898927599,-0.0066102594137192,1
-0.073499441146851,0.025773145258427,-0.0055003389716148,1
0.1081902384758,0.22898086160421,0.055259712040424,1
-0.048741281032562,0.10140558332205,-0.044905044138432,1
0.044547259807587,0.10116634517908,0.015005238354206,1
0.015210449695587,-0.080017620697618,0.0008847713470459,1
-0.069682151079178,-0.15829626843333,-0.01332350820303,1
0.075658142566681,0.12836024910212,0.013553149998188,1
-0.16320431232452,0.10214025527239,-0.017472915351391,1
-0.053679436445236,0.22448872774839,-0.043295480310917,1
0.058901846408844,-0.053076274693012,0.0049002394080162,1
-0.13100424408913,-0.088617404922843,0.044455759227276,1
-0.032960772514343,0.069132931530476,0.012118019163609,1
0.12163251638412,-0.22020742297173,-0.037454999983311,1
-0.24860751628876,0.073232762515545,0.082547880709171,1
-0.039401710033417,0.087653614580631,0.0053034052252769,1
0.089866816997528,-0.18732835352421,-0.057408779859543,1
-0.064483225345612,0.047428704798222,0.0084442421793938,1
-0.07000595331192,-0.24808038026094,0.058934740722179,1
-0.049279689788818,0.20208739489317,0.15356064587831,1
-0.17835226655006,-0.061057548969984,-0.024039648473263,1
-0.17410814762115,0.11111665517092,-0.013863481581211,1
-0.21034663915634,0.0016662552952766,0.15968400985003,1
-0.067071497440338,0.26547124236822,0.080390401184559,1
-0.1759626865387,-0.093416790477931,-0.073110163211823,1
0.048404514789581,0.089670293033123,0.013698555529118,1
-0.21387496590614,-0.039049178361893,-0.0072786882519722,1
0.13817399740219,-0.19205664098263,0.018403522670269,1
-0.091503918170929,0.050823412835598,0.023692660033703,1
-0.0054085850715637,0.087143398821354,0.0025096982717514,1
-0.17799079418182,0.024324454367161,-0.067257337272167,1
-0.18517479300499,-0.12921116128564,0.016778059303761,1
0.014716744422913,-0.069281302392483,0.0017441064119339,1
0.0039877891540527,0.080983065068722,-0.010716266930103,1
0.026631772518158,-0.094953733496368,0.01249772310257,1
-0.17563259601593,-0.0032541900873184,0.033773146569729,1
-0.11847314238548,-0.12849800288677,-0.090468265116215,1
0.082468628883362,0.23591598123312,0.066969864070415,1
0.11979138851166,0.10920458287001,-0.055976882576942,1
-0.20227935910225,0.013014994561672,-0.041781380772591,1
0.014892816543579,0.20095368474722,0.011873856186867,1
-0.058624148368835,0.08353515714407,-0.0073329582810402,1
0.047667145729065,0.067365817725658,0.0037935078144073,1
-0.0022477507591248,-0.11136213783175,0.029952563345432,1
-0.025500357151031,-0.24008821696043,0.031371243298054,1
-0.16960075497627,0.013747490942478,0.045353747904301,1
-0.18509203195572,0.036937229335308,-0.024437233805656,1
0.088493168354034,-0.27189575880766,0.10941586643457,1
0.11640429496765,-0.15794240683317,0.043216854333878,1
0.062076151371002,-0.053867749869823,-0.024256967008114,1
0.037296891212463,-0.062670882791281,-0.019765414297581,1
0.093569457530975,-0.19581707566977,0.10584736615419,1
0.12401193380356,-0.11408344749361,-0.081932820379734,1
-0.12314495444298,-0.082460403442383,-0.088537357747555,1
0.018377184867859,0.23148208111525,0.043791443109512,1
0.055113852024078,0.078886143863201,0.013731725513935,1
-0.22360420227051,0.058730415999889,0.14522095769644,1
-0.09254789352417,0.214988283813,-0.0010821297764778,1
-0.057937800884247,0.047350443899632,-0.005520798265934,1
-0.082210540771484,-0.10281132278033,0.029729567468166,1
-0.13538530468941,0.00097892433404922,0.0031869187951088,1
-0.20677390694618,-0.14825504645705,-0.061755381524563,1
-0.06572687625885,0.094717808067799,0.0077734664082527,1
-0.1670398414135,-0.15771687030792,0.093581311404705,1
-0.012405276298523,-0.054997816681862,-0.0070715844631195,1
-0.13388782739639,-0.17638650536537,0.17498432844877,1
0.026446044445038,-0.11049970053136,-0.0053059905767441,1
0.066537201404572,0.22161691635847,-0.084628567099571,1
-0.16392508149147,-0.10106638690922,-0.074443146586418,1
0.12577760219574,0.24982168525457,-0.041695475578308,1
-0.076549470424652,0.059360407292843,-0.013076804578304,1
0.12102037668228,-0.15281927585602,0.055006764829159,1
-0.061154276132584,-0.17502241581678,-0.056619018316269,1
-0.054212898015976,0.13025601953268,-0.021366782486439,1
0.068473994731903,0.1545170173049,-0.066004686057568,1
-0.14634111523628,0.11273839324713,0.14788506180048,1
-0.041386723518372,-0.04170710220933,-0.044393554329872,1
-0.0014373064041138,0.084173046052456,-0.0025528445839882,1
-0.10814931988716,-0.0064562112092972,-0.042353764176369,1
-0.026403248310089,-0.21771939843893,-0.015340335667133,1
-0.027577877044678,-0.10508006205782,-0.04876670986414,1
-0.18056300282478,0.085440196096897,0.066568352282047,1
0.028039634227753,-0.08650335483253,0.021030880510807,1
0.057898283004761,-0.10155852325261,0.0058539286255836,1
0.065055429935455,0.20913093537092,0.20018289238214,1
0.14841973781586,0.16282635182142,0.1515249684453,1
-0.051554977893829,0.14476672559977,-0.089644223451614,1
0.096605837345123,-0.18873768299818,-0.030300058424473,1
0.048739075660706,0.11786331981421,0.0048523396253586,1
-0.062418252229691,-0.059456497430801,0.022495098412037,1
0.07054191827774,-0.082313265651464,-0.019056133925915,1
-0.089685767889023,-0.094672788865864,-0.079766146838665,1
-0.084776043891907,0.12898115068674,0.018824450671673,1
-0.079955518245697,0.094142235815525,-0.078206785023212,1
-0.049098789691925,-0.16556427627802,0.0043800845742226,1
-0.1674941778183,-0.088049422949553,-0.043553523719311,1
-0.16528403759003,-0.20451594889164,0.0039697512984276,1
-0.15762737393379,0.078143455088139,0.042658321559429,1
0.080984652042389,0.17214729636908,0.046266324818134,1
0.053429663181305,-0.1629091873765,-0.066816657781601,1
-0.16475507616997,0.19291340559721,0.10593391209841,1
-0.087551176548004,-0.086823806166649,-0.036093644797802,1
0.039389371871948,0.24520107358694,0.14315129071474,1
0.18436652421951,-0.17425397783518,-0.011582426726818,1
0.0013581514358521,-0.162433039397,-0.035229861736298,1
0.028767108917236,0.079317681491375,-0.033210843801498,1
-0.052743285894394,-0.15136924386024,-0.077130377292633,1
-0.19886246323586,0.048440523445606,0.001185767352581,1
0.070567965507507,-0.057895485311747,-0.034997828304768,1
0.033886075019836,-0.25425308197737,0.031072162091732,1
-0.18096375465393,-0.0021791905164719,0.14964701980352,1
0.095222473144531,0.075385801494122,0.0064575299620628,1
-0.17528450489044,0.087819345295429,-0.09391725063324,1
-0.041810095310211,-0.20872561633587,0.061756603419781,1
0.07794988155365,0.17653610557318,0.020692482590675,1
-0.014515578746796,-0.12862518802285,-0.02794074267149,1
-0.043156027793884,0.19037135690451,0.12203548103571,1
-0.15252432227135,0.035149000585079,-0.030043080449104,1
0.085952460765839,0.14287788420916,0.048964969813824,1
-0.11901339888573,-0.04048116132617,0.036550484597683,1
-0.01546448469162,0.2529381737113,0.1479467228055,1
-0.0036427974700928,0.059996731579304,-0.019892238080502,1
-0.0884690284729,-0.17915635555983,0.16467986255884,1
-0.057344764471054,0.27197217196226,-0.04006502777338,1
-0.021201133728027,-0.047111868858337,-0.00098223239183426,1
-0.038346111774445,0.06204005330801,-0.04702714830637,1
-0.11718109250069,-0.1125813247636,0.049930267035961,1
-0.096661031246185,0.043046496808529,-0.078600063920021,1
-0.075130552053452,-0.20235136151314,0.13548841327429,1
-0.074634581804276,-0.1445286385715,-0.010321788489819,1
-0.038140833377838,0.16891070455313,0.025835447013378,1
0.15428745746613,0.1640216037631,0.047815099358559,1
-0.034350693225861,-0.0072756931185722,0.00089136511087418,1
-0.15808671712875,0.2122935578227,0.1095239892602,1
-0.066054940223694,0.04491101950407,-0.010921664535999,1
0.12511879205704,-0.18401252478361,0.19756794720888,1
0.030510067939758,-0.11993358284235,0.014928601682186,1
-0.01189112663269,0.13322751969099,0.031114466488361,1
-0.25284296274185,0.058332003653049,-0.012049190700054,1
-0.11282154917717,-0.017924472689629,0.016313888132572,1
-0.070511490106583,0.0085986480116844,0.013483680784702,1
-0.04466712474823,0.26402964442968,0.11444116383791,1
0.044829964637756,0.087641634047031,-0.0060313493013382,1
-0.041027069091797,0.13200702518225,-0.048301428556442,1
-0.15484562516212,-0.070902900770307,0.0972905382514,1
-0.21971958875656,-0.1140679391101,0.10401021689177,1
-0.049121558666229,-0.034670747816563,-0.029626168310642,1
-0.1838892698288,-0.05524081364274,0.051194705069065,1
-0.10667315125465,0.22045966237783,0.1313801035285,1
0.053776323795319,-0.077148960903287,0.0035009756684303,1
0.082755506038666,-0.14588223025203,-0.025423161685467,1
0.047023594379425,-0.08929861150682,0.021020717918873,1
0.066262125968933,0.20064514130354,-0.096663426607847,1
-0.10544779896736,0.14864534884691,0.057970009744167,1
-0.1817199587822,0.0088114589452744,-0.070775218307972,1
-0.090302348136902,0.016542077064514,0.028626479208469,1
0.13258838653564,-0.13871053606272,0.032284162938595,1
-0.013504922389984,0.059800438582897,-0.025402791798115,1
0.086828410625458,0.18520375341177,-0.053257800638676,1
-0.020926237106323,0.13243935257196,-0.079307742416859,1
-0.10734191536903,-0.18358193337917,0.058547884225845,1
-0.12672999501228,0.044211976230145,-0.072638317942619,1
-0.066909611225128,-0.025384351611137,0.0008019432425499,1
-0.034544169902802,-0.066533461213112,0.0092361196875572,1
0.03473436832428,0.13796856254339,-0.032653629779816,1
-0.07198041677475,-0.21206441521645,-0.090837582945824,1
-0.17247918248177,-0.13815163448453,-0.017051018774509,1
0.010970115661621,0.078029118478298,0.0087709650397301,1
-0.14643955230713,0.06322342902422,0.028934486210346,1
0.0050291419029236,0.1363068446517,-0.072665736079216,1
0.13568872213364,0.16012354940176,-0.031721226871014,1
0.00099927186965942,0.068997569382191,0.0014213770627975,1
0.013675272464752,0.20607503503561,0.15939260274172,1
0.0092061161994934,0.078965239226818,-0.013637505471706,1
-0.017726361751556,0.17723601311445,0.027378350496292,1
0.023655354976654,-0.077503595501184,-0.034917525947094,1
0.038762390613556,0.17189567536116,-0.010603077709675,1
-0.12974309921265,0.11453714221716,-0.098666287958622,1
0.013583600521088,-0.092203801497817,0.001233734190464,1
-0.040312170982361,0.051988340914249,-0.034996651113033,1
0.011929512023926,-0.12440583668649,0.01285894960165,1
-0.0077936053276062,-0.060014937072992,-0.008348248898983,1
-0.018846035003662,0.064697183668613,0.0035708770155907,1
-0.059851258993149,-0.055726371705532,0.023100115358829,1
-0.0058661103248596,0.14503692835569,0.047402881085873,1
0.080877065658569,0.064860872924328,-0.0471166446805,1
-0.06507420539856,0.21409299224615,0.085927285254002,1
0.08575701713562,0.15757369250059,-0.069010198116302,1
-0.021046102046967,0.04732371121645,0.003777451813221,1
-0.053051233291626,-0.1980144828558,0.076564081013203,1
-0.036788821220398,0.23622646182775,0.080282546579838,1
-0.21893900632858,0.0043326914310455,-0.086841654032469,1
-0.080315142869949,-0.14454202726483,-0.057902254164219,1
0.088702082633972,-0.18941900879145,0.04015239328146,1
0.07260936498642,0.14659938961267,-0.051568694412708,1
-0.087863564491272,0.084950037300587,-0.061445690691471,1
-0.041497528553009,-0.016391694545746,-0.0056473836302757,1
-0.0070428848266602,0.077000088989735,-0.017576821148396,1
0.13236194849014,-0.1895699724555,0.032083794474602,1
0.10735791921616,0.14997483044863,-0.007771372795105,1
0.13594156503677,-0.19202946871519,0.13040936738253,1
-0.015083253383636,0.048815838992596,-0.0026646181941032,1
-0.14168211817741,0.23831059783697,0.064686112105846,1
-0.19649115204811,0.14993783086538,-0.0012335106730461,1
-0.16502982378006,-0.10985839366913,-0.044064626097679,1
0.051805734634399,-0.13288746401668,0.028026171028614,1
-0.0060575604438782,-0.10573845217004,-0.048006303608418,1
-0.12224888801575,0.21528431028128,0.12065703421831,1
-0.20879864692688,-0.16004466637969,-0.02264816313982,1
-0.22809666395187,-0.079558009281754,0.051894642412663,1
-0.069299072027206,-0.19844023883343,0.061009451746941,1
-0.24703568220139,-0.096553338225931,0.0095999762415886,1
0.017990946769714,0.20583757013083,0.10164662450552,1
0.039974510669708,-0.1991598829627,0.13116163760424,1
-0.028816878795624,-0.039401475340128,-0.0097837373614311,1
0.14537465572357,-0.22060476988554,-0.062111213803291,1
-0.10799607634544,-0.06147250905633,0.019457764923573,1
-0.087123930454254,0.12347800284624,0.01349662989378,1
0.10063576698303,0.081928826868534,-0.056625626981258,1
-0.17059889435768,-0.11302858684212,-0.0030000135302544,1
-0.077015787363052,-0.16432609409094,0.22491426020861,1
0.10196602344513,0.25141843408346,-0.073480330407619,1
0.02824455499649,-0.0887311398983,-0.00028403848409653,1
0.1541736125946,-0.14272694289684,-0.067365013062954,1
0.059707641601562,-0.11063665803522,0.02226160466671,1
-0.045371890068054,0.24064191430807,0.062272526323795,1
-0.028785288333893,-0.041659537702799,-0.027209810912609,1
0.16118556261063,0.21660944074392,-0.036947049200535,1
0.050645411014557,0.10164269059896,0.0024355873465538,1
0.11650115251541,0.18991180509329,0.12761921435595,1
-0.041689455509186,-0.20343632996082,0.10196306556463,1
0.050816535949707,0.11241012066603,-0.06488836556673,1
-0.14109680056572,-0.020517393946648,-0.024822078645229,1
0.094373941421509,0.24071603268385,0.12067408114672,1
-0.016561627388,-0.10339746787213,0.010015524923801,1
-0.15885677933693,0.047164686024189,0.054881744086742,1
-0.20478141307831,0.14408905059099,-0.016919918358326,1
-0.05434575676918,0.045106790959835,-0.052166469395161,1
0.055202603340149,-0.071174839511514,-0.034416288137436,1
-0.17625722289085,-0.11075089965016,0.025584138929844,1
0.08404415845871,-0.19416489452124,0.19146154075861,1
-0.25474518537521,0.041551522910595,0.032372765243053,1
0.07222592830658,0.24457155913115,-0.071770906448364,1
-0.15064582228661,0.076629556715488,0.029334716498852,1
-0.024240493774414,0.2534706518054,0.016102515161037,1
0.14739149808884,-0.23060422390699,-0.010071791708469,1
0.043696522712708,0.1341243609786,-0.04018434882164,1
-0.063580572605133,0.18017648905516,0.026317737996578,1
-0.19272351264954,0.12219632416964,0.016854800283909,1
0.044525027275085,0.16377111524343,-0.016570217907429,1
0.09279328584671,-0.21663860231638,0.10297105461359,1
0.00086325407028198,0.09031068533659,-0.045009180903435,1
0.052176535129547,0.24985694140196,0.16342654079199,1
0.060325264930725,-0.15194226428866,0.033285662531853,1
-0.029689192771912,-0.04099564999342,-0.0037251338362694,1
-0.20951581001282,0.17167767137289,0.027130804955959,1
-0.083116233348846,-0.16648994386196,0.051882140338421,1
0.1829891204834,-0.2326365634799,0.074265889823437,1
0.019988596439362,-0.28851025551558,0.036725126206875,1
0.12404334545135,-0.26944232732058,-0.023399621248245,1
-0.052381068468094,-0.18633069097996,0.20677591115236,1
0.000296950340271,0.091773442924023,-0.0058437138795853,1
0.0039029717445374,-0.10612923977897,-0.014663800597191,1
-0.069717824459076,-0.2356428578496,-0.063469707965851,1
-0.063519507646561,-0.044171333312988,-0.00114855915308,1
-0.077455818653107,0.014012262225151,-0.038281008601189,1
0.044454395771027,0.23390271514654,0.15033835917711,1
0.047516882419586,-0.25147416442633,-0.025032378733158,1
0.12092882394791,0.099060796201229,0.0083137974143028,1
-0.082702219486237,0.25482656806707,0.089794911444187,1
0.029396116733551,0.1082004532218,-0.051650002598763,1
-0.22807288169861,-0.11741835810244,0.058144025504589,1
-0.1010354757309,-0.13331616669893,0.026507116854191,1
-0.10299536585808,-0.10835035704076,0.063715629279613,1
-0.2146865427494,0.030068211257458,-0.026618584990501,1
-0.040531873703003,-0.061705570667982,-0.038997389376163,1
-0.18166592717171,0.1658164486289,0.095974691212177,1
-0.04596209526062,0.026251576840878,-0.0016172304749489,1
-0.16085624694824,0.10834015160799,-0.0071914121508598,1
0.018957495689392,-0.12101837620139,-0.041525602340698,1
0.00085228681564331,0.080694399774075,-0.048149190843105,1
-0.034224987030029,-0.083149390295148,-0.0046205073595047,1
0.064062833786011,0.20406337827444,0.045220553874969,1
-0.099803626537323,0.13446418195963,0.015687294304371,1
0.11793351173401,0.16373016685247,-0.010689951479435,1
-0.04005378484726,-0.14136410877109,-0.030114457011223,1
0.0035973191261292,-0.21763633936644,-0.0067076086997986,1
0.12240588665009,-0.20937399566174,0.15843867510557,1
-0.19201895594597,0.074600704014301,0.021825663745403,1
0.017391860485077,-0.28934098035097,0.073293916881084,1
-0.029339075088501,0.12559226900339,0.022833555936813,1
-0.066580235958099,0.008360892534256,-0.0050918832421303,1
-0.0030615329742432,0.24297203868628,-0.075837127864361,1
0.11246144771576,0.12677466124296,-0.047702789306641,1
-0.055540919303894,0.049535550177097,0.010227136313915,1
-0.022781431674957,-0.20701608806849,0.15046120434999,1
0.10311895608902,-0.13804775103927,-0.022570990025997,1
-0.19679260253906,-0.17143383622169,-0.0099488720297813,1
0.051097393035889,-0.12532120943069,-0.044180564582348,1
-0.040229678153992,0.023651108145714,-0.014120034873486,1
-0.14817672967911,-0.12636225298047,0.18699587136507,1
-0.16525876522064,0.15930732339621,0.0024014934897423,1
0.0010825991630554,0.22217904776335,0.036906935274601,1
-0.16133496165276,-0.037357665598392,0.051767207682133,1
-0.12288814783096,-0.15781439095736,-0.07617761939764,1
0.10890835523605,0.24358930438757,-0.01089483499527,1
0.061167418956757,-0.22967813163996,-0.033910639584064,1
-0.016971290111542,-0.23458046466112,-0.021375350654125,1
0.086755394935608,0.097785793244839,0.0030133351683617,1
-0.019084811210632,0.13041142374277,-0.019127227365971,1
0.085973918437958,-0.14097955450416,-0.088832221925259,1
-0.024402976036072,-0.2329501286149,-0.02139850705862,1
0.13625758886337,-0.18313087522984,-0.075888805091381,1
-0.19036093354225,0.19888957589865,0.013650216162205,1
-0.16143691539764,0.081782571971416,-0.034009791910648,1
-0.077116727828979,0.10852750390768,0.048859767615795,1
-0.045440137386322,-0.22182526439428,0.16034791618586,1
0.062367022037506,0.099087543785572,0.0019242241978645,1
0.10423141717911,0.083353497087955,0.028047032654285,1
0.10983926057816,-0.10978620685637,0.016735903918743,1
0.07336413860321,-0.20231945067644,0.033363200724125,1
-0.10561016201973,0.0025075674057007,-0.023923978209496,1
-0.13609239459038,-0.12236903980374,0.030383326113224,1
-0.051904439926147,-0.25366320461035,-0.08259791880846,1
-0.12120690941811,-0.068981554359198,-0.095840975642204,1
-0.078300893306732,-0.1449140869081,0.066304847598076,1
-0.22837251424789,0.07649602741003,0.12104184180498,1
0.037813603878021,-0.22080374509096,0.17879781872034,1
-0.10382428765297,-0.027503587305546,0.0074401721358299,1
-0.003100574016571,0.14624447375536,0.03407596796751,1
-0.13781771063805,0.22356732934713,-0.05703043192625,0
-0.032130658626556,0.21204432100058,0.13577944785357,1
-0.048651158809662,0.23158311098814,-0.04318805038929,1
-0.018053948879242,0.22827564924955,-0.076937161386013,1
0.0023607015609741,-0.24811794608831,0.033173747360706,1
-0.045116603374481,0.047589428722858,0.017258904874325,1
0.028709888458252,0.10623092204332,0.0084099024534225,1
-0.044693470001221,-0.25692506879568,0.050049982964993,1
-0.048399090766907,0.19970186799765,0.039048872888088,1
-0.086161017417908,0.23649057000875,0.14188093692064,1
-0.16272819042206,0.11015594750643,-0.00051092356443405,1
-0.012401700019836,0.28263159841299,0.047287471592426,1
-0.17206183075905,-0.10874587856233,0.087134756147861,1
-0.12267830967903,0.15993209928274,0.071916051208973,1
0.011016309261322,0.26889871805906,0.05195065587759,1
-0.20398077368736,-0.1246270313859,0.10357367247343,1
-0.056717395782471,0.028852052986622,-0.039684385061264,1
-0.2076687514782,0.11142090708017,0.062579922378063,1
-0.10527113080025,-0.26047844439745,0.0060841664671898,1
0.013086080551147,0.065462909638882,0.00080776959657669,1
0.13897526264191,-0.12640998139977,0.012797273695469,1
0.020610213279724,0.1967256590724,-0.048813715577126,1
-0.0044151544570923,0.075669176876545,0.0044671148061752,1
-0.04447478055954,-0.045763779431581,-0.031679548323154,1
-0.24290302395821,0.10643944889307,0.064672715961933,1
0.092782974243164,0.080195926129818,0.024772398173809,1
-0.045303285121918,0.062785290181637,0.010945059359074,1
0.05554872751236,-0.18880088627338,-0.0821313560009,1
-0.022253513336182,0.074171222746372,-0.0037314966320992,1
0.18360984325409,0.18017961829901,-0.041427128016949,1
-0.13987368345261,-0.20020268112421,0.056402139365673,1
0.036044239997864,0.0646917745471,0.0022777989506721,1
-0.039581537246704,-0.19222351908684,0.13149984925985,1
-0.12201303243637,-0.20151880383492,-0.049748301506042,1
0.018891572952271,-0.20741740614176,0.086774565279484,1
0.042714059352875,0.14179163426161,-0.032923050224781,1
0.053225457668304,-0.23393652588129,-0.02607948333025,1
0.18087857961655,-0.19563851505518,-0.0072870627045631,1
0.024945318698883,0.2484802827239,0.040426470339298,1
-0.12491369247437,0.19977780431509,0.03991936892271,1
-0.019106507301331,0.081062473356724,0.019060425460339,1
-0.11941251158714,-0.057765267789364,0.041179336607456,1
-0.044940531253815,-0.087465882301331,-0.073866486549377,1
-0.17888459563255,0.0046002045273781,-0.037223294377327,1
-0.12907949090004,-0.047808080911636,0.059076316654682,1
-0.061882108449936,-0.19939465820789,0.13457833975554,1
-0.12596598267555,-0.21702475845814,0.12667898088694,1
-0.19190186262131,0.081406496465206,-0.02053140848875,1
-0.096005588769913,0.19043388217688,0.092279799282551,1
0.041083097457886,0.17032920569181,0.024864733219147,1
-0.10856232047081,-0.13095450773835,-0.020475469529629,1
-0.21342605352402,0.056832857429981,0.026310749351978,1
-0.045612394809723,-0.059940725564957,0.0083030089735985,1
-0.16814014315605,-0.026204653084278,0.21513081341982,1
0.074205458164215,0.18529095500708,-0.081707790493965,1
-0.030764520168304,0.042107380926609,-0.0050387308001518,1
0.05501389503479,-0.12550803646445,0.0098184272646904,1
-0.063017845153809,0.22306444495916,0.054430186748505,1
-0.11926978826523,-0.24283417314291,-0.034741498529911,1
-0.18731290102005,-0.0097444728016853,0.20561359077692,1
-0.093749284744263,0.038975454866886,0.005064882338047,1
-0.22868418693542,0.091639004647732,-0.040818899869919,1
-0.020263373851776,-0.044095762073994,-0.011328287422657,1
0.027490615844727,-0.11591307260096,0.025605022907257,1
-0.089919745922089,-0.10226239031181,-0.048288695514202,1
0.11804062128067,0.24989410489798,0.03532237559557,1
-0.045405209064484,-0.08029424585402,-0.035652033984661,1
-0.057263523340225,-0.1662063896656,0.036391824483871,1
0.20204305648804,0.18937047570944,0.089110292494297,1
0.16283315420151,0.23609106987715,-0.0024424120783806,1
-0.093497812747955,-0.13001635670662,-0.015945427119732,1
-0.029714703559875,0.05602141469717,-0.01813966780901,1
-0.098433554172516,0.081457413733006,-0.033674232661724,1
-0.18184441328049,0.15166845172644,0.13765700906515,1
-0.11252075433731,-0.17228771001101,0.045964390039444,1
-0.062664031982422,0.11397808045149,-0.058673284947872,1
-0.01229065656662,-0.10418466851115,0.0021863505244255,1
-0.049299359321594,0.040431700646877,0.0080617293715477,1
-0.11181789636612,0.21356051415205,0.038012377917767,1
-0.14550322294235,-0.012147262692451,0.039255760610104,1
-0.039455354213715,0.10384700447321,0.008834071457386,1
-0.018937945365906,0.13779781013727,-0.026586763560772,1
-0.21856600046158,0.071625016629696,0.10657609254122,1
0.0031543970108032,0.11656218022108,0.027045667171478,1
0.07958060503006,0.063016809523106,0.00058148056268692,1
-0.24621403217316,0.077638991177082,0.041578404605389,1
-0.061323136091232,-0.1794296503067,-0.064389988780022,1
0.1418029665947,-0.1742008253932,-0.065307535231113,1
-0.049675524234772,-0.15721403434873,0.044273816049099,1
0.072851538658142,-0.071557054296136,0.0076442435383797,1
0.096520960330963,0.072199799120426,-0.042835555970669,1
-0.17707592248917,0.078110508620739,0.17567456513643,1
0.016746044158936,-0.11949386820197,-0.0035370215773582,1
0.068152368068695,0.24069189280272,0.071173377335072,1
-0.13935929536819,0.2059273943305,0.11968193203211,1
-0.004583477973938,-0.1856352314353,-0.022269107401371,1
-0.058935880661011,0.090787462890148,-0.027212284505367,1
0.12458151578903,0.18134074658155,0.016885630786419,1
-0.039909660816193,-0.081681720912457,0.015612095594406,1
-0.082015573978424,0.17580568045378,0.081078253686428,1
-0.24440386891365,0.0063116624951363,0.058735080063343,1
-0.22684666514397,0.02048509567976,0.022256009280682,1
0.015803515911102,0.24005847424269,0.10326204448938,1
-0.06058531999588,0.046479947865009,-0.0064122304320335,1
-0.2032408118248,-0.080353261902928,0.14179251343012,1
0.10989254713058,-0.21379739791155,-0.0014530122280121,1
0.055177271366119,-0.062343683093786,-0.010755516588688,1
-0.070296138525009,0.19556014984846,0.00705436617136,1
-0.065012603998184,-0.032699696719646,0.011435382068157,1
-0.11333477497101,-0.084419887512922,-0.070795685052872,1
-0.10114231705666,-0.0057595819234848,0.0037302002310753,1
0.17425841093063,0.1569541618228,0.066664524376392,1
-0.1901947259903,0.10199265927076,0.13189402967691,1
-0.098751693964005,-0.063580229878426,-0.056474924087524,1
-0.18459016084671,0.13376223295927,0.073596991598606,1
-0.19126105308533,0.13496818393469,0.06469888240099,1
-0.014964580535889,0.18476601690054,0.015871800482273,1
-0.034754753112793,0.19392784684896,0.031848877668381,1
-0.10601088404655,0.1328129991889,0.029278449714184,1
-0.1226749420166,-0.17337086051702,0.10120714455843,1
-0.048453688621521,-0.11714609898627,-0.0020122453570366,1
-0.095804333686829,-0.0018224343657494,-0.0079356655478477,1
0.035727143287659,0.15549968928099,-0.038455672562122,1
-0.0017581582069397,-0.086268781684339,-0.024634554982185,1
0.056066870689392,0.087487019598484,0.011911310255527,1
-0.14895021915436,0.19134881347418,0.11618787795305,1
0.11861723661423,0.12267077714205,-0.043092481791973,1
-0.11501318216324,0.10068290680647,-0.066857777535915,1
-0.0054558515548706,0.21656333655119,-0.057502180337906,1
0.079713404178619,0.26678063720465,0.024515219032764,1
0.011554777622223,-0.057104550302029,-0.0076104626059532,1
-0.24546951055527,-0.0268260166049,0.059550769627094,1
-0.094242602586746,-0.16594115644693,0.13571459800005,1
-0.13164782524109,0.17299389094114,0.16677328199148,1
-0.039110720157623,-0.10958283767104,-0.062417142093182,1
0.052050232887268,0.059518925845623,-0.01477774977684,1
0.069041728973389,-0.21989666670561,0.064216040074825,1
0.035671830177307,0.27829497307539,-0.029637336730957,1
-0.10672116279602,-0.0077036395668983,-0.015524826943874,1
-0.096789330244064,0.16870071738958,-0.04341983050108,0
-0.10891851782799,0.22701808065176,0.12162727862597,1
0.16366142034531,0.22717865556479,0.021868407726288,1
-0.26413980126381,-0.052755076438189,0.043150760233402,1
0.17327302694321,-0.20800293982029,0.057225964963436,1
0.11741244792938,0.1049814298749,-0.060098983347416,1
-0.0082841515541077,0.22528829425573,-0.066758960485458,1
-0.14933606982231,-0.18127314001322,0.074779339134693,1
0.071279346942902,-0.10768608655781,-0.033984243869781,1
0.066310167312622,0.15392234176397,0.0072006732225418,1
-0.24197000265121,0.022263012826443,-0.0067928954958916,1
-0.20355725288391,0.032221116125584,0.073002405464649,1
0.098974883556366,-0.15019797533751,-0.044158928096294,1
-0.10224813222885,0.067198641598225,0.018293403089046,1
-0.10499566793442,0.048520885407925,-0.090769834816456,1
-0.039476811885834,-0.095101300161332,-0.027083814144135,1
-0.10039973258972,-0.25395775586367,-0.027801528573036,1
-0.083927571773529,0.044685952365398,-0.031086146831512,1
0.09833949804306,-0.22333711385727,0.079186759889126,1
-0.061203479766846,-0.24497634917498,0.069675199687481,1
-0.12829351425171,0.095061592757702,-0.086766608059406,1
0.0067189931869507,0.18973612040281,-0.053222291171551,1
0.10648852586746,-0.15277317166328,0.016502097249031,1
-0.039347469806671,-0.13224805518985,-0.011086791753769,1
-0.025719940662384,-0.092862093355507,-0.048912934958935,1
-0.11633318662643,0.13555257767439,0.078859217464924,1
-0.072885662317276,0.22139953821898,0.15973914414644,1
0.053087532520294,-0.061044607311487,0.0032114014029503,1
-0.032320082187653,0.099567897617817,-0.013400860130787,1
0.12272208929062,0.1036266759038,0.026759617030621,1
-0.12325781583786,-0.10910019744188,-0.04965228587389,1
0.05536276102066,-0.07144359126687,-0.008955217897892,1
-0.044703185558319,-0.01758761703968,-0.022711776196957,1
-0.19458988308907,-0.0083300992846489,0.012471757829189,1
0.033732116222382,0.15981694310904,0.049950413405895,1
-0.18179267644882,0.03081963211298,-0.043532185256481,1
-0.014399170875549,0.035724453628063,0.0044972375035286,1
0.069305956363678,0.22428252547979,0.010463379323483,1
-0.072078108787537,0.13773871213198,-0.05122534185648,0
0.010631799697876,-0.078227560967207,-0.0069404616951942,1
0.087166130542755,-0.20494767278433,-0.08092425763607,1
0.031018495559692,0.074743948876858,-0.014400191605091,1
0.089912533760071,0.070773743093014,0.0080574676394463,1
-0.041667222976685,0.11386176198721,-0.012482427060604,1
-0.043319940567017,-0.087702050805092,-0.055937647819519,1
0.086878597736359,-0.19069001078606,0.10223550349474,1
0.086945652961731,0.12155645340681,0.0064504891633987,1
0.022238373756409,0.087352178990841,-0.0042175501585007,1
-0.057857692241669,0.011086210608482,0.00088170915842056,1
0.074431836605072,-0.11607993580401,-0.03872549533844,1
-0.13166519999504,0.11329049617052,-0.032159514725208,1
0.064774572849274,-0.059174627065659,-0.00084642320871353,1
-0.15793716907501,0.14884524792433,0.018050797283649,1
-0.043632805347443,0.21395673602819,0.12001424282789,1
-0.18461498618126,-0.055237837135792,0.16539870947599,1
0.040164411067963,0.088773541152477,-0.0089580193161964,1
-0.1570218205452,0.078816942870617,0.12504876405001,1
0.076921820640564,-0.16850794106722,-0.069888614118099,1
0.038505613803864,-0.26640626043081,0.14401911944151,1
-0.032160758972168,-0.0017300248146057,0.0039189830422401,1
-0.14353442192078,0.23658239096403,0.0036593452095985,1
-0.046572983264923,-0.059712063521147,-0.00093398243188858,1
0.052753508090973,-0.055790241807699,-0.0047885850071907,1
-0.054556310176849,-0.041717581450939,0.0037828758358955,1
-0.10627654194832,0.032440938055515,-0.009364478290081,1
0.089679300785065,-0.10331904701889,0.032768599689007,1
0.10082048177719,0.24117883294821,-0.016870856285095,1
0.045357942581177,0.25819801539183,0.022151954472065,1
0.1321650147438,-0.2230144739151,-0.0096795186400414,1
-0.002008318901062,0.093914963304996,0.0012348890304565,1
0.058720290660858,0.2573122009635,-0.057223789393902,1
0.050976574420929,-0.18423157930374,0.094447858631611,1
-0.20400047302246,0.066624872386456,0.0324482396245,1
-0.080377787351608,-0.017714753746986,-0.066903054714203,1
0.0023698210716248,0.071834944188595,-0.012994915246964,1
-0.180070489645,-0.0095058754086494,0.21619207412004,1
0.0043156147003174,-0.11024348624051,0.023506067693233,1
0.029617607593536,0.10750707238913,-0.049569264054298,1
-0.021569311618805,0.072803743183613,-0.0061314478516579,1
-0.16144466400146,0.10094276815653,-0.0096339657902718,1
-0.079019069671631,-0.15558128803968,-0.020273596048355,1
-0.023995816707611,-0.11415742430836,0.024284102022648,1
0.15627586841583,-0.19304703176022,-0.026899628341198,1
-0.077588200569153,0.014136135578156,-0.007394902408123,1
0.042254447937012,0.16441049426794,-0.033296592533588,1
-0.069162577390671,0.217548571527,0.11930651217699,1
-0.23556837439537,0.01241485029459,0.098492570221424,1
-0.1426548063755,-0.1093769101426,-0.056977964937687,1
-0.11740565299988,0.051171027123928,-0.035191595554352,1
0.08464127779007,-0.064054984599352,0.018758215010166,1
-0.1469064950943,-0.13302423804998,0.056336469948292,1
0.065385162830353,-0.080560447648168,-0.0025969445705414,1
-0.037521183490753,0.0062817633152008,-0.020057894289494,1
0.023329973220825,0.075963400304317,0.0090736299753189,1
-0.025057852268219,0.025227762758732,-0.0043213441967964,1
-0.10987827181816,-0.10755251999944,-0.0035849437117577,1
0.062475919723511,-0.16763740777969,-0.024519421160221,1
0.071571290493011,-0.1507314145565,0.02521289139986,1
0.10196721553802,0.16238113492727,-0.067236632108688,1
-0.13570129871368,-0.10406900569797,-0.028395809233189,1
0.10963124036789,-0.12279688566923,-0.045454882085323,1
-0.017305374145508,0.1529546007514,0.01988048106432,1
-0.033236563205719,-0.087209546938539,-0.0042739287018776,1
-0.14244684576988,-0.091613448224962,0.040860883891582,1
-0.16360446810722,-0.01410286128521,-0.080182231962681,1
-0.020352959632874,-0.19309952110052,-0.013143859803677,1
-0.15596926212311,-0.088926783762872,-0.087412767112255,1
0.083177506923676,0.15476199239492,-0.022762700915337,1
-0.21301165223122,-0.035011172294617,0.071555085480213,1
-0.021487414836884,0.15707128494978,0.010817348957062,1
-0.14068233966827,-8.3312392234802e-05,-0.028417773544788,1
0.08069121837616,-0.070492621511221,0.017952777445316,1
-0.057874798774719,0.19087811559439,-0.013727679848671,1
-0.10666444897652,-0.14314657077193,-0.0099560096859932,1
0.034665167331696,-0.16375752538443,-0.078784383833408,1
-0.21078130602837,0.11966501921415,0.10783555358648,1
0.12836742401123,0.13384567946196,-0.07913976162672,1
0.14663380384445,-0.14865053072572,0.08986658602953,1
-0.20276579260826,-0.098271294264123,-0.064744502305984,1
-0.063223898410797,0.17221208661795,0.03239231556654,1
0.011096894741058,0.078804321587086,-0.047008529305458,1
-0.08573105931282,-0.21843376755714,0.063237622380257,1
-0.03566187620163,0.047588892281055,-0.0037514939904213,1
-0.1096496284008,-0.011483609676361,-0.013687573373318,1
0.18359220027924,0.18194606155157,0.05387993901968,1
0.080846786499023,0.068006657063961,0.01637677103281,1
-0.017707824707031,-0.036556966602802,-0.0045352652668953,1
0.20678418874741,-0.22196873277426,0.083611957728863,1
0.10800695419312,0.12634948641062,-0.011582806706429,1
-0.13763850927353,-0.11323148570955,0.050802998244762,1
-0.14784872531891,-0.17875234782696,0.042939625680447,1
0.072787165641785,-0.091289336793125,0.024030923843384,1
-0.12424165010452,-0.1751017048955,-0.079217121005058,1
-0.22657805681229,0.083812989294529,-0.012028552591801,1
-0.12050008773804,0.20769541710615,0.15390346199274,1
-0.012626051902771,-0.23349256068468,0.052434280514717,1
-0.020347535610199,-0.15674383193254,-0.054572448134422,1
-0.010684788227081,0.072240360081196,-0.010311499238014,1
-0.052753031253815,-0.18012429773808,0.018694654107094,1
0.031013786792755,-0.088028839789331,0.019886039197445,1
-0.10301607847214,-0.10906500928104,0.03186609596014,1
-0.2473877966404,-0.04813165217638,0.10302235931158,1
-0.19365933537483,-0.022293515503407,-0.0085451826453209,1
-0.087297737598419,0.0076950863003731,0.028841488063335,1
-0.029933750629425,0.14947525411844,0.0025315135717392,1
0.0028862357139587,-0.15024020522833,0.015459895133972,1
-0.20613929629326,-0.0036280751228333,0.1494771912694,1
-0.073781222105026,0.24266814440489,0.11238212138414,1
-0.20261058211327,0.09687677770853,-0.08046843111515,1
0.10870510339737,-0.19300296157598,-0.072134248912334,1
-0.07556214928627,-0.26329397410154,0.084500066936016,1
0.049732625484467,0.28387179225683,0.097690097987652,1
-0.1049165725708,0.079446338117123,0.012870289385319,1
-0.0031962394714355,0.22763242572546,-0.04790310561657,1
-0.010661661624908,-0.092390260193497,0.0043436735868454,1
-0.12301018834114,-0.033019028604031,-0.012218706309795,1
0.010265052318573,-0.10928322467953,0.0031144618988037,1
0.16700196266174,0.16155710071325,0.15995004028082,1
-0.077373653650284,0.16340424865484,0.071187920868397,1
-0.040635347366333,0.049501515924931,0.0045716986060143,1
0.10703015327454,0.18943958729506,0.065608777105808,1
-0.17349615693092,0.053061835467815,0.18044153600931,1
0.11049246788025,0.20372238010168,0.09674433618784,1
0.16433626413345,-0.15611347556114,0.040214650332928,1
0.048090755939484,-0.19888428598642,-0.0078479275107384,1
-0.10906019806862,-0.1819062680006,0.014560975134373,1
-0.10871767997742,-0.14829194173217,0.010787554085255,1
0.0025525093078613,-0.15215468406677,0.014867298305035,1
-0.11864447593689,-0.082010874524713,0.033725999295712,1
-0.16209250688553,-0.11794310994446,-0.079612545669079,1
-0.10171347856522,0.11178327351809,-0.02974895387888,1
0.094105184078217,-0.23868793994188,-0.0014442950487137,1
0.15401566028595,-0.21748769283295,-0.088218852877617,1
-0.14699414372444,0.0038368999958038,-0.079913668334484,1
-0.01022070646286,0.13782747834921,0.01959615200758,1
-0.10591104626656,-0.1494117192924,-0.003557376563549,1
-0.10717725753784,0.0070079788565636,0.010946162045002,1
-0.033989787101746,0.0057063102722168,-0.011789686977863,1
0.0028574466705322,0.11146997660398,-0.028949499130249,1
0.051053762435913,-0.089320494793355,0.022618658840656,1
-0.059241980314255,0.18423410505056,0.10033827275038,1
-0.12864509224892,0.22897168248892,0.081162519752979,1
0.044783651828766,-0.096856338903308,-0.065879434347153,1
-0.043641686439514,-0.15633207559586,-0.027872361242771,1
-0.058322936296463,-0.12814996391535,-0.032083459198475,1
0.025278389453888,-0.10104381595738,0.00049787014722824,1
0.050624966621399,0.079133771359921,0.007681168615818,1
0.010001718997955,-0.13071616925299,-0.015555880963802,1
0.064370572566986,0.11163517087698,0.010966278612614,1
-0.12141326069832,-0.07638611830771,-0.059998460114002,1
-0.2082711160183,0.06315428763628,0.16384189575911,1
-0.091474235057831,0.11923275142908,0.041828699409962,1
0.050174713134766,-0.13955441862345,-0.084054872393608,1
-0.038854718208313,-0.087791268713772,0.02623724937439,1
-0.10758221149445,-0.00078153610229492,-0.037156485021114,1
-0.025197088718414,-0.058958653360605,0.0086264088749886,1
-0.097256362438202,-0.026002243161201,-0.033213205635548,1
-0.06273877620697,0.037131018936634,-0.0076627656817436,1
-0.010477364063263,0.16896816343069,0.0046135634183884,1
0.022145628929138,-0.097922824788839,0.0018198564648628,1
0.017740428447723,-0.08232719451189,0.008297435939312,1
0.10479617118835,0.17065867036581,-0.03261311352253,1
0.055882692337036,0.14965649694204,-0.078987076878548,1
0.051107227802277,-0.11356129683554,-0.055016994476318,1
-0.22641336917877,-0.06756004691124,0.027051456272602,1
-0.078638732433319,-0.16864860057831,0.078415729105473,1
-0.17527431249619,-0.21324423700571,0.060256280004978,1
-0.13602048158646,0.095468439161777,-0.0011807754635811,1
-0.023599445819855,-0.11500505637378,0.0014142096042633,1
-0.046058595180511,0.044498644769192,-0.014368645846844,1
0.087798774242401,0.06477440148592,-0.030786566436291,1
-0.23286974430084,-0.019558317959309,0.13674963265657,1
0.059356689453125,0.089306317269802,0.012049935758114,1
-0.019354045391083,0.085622064769268,0.017962194979191,1
0.051337540149689,-0.078089337795973,-0.016368575394154,1
0.040857017040253,-0.17103949934244,0.01005707681179,1
-0.2322678565979,0.11133637279272,0.048275031149387,1
0.078228294849396,-0.086559726856649,-0.0077463760972023,1
-0.031554758548737,-0.036878928542137,0.005779005587101,1
-0.048174917697906,0.084641076624393,-0.013445906341076,1
-0.010500729084015,-0.14225279912353,0.024679489433765,1
-0.1657363474369,-0.0663952678442,0.060985647141933,1
-0.093276917934418,-0.055765423923731,-0.036316879093647,1
-0.03250128030777,-0.15327105671167,0.024201564490795,1
0.045293986797333,-0.18591580539942,0.021760478615761,1
0.04042911529541,0.29360439628363,0.026966385543346,1
-0.053479164838791,-0.17138358950615,0.083230175077915,1
-0.00074619054794312,-0.09037734568119,0.022429846227169,1
-0.14327692985535,0.07559210807085,0.025484375655651,1
-0.10632127523422,0.17410638183355,0.078808449208736,1
-0.14401704072952,-0.0079103484749794,-0.012644313275814,1
0.065208852291107,0.16454895585775,-0.037562556564808,1
-0.058116585016251,0.045562125742435,-0.013224221765995,1
-0.012808620929718,-0.25259982794523,0.0033197775483131,1
0.010976195335388,-0.12607442773879,-0.012858361005783,1
-0.092927843332291,0.2344598993659,-0.05683097243309,0
0.054608702659607,0.25847854465246,-0.039253354072571,1
-0.0045568346977234,0.088277272880077,-0.0041936486959457,1
0.0052266716957092,0.072172947227955,-0.0057053416967392,1
-0.094425410032272,-0.063032109290361,0.020647622644901,1
0.1554057598114,-0.17943529039621,0.075829870998859,1
-0.092976152896881,0.065587662160397,-0.043583735823631,1
-0.17791482806206,0.17629950493574,-0.034874342381954,1
-0.08515253663063,0.2190413698554,-0.090454243123531,0
-0.18356534838676,-0.12299003079534,0.13176640123129,1
-0.23143085837364,-0.12540259212255,0.044313170015812,1
-0.1222950220108,-0.16192026436329,0.17334356158972,1
0.11774152517319,-0.22734455019236,-0.073120005428791,1
0.057844877243042,-0.29048072546721,0.056720145046711,1
0.063724219799042,0.065214030444622,-0.013913162052631,1
0.11584061384201,0.26404064148664,0.093279220163822,1
-0.20172461867332,-0.037207216024399,0.17318136245012,1
0.089737236499786,0.1328384205699,0.049415998160839,1
0.0018103718757629,0.16945587843657,0.033314168453217,1
-0.068448334932327,-0.23385479301214,0.12557127326727,1
-0.15378612279892,-0.16847099363804,0.12489045411348,1
0.055624306201935,-0.18788213282824,-0.076499752700329,1
-0.17114090919495,-0.1415497995913,-0.023287557065487,1
-0.083458244800568,0.2002471908927,-0.0057167112827301,1
0.087677896022797,0.10645496100187,-0.057717844843864,1
0.068059504032135,-0.11452853120863,0.016958750784397,1
-0.10977032780647,-0.22447907924652,0.12259795516729,1
-0.035097002983093,0.26517071574926,0.059465728700161,1
-0.21545198559761,-0.081459403038025,0.085266716778278,1
-0.10115271806717,-0.11420144326985,-0.0046843811869621,1
-0.072700798511505,0.16862358897924,-0.010413102805614,1
-0.064220011234283,-0.099135185708292,-0.032942958176136,1
0.075512826442719,0.13774883002043,-0.042341724038124,1
-0.052508145570755,-0.033126287162304,0.0017606839537621,1
-0.0065791606903076,0.20208542793989,0.051894269883633,1
-0.027281701564789,-0.16782465577126,-0.0064633265137672,1
0.086153626441956,0.26526295393705,0.1298206076026,1
0.081914961338043,0.26176895946264,0.037004917860031,1
0.15523856878281,-0.15511591732502,0.1965249851346,1
0.039732098579407,0.070545725524426,-0.034409955143929,1
-0.19634273648262,-0.13566048070788,0.092740692198277,1
-0.072565704584122,-0.082475608214736,0.036848179996014,1
-0.047439873218536,0.065365664660931,-0.033653698861599,1
-0.21734276413918,0.068354316055775,0.009442962706089,1
-0.084400534629822,0.054614178836346,-0.028414815664291,1
-0.1691523194313,0.03375556319952,0.097113735973835,1
0.15874481201172,0.24806057661772,0.10790940374136,1
-0.10218867659569,-0.24834720045328,0.047457471489906,1
-0.049080312252045,-0.089114306494594,-0.027447104454041,1
0.10263127088547,-0.098976601846516,0.028829894959927,1
-0.11904847621918,-0.18436178565025,0.13494578748941,1
-0.24468839168549,0.11039990931749,-0.0028192773461342,1
-0.083826512098312,-0.099651825323235,-0.0053875371813774,1
-0.12986114621162,-0.10301260347478,0.055744312703609,1
-0.048689067363739,0.095410652458668,-0.019058413803577,1
-0.2110224366188,-0.10449230810627,0.060106344521046,1
0.098897278308868,0.23397319763899,0.089358098804951,1
0.13712328672409,-0.2433817461133,-0.055932834744453,1
-0.16685885190964,0.044704981148243,0.057247795164585,1
0.11800771951675,0.26234369724989,0.1118413284421,1
-0.03451007604599,0.10914527624846,0.0065574198961258,1
0.069349944591522,-0.23775250464678,-0.0039365962147713,1
0.01276969909668,-0.20164851844311,0.079826809465885,1
-0.13336125016212,0.099213786423206,0.045474343001842,1
-0.051617324352264,0.20407333225012,-0.05810185521841,1
0.069408476352692,-0.057661227881908,-0.035122685134411,1
0.18354773521423,0.20135431736708,0.15159571915865,1
-0.014483153820038,-0.22794199734926,-0.041544817388058,1
-0.046604037284851,-0.18805262446404,-0.043502368032932,1
-0.2142673432827,-0.10567732714117,0.073064647614956,1
-0.18455928564072,-0.1860269010067,-0.02406320720911,1
-0.18012443184853,0.050079114735126,0.057514674961567,1
0.041238129138947,0.09528461843729,-0.0066846534609795,1
-0.19389379024506,-0.035670220851898,-0.041766062378883,1
0.00097626447677612,0.10543847829103,-0.012406207621098,1
-0.01435524225235,-0.08707467187196,-0.053020119667053,1
0.059015452861786,0.25442668050528,0.018109157681465,1
0.13996458053589,0.17740344256163,0.13298196345568,1
0.043755114078522,0.14459786564112,0.033697061240673,1
-0.044285595417023,-0.035896569490433,-0.010088197886944,1
-0.063131004571915,-0.0364705696702,0.023084245622158,1
-0.046659648418427,0.23779850453138,0.030261769890785,1
-0.18873363733292,0.079130508005619,-0.056752279400826,1
0.062870502471924,0.19102507084608,0.0056585446000099,1
0.096351087093353,-0.092110054567456,-0.018871493637562,1
0.1698802113533,0.19276352971792,-0.0011205971240997,1
-0.087182283401489,0.070362634956837,-0.013541050255299,1
0.14734381437302,-0.122319214046,0.030780009925365,1
-0.12281084060669,-0.22758027166128,0.064940944314003,1
-0.0051153898239136,0.08064066618681,0.00033080577850342,1
0.16586583852768,-0.15769630670547,-0.088735483586788,1
-0.092617809772491,0.21177830547094,0.069124191999435,1
-0.043120801448822,0.10955039411783,-0.058326058089733,1
-0.13750120997429,-0.13416420295835,0.10338162630796,1
0.1126464009285,-0.089534441940486,-0.082497589290142,1
-0.062273859977722,0.088433988392353,0.03434706479311,1
0.033801853656769,-0.086024031043053,-0.0076414570212364,1
0.17895817756653,0.1967912837863,-0.039353162050247,1
-0.18235051631927,0.0097968131303787,0.054213143885136,1
0.12626123428345,-0.17174414545298,-0.053476773202419,1
-0.041240513324738,-0.27430702000856,0.09431678801775,1
-0.058521509170532,-0.05600319057703,-0.020785100758076,1
-0.09862893819809,-0.019977919757366,0.021805606782436,1
-0.24521860480309,-0.0028946548700333,0.0084522441029549,1
0.073986709117889,-0.078925658017397,-0.02934543043375,1
-0.086635231971741,-0.2707406654954,0.043747313320637,1
0.14359134435654,0.12747088819742,0.033033676445484,1
-0.18253290653229,0.014156706631184,0.054901503026485,1
-0.11537754535675,0.091637201607227,0.052821435034275,1
-0.0094203948974609,0.23267143219709,0.068643607199192,1
-0.14277458190918,-0.15909002348781,-0.064392782747746,1
-0.22524577379227,0.017743475735188,-0.043897233903408,1
-0.10378098487854,0.049575991928577,0.0047718361020088,1
-0.026612341403961,0.19659643620253,0.20492500811815,1
-0.034883558750153,-0.26470028609037,-0.041302159428596,1
-0.23397862911224,-0.055882900953293,-0.053965367376804,1
0.19203448295593,0.17001628130674,0.060135938227177,1
0.12044316530228,-0.095219950657338,-0.0035408809781075,1
0.022604942321777,-0.10360029898584,0.018926128745079,1
-0.12408941984177,-0.10937904566526,0.034199006855488,1
-0.11777800321579,-0.14205610007048,0.14065248519182,1
-0.21049711108208,0.024247698485851,0.087725423276424,1
0.16509801149368,0.17159285396338,-0.03428753465414,1
0.093019127845764,0.18832506984472,0.033647201955318,1
-0.17608457803726,-0.15621364489198,0.14156978577375,1
0.048432946205139,-0.18158853799105,0.089110411703587,1
0.19355416297913,0.18727698177099,0.13503015786409,1
-0.1163489818573,0.074532248079777,-0.058574378490448,1
-0.1213726401329,-0.22558686882257,0.040367759764194,1
0.059152543544769,-0.046008206903934,0.00069112330675125,1
-0.11299550533295,0.16853173822165,-0.024255268275738,0
0.096121966838837,0.11109321564436,-0.0030567795038223,1
-0.0057908296585083,0.068198375403881,-0.020832717418671,1
-0.18710079789162,-0.13089638762176,0.06775975972414,1
-0.093743056058884,0.14464054256678,-0.071031607687473,0
0.18253660202026,-0.19137178361416,0.13709629327059,1
-0.069578766822815,0.18635215610266,-0.092644512653351,0
-0.165387570858,0.20675887912512,-0.036356575787067,1
-0.19383001327515,-0.051461640745401,-0.037413649260998,1
0.19464832544327,-0.17085756361485,-0.0069997385144234,1
-0.1188600063324,0.091414578258991,0.023618601262569,1
0.035363614559174,-0.19493623822927,-0.044060736894608,1
0.072068393230438,0.24149914830923,0.15034434944391,1
-0.12349930405617,-0.055261537432671,-0.064925439655781,1
-0.09199720621109,0.16988002508879,-0.036473922431469,0
0.1549317240715,-0.15634125471115,0.15086638182402,1
-0.12039461731911,0.21297296136618,0.038990817964077,1
0.040500044822693,0.16531761735678,-0.079802766442299,1
0.074875473976135,-0.22528793662786,-0.076208174228668,1
-0.17901474237442,0.064136065542698,0.061623744666576,1
0.040920317173004,-0.074775779619813,0.0092833787202835,1
0.018021523952484,-0.10235925856978,0.018681839108467,1
-0.072668671607971,-0.0092288255691528,-0.011691205203533,1
0.040947496891022,-0.22705597430468,0.093999244272709,1
-0.092937707901001,0.15542110055685,0.21459103375673,1
-0.13517639040947,-0.11009309440851,0.057083211839199,1
0.072064936161041,-0.059062208980322,-0.0075716599822044,1
-0.059587299823761,0.084324114024639,0.024354599416256,1
-0.22127738595009,-0.064400982111692,0.044836662709713,1
-0.015828311443329,0.091747842729092,-0.016885071992874,1
0.068002343177795,0.1278318092227,-0.026173673570156,1
0.14982223510742,0.16443624347448,0.19804842025042,1
0.015287935733795,0.25397553294897,0.10239865630865,1
0.015332877635956,-0.069040244445205,-0.013600625097752,1
0.16666299104691,0.19731401652098,-0.046395115554333,1
-0.11957484483719,-0.17193560302258,0.092052660882473,1
0.0056671500205994,-0.19767335802317,0.039273805916309,1
-0.14144724607468,-0.061986312270164,-0.06909467279911,1
-0.074359118938446,0.16443090885878,-0.05334784835577,0
-0.092948764562607,0.21749760955572,-0.011689551174641,0
-0.070022165775299,0.00048643350601196,-0.0047829374670982,1
-0.11155420541763,0.034018017351627,0.015643201768398,1
-0.12710869312286,-0.12230451032519,0.053451515734196,1
-0.17600339651108,0.052462078630924,-0.052921883761883,1
-0.15970146656036,-0.020500905811787,-0.017882563173771,1
0.082969009876251,-0.10086519736797,0.01856379956007,1
-0.036390006542206,-0.26565953344107,0.060082413256168,1
-0.032129228115082,-0.015421181917191,-0.001974992454052,1
0.051504552364349,-0.073286175727844,0.0068708211183548,1
-0.1515765786171,0.21977945417166,-0.024205483496189,1
0.079179108142853,-0.07718001678586,0.012443386018276,1
0.052945077419281,-0.15280622243881,0.028779670596123,1
-0.16362339258194,0.064203180372715,0.20841241627932,1
0.059048175811768,0.078246556222439,0.015986807644367,1
-0.14259660243988,0.19772734493017,0.056075043976307,1
-0.20779171586037,-0.014773644506931,0.18360746651888,1
-0.15885213017464,0.19111009687185,0.069144271314144,1
-0.034010767936707,0.038244880735874,-0.028682447969913,1
-0.022722005844116,0.064952544867992,-0.017200283706188,1
0.071925163269043,0.069197155535221,-0.015804581344128,1
-0.049674034118652,0.061553575098515,-0.043138332664967,1
0.10274213552475,-0.10986521281302,-0.053779818117619,1
-0.085647791624069,-0.12576827965677,0.033950574696064,1
0.073724627494812,0.15827738493681,-0.021475732326508,1
0.009505569934845,0.17906706780195,0.016356408596039,1
-0.042889535427094,-0.13956652581692,-0.081915445625782,1
-0.10688707232475,0.034862257540226,-0.029570341110229,1
-0.21794870495796,-0.012461967766285,-0.077563978731632,1
0.090885818004608,-0.16947226971388,0.083638064563274,1
0.012709558010101,0.067264474928379,-0.018821246922016,1
0.088177740573883,0.2086548730731,-0.086125936359167,1
-0.12775003910065,0.054092191159725,0.052102945744991,1
-0.14033153653145,-0.18203540146351,0.057111375033855,1
0.041557252407074,-0.20241499692202,0.02446036785841,1
0.07169908285141,0.08609925955534,0.0017758309841156,1
-0.11674505472183,0.085161454975605,-0.095076106488705,1
0.10552430152893,0.20618798583746,0.046600915491581,1
-0.13608744740486,0.17928340286016,0.029427818953991,1
0.076656460762024,0.10402473062277,-0.060360379517078,1
0.15755635499954,0.16527404636145,0.019221290946007,1
0.15631341934204,-0.17138306796551,0.19359939545393,1
0.019708395004272,0.094758220016956,0.0081077143549919,1
0.085492849349976,0.16543980687857,0.043350972235203,1
0.15080982446671,0.16236796230078,0.21603126078844,1
-0.017277121543884,-0.071181621402502,0.014297932386398,1
-0.01129561662674,-0.063979689031839,-0.0076246187090874,1
0.072417318820953,0.16678716987371,-0.046361453831196,1
-0.038293540477753,-0.094591391272843,-0.041232451796532,1
0.030081927776337,0.098212860524654,-0.047868996858597,1
-0.043122529983521,0.15262790769339,-0.017586596310139,1
0.030168235301971,-0.091120714321733,-0.047416634857655,1
0.1959080696106,-0.1932997033,0.087047033011913,1
-0.087562620639801,0.16492416709661,0.037591375410557,1
0.024943292140961,-0.13877079635859,-0.080150946974754,1
0.00079268217086792,-0.092156609520316,-0.0405508056283,1
-0.14783275127411,0.18658574670553,0.13070153445005,1
0.055200457572937,-0.13398246839643,0.0012793615460396,1
-0.10819584131241,0.13514042645693,0.0095468834042549,1
0.0036354064941406,0.27531387656927,0.081137411296368,1
-0.091087281703949,0.21436669677496,0.16689725965261,1
0.0098553895950317,-0.19338057935238,0.058259777724743,1
0.048836350440979,0.18618031591177,-0.038823336362839,1
-0.041063547134399,0.13720836490393,-0.0093359276652336,1
0.15312361717224,0.14047319442034,-0.091147519648075,1
0.15418428182602,0.13525397330523,0.027368627488613,1
-0.089252114295959,-0.00070838630199432,-0.039332695305347,1
0.0074763894081116,-0.11081448756158,-0.031247727572918,1
0.053647339344025,0.079177774488926,-0.0039245560765266,1
0.15303373336792,-0.14248962327838,0.090287335216999,1
-0.17537754774094,0.10069365054369,0.082199670374393,1
-0.17510968446732,0.15243818610907,0.13581591099501,1
-0.043981850147247,0.21869810670614,0.07057062536478,1
0.1240838766098,0.12046381086111,-0.068884342908859,1
-0.053917020559311,0.19546493142843,0.18667436391115,1
-0.067148238420486,-0.168965741992,-0.070262476801872,1
-0.039878070354462,0.070320062339306,0.000656358897686,1
0.014927864074707,-0.14061615616083,-0.012296967208385,1
0.12438732385635,0.15783890336752,-0.039447866380215,1
0.11370807886124,-0.18985638022423,-0.041851297020912,1
0.011729419231415,0.092855982482433,0.016530372202396,1
-0.086406767368317,0.22994004935026,0.075029917061329,1
0.008953332901001,-0.16403904557228,-0.088953014463186,1
-0.20511990785599,-0.016004778444767,-0.031610853970051,1
0.00070869922637939,-0.087006149813533,-0.021275974810123,1
-0.2385827600956,-0.061017259955406,0.11416842788458,1
-0.13817542791367,0.1952942237258,0.016378231346607,1
-0.10685989260674,0.22041174024343,0.11660461872816,1
0.082113087177277,-0.079920429736376,-0.0087486580014229,1
-0.22312611341476,0.070642121136189,0.099743418395519,1
-0.17046403884888,0.011771738529205,0.070925854146481,1
-0.21869868040085,-0.0046957656741142,-0.030543200671673,1
0.047907829284668,0.22835450619459,0.12546230107546,1
-0.12896221876144,0.028314299881458,0.033347122371197,1
-0.24268051981926,0.013065934181213,0.024253346025944,1
0.10415500402451,0.21340768784285,0.12732373923063,1
0.086867928504944,0.22680266946554,-0.031746216118336,1
-0.076693892478943,-0.048966310918331,-0.024163044989109,1
-0.092012524604797,-0.1861983910203,-0.061111405491829,1
-0.068483412265778,-0.019287161529064,-0.030197702348232,1
-0.1928738951683,0.056163527071476,0.12158661335707,1
-0.0091219544410706,-0.11771528981626,-0.082368552684784,1
0.0075684189796448,-0.091230781748891,0.012660555541515,1
0.025448262691498,-0.22543018311262,0.086093075573444,1
-0.16984659433365,0.046498380601406,0.049458764493465,1
-0.065256774425507,-0.1315281316638,-0.061797827482224,1
0.071050345897675,-0.05530921369791,-0.0099712237715721,1
-0.16586518287659,0.019246451556683,-0.036467887461185,1
-0.069193005561829,-0.24809478968382,0.01589385420084,1
-0.04393595457077,0.11838071793318,-0.049783244729042,1
0.07745897769928,0.12256529182196,-0.036286078393459,1
-0.010025084018707,0.082661546766758,-0.008096918463707,1
0.0088046789169312,0.23810609430075,0.075584776699543,1
-0.079507827758789,-0.0048732161521912,-0.0051193460822105,1
0.13738197088242,-0.17334988713264,0.073438458144665,1
-0.23399239778519,0.11301361769438,0.031441621482372,1
-0.0076403021812439,-0.053540583699942,0.0011821389198303,1
0.015422523021698,0.21129407733679,-0.05810210108757,1
-0.12097838521004,-0.083197932690382,-0.0052924528717995,1
0.021730184555054,-0.0648551620543,-0.0053193047642708,1
-0.044897019863129,-0.072030702605844,-0.013833962380886,1
0.087209522724152,-0.21561920642853,-0.096957556903362,1
0.0019024014472961,-0.13847963884473,-0.022971749305725,1
-0.067079722881317,-0.15905187278986,-0.057205647230148,1
-0.14362740516663,0.06100208312273,0.024662293493748,1
-0.13676461577415,0.17440321296453,0.091612674295902,1
0.16436225175858,-0.22805742174387,0.053534440696239,1
0.0086440443992615,0.23943360894918,-0.087235476821661,1
-0.029542207717896,-0.18201577663422,-0.017250150442123,1
-0.11253255605698,-0.0096302479505539,0.038681276142597,1
-0.049441456794739,0.0054888501763344,-0.007988803088665,1
0.072401225566864,-0.20549461990595,0.15768397599459,1
0.13566213846207,-0.20632035285234,0.077688090503216,1
0.055072844028473,0.14275573939085,-0.031053632497787,1
0.017372608184814,0.18319877237082,0.074493683874607,1
0.090646624565125,-0.13704052194953,-0.055421262979507,1
-0.21010121703148,-0.029445663094521,0.061991326510906,1
-0.040021479129791,-0.042925201356411,-0.0038242414593697,1
0.11658626794815,-0.23410848528147,0.046650230884552,1
0.090743601322174,-0.070323653519154,0.010412625968456,1
0.1792505979538,0.18507554382086,0.0003531351685524,1
-0.025002062320709,-0.13812812417746,-0.03689331561327,1
-0.094651162624359,0.0010949596762657,0.012896649539471,1
-0.026238620281219,0.14192078262568,0.0095931962132454,1
0.032235205173492,-0.18754685670137,-0.034782662987709,1
0.099332749843597,-0.11998176202178,-0.043281607329845,1
-0.26171851158142,-0.045050926506519,-0.0011799708008766,1
0.099009096622467,-0.23462963849306,-0.043063424527645,1
-0.24927517771721,0.043122999370098,0.069825015962124,1
0.080881953239441,0.14842540770769,-0.086914446204901,1
-0.082421064376831,0.04144673794508,-0.021385006606579,1
-0.16734114289284,-0.16513263434172,0.15751989930868,1
0.056960761547089,-0.1219924017787,-0.02067942917347,1
0.1393826007843,-0.12036944925785,-0.039360351860523,1
0.031867325305939,-0.17239356040955,-0.058456815779209,1
-0.21001416444778,0.17303123325109,0.035665325820446,1
-0.11653599143028,-0.14543424919248,-0.09274410456419,1
0.10993552207947,0.25688978284597,-0.0084241330623627,1
-0.1096765100956,-0.097604184877127,-0.026804350316525,1
0.038945376873016,0.17231821268797,-0.077641740441322,1
-0.018818199634552,-0.19920247793198,0.10587392002344,1
-0.062849342823029,0.10346239060163,0.017461575567722,1
-0.002902090549469,0.12485756725073,-0.0085671171545982,1
-0.0029062032699585,-0.22599027305841,0.069630354642868,1
-0.11971747875214,-0.1362807713449,0.21020299941301,1
-0.033465504646301,0.059175170958042,-0.010876066982746,1
0.14154118299484,0.17315896600485,0.11891705542803,1
0.13591861724854,0.1533670052886,-0.10088923573494,1
-0.083464056253433,-0.12652384117246,-0.0027150958776474,1
-0.014412820339203,0.1046449765563,0.0018366798758507,1
-0.13169410824776,-0.1617324128747,-0.091279409825802,1
-0.26404449343681,0.014075815677643,0.037899501621723,1
-0.11374941468239,-0.10666557820514,-0.053971968591213,1
0.033654868602753,0.18407791107893,-0.066985704004765,1
0.1712538599968,0.16081740707159,-0.082176245748997,1
0.070644319057465,-0.10439310595393,0.0091036036610603,1
-0.018817365169525,-0.19291534274817,0.082886524498463,1
-0.073142051696777,-0.035770796239376,-0.029596701264381,1
-0.096199542284012,-0.11472242325544,-0.027138270437717,1
-0.061700135469437,-0.0067980885505676,0.013354204595089,1
0.083141386508942,0.2213633581996,0.1916478946805,1
0.030429303646088,-0.28759395331144,-0.013518504798412,1
-0.21225923299789,-0.06314804032445,0.12246205657721,1
-0.15664878487587,0.13592701405287,-0.0092510059475899,1
-0.20826008915901,-0.028397724032402,0.038428120315075,1
0.14821797609329,0.17710062116385,0.19379092007875,1
-0.1866672039032,0.12378036230803,-0.03137630969286,1
-0.025376379489899,-0.093123315833509,0.0042615532875061,1
-0.18204653263092,-0.10492802085355,0.097207956016064,1
0.029446244239807,0.22852312773466,0.087528727948666,1
-0.24058508872986,0.096369691193104,0.097355477511883,1
0.19907605648041,0.23155587166548,0.040791764855385,1
-0.060329973697662,-0.19739678502083,0.074970431625843,1
0.019723951816559,0.12610580772161,0.0011540651321411,1
0.0040227174758911,-0.14425031468272,-0.033807083964348,1
-0.21713235974312,-0.079817501828074,0.061113528907299,1
0.072504580020905,-0.14507860690355,-0.018499456346035,1
0.066202640533447,-0.16112041845918,-0.074717059731483,1
0.1006076335907,0.26244869083166,0.075683735311031,1
-0.066948235034943,-0.032752402126789,-0.0086405798792839,1
-0.0016013979911804,0.22349341958761,0.13220972567797,1
0.070807099342346,-0.16927466541529,0.063796103000641,1
0.047362983226776,0.10768809169531,0.02227670699358,1
0.030739188194275,-0.24072880297899,0.17272750288248,1
-0.092363268136978,-0.16264841705561,-0.017666183412075,1
0.036134600639343,-0.081243416294456,0.014912627637386,1
0.066535651683807,0.071366630494595,-0.020040743052959,1
0.097587943077087,-0.12148884870112,-0.054125964641571,1
-0.17618697881699,-0.066527977585793,-0.097441405057907,1
-0.013028919696808,0.21264954656363,0.029779501259327,1
0.024152517318726,-0.19759479165077,-0.052003316581249,1
-0.090148955583572,0.009581632912159,-0.0066057667136192,1
0.11581319570541,-0.16370918601751,0.078899718821049,1
-0.0027837753295898,-0.084059897810221,-0.021635435521603,1
-0.19405770301819,0.019999839365482,-0.093014001846313,1
0.063810467720032,-0.18573135137558,0.071736611425877,1
-0.075784295797348,0.0019797310233116,0.0041369274258614,1
0.090904593467712,0.25977780669928,-0.017311051487923,1
-0.077634990215302,-0.24482966214418,0.056965090334415,1
-0.13693276047707,0.14279303699732,0.092842288315296,1
0.076533019542694,-0.073688773438334,0.012482918798923,1
0.073786973953247,0.05894397944212,-0.029821440577507,1
0.0040526390075684,-0.20205340534449,-0.098069194704294,1
-0.1999808549881,0.11647839099169,0.051603101193905,1
0.01980847120285,-0.204505212605,0.17186287790537,1
-0.20083752274513,-0.13018115237355,0.075210250914097,1
-0.076968550682068,-0.23471669107676,-0.064955741167068,1
-0.10483726859093,-0.021586410701275,0.005522646009922,1
-0.11097550392151,0.15931668132544,-0.063994966447353,0
-0.23224931955338,-0.068011470139027,0.018834985792637,1
0.10427898168564,0.13755130022764,-0.031512930989265,1
-0.077755868434906,0.062089465558529,-0.061164043843746,1
-0.15101885795593,-0.042700003832579,0.071633137762547,1
0.021282613277435,-0.18403885513544,0.011451229453087,1
0.16988003253937,0.15756579488516,0.17445839196444,1
-0.1093507707119,-0.23659846931696,0.011559687554836,1
0.05847442150116,0.17046760767698,0.0064188316464424,1
-0.19658607244492,-0.10273552360013,-0.010209776461124,1
0.0046288967132568,-0.16927103698254,-0.060238771140575,1
-0.11328911781311,0.16292118281126,0.074792377650738,1
-0.098718404769897,-0.089863668195903,-0.089253343641758,1
0.070073664188385,-0.2796466127038,0.10202791541815,1
-0.078440576791763,-0.0064878910779953,-0.058967791497707,1
0.062207758426666,0.10363069921732,0.0034370794892311,1
0.017044186592102,-0.12090560421348,-0.016641058027744,1
-0.062555611133575,-0.21658216416836,0.039949007332325,1
-0.035106122493744,0.065262950956821,-0.025495566427708,1
-0.19430249929428,0.11978054791689,0.085279680788517,1
-0.08804252743721,0.15505685657263,0.019652508199215,1
0.043712615966797,0.22765248268843,0.13280598074198,1
-0.068874716758728,0.20283424109221,-0.022606693208218,1
-0.21336126327515,0.071177460253239,0.11052510887384,1
0.0015919208526611,-0.15072820708156,0.031753405928612,1
0.14781302213669,-0.16925125569105,-0.013322986662388,1
0.16658699512482,-0.1696769669652,-0.093734495341778,1
-0.1841447353363,-0.087703042663634,0.065858416259289,1
0.094247579574585,-0.19786064326763,0.18322230130434,1
-0.17969578504562,-0.029625855386257,-0.093951765447855,1
-0.08063480257988,-0.018935196101665,0.019863180816174,1
-0.073660999536514,-0.22122218459845,0.089936457574368,1
-0.11696070432663,-0.034614033997059,0.01818124204874,1
-0.019580006599426,0.23086648434401,0.097671411931515,1
-0.18193697929382,-0.19239643961191,0.096011526882648,1
-0.052552849054337,0.024182863533497,0.017728365957737,1
-0.18584150075912,-0.080763643607497,0.11821004003286,1
-0.10167682170868,0.0122459679842,-0.052091389894485,1
0.039664089679718,-0.05289863049984,0.00032759457826614,1
-0.088949918746948,0.17072033137083,-0.026185087859631,1
0.010833382606506,0.16931577771902,-0.028967633843422,1
-0.073028117418289,-0.0096480026841164,0.021816812455654,1
0.048967182636261,0.091150216758251,-0.03822074085474,1
-0.073485612869263,-0.10208751959726,-0.0046194717288017,1
0.013929426670074,-0.26387595385313,-0.055530108511448,1
-0.14800229668617,0.20137783139944,-0.019233129918575,1
0.10307520627975,0.10694508999586,-0.028708517551422,1
-0.13035398721695,0.075632460415363,-0.018172793090343,1
-0.021065413951874,0.065132327377796,0.0064465329051018,1
0.093782126903534,-0.19929108023643,0.14837858825922,1
-0.011068224906921,-0.23928058892488,0.11671400815248,1
0.088638067245483,0.14650323241949,-0.064520351588726,1
-0.14734750986099,-0.15622225031257,0.018863044679165,1
0.010921716690063,0.065624661743641,-0.011332251131535,1
0.015684962272644,-0.1738281622529,0.068657509982586,1
0.13523477315903,-0.24017512053251,0.089909441769123,1
0.072074353694916,0.1285400763154,-0.021185241639614,1
-0.055436104536057,-0.24326559156179,0.092761464416981,1
0.19640845060349,0.17659767717123,0.17484580725431,1
-0.17997840046883,-0.045082021504641,-0.022215187549591,1
0.02719384431839,-0.13209686055779,-0.044281102716923,1
0.027965426445007,0.084758706390858,-0.0061429142951965,1
-0.21675619482994,0.025070644915104,-0.085250936448574,1
0.043779075145721,0.10059019178152,0.016277559101582,1
-0.10772234201431,-0.21894160658121,0.08512232452631,1
-0.15393579006195,0.10877829045057,0.14683017879725,1
-0.041870057582855,0.20434936136007,0.16091419011354,1
0.024209141731262,-0.20194330066442,-0.023275062441826,1
-0.091878563165665,0.18146731704473,-0.02628406137228,0
-0.092275321483612,-0.0072154849767685,0.0058528855443001,1
0.1145955324173,0.26004286855459,0.023835249245167,1
0.036094725131989,0.1029773876071,0.0022247806191444,1
-0.10559836030006,0.16360225528479,0.039138920605183,1
-0.089957594871521,-0.016418367624283,-0.055314786732197,1
-0.12840819358826,-0.052813954651356,0.035028718411922,1
-0.17180019617081,-0.16447705775499,0.11119083315134,1
-0.0036562085151672,0.18886091560125,-0.069991409778595,1
-0.17532247304916,0.073150776326656,0.10503236204386,1
0.012638747692108,-0.064710423350334,-0.0055143982172012,1
0.025012195110321,0.17282661050558,-0.074985414743423,1
0.20520848035812,0.23109927028418,0.049469113349915,1
-0.047700107097626,0.076943837106228,-0.020671151578426,1
0.14058369398117,-0.1677370890975,0.077522091567516,1
-0.14336550235748,0.061456717550755,0.029460318386555,1
-0.07133948802948,-0.08539576549083,-0.043487019836903,1
-0.20347374677658,-0.019136048853397,0.12697567790747,1
-0.11161386966705,0.0069107785820961,-0.035958781838417,1
-0.038957297801971,-0.040492285043001,-0.0062387809157372,1
-0.070056468248367,0.15460779517889,-0.044111020863056,0
-0.050100445747375,-0.13631349056959,-0.094275273382664,1
0.14376473426819,0.20634301751852,-0.0040485337376595,1
-0.043069839477539,0.091023750603199,-0.02382268756628,1
-0.15771108865738,-0.009515717625618,-0.095457632094622,1
0.035780906677246,0.070925436913967,0.007390983402729,1
-0.023373782634735,-0.16341381520033,-0.0069866478443146,1
0.027002096176147,-0.2887554243207,0.032185167074203,1
0.048778831958771,0.069943584501743,-0.01366712898016,1
0.073322653770447,0.12308088690042,-0.0086381062865257,1
-0.0665682554245,-0.033110164105892,-0.0064621195197105,1
-0.11903822422028,-0.008492648601532,-0.090857990086079,1
-0.096970945596695,0.026098005473614,-0.050205230712891,1
0.001947283744812,0.07539888471365,-0.044563055038452,1
-0.039550840854645,-0.022607430815697,-0.016491897404194,1
-0.071894854307175,0.24850805848837,-0.051812462508678,0
0.064035475254059,-0.18547447770834,0.094948582351208,1
-0.16377833485603,0.15418025106192,-0.091989032924175,1
0.1203299164772,0.21087097376585,-0.093901462852955,1
0.061607837677002,0.088349930942059,0.022401414811611,1
-0.041392982006073,-0.21545998752117,0.0062036290764809,1
-0.012787580490112,0.24577566236258,0.09804929047823,1
-0.16298857331276,-0.092059760354459,0.13052924722433,1
0.041475355625153,-0.098098148941062,0.020117036998272,1
0.057674825191498,-0.18593318760395,0.050838507711887,1
-0.078835427761078,0.061237893998623,0.0029156878590584,1
-0.030260682106018,0.061022035777569,-0.0021972581744194,1
-0.07036080956459,0.23068036884069,0.047004215419292,1
0.1885951757431,-0.18092262744904,0.1416931822896,1
-0.082009017467499,0.030608884990215,0.014507405459881,1
0.073536098003387,0.20521583408117,-0.052590042352676,1
-0.21425467729568,-0.15263859927654,0.046876408159733,1
0.073596656322479,0.11348489671946,0.030575141310692,1
-0.10970976948738,0.14448717981577,0.21149391680956,1
-0.046277344226837,0.13705488294363,-0.049028724431992,1
-0.10202521085739,0.16003044694662,0.16489874571562,1
-0.15256100893021,-0.19006127119064,-0.075339742004871,1
-0.058377385139465,-0.24252296239138,0.032249219715595,1
0.066842973232269,-0.079946210607886,0.017436511814594,1
0.096283912658691,0.20689272135496,-0.038690127432346,1
0.072238147258759,-0.09732042835094,-0.032010518014431,1
0.11277318000793,0.26195090264082,0.035143472254276,1
0.047125339508057,-0.27126302570105,0.014855749905109,1
-0.19512778520584,0.1304309591651,0.086300157010555,1
-0.18349879980087,0.025840498507023,0.14713151007891,1
-0.049932241439819,0.083942733705044,0.011933289468288,1
-0.21757161617279,0.041756473481655,-0.013063244521618,1
0.10775083303452,-0.14271128922701,0.045478448271751,1
-0.11146435141563,-0.10118744079955,-0.020690731704235,1
0.007396399974823,0.21493353694677,-0.0077328756451607,1
-0.016677677631378,-0.1831299290061,-0.09672998636961,1
-0.023829877376556,-0.22979017347097,0.17835969477892,1
0.074454963207245,-0.074376882985234,-0.028380252420902,1
-0.075987070798874,-0.20978966355324,-0.03942909091711,1
-0.13612937927246,-0.13935139775276,0.10628739744425,1
-0.23773685097694,0.078580848872662,0.034086085855961,1
0.14539283514023,-0.13845249637961,-0.03303024917841,1
-0.13934552669525,-0.11632056906819,0.18993904441595,1
-0.031748414039612,0.088422618806362,0.014428146183491,1
-0.11169895529747,-0.081734362989664,-0.056655570864677,1
-0.039949238300323,-0.043498482555151,0.0096041038632393,1
0.06086665391922,-0.27106470614672,-0.035039491951466,1
-0.042199552059174,-0.020205967128277,-0.01128926128149,1
0.086227834224701,-0.20514050871134,0.014409109950066,1
-0.043057978153229,0.014708966016769,-0.021642722189426,1
-0.17855504155159,-0.053805030882359,0.031922899186611,1
-0.16363689303398,-0.079262472689152,0.053297154605389,1
-0.11208426952362,-0.14461493119597,-0.064822979271412,1
-0.17154505848885,-0.14759504795074,0.03529267758131,1
0.0985227227211,0.25176151841879,0.064074940979481,1
-0.15408045053482,0.074196077883244,-0.070264756679535,1
-0.059382259845734,0.065423734486103,0.0061319693922997,1
0.13992875814438,-0.117445923388,0.055592708289623,1
0.00071287155151367,0.10024141520262,0.0098965466022491,1
-0.045912861824036,0.20610012859106,0.19235637038946,1
-0.13579204678535,-0.15488113462925,0.042608551681042,1
-0.12673428654671,-0.17677646130323,-0.015630498528481,1
-0.083930373191833,0.069801144301891,0.0028848871588707,1
0.058414995670319,-0.081342164427042,-0.01147834956646,1
0.15483164787292,-0.16868390887976,0.047187469899654,1
-0.13940039277077,-0.22083178162575,0.093528248369694,1
-0.053356736898422,-0.1982030197978,0.024464167654514,1
0.027076780796051,0.13771472126245,-0.025524586439133,1
-0.17108660936356,-0.1204996984452,0.10165313631296,1
-0.07857072353363,-0.071609403938055,-0.036068744957447,1
0.054141223430634,0.12139520794153,0.020804539322853,1
0.089244544506073,0.16818540543318,0.052592225372791,1
-0.09622848033905,0.0035791024565697,0.013524912297726,1
-0.043739855289459,-0.029122106730938,0.0019054487347603,1
-0.12296825647354,0.055590726435184,-0.095007136464119,1
-0.032880902290344,0.055736623704433,-0.012750022113323,1
-0.055863082408905,0.080576293170452,-0.027403734624386,1
-0.061322569847107,0.15297123044729,-0.04142652451992,1
-0.066858440637589,-0.21132174879313,0.0055500864982605,1
-0.16800138354301,-0.15264306217432,0.098963238298893,1
0.11960870027542,-0.19552325457335,-0.092416301369667,1
-0.087359458208084,0.15916230529547,0.041409887373447,1
-0.054638415575027,-0.028186194598675,-0.0010122284293175,1
0.021294772624969,0.12993236631155,-0.011648580431938,1
0.1004518866539,-0.081029115244746,0.014090694487095,1
-0.13957616686821,0.168850235641,0.10706701129675,1
0.13166928291321,0.26327147334814,0.0060553029179573,1
0.062821984291077,-0.052620366215706,-0.0027146711945534,1
0.18581241369247,-0.23976746946573,0.0077042058110237,1
0.057560205459595,0.21053376048803,0.1030538007617,1
0.016254544258118,-0.17349392920732,0.017695687711239,1
0.066075682640076,-0.17990647256374,0.089981772005558,1
0.11141914129257,-0.18062622100115,0.074957706034184,1
-0.007529079914093,0.16050835698843,0.031945519149303,1
0.097162306308746,-0.27919790893793,-0.0220001116395,1
-0.04762989282608,-0.16592153906822,-0.068880751729012,1
-0.0319904088974,0.071145005524158,-0.010174058377743,1
0.0015597343444824,0.26297461241484,0.080523051321507,1
-0.04276317358017,0.040890015661716,2.3476779460907e-05,1
0.063026547431946,-0.094902542885393,-0.033110812306404,1
-0.05267733335495,0.027224592864513,-0.017102353274822,1
-0.069992870092392,-0.19363049417734,-0.023689195513725,1
-0.19001710414886,-0.063096094876528,-0.064250133931637,1
-0.078364044427872,-0.054604977369308,-0.033767454326153,1
-0.048780500888824,0.26724844425917,0.11255348473787,1
-0.12562865018845,0.088261298835278,0.049336217343807,1
-0.10269615054131,-0.22568187862635,0.067522756755352,1
-0.020620763301849,0.14403285831213,0.041388161480427,1
0.069143176078796,-0.10461709136143,-0.033366329967976,1
-0.09007939696312,-0.23768313974142,-0.05163960903883,1
-0.029960572719574,0.064058862626553,-0.029901660978794,1
0.13403469324112,-0.23092428594828,0.13813818246126,1
-0.0087714791297913,0.071678854525089,-0.0018442496657372,1
-0.055631875991821,0.018437020480633,0.016032539308071,1
-0.020382761955261,0.091017715632915,0.0084578022360802,1
-0.067019790410995,0.16347148269415,-0.023606181144714,1
-0.10277065634727,0.24704428762197,0.057079285383224,1
0.063621938228607,-0.26509267836809,0.0464783385396,1
0.078872323036194,0.2812025770545,0.044785536825657,1
-0.037129104137421,-0.20359369367361,0.058107398450375,1
0.15579771995544,-0.21685638278723,-0.020598001778126,1
-0.032337248325348,-0.11796470545232,0.013228811323643,1
-0.0060179829597473,-0.11265110224485,-0.023451127111912,1
-0.21091711521149,0.12964374572039,-0.064070671796799,1
-0.037438690662384,0.21443115919828,0.15774712711573,1
-0.029679715633392,-0.11941643618047,0.022335983812809,1
0.16606599092484,-0.21555552631617,0.014542184770107,1
-0.057136863470078,-0.0014018341898918,0.0088009908795357,1
-0.16753590106964,-0.13167392835021,0.13741806894541,1
0.092330515384674,-0.11123353615403,-0.050208874046803,1
0.11326438188553,-0.18505578488111,0.0028888583183289,1
0.06016480922699,-0.061348099261522,-0.031098395586014,1
4.6730041503906e-05,0.14540796726942,-0.0096909329295158,1
0.04087769985199,-0.115010432899,0.026601068675518,1
-0.096774905920029,-0.16670629382133,0.11611796170473,1
0.078550398349762,0.1106563732028,-0.02495900541544,1
0.088916838169098,-0.076844101771712,-0.0072595104575157,1
0.13188546895981,0.27373143285513,-0.0029421523213387,1
0.09217768907547,0.24373691529036,0.076834581792355,1
-0.24408179521561,0.047924093902111,-0.051907293498516,1
0.043093502521515,0.22399624437094,-0.028981924057007,1
0.063648223876953,0.15527760237455,0.0042984709143639,1
-0.10966899991035,-0.062147401273251,-0.084244161844254,1
-0.17085367441177,-0.03635710477829,-0.083250649273396,1
0.0015806555747986,0.24839099496603,0.039604224264622,1
-0.051003336906433,0.043022103607655,-0.011451296508312,1
0.083554089069366,0.067317299544811,-0.019833423197269,1
0.02639228105545,-0.19663416594267,0.070088841021061,1
0.12098789215088,-0.15439324453473,0.026826970279217,1
-0.037268936634064,0.046746097505093,-0.0097164288163185,1
-0.037456750869751,0.1590458676219,-0.087841995060444,1
-0.096907496452332,-0.04652301222086,-0.085971847176552,1
-0.08733269572258,-0.20133572816849,0.026296205818653,1
-0.12099623680115,0.012343592941761,0.029096387326717,1
-0.027074873447418,-0.20816411077976,0.0095354095101357,1
0.10679852962494,0.19324284046888,-0.038326062262058,1
0.092326581478119,-0.085289133712649,-0.014156810939312,1
-0.1294164955616,-0.14923464879394,-0.041753195226192,1
-0.038310706615448,0.0030153170228004,-0.013386912643909,1
-0.082062929868698,0.1603282019496,-0.0012702867388725,1
-0.093003034591675,-0.1588712669909,-0.017198219895363,1
-0.030906498432159,-0.15289733186364,0.014886356890202,1
-0.029004812240601,0.064871616661549,0.016454227268696,1
0.062753856182098,0.27896075695753,0.059662215411663,1
0.16243296861649,-0.22872234135866,0.093217112123966,1
-0.17916995286942,-0.015697076916695,0.0098736211657524,1
-0.010011672973633,-0.10205121291801,-0.044495426118374,1
-0.088996767997742,0.037616573274136,-0.019734419882298,1
-0.20744207501411,0.0098547413945198,-0.013789735734463,1
-0.087803363800049,0.11360377818346,0.033646129071712,1
-0.06867653131485,0.00070785731077194,-0.0049915388226509,1
0.18704491853714,0.22311448305845,0.06881857663393,1
0.017013907432556,0.13370459526777,-0.018788874149323,1
-0.12431812286377,0.063593544065952,0.042778722941875,1
-0.16481587290764,0.045615501701832,-0.054499514400959,1
0.05735445022583,0.18477391451597,0.054736144840717,1
-0.15014141798019,-0.0082166790962219,0.028962515294552,1
0.14650988578796,-0.22508148103952,0.002141959965229,1
-0.0081073045730591,0.15958928316832,0.047156311571598,1
0.22190934419632,-0.19966205954552,0.011564411222935,1
0.14487248659134,-0.13305928558111,0.040891088545322,1
-0.14622241258621,-0.15610517933965,-0.031787984073162,1
0.11625492572784,0.1618474945426,0.081365637481213,1
0.061226189136505,0.062213025987148,-0.010441064834595,1
-0.18890079855919,0.12574758380651,0.1387535110116,1
-0.0097212791442871,0.21188663691282,0.1161342933774,1
0.007871150970459,-0.08133970759809,-0.031151667237282,1
-0.10125762224197,-0.26707076281309,0.028847865760326,1
0.040869891643524,-0.15579399093986,-0.01196400821209,1
-0.12405151128769,0.15246360749006,0.037553988397121,1
0.16626614332199,-0.21708904206753,0.049103550612926,1
-0.055193901062012,0.12572024017572,-0.018893249332905,1
-0.078429996967316,-0.045780453830957,0.026865907013416,1
-0.059360086917877,-0.038629967719316,-0.026624068617821,1
-0.049197793006897,-0.20414525270462,0.15741432458162,1
-0.17602202296257,-0.0081024542450905,-0.022901453077793,1
-0.058742642402649,0.021147295832634,-0.0014804676175117,1
0.094606101512909,0.25103344768286,0.08865574747324,1
-0.040330350399017,-0.24357987195253,0.0087367817759514,1
0.05243706703186,0.23838766664267,0.044186554849148,1
-0.04474288225174,-0.082579094916582,-0.010763250291348,1
0.047907292842865,0.2356093749404,0.011514015495777,1
-0.079419821500778,-0.16673451662064,-0.027963042259216,1
0.11001271009445,0.23861821740866,-0.022971458733082,1
-0.19903928041458,0.083753354847431,-0.049898892641068,1
-0.033229529857635,0.073244176805019,-0.032710947096348,1
0.0985386967659,0.18192603439093,0.018815405666828,1
-0.11920085549355,-0.19455145299435,0.098090179264545,1
0.016638875007629,-0.077344702556729,-0.024009495973587,1
0.045898020267487,-0.26058491319418,0.10583797842264,1
-0.17794898152351,-0.077082274481654,0.017076767981052,1
0.18226104974747,-0.21497408300638,-0.032601572573185,1
-0.076647251844406,0.18465431779623,0.022850468754768,1
-0.0051926970481873,-0.13314005360007,0.024519667029381,1
0.0055000782012939,-0.13527911156416,0.0099404454231262,1
0.0051256418228149,-0.076199477538466,0.0063843503594398,1
-0.15879356861115,0.071076638996601,0.072964392602444,1
-0.11110523343086,-0.019202813506126,0.017033495008945,1
-0.015576004981995,0.21970897167921,0.093846686184406,1
0.022570967674255,-0.082875300198793,0.0032515004277229,1
-0.20093631744385,0.1110529974103,0.051156885921955,1
-0.10845786333084,-0.24160742014647,0.054974071681499,1
0.04721862077713,0.24591898173094,0.072207845747471,1
0.071108162403107,-0.065951216965914,0.0027356371283531,1
-0.1330891251564,0.0047031491994858,0.023341245949268,1
0.092389583587646,0.088740281760693,-0.051197052001953,1
-0.053346157073975,-0.01116993278265,-0.00077079981565475,1
-0.066967070102692,0.24683450907469,0.030545450747013,1
0.003607451915741,0.066277526319027,-0.0017363131046295,1
0.019354045391083,-0.23917541652918,0.12522264569998,1
-0.1196793615818,0.18461038917303,0.13968972116709,1
-0.029343605041504,0.23461496084929,0.052676938474178,1
0.10536533594131,0.2452654466033,-0.044906720519066,1
-0.020489931106567,0.071578599512577,-0.031832061707973,1
-0.20703580975533,0.0021755918860435,0.02820935100317,1
-0.0484219789505,0.008650004863739,-0.031804256141186,1
0.05520224571228,0.19054784625769,0.040828160941601,1
-0.092850685119629,0.16727852076292,-0.0042771622538567,1
0.08441573381424,-0.17983595281839,0.034151412546635,1
-0.1091017127037,-0.06270894408226,0.016824521124363,1
-0.19273936748505,-0.044629231095314,-0.017214573919773,1
-0.065914273262024,0.11355835944414,-0.067564941942692,1
0.050639033317566,0.20816382020712,-6.287544965744e-05,1
0.049539625644684,0.24887343496084,0.0072630271315575,1
-0.015144944190979,-0.23249799758196,-0.079923801124096,1
-0.076073318719864,-0.056955710053444,0.013395540416241,1
-0.030974447727203,-0.09142267331481,-0.057024694979191,1
-0.051235735416412,-0.26363954693079,0.037900172173977,1
0.13196521997452,-0.10967825632542,-0.066799409687519,1
0.10538476705551,0.15395905822515,0.067438095808029,1
0.041494429111481,0.081020750105381,0.0099057853221893,1
-0.11346930265427,-0.18357779085636,0.17747996002436,1
-0.10353529453278,0.055120892822742,-0.0052721425890923,1
-0.098649114370346,-0.2096286341548,0.12140972167253,1
-0.028490543365479,0.10167365521193,-0.0089296326041222,1
0.061142265796661,0.19978906959295,-0.0093459337949753,1
-0.080212831497192,0.037194646894932,-0.032993771135807,1
-0.072397440671921,-0.22826615720987,-0.062933050096035,1
-0.10600781440735,-0.020325511693954,-0.06693110615015,1
-0.13397711515427,0.15771391242743,-0.085616670548916,1
-0.021583497524261,-0.14413348957896,-0.009534515440464,1
0.1281276345253,-0.23325891047716,0.012593574821949,1
-0.0094745755195618,-0.21060199290514,-0.083609070628881,1
0.074658691883087,-0.057151898741722,0.0052581056952477,1
0.069379866123199,-0.21977981179953,0.090383507311344,1
-0.021569848060608,0.07610922306776,-0.056887082755566,1
0.047756850719452,-0.19823288917542,-0.00016527622938156,1
-0.10868141055107,-0.016940854489803,-0.082424841821194,1
0.037980139255524,-0.21068575978279,0.18255821615458,1
-0.15688624978065,0.080475889146328,0.10890490561724,1
-0.16647592186928,-0.12966189533472,-0.0036333724856377,1
-0.12335723638535,0.035148210823536,-0.0075576528906822,1
0.11812663078308,-0.2696166113019,0.049451224505901,1
-0.088676691055298,-0.0088952034711838,0.003795899450779,1
-0.10455098748207,-0.25302921980619,0.023989133536816,1
0.003241240978241,0.068091116845608,-0.015889428555965,1
-0.11365187168121,-0.16530571132898,0.061249874532223,1
0.082840383052826,-0.12246925197542,0.0076210424304008,1
0.077788591384888,0.19030513614416,-0.011542737483978,1
-0.041231334209442,-0.19672060757875,0.10915601998568,1
-0.1377976834774,-0.1823909804225,-0.019462175667286,1
-0.08958238363266,-0.10084745165659,0.032011322677135,1
-0.14589256048203,0.10829285532236,0.0791941806674,1
-0.032094419002533,-0.049321107566357,0.011198170483112,1
-0.027882814407349,0.042908348143101,-0.0058555826544762,1
0.074793577194214,-0.21917904168367,0.17847136408091,1
-0.1074133515358,0.044371403753757,0.030963845551014,1
0.034933865070343,-0.12563059106469,-0.056504398584366,1
0.019927501678467,0.10602938383818,0.026881277561188,1
-0.0023102164268494,-0.18416280299425,0.020376347005367,1
0.074761569499969,-0.20716739445925,0.1294137313962,1
0.017147779464722,0.078492604196072,-0.022850416600704,1
-0.035005986690521,-0.21864397078753,0.096873201429844,1
-0.10009372234344,-0.16081804037094,0.1230883076787,1
-0.25573927164078,0.089813776314259,0.047629825770855,1
0.13212841749191,0.20764585584402,0.021148763597012,1
-0.24110686779022,0.0063480213284492,0.093473874032497,1
-0.048065960407257,-0.22923813015223,-0.022611849009991,1
-0.15245431661606,-0.19387444853783,0.13406743854284,1
0.018164575099945,-0.27597952634096,0.12522702664137,1
0.057138383388519,0.22765588015318,0.0021938160061836,1
0.078221142292023,-0.12649715319276,0.0050559043884277,1
0.043621897697449,0.22857835143805,0.12833184748888,1
-0.23650062084198,0.087537027895451,0.11021023243666,1
0.016214728355408,-0.2438580468297,0.044335000216961,1
0.15101492404938,-0.15986079350114,0.12507800012827,1
-0.091521412134171,-0.2297171279788,0.081408210098743,1
-0.1322406232357,0.10988726466894,0.074455909430981,1
-0.15323248505592,-0.14852963760495,0.14097923785448,1
-0.014689803123474,-0.25041572004557,0.0010016784071922,1
-0.1446495950222,-0.2037049010396,0.072380341589451,1
-0.18157786130905,0.024061322212219,0.20195732265711,1
-0.068159431219101,0.24110116809607,0.095645003020763,1
-0.071203321218491,0.10332668572664,0.0066234394907951,1
-0.14952325820923,-0.097799256443977,0.11727020889521,1
0.12801659107208,0.11498592048883,-0.054073192179203,1
0.1348888874054,-0.16358715295792,0.081924803555012,1
0.16005229949951,-0.19089699536562,0.064731858670712,1
0.018113493919373,0.07577358931303,0.0012516155838966,1
0.054890751838684,0.22302400320768,-0.075273536145687,1
-0.072854220867157,-0.24894318729639,0.096085973083973,1
-0.19214931130409,-0.17096983641386,0.0045495703816414,1
0.12603068351746,-0.2513045296073,0.13117653876543,1
-0.095571666955948,-0.18662212789059,0.10977409034967,1
-0.12474128603935,0.095510803163052,-0.0033475235104561,1
-0.099322646856308,0.25994267314672,-0.026516519486904,0
-0.1863722205162,-0.19798620790243,0.019408829510212,1
-0.12058037519455,-0.046986196190119,0.034507162868977,1
-0.17458826303482,-0.060528255999088,-0.021646469831467,1
-0.21340399980545,-0.11373405903578,-0.052167467772961,1
0.0082184672355652,-0.065754558891058,-0.0202716588974,1
0.20601111650467,-0.19932319223881,0.10355817526579,1
-0.063777953386307,-0.26793877035379,-0.044396713376045,1
-0.21536901593208,-0.10915341414511,0.026263691484928,1
0.0096316933631897,0.23001500219107,0.13135749846697,1
-0.038380205631256,-0.10460171801969,0.0035785958170891,1
-0.16992542147636,0.0029032900929451,-0.061749361455441,1
-0.057736694812775,0.05401187390089,0.0021770521998405,1
-0.14202851057053,0.18502642959356,-0.01482679694891,1
-0.20971465110779,0.0015260055661201,0.18781665712595,1
-0.23491483926773,0.03718651086092,0.065487004816532,1
-0.12265104055405,-0.076596537604928,-0.041999079287052,1
-0.16368839144707,-0.094975012354553,-0.082772642374039,1
-0.050306290388107,-0.061129096895456,-0.06434703618288,1
-0.065798342227936,-0.086637141183019,-0.060742639005184,1
0.048969149589539,-0.2768095806241,0.11315403133631,1
-0.17628276348114,-0.063517846167088,-0.044152744114399,1
-0.19858512282372,0.11731227487326,-0.039886720478535,1
-0.097929865121841,-0.031342782080173,-0.085303198546171,1
0.10106712579727,0.083959229290485,0.010381631553173,1
-0.18014165759087,0.11685606092215,-0.028283037245274,1
-0.16925618052483,-0.081712730228901,-0.016381092369556,1
0.15175360441208,0.2421945258975,0.042150437831879,1
-0.049727976322174,0.013804584741592,0.0051288232207298,1
0.087539434432983,0.21513535827398,-0.067250050604343,1
-0.06421160697937,0.1358550414443,0.040563814342022,1
0.13889414072037,-0.13011079654098,0.033697254955769,1
-0.17882344126701,-0.13396901637316,0.071596659719944,1
-0.10911366343498,-0.12420800514519,0.063005454838276,1
0.082320928573608,0.080105178058147,-0.0037645325064659,1
0.033430516719818,0.23433940857649,-0.065953202545643,1
-0.054287433624268,-0.13813792541623,0.026339188218117,1
0.14504206180573,0.17247088998556,0.16552943736315,1
0.1426295042038,0.20942666381598,0.029340453445911,1
-0.092334926128387,-0.16143476963043,-0.035140812397003,1
-0.099129259586334,0.17303287237883,-0.028679735958576,0
-0.059939742088318,0.047665618360043,0.0011702105402946,1
-0.016557633876801,0.25643523782492,-0.035926707088947,1
0.10349875688553,-0.094359333161265,0.018276087939739,1
-0.10032325983047,-0.18594011664391,-0.063674442470074,1
-0.079282164573669,-0.13680300489068,-0.011611394584179,1
-0.016354739665985,-0.075698457658291,-0.0046231225132942,1
0.16324096918106,0.19590889662504,-0.0049378126859665,1
0.01954859495163,-0.064823888242245,0.0014950111508369,1
-0.14035698771477,-0.1620799228549,0.068877659738064,1
-0.055620759725571,0.19387631863356,-0.075668662786484,1
0.05260968208313,-0.15068653598428,0.0029297918081284,1
-0.092157483100891,-0.12511720135808,0.068185947835445,1
-0.055632680654526,-0.063572131097317,-0.012712590396404,1
-0.021789252758026,0.11889276653528,-0.034004963934422,1
0.075445353984833,0.28144764155149,0.03872761875391,1
-0.10944706201553,0.097216196358204,-0.028001047670841,1
-0.04384833574295,-0.13356287032366,-0.037263572216034,1
0.17763012647629,-0.20427008718252,0.060844279825687,1
0.080110847949982,-0.20800668746233,-0.080186098814011,1
-0.10229027271271,-0.11429759301245,-0.0041908547282219,1
0.16576707363129,0.17946907132864,-0.071312621235847,1
0.045013964176178,-0.10461005568504,0.0056120529770851,1
0.069793105125427,0.10470900684595,-0.042916499078274,1
0.10999256372452,-0.13771285116673,0.00056832283735275,1
0.10381835699081,0.20608743280172,-0.083657644689083,1
-0.048027336597443,0.19799288362265,0.081453152000904,1
-0.048164129257202,0.12548642605543,0.039607711136341,1
0.050886809825897,-0.25270157307386,-0.039547756314278,1
-0.19479343295097,0.015572108328342,0.030259944498539,1
-0.12354943156242,0.17823507636786,-0.086611576378345,0
-0.11866328120232,0.12026987224817,-0.0097962096333504,1
-0.10637778043747,-0.16920971125364,0.17404098063707,1
-0.12482771277428,-0.17365281283855,0.14314735680819,1
-0.05357301235199,0.014271147549152,0.012599654495716,1
-0.1791233420372,0.10033842176199,-0.09561775624752,1
0.12516689300537,0.23805501312017,0.078976459801197,1
0.13058936595917,0.12105209380388,0.056883171200752,1
0.081801533699036,0.073646686971188,-0.019887194037437,1
0.15486359596252,0.20646514743567,0.16074300557375,1
-0.04371577501297,0.060330219566822,0.010636039078236,1
0.021556794643402,-0.078407725319266,-0.041653387248516,1
0.1429945230484,0.16044091433287,-0.017876990139484,1
-0.074928462505341,0.035749696195126,0.015935815870762,1
-0.11344289779663,0.14964608103037,-0.066987119615078,0
-0.1965908408165,-0.01121997833252,0.0079577639698982,1
-0.085844844579697,-0.1727231964469,0.12613824754953,1
-0.028786540031433,0.099651120603085,-0.05029983073473,1
0.036214411258698,0.18887399882078,-0.067491792142391,1
0.16961848735809,0.15444865077734,0.050927869975567,1
-0.10076889395714,0.048938445746899,-0.086950443685055,1
-0.16338616609573,0.10393103212118,0.13068579882383,1
-0.17447799444199,-0.030874095857143,0.018742553889751,1
-0.20967495441437,0.089776031672955,-0.00032957643270493,1
-0.05968514084816,-0.0086797773838043,-0.006421335041523,1
-0.08617627620697,-0.032924979925156,0.013580121099949,1
-0.15345147252083,0.11763266474009,-0.0044069662690163,1
-0.044061005115509,-0.083855396136642,-0.03688770532608,1
-0.0274418592453,-0.035513944923878,0.0017047598958015,1
0.082901775836945,-0.2535457983613,-0.035247787833214,1
0.088812589645386,-0.12889793887734,0.0048601850867271,1
-0.12966617941856,-0.12873400375247,0.0029639229178429,1
0.10806339979172,-0.24384748190641,0.10273366421461,1
-0.067777842283249,0.18340059369802,0.19335620850325,1
-0.032064199447632,-0.11568009853363,-0.016888439655304,1
-0.10234916210175,-0.028615482151508,0.035886116325855,1
-0.033722698688507,0.019125640392303,-0.015441633760929,1
0.12335783243179,-0.25887609273195,0.078262977302074,1
0.15433496236801,0.13475128263235,0.011833347380161,1
0.13958650827408,-0.17571137845516,0.099409110844135,1
0.10358399152756,0.10330414026976,-0.018235623836517,1
-0.01763254404068,0.15473281592131,-0.096223756670952,1
0.0096515417098999,0.17654513567686,0.0074000880122185,1
-0.043733954429626,0.12410735338926,-0.036621548235416,1
0.017983198165894,-0.21369593590498,-0.071698665618896,1
-0.19455528259277,0.072829373180866,0.17135693877935,1
0.12591028213501,-0.18439447134733,-0.063339382410049,1
-0.17954415082932,0.15267127007246,0.15923661738634,1
0.03636223077774,0.28369393199682,0.043990902602673,1
-0.10542395710945,0.11956766992807,0.031282596290112,1
-0.11369183659554,-0.026014812290668,0.037065155804157,1
-0.16229668259621,-0.18874958157539,0.10929235070944,1
0.12498193979263,-0.14225251972675,-0.0088613852858543,1
-0.078024297952652,-0.075523832812905,-0.037228532135487,1
0.069673597812653,0.10901742428541,0.028010375797749,1
0.063456833362579,0.25268863886595,-0.077774912118912,1
-0.063007265329361,0.17356856912374,-0.049639642238617,0
0.16227608919144,0.1548615321517,0.16774991899729,1
0.017314314842224,-0.13940449804068,0.030470781028271,1
-0.1378236413002,-0.10727570811287,0.085537753999233,1
-0.078441232442856,-0.20340219885111,0.17106185108423,1
-0.027738153934479,-0.05511324480176,-0.0097006782889366,1
-0.058838307857513,-0.10993601102382,0.040321230888367,1
-0.037739098072052,-0.17613846063614,0.071022041141987,1
0.13587349653244,-0.19267921149731,-0.04710241407156,1
0.042149841785431,-0.089302692562342,-0.00024878233671188,1
-0.019825041294098,0.12704724818468,0.031860873103142,1
-0.17417442798615,-0.063076231628656,0.010273911058903,1
-0.17523264884949,0.068251125514507,-0.072119489312172,1
0.038093268871307,-0.23883151262999,-0.042666926980019,1
-0.06134706735611,0.10733159631491,0.0021727755665779,1
0.18241381645203,0.17167188972235,0.18509721010923,1
0.062432169914246,0.12109526246786,-0.029757760465145,1
-0.00060105323791504,0.082987360656261,-0.0053758472204208,1
-0.0019380450248718,-0.11525604501367,-0.0043482854962349,1
0.049380719661713,0.23597105592489,0.16248414665461,1
0.016530930995941,0.23360719531775,-0.064556606113911,1
0.042229473590851,-0.12514107301831,-0.050405606627464,1
-0.092123746871948,-0.097270083380863,0.037428103387356,1
-0.10456982254982,-0.23499714583158,-0.030583195388317,1
-0.20720055699348,0.1457909271121,0.0028127506375313,1
-0.069629728794098,-0.080500887706876,0.0094127431511879,1
0.087205946445465,-0.24596741050482,-0.07718712836504,1
-0.11934858560562,0.17898937314749,-0.072816707193851,0
-0.035644352436066,0.057185597717762,-0.050525926053524,1
-0.13892507553101,-0.0038189813494682,-0.064451061189175,1
0.13636720180511,0.18772276490927,0.086003459990025,1
0.016522109508514,0.070987738668919,-0.034995779395103,1
0.0076044201850891,0.15777044743299,0.048750445246696,1
-0.10349369049072,-0.21938301622868,0.15629827231169,1
-0.069458603858948,-0.081202613189816,-0.021862618625164,1
-0.041005790233612,0.13139858096838,-0.02357592433691,1
0.10934060811996,-0.12124689109623,0.015880279242992,1
0.058738768100739,0.11273471266031,-0.06597513705492,1
-0.096804887056351,0.16524281352758,-0.080996505916119,0
-0.084488332271576,0.023423038423061,-0.035790823400021,1
-0.25651156902313,0.034011580049992,-0.025995276868343,1
0.11062264442444,0.16380148380995,-0.018686652183533,1
-0.0090706348419189,0.043369509279728,-0.0007086768746376,1
0.039220929145813,-0.16278322786093,0.056252837181091,1
0.0075051784515381,0.10180198401213,-0.040979780256748,1
-0.087709039449692,-0.08237998560071,0.028188996016979,1
0.17677193880081,0.1828965768218,0.093557007610798,1
-0.16389417648315,-0.082525158300996,0.030293263494968,1
-0.2643775343895,0.04089929908514,0.011511780321598,1
-0.028800249099731,-0.0064937546849251,0.0054108127951622,1
0.017981350421906,-0.077182926237583,-0.013242997229099,1
0.01394647359848,-0.27710122615099,0.016851164400578,1
-0.064027816057205,0.24640192836523,-0.055003359913826,1
0.17118293046951,0.17298423498869,-0.034069664776325,1
-0.045365393161774,0.15763118118048,-0.050451807677746,1
-0.060258567333221,-0.087675288319588,-0.016469486057758,1
-0.19753575325012,-0.17991241812706,0.0067626312375069,1
-0.083108127117157,-0.036276198923588,-0.039002887904644,1
-0.0078356862068176,-0.2367944791913,0.0020939409732819,1
-0.16712319850922,0.064253382384777,0.025288321077824,1
0.038580894470215,0.22488119453192,0.16473207622766,1
-0.091282099485397,0.16873952001333,0.19600210338831,1
-0.12493920326233,0.10912539809942,0.079248361289501,1
0.058835208415985,-0.087823484092951,0.016851000487804,1
-0.023240029811859,0.21541630476713,0.073218576610088,1
-0.070813894271851,0.15997948497534,-0.0029710009694099,1
-0.0059163570404053,-0.22840217500925,0.10916016250849,1
-0.022970080375671,0.18323542922735,0.060918338596821,1
-0.020381391048431,-0.05787044391036,-0.018147259950638,1
0.063940465450287,0.24040570110083,-0.02107847481966,1
-0.22923129796982,-0.10679901810363,-0.0003335103392601,1
-0.067850649356842,0.046513773500919,0.020135901868343,1
0.19020718336105,-0.23883456736803,0.0017765536904335,1
-0.11265933513641,-0.03506925702095,0.030455626547337,1
-0.15599277615547,-0.10247412230819,0.010154448449612,1
0.1185514330864,0.16660695523024,-0.055225290358067,1
-0.10427179932594,-0.037229917943478,0.012570641934872,1
0.048748314380646,0.057645566761494,-0.017629943788052,1
-0.073755085468292,-0.16283187270164,0.046033196151257,1
-0.042226195335388,0.071068488061428,-0.026892565190792,1
-0.014179527759552,-0.13495845720172,-0.036622427403927,1
-0.13982287049294,-0.20090485364199,-0.013010531663895,1
-0.04282009601593,0.16962739080191,0.0049475952982903,1
0.039056420326233,0.12324302643538,-0.063379749655724,1
0.15066367387772,-0.22994633764029,-0.071656011044979,1
-0.20591497421265,0.094882570207119,-0.086180441081524,1
0.062927424907684,-0.18970871716738,-0.073860228061676,1
-0.046477437019348,0.031224124133587,-0.015301533043385,1
-0.16306406259537,0.018469914793968,0.052461735904217,1
0.16072916984558,0.21026422828436,0.0022496432065964,1
-0.0064194798469543,-0.21361979842186,-0.0059758275747299,1
0.1353560090065,0.27026965469122,0.075186900794506,1
-0.066786706447601,-0.21804049611092,-0.053005002439022,1
-0.1379542350769,0.24380209296942,0.064301259815693,1
0.13844674825668,-0.18257362395525,-0.089792840182781,1
-0.19661620259285,-0.015611886978149,0.12011363357306,1
0.042326748371124,0.20533566921949,0.087362565100193,1
-0.016853988170624,0.12270010262728,-0.056628182530403,1
-0.089643269777298,0.17699780315161,0.014067448675632,1
0.047879815101624,0.17636051028967,-0.007140539586544,1
0.025468647480011,-0.069560648873448,-0.020376168191433,1
-0.17178246378899,0.093479849398136,0.1129712536931,1
-0.056031465530396,0.11196602135897,0.033825539052486,1
-0.066172242164612,-0.23351208120584,0.015410505235195,1
0.082216858863831,-0.093051637988538,-0.023947067558765,1
0.032946348190308,0.092830784618855,-0.033006265759468,1
-0.14839893579483,0.19301887601614,-0.01092442125082,1
-0.095677435398102,0.24172534793615,0.10687232762575,1
0.085249245166779,-0.14944994822145,-0.081158354878426,1
0.03005450963974,-0.075052909553051,0.0082897618412971,1
0.13330274820328,0.18861850351095,0.13488984853029,1
-0.068877220153809,0.13985062390566,-0.020655758678913,1
-0.17531931400299,0.11672449856997,-0.028675712645054,1
0.053139865398407,-0.08789318613708,0.019252806901932,1
-0.071089655160904,-0.10299940407276,-0.046015702188015,1
0.00064384937286377,0.27847441285849,-0.034740462899208,1
0.039656817913055,-0.12373080663383,-0.017428487539291,1
-0.010654091835022,-0.16188534721732,0.062271505594254,1
-0.037341177463531,-0.088713619858027,-0.043718844652176,1
0.020613133907318,-0.2599003687501,0.089487992227077,1
-0.14515894651413,0.0984772965312,0.0082952007651329,1
-0.15503305196762,0.0463492795825,0.040258921682835,1
-0.20544865727425,-0.12520876154304,0.0011769905686378,1
-0.055132687091827,-0.072157738730311,0.017120204865932,1
-0.20186412334442,0.047416441142559,0.16260390728712,1
0.018746554851532,-0.19445852190256,0.10531214624643,1
0.039803683757782,-0.093400158919394,-0.055672638118267,1
-0.17081451416016,0.12701205164194,0.13315913826227,1
-0.070272386074066,0.20716931670904,-0.018577486276627,1
-0.24176743626595,-0.001860223710537,0.033907122910023,1
0.0061253905296326,-0.2432799115777,0.083716176450253,1
-0.012967884540558,0.10230011492968,-0.043730057775974,1
0.067380964756012,-0.18191140890121,-0.019353978335857,1
0.09399002790451,0.26090558618307,-0.0093208998441696,1
-0.19761803746223,-0.12477016448975,0.14105432480574,1
0.17833679914474,-0.18608783185482,-0.024433068931103,1
-0.023368537425995,-0.095899641048163,-0.02311248332262,1
-0.18303114175797,0.05980870872736,-0.025537736713886,1
-0.095721006393433,-0.14372521266341,-0.04542089253664,1
0.20505595207214,0.18493633717299,0.015864975750446,1
0.063368737697601,0.17061620205641,-0.055438742041588,1
0.098248958587646,0.20361109822989,0.037103824317455,1
0.091809213161469,-0.12678457982838,0.033438324928284,1
-0.051420986652374,0.024060547351837,-0.039586164057255,1
-0.20802444219589,0.036833994090557,0.098573066294193,1
0.12780237197876,-0.23703736811876,-0.066720113158226,1
-0.062497943639755,0.079457469284534,-0.026176504790783,1
-0.10221430659294,-0.15636660531163,0.21244216710329,1
-0.13565522432327,0.10859090834856,0.010587640106678,1
0.18412262201309,0.15954425185919,-0.044749684631824,1
0.078922688961029,-0.062713962048292,0.0096559301018715,1
-0.031145453453064,0.16853611916304,-0.029866963624954,1
-0.17969474196434,-0.00033777207136154,-0.046084724366665,1
-0.034844696521759,-0.053748346865177,0.010673053562641,1
-0.15780508518219,0.14634769409895,-0.016992948949337,1
0.0893674492836,0.10973715037107,0.013885304331779,1
-0.061400294303894,-0.19759954512119,0.20381597429514,1
0.11308020353317,-0.10153651866131,0.026072107255459,1
-0.12467354536057,0.22120275348425,0.11271616071463,1
-0.042463183403015,0.12091989070177,-0.059998624026775,1
0.059428513050079,-0.1950735449791,0.035914368927479,1
-0.017761588096619,0.050850503146648,-0.0041758045554161,1
0.15010052919388,0.23661702126265,0.035269863903522,1
-0.068724721670151,-0.055216953158379,-0.045500881969929,1
0.013223469257355,0.20317544788122,0.11286353319883,1
-0.12813559174538,-0.086325886659324,-0.099978752434254,1
-0.24658167362213,0.042298220098019,0.023807771503925,1
-0.19711092114449,0.0067198649048805,-0.094480138272047,1
-0.13663926720619,0.0049748048186302,0.047915033996105,1
0.073770046234131,0.25702243298292,0.15037772804499,1
-0.16441267728806,0.073971502482891,0.096196882426739,1
-0.0031337738037109,-0.12912514805794,-0.053576499223709,1
-0.090415716171265,-0.25100336223841,-0.050220355391502,1
0.093352437019348,0.10092022269964,0.028585992753506,1
0.11284631490707,0.12485774606466,-0.078593797981739,1
0.084644734859467,-0.061541803181171,-0.0088827237486839,1
-0.19820529222488,0.11991541832685,-0.083554245531559,1
0.1215181350708,0.20781856030226,0.1943154707551,1
-0.11847537755966,-0.15525564923882,0.19191177934408,1
-0.13488179445267,0.11331414431334,0.21224964410067,1
-0.12289819121361,-0.11061809305102,-0.043081752955914,1
-0.039308369159698,0.22673910111189,-0.06700898706913,1
-0.012126922607422,0.28750785440207,0.037499137222767,1
0.042755544185638,-0.27472678571939,-0.020287282764912,1
-0.10216119885445,-0.032530546188354,0.029496408998966,1
-0.012806415557861,-0.12301370501518,-0.023250639438629,1
0.17000961303711,0.20119028538465,-0.084820605814457,1
-0.038014471530914,0.12975903600454,-0.0032826438546181,1
0.037906765937805,0.18489446491003,0.022155620157719,1
-0.036545932292938,0.042363025248051,-0.011394135653973,1
-0.072759956121445,-0.068788215517998,-0.032307244837284,1
-0.18175500631332,-0.10029418574413,-0.045118726789951,1
-0.051448315382004,-0.079657204449177,-0.065287970006466,1
-0.083643198013306,-0.1557940505445,-0.10003388673067,1
0.072217047214508,0.068901352584362,0.0062238350510597,1
-0.044041872024536,0.14538874477148,-0.024231769144535,1
-0.073160380125046,0.13453134149313,0.065067611634731,1
-0.12751197814941,0.10213648527861,0.019016616046429,1
0.050805985927582,0.12298452109098,-0.053654044866562,1
0.027741372585297,0.20147671550512,0.1090542152524,1
0.081674873828888,0.18147610872984,0.022628001868725,1
-0.0019115805625916,0.05642881244421,-0.016223378479481,1
0.0178302526474,0.21121772378683,-0.082725524902344,1
-0.023309588432312,0.061113469302654,-0.022176153957844,1
-0.090305268764496,0.10736487060785,-0.036726512014866,1
-0.096338361501694,0.1278674826026,-0.0002022460103035,1
-0.18029606342316,-0.010672852396965,0.14897502213717,1
-0.10332533717155,0.16549225896597,-0.012826509773731,0
-0.14627996087074,-0.18992747366428,0.14869157224894,1
-0.23047173023224,-0.10340275312774,0.046635873615742,1
-0.015926778316498,0.051172874867916,-0.025621600449085,1
-0.18884843587875,0.12746373564005,-0.08117152005434,1
-0.1101995408535,-0.031575843691826,-0.049707651138306,1
-0.020419716835022,0.038315676152706,0.0042272433638573,1
-0.2136772274971,0.098351903259754,0.083386637270451,1
0.021963238716125,-0.10067771450849,0.021846793591976,1
-0.057184606790543,-0.11954509280622,-0.064229212701321,1
0.11137902736664,0.19503494352102,0.15774958580732,1
-0.0899778008461,0.21225025504827,0.17429668456316,1
0.17342764139175,0.23417785018682,-0.019094415009022,1
0.025143027305603,-0.14607217907906,-0.010145016014576,1
0.0060587525367737,-0.18833286315203,0.043200127780437,1
0.15962207317352,0.14083936065435,-0.090848736464977,1
-0.041802704334259,-0.079081073403358,-0.015031024813652,1
-0.23919504880905,0.031489692628384,0.093840382993221,1
0.011728763580322,0.23393579572439,0.18411204963923,1
-0.13493496179581,-0.15638023987412,-0.087070964276791,1
-0.039431571960449,-0.071423374116421,-0.041061602532864,1
0.18992739915848,-0.19602920114994,-0.067672692239285,1
0.20075631141663,-0.18330261856318,-0.083583123981953,1
0.12299966812134,0.20927967876196,0.13402012735605,1
-0.14823347330093,0.10541792958975,0.099113710224628,1
-0.033359885215759,0.082509510219097,0.0094059184193611,1
-0.077171415090561,-0.0097952708601952,-0.03345088660717,1
-0.21292015910149,0.097399346530437,-0.0057762488722801,1
-0.12611013650894,-0.16174932196736,0.15905819088221,1
0.076633870601654,0.055102132260799,-0.0029078498482704,1
0.09551876783371,0.21947207301855,0.18224532157183,1
0.037797510623932,-0.24390272051096,-0.066001184284687,1
0.016573071479797,0.24765246361494,-0.046529874205589,1
-0.10319730639458,-0.080586997792125,0.042252235114574,1
0.11778724193573,0.14845819026232,-0.020564883947372,1
-0.099192947149277,0.18299367278814,-0.083635203540325,0
0.057820439338684,0.12260181456804,-0.0045328438282013,1
-0.14110213518143,0.21550937741995,0.012913398444653,1
-0.17424446344376,-0.15327792242169,0.036959208548069,1
-0.017772078514099,-0.08886936865747,-0.030452959239483,1
-0.17373299598694,0.0012436583638191,0.083497203886509,1
-0.21627828478813,-0.11788464523852,-0.072390466928482,1
0.12724405527115,-0.23509285598993,0.0053073912858963,1
-0.054267317056656,-0.22663182765245,0.052133359014988,1
-0.17103323340416,-0.048935916274786,-0.041870571672916,1
0.079839050769806,-0.14346146211028,-0.029341176152229,1
-0.085033625364304,0.043112091720104,-0.079650558531284,1
0.0057279467582703,0.09898903220892,-0.028578326106071,1
-0.043185651302338,-0.18873511999846,-0.0195547118783,1
-0.18494734168053,-0.075776075944304,0.18438041955233,1
0.059883296489716,-0.16025184094906,-0.087872602045536,1
-0.16673031449318,-0.077071383595467,0.014269061386585,1
-0.037095367908478,-0.043391857296228,0.0071085169911385,1
-0.16292721033096,-0.057125743478537,-0.013737343251705,1
-0.1368068754673,-0.11474130302668,0.0021759644150734,1
-0.13024944067001,0.12720266729593,0.020168416202068,1
0.062402188777924,-0.084883460775018,-0.00067786872386932,1
-0.18035471439362,0.20288797467947,0.038997150957584,1
0.090343296527863,-0.22608346492052,0.029091067612171,1
-0.12191870808601,-0.21410143375397,0.0079055577516556,1
0.17272406816483,0.15524711459875,-0.083426989614964,1
-0.09632208943367,0.056183867156506,0.015996061265469,1
-0.2071245610714,0.050895310938358,0.13287932425737,1
0.076628863811493,-0.18129130452871,-0.022745050489902,1
-0.03798633813858,-0.020615853369236,-0.0021396204829216,1
-0.076763957738876,-0.18409795314074,-0.044956013560295,1
-0.040460169315338,-0.017897613346577,-0.0107167288661,1
-0.025607764720917,0.068176753818989,-0.030126877129078,1
-0.036020219326019,0.010687723755836,-0.0017484650015831,1
0.11111927032471,0.26226069778204,0.097465358674526,1
0.056194365024567,-0.18883285671473,0.01291511207819,1
-0.12424957752228,0.1646945104003,0.16509830206633,1
0.059383630752563,0.22725080698729,0.1709391400218,1
0.13450074195862,0.16964273899794,0.054380916059017,1
-0.074266940355301,0.12913095206022,0.033047281205654,1
-0.078415393829346,-0.17669672518969,0.018560767173767,1
-0.12693804502487,0.12808128446341,0.082593254745007,1
-0.072073370218277,-0.063312023878098,-0.038568280637264,1
0.10233592987061,0.10866283625364,-0.044504433870316,1
-0.091974377632141,0.038374252617359,0.011012755334377,1
-0.0078392624855042,0.079118214547634,0.0026960521936417,1
0.072846591472626,-0.24447510391474,-0.083549484610558,1
0.028204381465912,-0.063260052353144,-0.01351322978735,1
-0.063991665840149,-0.03730571269989,-0.059082731604576,1
0.057127296924591,0.16167771071196,-0.037175215780735,1
0.05371230840683,0.16389732807875,-0.058703556656837,1
0.034320652484894,0.071131251752377,-0.018277011811733,1
-0.073535621166229,0.24702858179808,-0.01341438293457,0
0.11316102743149,-0.1168372835964,-0.04822688549757,1
-0.12970244884491,-0.24864342063665,0.03140365332365,1
0.098776280879974,-0.15588288009167,0.054332576692104,1
-0.1170788705349,0.25527899712324,0.049475684762001,1
-0.048624098300934,0.0061133429408073,-0.009661041200161,1
-0.088619112968445,0.16342356055975,-0.093490831553936,0
-0.0077840089797974,-0.23716906458139,0.039161391556263,1
0.011081874370575,-0.0707664526999,-0.035021960735321,1
-0.18414694070816,-0.037129476666451,-0.084052905440331,1
-0.25723725557327,-0.038288302719593,0.07917969673872,1
-0.028922379016876,-0.071423964574933,-0.036731876432896,1
-0.089445769786835,0.033416964113712,0.019351370632648,1
-0.057349145412445,-0.27010149508715,0.086009301245213,1
-0.032377302646637,-0.031826213002205,-0.0079392120242119,1
-0.2238407433033,-0.029445849359035,0.16391672939062,1
-0.01312643289566,-0.18853961676359,-0.0065494924783707,1
0.0038350820541382,-0.21874670684338,-0.06782378256321,1
-0.022405743598938,0.042852230370045,0.0050033256411552,1
0.088598966598511,-0.15485347434878,0.030083768069744,1
-0.13521146774292,-0.19883056730032,0.15346651524305,1
-0.18815949559212,-0.12768279761076,-0.054982908070087,1
0.085551917552948,0.25037475675344,0.0064275562763214,1
-0.024255394935608,0.089877881109715,-0.034547403454781,1
0.19184964895248,-0.2196524143219,0.05155948549509,1
0.009979784488678,-0.16057016327977,0.023823969066143,1
-0.12284976243973,-0.22459256649017,0.10228113085032,1
-0.031061410903931,0.097781710326672,-0.048006035387516,1
-0.12339588999748,0.12145345658064,-0.086034618318081,1
-0.053064733743668,0.26346572488546,-0.02106337249279,1
-0.0096340179443359,0.048829458653927,-0.0085249319672585,1
-0.033729612827301,-0.04227190464735,0.0062595084309578,1
-0.11544501781464,0.088200099766254,0.009744219481945,1
0.018506765365601,0.094902820885181,-0.0078281238675117,1
-0.11024096608162,0.0055108442902565,-0.07137542963028,1
0.010424077510834,0.084265016019344,0.017118029296398,1
0.083997070789337,-0.16005248948932,-0.023848205804825,1
0.043430149555206,0.26273881644011,0.14050657302141,1
-0.0092145204544067,0.088560678064823,-0.0050534829497337,1
-0.04939877986908,-0.02105962485075,-0.0013591423630714,1
-0.075920015573502,0.19704969972372,0.1485313102603,1
-0.050669759511948,0.15678062289953,0.018768228590488,1
-0.10689675807953,0.14147659391165,-0.0063191130757332,1
0.13753551244736,-0.22723729163408,0.15823789685965,1
-0.11476254463196,0.14963801950216,-0.092521496117115,0
-0.1781485080719,0.13002594560385,0.038346029818058,1
-0.048724412918091,-0.085869872011244,0.0126958116889,1
-0.069540947675705,0.20801766961813,-0.0549341365695,1
-0.10723489522934,0.11903599649668,-0.082703180611134,1
0.10371828079224,0.19153013080359,0.15968287736177,1
-0.13055509328842,0.022731214761734,-0.093824796378613,1
0.011467695236206,0.13743733614683,-0.029041312634945,1
-0.23222213983536,-0.14197256043553,0.053999282419682,1
-0.16983342170715,-0.011150911450386,0.063634268939495,1
0.0058405995368958,0.12982802838087,-0.0087597444653511,1
0.10914087295532,-0.16517046838999,-0.022276341915131,1
0.061372458934784,-0.072134554386139,-0.040336742997169,1
-0.22616755962372,0.056744806468487,-0.036492168903351,1
-0.036886692047119,-0.21153593808413,-0.014701873064041,1
0.10492950677872,-0.17780348658562,0.083956830203533,1
-0.18366992473602,0.1683631464839,-0.078083507716656,1
-0.11685052514076,0.011043012142181,-0.0012259855866432,1
-0.029527604579926,-0.039328165352345,-0.021245799958706,1
-0.086765050888062,0.0029997304081917,-0.0059633180499077,1
-0.11083626747131,-0.029172651469707,0.012861259281635,1
-0.095221102237701,0.18127416819334,0.094708271324635,1
0.011064350605011,-0.22053904086351,0.087731339037418,1
-0.20466968417168,-0.065549831837416,-0.067997179925442,1
-0.03481388092041,0.18947770446539,0.21700526028872,1
0.067568778991699,0.24123456329107,0.17144469171762,1
0.080307900905609,-0.1328504756093,-0.088427640497684,1
-0.11241626739502,-0.056388035416603,0.010166727006435,1
-0.14774480462074,-0.096610649721697,0.076788790524006,1
-0.13530173897743,0.21494438499212,-0.03012653440237,0
0.0012345314025879,0.13916569203138,0.0095579698681831,1
-0.080495625734329,0.10977555066347,0.015934281051159,1
0.01545774936676,-0.17921808362007,-0.068966947495937,1
0.023676514625549,-0.22033604979515,-0.021014146506786,1
-0.040464460849762,0.16786857694387,-0.074243769049644,1
-0.059274554252625,0.020389914512634,0.018021978437901,1
0.081367373466492,0.16478707641363,0.038537032902241,1
-0.12975692749023,0.10464154928923,0.062281630933285,1
-0.16117894649506,0.069634117186069,0.063085936009884,1
-0.076913386583328,-0.098013971699402,0.037638358771801,1
-0.17133161425591,-0.15614206716418,0.11304856091738,1
0.12766605615616,0.21387728303671,0.17588915675879,1
-0.0021591782569885,-0.141352891922,0.01540768891573,1
0.14717710018158,0.2092792019248,-0.040789537131786,1
-0.21324133872986,-0.058582548052073,0.16854376345873,1
0.026484489440918,0.089093588292599,-0.01275098323822,1
0.13269001245499,-0.17067646980286,0.1129734441638,1
0.023343980312347,0.095929510891438,-0.0066429078578949,1
-0.063378721475601,0.19164588302374,0.044698655605316,1
0.16539198160172,-0.23933234065771,-0.036853164434433,1
-0.0088616013526917,0.16520442813635,0.026981554925442,1
-0.14183455705643,-0.17435047775507,0.017300941050053,1
0.11768823862076,0.24377133697271,0.088614366948605,1
-0.08649742603302,0.092867992818356,-0.017838157713413,1
-0.023872196674347,-0.12925311736763,0.030291385948658,1
-0.023072123527527,0.034701265394688,-0.013967670500278,1
-0.094373315572739,-0.12590372003615,-0.023355416953564,1
-0.051521182060242,-0.21439835429192,-0.028655268251896,1
-0.12999749183655,0.044921837747097,-0.06877227127552,1
-0.10509687662125,0.057620815932751,0.001428596675396,1
-0.21579042077065,-0.027515053749084,0.020730815827847,1
0.12674063444138,-0.1427481174469,0.065126083791256,1
0.094371020793915,0.088787518441677,-0.02609197050333,1
-0.053856819868088,0.0265798792243,-0.024102091789246,1
0.089890003204346,0.26858123391867,-0.017439745366573,1
-0.19039583206177,0.076619990170002,0.025138564407825,1
-0.03062492609024,0.0067463517189026,0.0022169575095177,1
-0.022239983081818,-0.059208910912275,-0.012787327170372,1
-0.12225526571274,0.0058826729655266,0.025584109127522,1
-0.079287707805634,-0.16652496904135,-0.097605139017105,1
-0.016324877738953,0.19021864980459,-0.074944406747818,1
-0.17769041657448,-0.13176959380507,0.15689518302679,1
-0.060816556215286,0.032463066279888,-0.022289931774139,1
-0.021667540073395,-0.1054172529839,-0.074873559176922,1
0.15707904100418,0.14151599258184,-0.060137636959553,1
-0.20110660791397,-0.10980939120054,0.041888155043125,1
0.017858624458313,0.16436292976141,0.022534817457199,1
-0.097653150558472,-0.19619002193213,0.078994102776051,1
-0.004208505153656,-0.13059024885297,-0.065702401101589,1
0.064178287982941,-0.17194493114948,-0.083950322121382,1
-0.095879077911377,0.11761886626482,-0.0052923783659935,1
0.091005206108093,0.20495214313269,0.080986075103283,1
0.20224040746689,-0.22539187222719,0.044104896485806,1
0.017760336399078,0.18025111407042,0.065314948558807,1
-0.18140482902527,0.066985197365284,0.071514524519444,1
0.07266366481781,-0.10290965624154,-0.057220727205276,1
-0.10069918632507,-0.076497895643115,-0.010610587894917,1
0.069032669067383,0.2787666246295,0.0045057162642479,1
0.12550473213196,-0.11430900171399,0.037592239677906,1
-0.18141055107117,0.056647054851055,-0.070348471403122,1
-0.057122975587845,-0.037700638175011,-0.016074411571026,1
0.069196939468384,0.045938707888126,-0.0083445683121681,1
-0.1461009979248,-0.2090802937746,0.062896445393562,1
0.097923338413239,0.082311488687992,-0.0071788355708122,1
0.11423444747925,0.18096872419119,-0.052735529839993,1
-0.097591668367386,-0.069254914298654,-0.021980419754982,1
0.045673191547394,0.14652016013861,-0.089897871017456,1
-0.057246804237366,0.017821125686169,0.0078814998269081,1
-0.20074400305748,-0.097285743337125,0.17215555161238,1
-0.13173335790634,-0.14577440544963,0.086469657719135,1
-0.037619948387146,0.050460793077946,-0.026310570538044,1
-0.14404881000519,-0.19589991867542,0.096412397921085,1
0.052211403846741,0.17644234746695,0.0098441019654274,1
-0.26745846867561,0.012850433588028,0.032886140048504,1
-0.060360938310623,-0.21983031183481,0.13862202316523,1
-0.144148260355,0.12673657387495,-0.076045788824558,1
-0.15714627504349,-0.094405803829432,-0.089606240391731,1
-0.1867663860321,-0.0068775787949562,-0.096824415028095,1
0.11202722787857,0.24733608216047,-0.074152193963528,1
-0.075147718191147,0.086662612855434,-0.040258161723614,1
-0.12218058109283,0.034353770315647,0.051413752138615,1
-0.051909178495407,0.080565609037876,-0.025677628815174,1
-0.084638327360153,-0.057876743376255,-0.056119784712791,1
0.087310254573822,-0.1175186727196,-0.0021942108869553,1
0.088429093360901,-0.17241606861353,-0.070497050881386,1
0.0086140036582947,-0.23893984407187,0.092376001179218,1
0.062530100345612,-0.088824843987823,-0.060329407453537,1
0.15160495042801,-0.13526785373688,-0.061296559870243,1
0.086941838264465,0.11874132603407,0.023682080209255,1
-0.073817431926727,0.015407480299473,-0.024510055780411,1
-0.13157883286476,-0.16835501044989,-0.068294979631901,1
0.083501517772675,-0.10905121266842,-0.0067463740706444,1
-0.10522982478142,-0.16261697560549,0.027326472103596,1
0.0079519152641296,-0.1061657872051,-0.0045184418559074,1
-0.065587997436523,0.12765825539827,-0.045016966760159,1
0.071326076984406,-0.12343386560678,0.03428915143013,1
-0.057648926973343,-0.145882204175,0.028678171336651,1
-0.1162311732769,-0.18440023064613,0.099365197122097,1
-0.00087928771972656,0.200254522264,0.12671122699976,1
0.082464814186096,-0.18449429422617,-0.035772316157818,1
-0.026861131191254,-0.10080477013253,-0.032333515584469,1
0.093189418315887,0.12322839349508,-0.010592646896839,1
-0.20006707310677,-0.18480720371008,0.024452023208141,1
-0.032623767852783,-0.10604685265571,-0.072783194482327,1
0.098335087299347,-0.15575768053532,-0.0081835091114044,1
-0.062758803367615,0.1298339292407,-0.083118431270123,1
0.1068799495697,-0.26147750765085,0.047267034649849,1
-0.0020847320556641,0.26168032735586,-0.069764822721481,1
0.061994850635529,0.19846170395613,0.12074012309313,1
-0.10499215126038,-0.018655024468899,-0.030421152710915,1
0.050289690494537,0.19278740137815,0.21576971560717,1
-0.0081149339675903,0.21897115558386,-0.050926618278027,1
-0.17196303606033,0.0073382332921028,0.077510721981525,1
0.057742238044739,-0.23931119590998,0.17135790735483,1
-0.033450186252594,-0.1281476393342,-0.067899093031883,1
0.027219295501709,-0.065320018678904,-0.011113315820694,1
-0.22597959637642,-0.0063147991895676,0.10695739835501,1
-0.15202128887177,-0.1289625633508,0.036970160901546,1
0.009834885597229,0.086581043899059,0.01420696824789,1
0.042360186576843,0.094151221215725,-0.016759000718594,1
-0.15803506970406,-0.1258957888931,-0.03707904368639,1
0.047416150569916,0.089778326451778,0.0074849352240562,1
0.10973590612411,0.18284433335066,0.031021133065224,1
-0.10684978961945,0.071878038346767,-0.08505941927433,1
-0.15173649787903,0.07622753828764,0.030714340507984,1
-0.14458233118057,0.071641303598881,0.086991615593433,1
0.048397839069366,-0.24414674192667,0.10555700212717,1
0.11300468444824,-0.1509266346693,0.033571988344193,1
0.01912921667099,-0.17418224364519,-0.088521689176559,1
0.049419581890106,0.14277295023203,0.026744343340397,1
0.22878783941269,-0.20977216959,0.025974445044994,1
0.027093350887299,-0.12268781103194,-0.0093136504292488,1
-0.12465703487396,0.13724594563246,-0.051166646182537,0
-0.031385958194733,-0.037974312901497,-0.016899861395359,1
-0.10278272628784,0.057702474296093,-0.068909116089344,1
-0.0017189383506775,-0.26690796762705,-0.028870828449726,1
0.0566526055336,-0.2750785574317,-0.029637016355991,1
-0.026676177978516,0.029262967407703,0.0025554671883583,1
-0.012769997119904,-0.1113542187959,-0.0071394816040993,1
-0.21235722303391,0.026273049414158,0.10955106467009,1
-0.022918224334717,0.13910717517138,0.035793483257294,1
0.041463434696198,0.070969246327877,0.0028052031993866,1
-0.14608442783356,0.20130648463964,0.051310531795025,1
-0.029641091823578,-0.12465393356979,-0.0022124573588371,1
0.18641567230225,-0.2100792452693,0.021899007260799,1
-0.19136968255043,-0.14267968758941,-0.037328727543354,1
0.098165810108185,0.15312661975622,-0.072077907621861,1
-0.014084458351135,0.1692318841815,-0.063300237059593,1
0.12572509050369,0.14517583698034,0.031338579952717,1
-0.10511302947998,0.06187628954649,0.043614886701107,1
-0.0880126953125,0.016445577144623,-0.067499034106731,1
-0.11745598912239,0.20624782890081,0.099967680871487,1
0.14293366670609,0.1891975030303,0.060685746371746,1
0.046328127384186,-0.1668289154768,0.020554766058922,1
0.033427059650421,0.1013747677207,-0.031629249453545,1
-0.19837149977684,0.018060833215714,0.086791433393955,1
0.11757653951645,0.20134829729795,-0.074888624250889,1
-0.23191088438034,0.016768731176853,0.059293113648891,1
-0.0048306584358215,-0.24555129557848,0.1307088509202,1
-0.13232913613319,0.11736223846674,0.10640297085047,1
0.043402850627899,-0.056242298334837,-0.0025690943002701,1
0.019007742404938,0.089551709592342,0.0079261958599091,1
0.0015649795532227,-0.26359356194735,0.013429932296276,1
0.16170185804367,0.13808801025152,-0.075322397053242,1
0.090606510639191,0.10989167541265,-0.020644947886467,1
-0.10364481806755,-0.14485261589289,0.011696614325047,1
0.097005784511566,-0.24638102203608,0.13742450624704,1
0.0037393569946289,0.18429436534643,0.015423804521561,1
0.097564995288849,0.082957156002522,0.0043253675103188,1
-0.04359894990921,-0.17457011342049,-0.083858013153076,1
-0.067446947097778,0.049733884632587,0.015875957906246,1
-0.073923736810684,-0.057951025664806,-5.7272613048553e-05,1
-0.012143492698669,0.045539744198322,0.0038906410336494,1
-0.11453628540039,0.045218504965305,-0.069946184754372,1
0.055591523647308,0.097466267645359,0.0074828341603279,1
0.099668622016907,0.085149817168713,-0.010087847709656,1
-0.15444153547287,0.15291657298803,0.076168738305569,1
-0.22616398334503,-0.090636133216321,-0.0018410906195641,1
-0.15768557786942,0.044737137854099,-0.041185535490513,1
0.1061207652092,-0.19513935595751,0.051598660647869,1
-0.070202052593231,0.13582915812731,0.057661704719067,1
-0.05622810125351,0.058014251291752,0.015122123062611,1
-0.050538092851639,0.07728648930788,-0.0088027641177177,1
-0.047870695590973,0.12021511048079,0.012031532824039,1
-0.0020279288291931,-0.060295529663563,-0.012587033212185,1
0.14104133844376,0.16918786615133,0.11973614245653,1
0.0077950954437256,0.10809584707022,0.026129610836506,1
-0.043940424919128,0.055126540362835,0.018201775848866,1
-0.21907487511635,-0.090356839820743,0.1104359254241,1
-0.10991910099983,0.10063827782869,0.042049683630466,1
0.020568251609802,0.097885988652706,-0.045025184750557,1
-0.21631813049316,0.096403948962688,-0.026816971600056,1
-0.092462420463562,0.026785545051098,0.027001686394215,1
-0.16531613469124,0.040343545377254,0.018896140158176,1
0.0088752508163452,0.072555087506771,0.004940502345562,1
-0.068916112184525,-0.17698342353106,-0.067250214517117,1
0.14456909894943,-0.14436834678054,0.0048296228051186,1
0.131327688694,0.12112467736006,-0.034962706267834,1
-0.20475935935974,-0.015381403267384,0.0072519853711128,1
-0.11219412088394,0.19502507895231,0.11894900351763,1
-0.034953057765961,-0.048128243535757,0.0074319615960121,1
-0.085646897554398,0.068935461342335,-0.08443595468998,1
-0.055792510509491,0.059427998960018,-0.013785548508167,1
-0.12953206896782,0.089116133749485,-0.023356504738331,1
-0.10816544294357,0.082967348396778,-0.067235670983791,1
0.029718220233917,0.2397730872035,0.049838751554489,1
-0.22128167748451,0.079534001648426,0.053898639976978,1
0.10174173116684,-0.078144757077098,-0.056817792356014,1
-0.090091645717621,0.058450378477573,-0.018994487822056,1
-0.024512767791748,0.22150733321905,0.085521899163723,1
0.028027176856995,0.055270127952099,0.002984531223774,1
-0.20645102858543,-0.088934409432113,0.07325255125761,1
-0.15530186891556,-0.18691630661488,0.085305340588093,1
0.049898564815521,0.14807594567537,-0.030161760747433,1
-0.004992663860321,-0.074995078146458,-0.023554474115372,1
-0.055331766605377,0.13588563352823,-0.03632690012455,1
-0.037080705165863,0.041357345879078,-0.023246593773365,1
-0.091175824403763,-0.012588173151016,0.02096576243639,1
0.071621954441071,-0.19621057808399,0.074380464851856,1
0.17258220911026,-0.24070244282484,0.063879139721394,1
0.00043225288391113,-0.13642568141222,-0.024309732019901,1
0.11729341745377,-0.22355974465609,0.11347112804651,1
-0.15021231770515,-0.052534956485033,0.076069585978985,1
-0.13145580887794,-0.14801185578108,0.035011671483517,1
-0.13334810733795,0.0261105671525,-0.064244069159031,1
-0.068881273269653,-0.21705027669668,0.1206758543849,1
-0.045256495475769,-0.032166808843613,-0.0069870427250862,1
-0.19488555192947,-0.0071355774998665,0.19739428907633,1
0.18268340826035,-0.19791152328253,-0.05706762522459,1
0.03634375333786,0.060493342578411,-0.0021252706646919,1
-0.18298071622849,0.18259473890066,0.080253712832928,1
-0.1024394929409,-0.19208358228207,0.036464989185333,1
-0.20772856473923,0.04665169864893,0.11070188134909,1
0.027198791503906,0.23108427971601,0.10032808035612,1
-0.17254820466042,-0.026914469897747,0.12658786028624,1
-0.0290846824646,0.25607105344534,0.050436392426491,1
-0.11360889673233,-0.14533558487892,-0.069340862333775,1
-0.11017397046089,0.11281123012304,-0.058410055935383,1
-0.14005652070045,-0.0002264529466629,-0.070755086839199,1
-0.19555768370628,-0.05637938901782,-0.015700735151768,1
0.1396512389183,0.18903102725744,-0.042375683784485,1
0.058442950248718,-0.080180177465081,-0.022181317210197,1
0.20370405912399,-0.19423312693834,0.098419673740864,1
0.017294645309448,0.20853155106306,-0.0097494050860405,1
0.0016855597496033,0.083498917520046,-0.034491986036301,1
0.048786222934723,-0.18676543980837,-0.099391452968121,1
-0.16623303294182,0.14968331903219,-0.043509624898434,1
0.087014555931091,0.2083699926734,0.014144085347652,1
-0.060402274131775,-0.23975232988596,0.090854801237583,1
-0.018489062786102,-0.21722213923931,0.064983271062374,1
-0.22496742010117,0.074094735085964,0.12609355896711,1
-0.043788254261017,0.25262885540724,-0.024089485406876,1
-0.12445870041847,0.24180813878775,-0.016674943268299,0
-0.047902226448059,0.25315748900175,-0.064825296401978,1
-0.013331413269043,0.16524329036474,-0.038755379617214,1
-0.026900589466095,-0.13836501538754,-0.051247783005238,1
-0.093270361423492,-0.051185216754675,-0.069289669394493,1
0.068243443965912,-0.065526615828276,0.01217744499445,1
0.073920249938965,0.22123854607344,0.024189934134483,1
-0.077913492918015,-0.20165510475636,0.071348823606968,1
0.08916187286377,0.17017485946417,-0.0017930865287781,1
-0.035859525203705,-0.070308551192284,-0.020922236144543,1
-0.023154616355896,0.23110046237707,0.033634595572948,1
-0.08001834154129,-0.037486106157303,-0.017371498048306,1
-0.11970019340515,0.20994206517935,0.05139098316431,1
-0.18342280387878,0.066414065659046,0.079490132629871,1
-0.038289129734039,-0.21871673315763,0.11140234023333,1
0.10969662666321,0.18436022847891,0.067199893295765,1
-0.21264582872391,-0.14864940568805,-0.001109279692173,1
-0.10999983549118,0.13095254451036,-0.099888809025288,1
0.051522672176361,0.15591856092215,-0.018733002245426,1
-0.068264245986938,-0.011437445878983,0.013772644102573,1
0.11729246377945,-0.17877980321646,0.12379843741655,1
0.095100581645966,-0.20960906893015,-0.01280938833952,1
0.079001307487488,0.22585394233465,0.029822021722794,1
0.15543955564499,0.17304017394781,0.0037148743867874,1
0.14361327886581,-0.17992571741343,0.14793244749308,1
-0.091206252574921,0.0406648889184,-0.035926774144173,1
0.046514987945557,0.12756898254156,0.015284031629562,1
-0.25693455338478,0.0095777288079262,0.088402353227139,1
-0.069794476032257,-0.13771715387702,-0.02819962054491,1
-0.1183662712574,-0.039787895977497,-0.067606434226036,1
-0.14243927598,-0.22530514746904,-0.036902092397213,1
-0.0093381404876709,-0.24365282803774,-0.05892575532198,1
-0.15080896019936,0.16348683089018,-0.032284013926983,1
0.07197892665863,0.11515878885984,0.0091787949204445,1
-0.18933421373367,-0.19902424514294,0.023337580263615,1
-0.036902010440826,0.10336103290319,-0.026452459394932,1
-0.11935728788376,0.23222547024488,-0.056640051305294,0
-0.13642287254333,0.13217554241419,0.1041182950139,1
-0.087336480617523,0.087402544915676,0.038081370294094,1
-0.18921986222267,-0.17878021299839,0.10773175209761,1
0.022854626178741,0.11636777967215,-0.058899164199829,1
0.032740712165833,0.066368483006954,-0.024474188685417,1
-0.038489043712616,0.025302149355412,0.0036318525671959,1
-0.0043765306472778,-0.068420227617025,0.010101303458214,1
0.041216492652893,0.068919144570827,-0.0019982382655144,1
0.0020819306373596,0.18680842965841,-0.02265752851963,1
0.035001873970032,0.27520614117384,0.023071713745594,1
-0.038128793239594,0.082743741571903,0.012700848281384,1
0.13772749900818,-0.23976678401232,0.005905769765377,1
-0.24651139974594,-0.083569137379527,0.017060212790966,1
-0.023613691329956,0.21505411714315,0.066571071743965,1
0.091606974601746,0.19163816422224,0.17907796055079,1
0.074307858943939,-0.23910013586283,0.063334248960018,1
-0.026215136051178,-0.27651116997004,0.078445471823215,1
-0.13459518551826,-0.18369867652655,-0.045330978929996,1
0.12469738721848,-0.15890773013234,0.038558222353458,1
0.12974661588669,-0.14255210012197,0.008526124060154,1
-0.17942705750465,-0.046662520617247,0.031047888100147,1
0.12484568357468,0.13133002072573,0.020257748663425,1
0.13455605506897,-0.2630283460021,0.035499788820744,1
0.15291714668274,0.19448923319578,0.084328599274158,1
-0.18165981769562,0.014306388795376,0.18435754626989,1
-0.0075052976608276,0.16969531029463,-0.095399387180805,1
-0.13403484225273,0.11381971091032,0.048808522522449,1
-0.12972450256348,0.19934486597776,0.11342766135931,1
-0.11985695362091,-0.056302484124899,0.019289933145046,1
-0.083213984966278,0.12172745913267,-0.05791025608778,1
-0.11014223098755,0.15898945182562,-0.007364310324192,1
-0.24237653613091,-0.035772576928139,0.078621245920658,1
-0.041463315486908,0.18829786032438,0.078970201313496,1
0.14405280351639,0.15091600269079,0.084897436201572,1
0.15679198503494,-0.17787999659777,0.089241854846478,1
-0.14258080720901,0.075105495750904,0.0019372031092644,1
0.14663147926331,-0.16036050766706,-0.059722147881985,1
-0.0019351840019226,0.13307786732912,-0.053337037563324,1
-0.16641721129417,-0.03184150159359,-0.048711776733398,1
0.10547357797623,-0.082707297056913,-0.001785509288311,1
-0.11119547486305,-0.23595551401377,-0.033333286643028,1
-0.034714043140411,0.035529993474483,-0.023345716297626,1
0.0095474123954773,0.26426016539335,0.030750319361687,1
0.060518443584442,0.089106343686581,0.020916856825352,1
-0.0091805458068848,0.1396810784936,-0.025226287543774,1
-0.10168793797493,-0.1658351123333,0.0021080151200294,1
0.063503801822662,-0.16164996102452,-0.01503262668848,1
-0.20585480332375,-0.14321457594633,0.10570275038481,1
0.060092031955719,0.15881904214621,-0.097357552498579,1
0.028856456279755,0.11608154326677,0.0031311586499214,1
-0.079435259103775,-0.18450699746609,-0.063921853899956,1
0.15514796972275,-0.13442062959075,-0.076697237789631,1
0.023597598075867,-0.10809477418661,-0.015088923275471,1
0.13336855173111,-0.18069193512201,-0.080040782690048,1
0.079742789268494,-0.086921723559499,-0.063671879470348,1
-0.18004131317139,0.16858034580946,0.055441461503506,1
-0.05297639966011,0.047235690057278,0.0019738897681236,1
-0.11940279603004,-0.065960012376308,-0.049434781074524,1
0.06266051530838,-0.093347321264446,0.020702131092548,1
0.09019809961319,0.18591620773077,-0.095810361206532,1
-0.20811769366264,-0.17957396805286,0.029546372592449,1
0.12557154893875,-0.19231447577477,-0.016364969313145,1
0.17842823266983,-0.21207921952009,0.094612009823322,1
-0.054973244667053,0.094215206801891,0.015172250568867,1
0.099340438842773,0.20969509333372,0.16171873360872,1
-0.18416491150856,0.15462162345648,0.12087757140398,1
0.047861397266388,0.2176501378417,0.10047129541636,1
-0.073261260986328,0.017333246767521,-0.044620901346207,1
-0.1955451965332,-0.051930073648691,0.04182107001543,1
-0.077308177947998,0.051725156605244,0.0037763342261314,1
0.11020636558533,0.11796175688505,0.035145051777363,1
0.046854853630066,0.080614350736141,-0.0029246062040329,1
-0.099301367998123,0.2273860797286,-0.0080923587083817,1
-0.091770470142365,0.15550603717566,0.045674078166485,1
0.18430215120316,-0.24268766492605,0.026276864111423,1
0.059654593467712,0.19454964250326,0.0033495798707008,1
0.15536177158356,-0.15922531485558,0.18350154906511,1
0.110984146595,-0.21747917681932,-0.070280902087688,1
0.10019910335541,0.12295933812857,-0.026269383728504,1
-0.0084392428398132,-0.07632901519537,-0.011575251817703,1
-0.022714555263519,-0.12682674266398,0.040276668965816,1
-0.07665678858757,-0.19977030903101,0.19837588816881,1
-0.056735932826996,-0.095820662099868,-0.067739881575108,1
-0.089204251766205,-0.005625419318676,-0.041012711822987,1
-0.077215075492859,-0.1139377290383,0.02422509342432,1
-0.061215877532959,0.19707175344229,0.08879578858614,1
-0.072043538093567,0.12299356609583,-0.025365613400936,1
0.1826748251915,-0.18776417523623,0.009289525449276,1
-0.16971898078918,0.18644883483648,0.074736528098583,1
-0.033637881278992,0.19437154382467,-0.066197164356709,1
0.046457827091217,-0.099932730139699,0.0032429993152618,1
-0.057783186435699,0.0079353302717209,-0.037511460483074,1
0.15332466363907,-0.23220520466566,0.039456360042095,1
-0.037462115287781,-0.13863996788859,-0.03664094209671,1
-0.13214725255966,0.081038646399975,0.072596453130245,1
0.0503751039505,0.12478417903185,-0.015668220818043,1
0.075054109096527,-0.082301814109087,-0.044669039547443,1
-0.18305698037148,0.17593064159155,0.055181227624416,1
-0.13363671302795,-0.11512939445674,0.04117638617754,1
-0.044333636760712,-0.034201353788376,-0.04369930177927,1
0.067745864391327,0.094588033854961,0.018044516444206,1
0.18935632705688,0.18382244557142,-0.037248350679874,1
0.06919914484024,0.078143380582333,0.02120977640152,1
0.017825484275818,0.24401544779539,0.063606463372707,1
-0.029054462909698,0.060567282140255,-0.027969725430012,1
0.056320190429688,0.060728721320629,0.005141481757164,1
-0.040122151374817,0.24602373689413,0.13236590474844,1
-0.12253892421722,0.13854754716158,0.21415836364031,1
0.052752435207367,0.07984783500433,0.01338005065918,1
-0.13694554567337,0.0060131177306175,0.03833132237196,1
0.049968898296356,-0.20025546848774,-0.038818001747131,1
-0.034070312976837,0.13315535336733,-0.059645771980286,1
0.0037374496459961,0.10970783978701,0.02176158875227,1
-0.084209948778152,0.21554812043905,0.13503461331129,1
-0.033006131649017,-0.14236141368747,0.024047404527664,1
0.043717622756958,0.1584577485919,-0.070168346166611,1
-0.074606001377106,-0.17531735450029,-0.095106780529022,1
0.10727208852768,-0.15197218954563,0.013048306107521,1
-0.12865903973579,-0.19072906672955,0.026033066213131,1
-0.074290484189987,-0.05635417625308,0.015133298933506,1
-0.10227838158607,-0.25755857676268,0.089657999575138,1
0.077147126197815,0.23400142043829,-0.0088054910302162,1
-0.17738196253777,-0.080727051943541,0.093938209116459,1
-0.11909806728363,-0.025732278823853,0.01491492241621,1
-0.058469712734222,0.0034301728010178,0.0034963265061378,1
0.13642734289169,-0.15400433540344,0.028605066239834,1
-0.16057187318802,-0.16541708260775,0.13636020570993,1
0.068918883800507,0.096164368093014,-0.01077276468277,1
-0.13644355535507,-0.016411915421486,0.047032259404659,1
-0.029244482517242,-0.06766102463007,0.0034107938408852,1
-0.0088054537773132,-0.10837031435221,-0.053546160459518,1
0.037774264812469,0.18451639264822,0.053030595183372,1
0.19273257255554,0.20703177899122,-0.056688211858273,1
-0.13623240590096,-0.22033447027206,-0.032003805041313,1
-0.029787540435791,-0.080464240163565,-0.064552307128906,1
0.17624914646149,-0.17044869810343,-0.026964209973812,1
-0.036214411258698,-0.15711385384202,0.024094931781292,1
-0.19992259144783,0.092534862458706,0.098176725208759,1
0.16054862737656,0.16757672280073,0.037036322057247,1
-0.085886895656586,0.039957277476788,0.030069522559643,1
0.028231382369995,-0.079666385427117,0.00057091563940048,1
-0.14247989654541,0.21729400008917,-0.035594902932644,1
-0.040740013122559,0.18127536028624,0.059711433947086,1
-0.20955377817154,-0.082188434898853,0.12534373253584,1
0.0090913772583008,0.14105556160212,-0.024429962038994,1
0.10920625925064,0.10355674475431,0.015636451542377,1
-0.072116881608963,-0.12794975936413,0.049670174717903,1
-0.027866542339325,0.27773781865835,0.035504944622517,1
0.12420946359634,0.13139068335295,0.0051964148879051,1
0.0048826932907104,-0.13726842403412,0.02691014111042,1
0.088885486125946,0.078771732747555,0.00022363662719727,1
0.077413856983185,0.20001860707998,0.019261382520199,1
-0.20424172282219,-0.035214304924011,0.089770145714283,1
-0.056684792041779,0.21405675262213,-0.029630571603775,1
-0.1233748793602,-0.10038814402651,0.048606760799885,1
-0.0031189322471619,0.068765856325626,-0.015561118721962,1
0.012080073356628,-0.10426991526037,-0.040144219994545,1
-0.037961661815643,0.066500909626484,0.019533149898052,1
-0.2595439851284,-0.0068942680954933,0.036870487034321,1
-0.13606604933739,-0.032998099923134,0.030513860285282,1
0.024014472961426,0.1130997762084,-0.051985681056976,1
0.035076677799225,-0.084143664687872,-8.036196231842e-05,1
-0.0090309381484985,0.090349070727825,-0.016932934522629,1
-0.12883666157722,-0.21089887619019,-0.018941305577755,1
0.11724007129669,-0.18886069208384,0.12114294618368,1
-0.17858055233955,-0.10895240493119,0.097583882510662,1
0.11722749471664,0.24596496671438,0.03226700425148,1
-0.12510350346565,-0.081519341096282,-0.084374092519283,1
0.10278016328812,0.23436912149191,-0.042850933969021,1
0.17759048938751,0.16496648639441,0.021006636321545,1
-0.056464076042175,-0.078690161928535,-0.010824166238308,1
0.14702045917511,0.22180803865194,0.14298985153437,1
-0.13389319181442,-0.19307981431484,-0.030422858893871,1
-0.092745900154114,-0.24721560627222,0.071549154818058,1
0.022292196750641,-0.20379030704498,-0.070151813328266,1
0.072041928768158,-0.081456365063787,-0.059186771512032,1
-0.10698509216309,-0.024038843810558,-0.039688155055046,1
-0.060297876596451,0.16401614993811,0.087694115936756,1
-0.2051944732666,-0.0028177872300148,-0.058771215379238,1
0.015521645545959,0.053978376090527,0.0028618201613426,1
0.051762044429779,0.092403642833233,0.010944701731205,1
-0.024779736995697,-0.05116718262434,-0.007605142891407,1
-0.07223916053772,-0.18448263406754,-0.0016505122184753,1
0.12310832738876,0.23949398845434,-0.024249784648418,1
-0.17396923899651,0.074907071888447,0.10776887089014,1
-0.21405664086342,-0.076068673282862,-0.011234156787395,1
0.074095189571381,-0.20687194913626,-0.014188639819622,1
0.024515867233276,0.22840531915426,0.15340948849916,1
-0.076545715332031,-0.012913212180138,-0.04793643951416,1
0.11081045866013,0.27090751379728,0.0032484158873558,1
-0.167006701231,-0.003424771130085,0.045500703155994,1
0.11257916688919,-0.24483559280634,0.15287394076586,1
0.0090446472167969,0.24169474095106,0.042570658028126,1
-0.02218222618103,-0.069624522700906,0.0038792565464973,1
-0.054576009511948,-0.18145783245564,-0.09092228859663,1
-0.00029444694519043,0.16003140062094,0.0088175982236862,1
0.030098974704742,-0.16940066963434,0.036317311227322,1
0.047965705394745,0.1179585531354,0.02465645223856,1
0.17238026857376,-0.17846771329641,0.15274781733751,1
0.075921833515167,-0.1249593179673,0.035816431045532,1
-0.043233573436737,-0.1203305888921,-0.065281994640827,1
-0.1034924685955,0.16462840884924,0.1709413304925,1
0.063086092472076,0.11278041452169,-0.029981821775436,1
-0.0031830668449402,0.24961959570646,-0.046050734817982,1
-0.087782055139542,0.0039409250020981,0.013623379170895,1
0.047843158245087,-0.13653271272779,-0.08632779866457,1
-0.046072423458099,-0.063802920281887,-0.0013393685221672,1
0.13875049352646,-0.15014842525125,0.025740303099155,1
0.040587663650513,-0.066230058670044,-0.02624349296093,1
0.038126528263092,0.23944722861052,0.13945213705301,1
-0.20533019304276,0.038963176310062,0.10423367470503,1
-0.15173089504242,-0.14060425013304,-0.022425107657909,1
-0.18079033493996,-0.023992747068405,-0.037089332938194,1
0.13442701101303,0.17389171570539,0.080507345497608,1
0.15179485082626,-0.18870207667351,0.084192775189877,1
-0.074927449226379,0.03501882404089,0.020233832299709,1
0.13035386800766,-0.25674421340227,-0.010658718645573,1
0.15626233816147,-0.21050087362528,-0.02106449753046,1
-0.086489349603653,0.15279372781515,-0.01720168441534,1
0.14757966995239,-0.25403250008821,0.050964318215847,1
-0.027836263179779,-0.18618262559175,0.085647232830524,1
0.096461117267609,-0.095999804325402,-0.037246830761433,1
0.023409783840179,0.13786033540964,-0.061557091772556,1
-0.1557289659977,-0.126898849383,-0.094646371901035,1
0.049949586391449,-0.072488039731979,-0.0069032311439514,1
-0.11894619464874,0.18173118680716,0.11768377572298,1
-0.22826904058456,0.13460179418325,-0.011245794594288,1
-0.17102307081223,-0.049323514103889,-0.0060413852334023,1
-0.13589841127396,0.21171327680349,0.056097231805325,1
-0.21887281537056,0.11351893097162,0.066519893705845,1
-0.19345155358315,0.051437221467495,0.070576064288616,1
0.02760124206543,0.10878349095583,-0.046946004033089,1
0.042721152305603,0.26291763037443,0.01698487251997,1
-0.075520843267441,-0.1348024122417,-0.078838460147381,1
0.15148735046387,0.20948525518179,0.10221631079912,1
0.12682342529297,0.18858026713133,0.12241476029158,1
0.19653540849686,-0.19384200870991,-0.079231105744839,1
0.09441214799881,0.092572622001171,-0.055922992527485,1
0.02546352148056,-0.074993522837758,-0.038951337337494,1
-0.15211457014084,0.10168290883303,0.011882714927197,1
-0.020014882087708,-0.15770630910993,0.046916596591473,1
0.055994093418121,-0.055744647979736,-0.0004752054810524,1
-0.10869958996773,0.21170630306005,-0.079743094742298,0
-0.066240102052689,-0.013730451464653,-0.0045279338955879,1
-0.0058379769325256,-0.066292773932219,0.0040199458599091,1
0.17325550317764,0.18289246410131,0.10001791268587,1
-0.034274995326996,-0.17978985607624,-0.09059601649642,1
-0.041844129562378,-0.16192515939474,-0.052619099617004,1
-0.097877830266953,0.20509644597769,0.10807562619448,1
0.11734849214554,-0.22882986813784,0.12943012267351,1
0.088565111160278,0.17280354350805,0.064969107508659,1
-0.0297572016716,-0.26942843943834,0.0058818235993385,1
-0.05798351764679,-0.19884320348501,0.034456424415112,1
0.10061341524124,0.10006915777922,-0.0093854889273643,1
-0.15019416809082,0.1963734254241,0.11223425716162,1
-0.099456489086151,0.20792876929045,-0.010024972259998,0
-0.07477992773056,-0.25531796365976,-0.0096209868788719,1
-0.095586895942688,-0.069996353238821,-0.026565998792648,1
-0.14360636472702,-0.067503660917282,-0.055556051433086,1
-0.13465341925621,-0.094955107662827,-0.011978201568127,1
0.029950797557831,0.22905956953764,-0.05962547659874,1
-0.073076963424683,0.073223970830441,-0.0029730126261711,1
0.13902670145035,-0.16982991993427,0.030644543468952,1
0.027977108955383,-0.20140670984983,0.12770903855562,1
-0.21744918823242,-0.10145393048879,0.13410567492247,1
0.090967237949371,0.090318523347378,-0.053236603736877,1
0.18899387121201,0.17026203125715,0.10910999029875,1
-0.033997237682343,0.27801498025656,0.031740181148052,1
-0.059431940317154,-0.040100358426571,-0.060435980558395,1
0.16847252845764,-0.15877758711576,0.12892895191908,1
0.041802585124969,0.22450970858335,-0.044924542307854,1
0.14914208650589,-0.15987538173795,0.12195394188166,1
0.080053508281708,0.058807753026485,0.0097812637686729,1
-0.026281118392944,-0.051377508789301,0.0075853541493416,1
0.0037432312965393,-0.084408736787736,-0.042354598641396,1
0.03267103433609,-0.16190182417631,0.013841412961483,1
0.031881988048553,-0.18749836832285,0.081849046051502,1
0.12472897768021,0.10497257858515,-0.033684499561787,1
0.062466323375702,-0.10407274402678,-0.056267470121384,1
-0.10844141244888,0.093277506530285,0.0078597292304039,1
0.1215193271637,0.24062951654196,-0.062408983707428,1
-0.015092492103577,0.062365435063839,-0.030042789876461,1
0.15580505132675,0.19605120271444,0.031870633363724,1
0.096855998039246,0.15042882412672,-0.092597648501396,1
-0.11254766583443,-0.14904040843248,-0.0030035451054573,1
-0.1081180870533,-0.073383700102568,0.015434227883816,1
-0.08922415971756,-0.021292291581631,-0.00039453059434891,1
0.080296874046326,0.20075749605894,0.071524508297443,1
-0.17693954706192,-0.058358822017908,0.17608990520239,1
-0.053713321685791,0.19084837287664,0.21534586697817,1
0.032601535320282,0.10876176506281,-0.0033472925424576,1
-0.086083352565765,0.10835622996092,0.047656424343586,1
-0.063357442617416,0.0011202320456505,-0.0080125257372856,1
0.051454246044159,-0.18059280514717,-1.0654330253601e-06,1
-0.14835721254349,0.086313404142857,0.011206336319447,1
0.0063169598579407,-0.19038980454206,-0.089263245463371,1
-0.075963199138641,-0.15422244742513,0.046885907649994,1
-0.080753982067108,0.22007437795401,-0.088887371122837,0
-0.13304933905602,-0.11574968323112,-0.060719229280949,1
-0.11145690083504,-0.057773381471634,-0.0373275578022,1
-0.19469234347343,0.1815684363246,-0.015893645584583,1
-0.025023221969604,0.17671339958906,-0.039762511849403,1
-0.026401042938232,0.057608596980572,-0.013859383761883,1
0.002593994140625,0.21057342737913,0.078277446329594,1
-0.139757335186,0.13363898545504,-0.015398524701595,1
0.021284878253937,-0.073900055140257,-0.029449351131916,1
0.073886573314667,-0.076036982238293,0.018689669668674,1
0.07136082649231,0.2509733363986,-0.02911338955164,1
-0.14292898774147,-0.090405473485589,0.047172151505947,1
0.036596119403839,-0.18588153272867,0.01751720905304,1
0.0056163668632507,0.11989646404982,-0.033166281878948,1
-0.16158124804497,-0.040492903441191,0.026904173195362,1
-0.031995475292206,-0.082399439066648,-0.061368152499199,1
0.067660868167877,-0.070288633927703,-0.014195315539837,1
0.03589528799057,-0.22545971721411,-0.042273707687855,1
0.046593427658081,-0.093268949538469,0.020537860691547,1
0.025765836238861,-0.087453974410892,-0.037808522582054,1
0.01430344581604,0.14776287227869,0.041367694735527,1
-0.015771865844727,-0.15615516901016,-0.036962322890759,1
0.16317915916443,0.15903379768133,0.077826209366322,1
-0.072467625141144,0.07331869751215,-0.024515770375729,1
-0.13627460598946,0.058395482599735,0.017273239791393,1
-0.090611159801483,-0.095684207044542,0.04408810287714,1
-0.25040304660797,0.021971143782139,0.119384996593,1
-0.085233479738235,-0.038832575082779,-0.00059965997934341,1
-0.036164581775665,0.24634873121977,0.059946961700916,1
-0.084502160549164,0.086424566805363,-0.054900638759136,1
0.0744469165802,0.1698579415679,-0.063615888357162,1
0.076894879341125,0.20780070871115,0.033470213413239,1
-0.1289350092411,0.063809342682362,0.034908704459667,1
-0.020469605922699,-0.079664342105389,-0.060059510171413,1
-0.16052269935608,0.12095165997744,-0.036843068897724,1
0.1506239771843,-0.16073872148991,0.15700317174196,1
-0.20429003238678,-0.12232535891235,-0.050790123641491,1
-0.020079731941223,-0.093328869901597,-0.012990795075893,1
0.024697959423065,0.26218657940626,0.08690694719553,1
0.073580861091614,0.22075196355581,-0.07774344086647,1
0.032550573348999,-0.092705973889679,0.016677632927895,1
0.088809251785278,0.16696759313345,-0.065630160272121,1
-0.033359289169312,0.17564811557531,-0.078305169939995,1
-0.083098351955414,0.13810431212187,-0.0085407420992851,1
-0.095895111560822,-0.02778198570013,-0.064322173595428,1
0.088715791702271,0.06467542797327,0.00079377740621567,1
-0.17821100354195,-0.078355481848121,0.096308015286922,1
-0.0007593035697937,-0.054234430193901,-0.0066785886883736,1
0.11244505643845,-0.23910535126925,0.043991543352604,1
-0.011020720005035,0.16099291294813,0.016291335225105,1
-0.13231551647186,0.1296898201108,0.026391811668873,1
0.10856288671494,-0.095210912637413,-0.0056999996304512,1
-0.1769140958786,0.12051364034414,0.10715498775244,1
0.039617598056793,-0.12307639233768,0.018762491643429,1
-0.22295546531677,0.010949485003948,-0.0094008818268776,1
-0.11653926968575,0.14592280238867,0.043045572936535,1
-0.066573083400726,0.011963926255703,0.019602887332439,1
0.060603082180023,0.26065563410521,0.14288473874331,1
-0.077979117631912,0.084514014422894,0.029596619307995,1
-0.11113494634628,0.16675230115652,0.017437420785427,1
-0.15882888436317,0.076783858239651,0.027598865330219,1
-0.20925337076187,0.071276165544987,-0.070088639855385,1
0.006109356880188,-0.10108591080643,-0.027266152203083,1
-0.015672326087952,0.11636614054441,-0.083026371896267,1
-0.22928929328918,-0.064886599779129,0.061461322009563,1
-0.0080913901329041,-0.091353616677225,-0.050842650234699,1
-0.1045295894146,-0.11255239322782,-0.021450556814671,1
-0.0040076971054077,0.062303729355335,-0.011570543050766,1
-0.011255025863647,0.078059010207653,-0.0065369978547096,1
-0.16885176301003,-0.12831651605666,0.074624709784985,1
0.11650878190994,-0.11305701732635,-0.02461589127779,1
-0.099413305521011,0.005006417632103,0.025319866836071,1
-0.22875970602036,0.097577892243862,-0.031552314758301,1
0.060684740543365,-0.093389007728547,0.021636746823788,1
-0.1259064078331,0.091429151594639,0.076550699770451,1
-0.087559014558792,-0.055001672357321,0.0040639862418175,1
-0.0024688839912415,-0.06625135615468,0.0083681717514992,1
0.12873262166977,-0.1806910559535,0.017590753734112,1
-0.21227559447289,-0.13639091327786,0.024232424795628,1
0.14761203527451,-0.17451858520508,0.095345787703991,1
0.051967322826385,-0.063879661262035,0.0013151913881302,1
0.17650073766708,-0.18889476358891,0.12478821724653,1
-0.14686116576195,0.15625926107168,0.18135342746973,1
-0.11617854237556,-0.20602235943079,0.028698153793812,1
-0.076113820075989,-0.038305085152388,-0.0003056600689888,1
-0.23497906327248,-0.041751049458981,0.039516590535641,1
0.040019273757935,-0.18604756146669,-0.0060448572039604,1
0.067350447177887,-0.053045932203531,0.0035298839211464,1
-0.159996509552,-0.0018114075064659,0.0057310685515404,1
0.14295959472656,-0.19264731556177,-0.096422977745533,1
-0.14398354291916,-0.15331633388996,0.12847448140383,1
-0.17338040471077,-0.0008460134267807,-0.041036762297153,1
-0.0053696036338806,0.077508173882961,0.012309022247791,1
0.015397250652313,0.05484326928854,0.0016179904341698,1
0.066393196582794,0.084322191774845,0.0010044127702713,1
0.142294049263,0.15094491094351,0.0019083321094513,1
-0.11339521408081,0.088423348963261,0.034930862486362,1
-0.20648890733719,0.029511652886868,0.038044892251492,1
0.059912145137787,0.086548544466496,-0.0054927691817284,1
-0.19653478264809,0.0067021176218987,0.044116653501987,1
0.087691068649292,0.0790199264884,0.0025440379977226,1
0.054710209369659,0.088777400553226,0.0023995563387871,1
-0.2061271071434,-0.16480229049921,-0.020459242165089,1
-0.079397827386856,-0.21392765641212,-0.085775889456272,1
0.011446714401245,0.28058647364378,-0.026293560862541,1
0.025437712669373,0.23154827207327,0.029017724096775,1
0.044317841529846,0.25087337940931,-0.0042396187782288,1
0.072676718235016,0.21179326623678,0.025850690901279,1
-0.079020798206329,-0.22007764875889,-0.066607415676117,1
0.0095598697662354,0.091218955814838,0.021409600973129,1
-0.013477683067322,-0.070983977988362,-0.0043629854917526,1
-0.025241017341614,0.045126400887966,-0.017749391496181,1
0.086459159851074,0.24679877609015,-0.044023774564266,1
-0.083998501300812,-0.063202872872353,0.014410726726055,1
-0.065686136484146,0.018231920897961,0.013494618237019,1
-0.13826593756676,-0.21924767643213,0.097030662000179,1
0.084820210933685,-0.24464198201895,0.11246988922358,1
-0.16337871551514,-0.11163710802794,0.01353458315134,1
-0.071431517601013,0.078043021261692,-0.082163587212563,1
0.06224912405014,0.12385996431112,-0.047252304852009,1
0.015480518341064,-0.069915108382702,-0.0025072619318962,1
-0.069556027650833,-0.025375194847584,-0.044750563800335,1
-0.048220813274384,-0.20264992117882,0.16838280111551,1
-0.10291147232056,0.015916220843792,-0.021542228758335,1
-0.12131667137146,0.018474861979485,-0.063981078565121,1
0.012188732624054,-0.069247530773282,-0.00079582631587982,1
-0.17135524749756,0.15579565614462,-0.071351446211338,1
-0.2162249982357,-0.059792548418045,-0.054461367428303,1
-0.029549181461334,-0.16767659038305,-0.044969007372856,1
0.022290647029877,-0.10269860900007,-0.019290514290333,1
-0.055923134088516,-0.14425117895007,-0.077879630029202,1
0.14950996637344,-0.13919384032488,-0.043541468679905,1
-0.24105015397072,-0.019942387938499,-0.044651202857494,1
-0.24274522066116,-0.080560328438878,0.068028755486012,1
0.1767184138298,-0.16179572045803,-0.083589263260365,1
-0.14611917734146,0.031781695783138,-0.035575434565544,1
-0.20355808734894,-0.070426966995001,0.013302527368069,1
-0.20157420635223,0.058476649224758,0.1618045642972,1
-0.016538381576538,0.070944853127003,0.011086016893387,1
-0.10497552156448,0.16287162154913,0.1256737485528,1
0.074631929397583,-0.2103822901845,-0.012336649000645,1
-0.089990049600601,-0.070038300007582,0.010885260999203,1
-0.00047063827514648,-0.18004483729601,0.064989753067493,1
-0.044875502586365,-0.044624041765928,0.0038858279585838,1
0.044508874416351,-0.1237184535712,0.027588300406933,1
-0.10545483231544,-0.15557492524385,-0.0542261749506,1
-0.12295132875443,-0.024525970220566,-0.0067739561200142,1
0.038394629955292,-0.10116994986311,0.023306168615818,1
-0.10231131315231,0.21055304259062,0.068953521549702,1
-0.096031337976456,0.0016331598162651,-0.031742431223392,1
0.021524906158447,0.21029501408339,0.17658313363791,1
0.0069205760955811,-0.19776981323957,0.0074563249945641,1
-0.011234819889069,0.20506372302771,0.012345276772976,1
-0.036965489387512,0.1044855043292,-0.0078283622860909,1
-0.22412624955177,-0.019658960402012,-0.04644563049078,1
0.053357541561127,0.26551609486341,0.047165982425213,1
0.11422616243362,-0.16996628046036,0.024424314498901,1
-0.18222874403,-0.12670814432204,0.095691032707691,1
-0.17149338126183,-0.1334191635251,0.050782404839993,1
-0.1479654610157,-0.13245432451367,-0.063672490417957,1
-0.040478765964508,-0.049520671367645,0.018377117812634,1
-0.054397970438004,0.19919957965612,-0.021691113710403,1
-0.11085191369057,0.14292299002409,0.033742435276508,1
0.062306582927704,-0.063070368021727,-0.022424355149269,1
-0.073706716299057,0.13855650275946,0.047901339828968,1
-0.063093513250351,0.25737496465445,0.093631006777287,1
-0.046886026859283,-0.070492377504706,-0.0051147118210793,1
-0.21181565523148,0.10627726465464,0.057358585298061,1
-0.052225559949875,0.19490762799978,-0.020126365125179,1
-0.041780650615692,0.040999136865139,-0.0139294937253,1
0.0022890567779541,0.29186924546957,-0.0097251459956169,1
-0.21698045730591,-0.049609448760748,0.018364898860455,1
0.10669374465942,0.092227570712566,-0.021130822598934,1
-0.12286818027496,-0.042871970683336,-0.056293986737728,1
0.049372613430023,0.25014393776655,0.067195907235146,1
0.0072165727615356,-0.097516170237213,0.015060104429722,1
-0.10684114694595,-0.054290734231472,-0.0091421231627464,1
-0.048123240470886,-0.042108789086342,-0.044925220310688,1
-0.15201181173325,-0.15886537730694,0.15044494718313,1
-0.027797222137451,0.035524360835552,-0.010896556079388,1
-0.11563694477081,0.13322464376688,0.10800594836473,1
0.05482017993927,0.065160788595676,-0.0046335607767105,1
-0.22132360935211,-0.14195442572236,0.040623717010021,1
-0.10810992121696,-0.052779745310545,0.016401402652264,1
-0.098399192094803,0.066081710159779,-0.080521680414677,1
0.097301721572876,-0.11865956708789,-0.066150762140751,1
-0.13917940855026,0.10969995707273,-0.00018196552991867,1
0.060445427894592,0.26969476789236,-0.04396203905344,1
-0.031622469425201,0.26153140515089,0.13235894590616,1
-0.00047320127487183,0.10626221448183,-0.056883774697781,1
-0.06616622209549,-0.073095962405205,-0.031408824026585,1
0.0031229853630066,0.063465274870396,-0.015191480517387,1
-0.18186628818512,0.053038649260998,0.17498106509447,1
-0.24287813901901,-0.0078890547156334,-0.01940680295229,1
0.036620676517487,-0.27782412618399,-0.036973997950554,1
0.10558760166168,0.20043953508139,-0.087017938494682,1
-0.07451319694519,0.15481629222631,-0.014772363007069,1
0.13880699872971,-0.23664436489344,0.10182360559702,1
0.040892124176025,-0.1612536162138,0.056085623800755,1
-0.19172823429108,-0.11091777309775,0.073762975633144,1
-0.051378339529037,0.21371617168188,0.065098755061626,1
0.15221095085144,-0.19676829129457,-0.045704923570156,1
-0.021528899669647,0.22383033484221,0.075940378010273,1
0.041078150272369,0.17437841743231,0.0068204998970032,1
0.02939647436142,-0.077041609212756,0.0087606608867645,1
-0.033280193805695,0.014844350516796,-0.015073336660862,1
0.12926650047302,0.22877337783575,0.049186609685421,1
0.0033476948738098,-0.14575769379735,0.023241445422173,1
0.1505178809166,-0.15633536875248,-0.010055549442768,1
0.031280517578125,-0.10071206174325,0.017460875213146,1
-0.063122570514679,0.20236267894506,0.18681601434946,1
-0.10604700446129,-0.10095122311031,0.013664446771145,1
0.12471598386765,-0.2183071821928,0.032190829515457,1
-0.14446675777435,0.085202313959599,0.083676896989346,1
-0.070410281419754,0.24945985525846,-0.054089248180389,0
-0.11041906476021,-0.082889962941408,-0.039705850183964,1
-0.046355247497559,0.1438994333148,-0.029314979910851,1
0.074608147144318,-0.20186796784401,-0.02729669958353,1
-0.13954430818558,-0.13696280866861,-0.0016582831740379,1
0.07356208562851,-0.17967646569014,-0.081950291991234,1
-0.0030584335327148,0.093305476009846,-0.014722906053066,1
-0.12182614207268,-0.14250024780631,0.022637210786343,1
0.028542101383209,-0.21934074163437,-0.062235429883003,1
-0.064474254846573,-0.050124928355217,0.010937891900539,1
0.11296719312668,0.12235449999571,0.028319664299488,1
-0.058124750852585,0.10646945983171,-0.0067538842558861,1
-0.0092284083366394,-0.10040559945628,0.022019259631634,1
-0.055272907018661,-0.19355943053961,0.018418289721012,1
-0.039028584957123,-0.17988985031843,0.090051494538784,1
0.0847527384758,-0.096650648862123,-0.00028630346059799,1
-0.049671769142151,0.038207225501537,-0.0095741972327232,1
-0.085638403892517,0.11621326953173,0.0092466846108437,1
0.04878968000412,0.13818874210119,-0.031735882163048,1
-0.20449924468994,-0.090240637771785,0.094816170632839,1
0.023259580135345,-0.11092048045248,-0.0016453638672829,1
-0.024998962879181,-0.082208940759301,-0.012492313981056,1
-0.19435811042786,0.092769332230091,-0.059975065290928,1
-0.028795659542084,0.2184270247817,-0.047420591115952,1
-0.069045662879944,0.22788044065237,-0.042690128087997,0
-0.030067145824432,-0.22080423682928,-0.084398757666349,1
0.11067062616348,-0.16372544318438,-0.094067007303238,1
-0.091537654399872,-0.18746775388718,0.14084992557764,1
0.011735677719116,0.10224100202322,-0.039877168834209,1
-0.045486927032471,0.16556318849325,0.011477626860142,1
-0.12991711497307,-0.20075894892216,0.1263058707118,1
-0.10785228013992,-0.083898754790425,0.00079358369112015,1
-0.12290826439857,-0.0099158212542534,-0.070998705923557,1
0.011982262134552,0.074390135705471,-0.03524798899889,1
0.035097062587738,-0.073956191539764,0.0088037773966789,1
-0.22582343220711,-0.063774593174458,0.050756461918354,1
0.075897991657257,-0.28121625632048,0.052214995026588,1
0.12650537490845,0.22261195629835,0.16909154504538,1
-0.13503095507622,-0.074234947562218,0.056965015828609,1
0.13724386692047,0.1982047483325,0.1639142408967,1
0.10858571529388,-0.12509276904166,-0.010618843138218,1
0.13953387737274,0.20738311856985,0.018383368849754,1
0.19369798898697,-0.17632411420345,-0.066273160278797,1
0.12461787462234,-0.21926437318325,0.15476772934198,1
0.039384365081787,0.16267433017492,0.0096798911690712,1
-0.22241926193237,0.14500512927771,0.030579961836338,1
-0.14623856544495,0.092080168426037,-0.063491031527519,1
-0.17091533541679,-0.15650333091617,0.14563734084368,1
0.10260653495789,0.078550644218922,0.023868642747402,1
-0.027070164680481,0.12157162278891,0.022479079663754,1
-0.075929284095764,-0.223179243505,0.052922025322914,1
-0.036881625652313,-0.20951909571886,0.085987500846386,1
-0.0082418918609619,-0.2848970964551,-0.012071847915649,1
-0.011199533939362,-0.11506033595651,-0.0073392614722252,1
-0.086150676012039,-0.25897789746523,0.058872513473034,1
0.056499063968658,0.069374673068523,0.0020920783281326,1
-0.0073073506355286,0.12789886444807,-0.064757443964481,1
0.046833097934723,0.093408368527889,0.020000405609608,1
0.058683693408966,0.26386963576078,0.11625386029482,1
-0.14553683996201,-0.1054962920025,0.11419612914324,1
0.0089117884635925,-0.2028444185853,0.1109130308032,1
0.12146681547165,-0.18078924715519,0.17977673560381,1
-0.040036678314209,0.063159175217152,0.00025638192892075,1
-0.15682947635651,0.069535411894321,-0.0053851827979088,1
-0.0039576888084412,0.16631876677275,-0.021566621959209,1
0.1438934803009,0.18741946667433,0.024832062423229,1
-0.035811185836792,0.15853767842054,0.046003252267838,1
0.046571612358093,0.12556125968695,-0.070109806954861,1
-0.051841735839844,0.07805160433054,0.015071265399456,1
-0.022286891937256,0.069871239364147,-0.030306734144688,1
0.070857405662537,-0.1276004947722,-0.067599080502987,1
-0.066636502742767,0.11378482729197,0.0051351711153984,1
-0.17356830835342,0.091919742524624,-0.017423219978809,1
0.053171932697296,-0.19454737007618,-0.017817251384258,1
0.11614537239075,0.13128364831209,-0.043482214212418,1
0.03282767534256,0.10661090165377,-0.055378429591656,1
0.18740785121918,-0.18984198570251,0.1463759765029,1
-0.024744868278503,0.23042219132185,-0.016304038465023,1
-0.10527402162552,-0.20017904043198,0.17585397511721,1
-0.098083257675171,-0.1176758594811,-0.031842879951,1
-0.19711124897003,-0.028414279222488,-0.012033857405186,1
-0.13641786575317,-0.063965607434511,-0.076304376125336,1
-0.11319378018379,0.13296809047461,0.0043146386742592,1
-0.16111981868744,0.031196944415569,0.017932243645191,1
0.0040274858474731,0.22313328832388,-0.07538203895092,1
0.17693936824799,-0.16462417691946,-0.047340042889118,1
0.19876497983932,-0.21605180948973,-0.053191311657429,1
-0.11478453874588,0.18375989049673,-0.014808885753155,0
-0.054529368877411,0.10458184033632,-0.064679510891438,1
0.024313449859619,-0.22555964440107,-0.053652629256248,1
-0.13543903827667,0.055490411818027,-0.016336776316166,1
0.029643416404724,-0.13911351189017,0.018269814550877,1
-0.15408572554588,0.013603754341602,0.043073542416096,1
-0.19089144468307,0.10654393583536,-0.041954874992371,1
-0.056649029254913,-0.0031426250934601,-0.022737503051758,1
0.10056430101395,-0.1695314720273,0.035007201135159,1
-0.15385335683823,0.16853450983763,0.14702608436346,1
-0.15606254339218,0.099181078374386,0.035013176500797,1
-0.056805968284607,-0.21991786360741,-0.0029148980975151,1
-0.0046758055686951,-0.099087704671547,-0.046823799610138,1
0.01696902513504,0.27316033095121,0.021171219646931,1
0.0022021532058716,0.13613840192556,0.039018251001835,1
0.086119592189789,0.18377538770437,-0.019210629165173,1
-0.10248848795891,-0.14842301607132,-0.068972319364548,1
-0.11083495616913,0.15311958640814,0.11879328638315,1
0.016124963760376,0.071089617908001,-0.023925572633743,1
-0.1214225590229,0.052542470395565,-0.045247718691826,1
0.050655901432037,-0.17702329158783,0.07079840451479,1
-0.16840228438377,-0.18356621265411,0.10309701412916,1
-0.05981633067131,-0.0028414875268936,0.015003837645054,1
0.02137291431427,-0.14003883302212,-0.086323175579309,1
-0.1147366464138,-0.017495028674603,-0.072011925280094,1
0.18118715286255,0.21712859719992,0.097091756761074,1
0.0010055303573608,-0.11574414744973,-0.04811592400074,1
0.10091000795364,-0.18082370609045,0.019163601100445,1
-0.03180992603302,0.25428914278746,-0.079563111066818,1
-0.19047755002975,0.15219982713461,0.0046883001923561,1
-0.1478967666626,-0.1158940680325,-0.031337015330791,1
0.098399579524994,-0.22135878354311,0.091280095279217,1
-0.0046940445899963,-0.23210748285055,0.1271756067872,1
0.014406979084015,-0.057654194533825,-0.001742497086525,1
-0.057636141777039,-0.17423468828201,0.03500397503376,1
-0.19430306553841,-0.061851996928453,-0.034878313541412,1
-0.084168940782547,-0.047701589763165,0.011663042008877,1
-0.17170104384422,0.06860139220953,-0.053049169480801,1
0.088553845882416,-0.10436563938856,0.023893006145954,1
-0.19804313778877,-0.007171668112278,0.06163565069437,1
0.15900856256485,0.22017871588469,-0.051790095865726,1
0.10903626680374,0.10873729735613,0.00081697106361389,1
0.052647650241852,-0.16744749993086,-0.041153118014336,1
0.026616632938385,-0.062513262033463,0.0036980509757996,1
0.13320374488831,0.20848169177771,0.018521264195442,1
-0.11779952049255,-0.13225404918194,0.036985032260418,1
0.070893108844757,0.16631834954023,0.048839949071407,1
-0.071479290723801,-0.13972013816237,0.049663178622723,1
0.20211899280548,-0.17697500437498,0.077993907034397,1
-0.17308968305588,0.15203096717596,-0.026874922215939,1
-0.068065404891968,-0.21577017009258,-0.049658715724945,1
-0.098640471696854,-0.22775452584028,-0.070311978459358,1
-0.22872996330261,-0.076357360929251,0.0042923614382744,1
-0.058749288320541,-0.12523606047034,-0.051672428846359,1
0.025153458118439,-0.074438825249672,-0.022469103336334,1
0.18863987922668,0.23269679397345,-0.035489894449711,1
-0.077381104230881,-0.16554723680019,0.0212327465415,1
-0.022671163082123,0.14986775070429,-0.071751028299332,1
-0.10600808262825,0.09655586630106,0.038893066346645,1
0.074727237224579,-0.27559251338243,0.10695754736662,1
-0.13289719820023,-0.20005385577679,-0.012107983231544,1
-0.20689192414284,0.0977917984128,0.028163902461529,1
-0.0095868110656738,0.23309984058142,0.0083374753594398,1
-0.1303699016571,-0.062957026064396,0.0035485699772835,1
-0.15711545944214,-0.13346343487501,0.15035628527403,1
-0.021266281604767,0.11605791002512,-0.024976529181004,1
-0.1486759185791,0.032931201159954,0.06299813836813,1
0.045908391475677,-0.18962091207504,0.020853437483311,1
-0.13917618989944,0.15472378581762,0.012880317866802,1
-0.042726576328278,-0.19253840297461,-0.041389182209969,1
-0.0399529337883,-0.12987483665347,0.04129433631897,1
0.19569569826126,-0.18100817501545,0.050199724733829,1
0.058065533638,-0.15338696166873,0.027619943022728,1
-0.036357581615448,-0.14190947636962,0.035613648593426,1
-0.065545052289963,0.046246714890003,-0.0022776946425438,1
-0.10554030537605,-0.10512743424624,-0.046010293066502,1
-0.022358238697052,-0.1592701561749,0.053304754197598,1
-0.20509314537048,-0.061638876795769,0.15228066593409,1
0.063507318496704,0.14175345748663,-0.062600657343864,1
0.031729221343994,0.14426716417074,-0.049528613686562,1
-0.15503334999084,-0.10611516330391,-0.048860020935535,1
0.064844191074371,-0.059039607644081,-0.018514581024647,1
-0.10227519273758,0.029238782823086,-0.084519285708666,1
0.017447173595428,-0.10868642479181,-0.040884613990784,1
-0.07692214846611,-0.18928652256727,0.012780912220478,1
0.040775001049042,0.24140014499426,-0.083536773920059,1
-0.19032800197601,0.07614154368639,0.13391181081533,1
-0.038421094417572,0.091233961284161,0.021923668682575,1
0.031795263290405,0.0653021261096,-0.00096404552459717,1
-0.17745169997215,-0.12576660327613,0.05939694494009,1
0.13235205411911,-0.2361067160964,0.13814426213503,1
0.16532838344574,0.18535717576742,-0.095106273889542,1
-0.13328519463539,0.15169518440962,-0.014488391578197,1
0.094832599163055,-0.12149634771049,-0.046055547893047,1
0.014949023723602,0.18688707798719,-0.017774671316147,1
0.18090724945068,-0.18960753083229,-0.015671096742153,1
0.14253687858582,0.13772194832563,-0.0048557221889496,1
0.045407831668854,-0.072431370615959,0.0090450420975685,1
0.094442307949066,-0.1138209393248,-0.068462438881397,1
-0.13659909367561,-0.042417634278536,-0.094305176287889,1
0.074233531951904,0.12147661298513,-0.080848291516304,1
0.084666669368744,0.075321845710278,0.0012655407190323,1
-0.095675677061081,0.24085541814566,0.11785019189119,1
0.065701544284821,-0.10812927875668,-0.04869581758976,1
-0.20149171352386,-0.15486553683877,-0.056682474911213,1
0.0420783162117,-0.19277598708868,-0.075584210455418,1
0.14637726545334,0.19911652058363,0.02226797491312,1
0.028434455394745,-0.22822960466146,-0.086986020207405,1
0.00044983625411987,-0.056218400597572,-0.00043413788080215,1
-0.10577714443207,-0.037925973534584,-0.043273642659187,1
-0.17503854632378,-0.053250014781952,-0.0019420310854912,1
-0.082433819770813,0.044800154864788,-0.077174559235573,1
-0.022206664085388,-0.054451111704111,-0.023859478533268,1
-0.087693363428116,-0.064252279698849,0.016543976962566,1
0.085873186588287,0.078161858022213,-0.012993097305298,1
-0.0422403216362,-0.08269733004272,0.021888986229897,1
0.013629496097565,0.23041149228811,-0.049772180616856,1
-0.10801979899406,0.024237520992756,-0.05694542825222,1
0.016703605651855,0.087390534579754,-0.0084939301013947,1
-0.092047035694122,-0.22551385313272,0.13395611196756,1
-0.15972286462784,-0.21269933134317,0.044757559895515,1
0.075018346309662,-0.081418417394161,0.0021678283810616,1
0.032349824905396,0.14637099951506,0.013913974165916,1
0.14660465717316,0.23545845597982,0.10515328496695,1
-0.25323048233986,-0.027631185948849,-0.043337158858776,1
0.080132007598877,0.076958365738392,-0.060825251042843,1
-0.062632083892822,-0.053334213793278,-0.065042749047279,1
0.052104830741882,0.060570158064365,0.0060866847634315,1
-0.16568213701248,-0.031381383538246,-0.0023162588477135,1
-0.061630398035049,-0.028666615486145,-0.0081843957304955,1
-0.18057331442833,-0.062238417565823,0.061268620193005,1
0.073375880718231,-0.17031177133322,0.010748565196991,1
0.12531977891922,0.26774137467146,-0.038298614323139,1
-0.18411034345627,-0.18595249205828,-0.017297692596912,1
0.019086122512817,-0.20225524157286,0.030359737575054,1
0.16266232728958,-0.1807786077261,0.1008137986064,1
-0.034102082252502,-0.067785333842039,0.0059561654925346,1
0.0029276013374329,-0.083064205944538,0.013909704983234,1
0.095581710338593,-0.13808751478791,0.024054482579231,1
-0.19782656431198,0.12062304466963,0.099658690392971,1
-0.086225897073746,-0.0048388168215752,-0.019797630608082,1
0.04417496919632,-0.16105313226581,0.053803063929081,1
0.064936339855194,-0.13980526104569,-0.0887595936656,1
0.00074785947799683,0.15848358720541,-0.085298467427492,1
-0.036998391151428,-0.053062282502651,0.016743116080761,1
0.055318713188171,-0.14569281041622,0.007414348423481,1
-0.11447978019714,0.17957895249128,0.17485649138689,1
0.0025362372398376,0.19505330175161,-0.033809639513493,1
-0.011233925819397,0.23331918567419,-0.046879857778549,1
-0.1478559076786,-0.1425549723208,0.15630977600813,1
0.1347581744194,-0.20003162324429,0.031249351799488,1
-0.12074106931686,-0.16800589859486,-0.0013267248868942,1
-0.048996329307556,0.22646554559469,-0.026639215648174,1
-0.25202184915543,-0.018752880394459,-0.020019002258778,1
-0.12182614207268,0.10202210396528,0.068124927580357,1
0.010425090789795,0.13765219599009,-0.024421572685242,1
0.072941243648529,-0.16619207710028,0.046930514276028,1
-0.063540071249008,0.23406784981489,0.063428238034248,1
-0.22250553965569,-0.13998887315392,0.045451201498508,1
-0.11877107620239,0.17291589826345,0.037900514900684,1
-0.063688218593597,0.0223703160882,0.022128529846668,1
-0.042855560779572,0.23853316158056,0.077647782862186,1
-0.19353166222572,-0.15976810082793,0.00032586604356766,1
0.079475998878479,0.22398125380278,-0.022282727062702,1
-0.13069707155228,0.16049223393202,0.058393724262714,1
0.10178446769714,-0.25171936303377,0.029703833162785,1
0.092962443828583,-0.17381289601326,-0.022575989365578,1
0.00075924396514893,-0.064533215016127,0.0023975893855095,1
0.14984041452408,-0.23008636385202,-0.077272206544876,1
-0.038360774517059,0.12450473755598,-0.083463937044144,1
0.00074982643127441,-0.15734276548028,0.010382987558842,1
-0.18277305364609,0.0048101767897606,-0.02592084556818,1
-0.12530520558357,0.054424829781055,0.036217726767063,1
-0.024174869060516,0.044301621615887,0.0018775835633278,1
-0.21881976723671,-0.016242064535618,0.17702459543943,1
-0.019518435001373,0.1115635111928,-0.025821357965469,1
0.030554413795471,-0.086673912592232,-0.038043640553951,1
-0.091056883335114,-0.025553710758686,0.003460206091404,1
-0.09711629152298,0.2004806920886,0.16247520595789,1
-0.10711029171944,-0.025797836482525,-0.056692287325859,1
0.14964312314987,-0.20520460605621,0.15077453106642,1
0.030470728874207,0.13999854773283,-0.062242038547993,1
-0.1164930164814,-0.022208176553249,0.022072844207287,1
-0.1615297794342,-0.11868003383279,-0.082452841103077,1
0.12074434757233,0.13406442850828,-0.042167387902737,1
-0.071908622980118,-0.13025838136673,-0.019465036690235,1
-0.0013726949691772,-0.11132427770644,-0.050045616924763,1
-0.19342634081841,-0.18153621256351,0.067457608878613,1
-0.080999314785004,-0.017896451056004,-0.012883298099041,1
-0.020426690578461,-0.10276576923206,0.0027427077293396,1
-0.041826128959656,-0.027549877762794,-0.022203981876373,1
-0.19471859931946,-0.1076170662418,0.13479714840651,1
-0.084390819072723,0.15383841842413,-0.010650373995304,1
0.022303640842438,-0.078094534575939,-0.0056956708431244,1
-0.087352097034454,-0.014564193785191,0.020888172090054,1
-0.14105615019798,-0.038123972713947,-0.073034808039665,1
0.045376479625702,0.14169242233038,0.026756457984447,1
0.12041318416595,0.24363844841719,0.032825417816639,1
-0.15442481637001,-0.10965625103563,0.15975109487772,1
-0.0034827589988708,-0.25478009134531,0.03562868386507,1
-0.14135628938675,-0.18940874934196,0.063350565731525,1
0.026516437530518,-0.06480672955513,-0.0033798590302467,1
0.074025213718414,-0.10266711493023,0.01338092237711,1
-0.14088499546051,-0.132512871176,0.14065892249346,1
0.14366060495377,0.13787307590246,-0.096737749874592,1
0.044956028461456,-0.081583168357611,-0.021690368652344,1
-0.017741680145264,0.19076933711767,-0.021893590688705,1
-0.13214474916458,0.045568831264973,0.058945305645466,1
-0.24230030179024,0.059219487011433,-0.045714966952801,1
-0.16012734174728,-0.033164732158184,-0.040782883763313,1
-0.085809707641602,-0.069180611521006,-0.0072149857878685,1
-0.12651669979095,-0.15045469254255,0.10584329813719,1
0.011565625667572,-0.061598382890224,0.0016428828239441,1
-0.081025123596191,-0.19372741132975,-0.026326470077038,1
0.20948529243469,-0.20111535489559,-0.0012701079249382,1
-0.028707206249237,-0.10636252956465,0.032152764499187,1
0.13825100660324,-0.15367449074984,-0.075676076114178,1
-0.19901961088181,-0.017466977238655,0.0023536905646324,1
-0.066012859344482,-0.26166171580553,-0.0026078894734383,1
-0.17235213518143,0.097329862415791,0.1803060695529,1
0.092368304729462,0.27574955672026,0.00040430575609207,1
-0.012180626392365,-0.19132392853498,0.014679588377476,1
0.15063953399658,-0.14334258809686,-0.049665145576,1
-0.22293710708618,0.1000839844346,-0.06845810264349,1
0.05102264881134,0.21131794899702,-0.024596989154816,1
-0.1825820505619,-0.12791069224477,0.014897353947163,1
-0.19504025578499,-0.02989250421524,0.16160359233618,1
-0.0092194080352783,0.12407430261374,-0.059956975281239,1
0.11392664909363,0.21048896759748,0.029972814023495,1
-0.057596385478973,0.20170386880636,-0.063704587519169,1
0.037744283676147,0.098902873694897,-0.025407858192921,1
0.036215007305145,-0.095532631967217,0.016542509198189,1
-0.17546638846397,-0.15993843600154,0.013549067080021,1
-0.063087999820709,-0.24392681568861,0.087929867208004,1
-0.011303007602692,0.14947540313005,-0.063908770680428,1
-0.035323798656464,0.042573012411594,0.0032471194863319,1
-0.030198931694031,0.022662907838821,0.0051985010504723,1
0.062616884708405,-0.10143260518089,-0.014837600290775,1
0.092039048671722,-0.22407202422619,0.13683662563562,1
-0.18975576758385,-0.13231664150953,0.10566889494658,1
0.088588953018188,0.19068964570761,0.051228620111942,1
-0.038956046104431,0.17137988656759,0.02940659224987,1
0.031003892421722,-0.21687835454941,0.082532249391079,1
-0.085845142602921,-0.10981883853674,-0.063976518809795,1
0.017471551895142,-0.19482284784317,0.062870286405087,1
-0.19429311156273,-0.15261139348149,0.044930286705494,1
-0.15769907832146,-0.13036788068712,-0.0072027072310448,1
-0.12811237573624,-0.14797868207097,0.13097219914198,1
-0.072654962539673,0.15377404540777,-0.043559677898884,0
-0.21745759248734,-0.064937815070152,-0.056722193956375,1
0.058946907520294,-0.2512681260705,0.15496269613504,1
0.11558479070663,0.14991980046034,0.033667370676994,1
-0.18566673994064,0.023801043629646,0.094981051981449,1
-0.040047109127045,-0.24074298888445,0.17037595063448,1
-0.22626119852066,0.10247876495123,0.034764908254147,1
0.20024561882019,0.21310799568892,0.058936804533005,1
0.019156455993652,0.12618576735258,0.014203123748302,1
-0.076981574296951,0.23144360631704,-0.067041538655758,1
-0.092280745506287,-0.098372787935659,0.027807362377644,1
-0.018734157085419,0.18969424813986,0.063572950661182,1
-0.094797551631927,0.0041585117578506,-0.014125041663647,1
-0.12322399020195,-0.11186084151268,0.051683731377125,1
-0.044640481472015,-0.24333844333887,-0.018949270248413,1
0.05388730764389,0.12251923233271,0.018616728484631,1
-0.02483719587326,0.25284972041845,0.10690806061029,1
-0.093949556350708,-0.22035723924637,-0.076932422816753,1
-0.080119788646698,-0.044848121702671,-0.053538955748081,1
-0.13886079192162,0.013580061495304,0.03626961261034,1
-0.01306939125061,0.22607021778822,-0.012765824794769,1
0.1128009557724,0.16191156953573,-0.01985315233469,1
0.20890778303146,0.20680698007345,0.068700663745403,1
-0.061953783035278,-0.096105273813009,-0.053777702152729,1
0.12962156534195,-0.14649849012494,-0.061577446758747,1
0.029723882675171,-0.15547585859895,0.05304753780365,1
-0.14176735281944,-0.13286245241761,-0.0066402032971382,1
-0.13919538259506,0.12166943401098,0.20884776860476,1
-0.16168600320816,-0.039924509823322,0.054365284740925,1
0.15142673254013,-0.23749572783709,-0.023264564573765,1
-0.2024567425251,-0.033500619232655,0.11360251158476,1
-0.059136718511581,0.044491089880466,-0.010604567825794,1
0.095386922359467,-0.082129690796137,0.011508665978909,1
-0.1927672624588,0.14700815826654,0.080797977745533,1
0.004344642162323,-0.23757687956095,-0.058459170162678,1
-0.10852965712547,0.023574985563755,-0.01171737164259,1
-0.054339110851288,-0.093003762420267,-0.024024926126003,1
0.11601054668427,0.22647189348936,0.11120449751616,1
-0.13190627098083,-0.15614385530353,0.060525394976139,1
0.031591415405273,0.28779541701078,0.063146360218525,1
-0.1178922355175,-0.04730911552906,-0.043033719062805,1
-0.1398004591465,-0.17228230088949,0.021768845617771,1
-0.22292566299438,0.011950314044952,0.031878419220448,1
-0.014627158641815,-0.16018133237958,-0.051662266254425,1
0.020524442195892,-0.15167996287346,-0.029064454138279,1
-0.074759751558304,-0.0030712261795998,-0.050865687429905,1
-0.093584001064301,0.041554354131222,-0.028759099543095,1
-0.0096184015274048,-0.10394104244187,-0.0047279521822929,1
-0.063924998044968,0.0043570324778557,-0.047463461756706,1
0.095534145832062,-0.094007303472608,-0.030777476727962,1
0.16633653640747,0.19811969250441,0.13708021491766,1
-0.039581060409546,0.065507240593433,0.017568103969097,1
-0.036759912967682,0.075278721749783,-0.054156042635441,1
-0.16683605313301,-0.14299432560802,0.098359324038029,1
-0.089962333440781,-0.19528925418854,0.050567574799061,1
-0.24497443437576,-0.11623771302402,0.0087850168347359,1
-0.14416718482971,-0.06812334805727,-0.099738925695419,1
-0.18056499958038,0.021633885800838,-0.062429197132587,1
-0.11608481407166,-0.12939743325114,-0.078901536762714,1
-0.12918195128441,-0.15331098809838,0.023051343858242,1
0.058993518352509,0.1167311295867,-0.012846179306507,1
0.077052712440491,-0.17123013734818,0.042629510164261,1
-0.03377503156662,-0.19007231295109,-0.008303739130497,1
0.073071718215942,0.12364218384027,-0.087051205337048,1
0.077225744724274,-0.16565494984388,-0.060983784496784,1
0.0055994987487793,0.096713028848171,-0.06449119746685,1
0.1913223862648,0.16963174194098,0.091369934380054,1
-0.073105424642563,0.2449311837554,-0.01828944683075,0
0.057988822460175,-0.078750621527433,0.0041805580258369,1
0.02547150850296,-0.12094328925014,-0.048200778663158,1
-0.17400881648064,-0.087131151929498,0.14548677951097,1
0.22637802362442,-0.21022965759039,-0.0048433914780617,1
-0.016471743583679,0.27056434005499,0.12266489118338,1
-0.088215708732605,-0.081554617732763,-0.059015728533268,1
-0.10755223035812,0.17721458524466,0.17559673637152,1
0.014876365661621,-0.17271313071251,-0.057493254542351,1
0.02661406993866,0.21663453429937,0.12217015773058,1
0.059956789016724,0.20168267935514,-0.055777169764042,1
-0.11493894457817,-0.10799270868301,0.0094205364584923,1
-0.021448850631714,0.10767055302858,-0.012093797326088,1
-0.053059011697769,-0.072509437799454,-0.028110943734646,1
-0.18279671669006,0.10781552642584,-0.034732535481453,1
-0.13999289274216,0.041285432875156,-0.082278467714787,1
-0.15265083312988,0.014318563044071,-0.082012794911861,1
0.077867209911346,0.10578759759665,-0.01125468313694,1
-0.21252149343491,0.097196377813816,0.14758495241404,1
-0.011811316013336,-0.068888925015926,-0.017196550965309,1
-0.10911184549332,-0.16892818361521,0.13470811396837,1
0.040736615657806,-0.085745465941727,-0.02214240282774,1
-0.017732799053192,0.18334763497114,-0.046119302511215,1
-0.12937566637993,0.15188240259886,0.15595418959856,1
-0.084178447723389,0.012870013713837,0.012051768600941,1
-0.16782650351524,-0.037323728203773,-0.015191651880741,1
0.062751293182373,-0.059732545167208,-0.0084907934069633,1
-0.16562435030937,-0.10834198724478,-0.027923859655857,1
-0.013108372688293,0.15861993283033,0.033117480576038,1
-0.13382068276405,0.14209788292646,0.14744501560926,1
-0.12513136863708,0.16071867197752,-0.085419528186321,0
0.01852822303772,-0.20072912424803,-0.046764776110649,1
-0.028029918670654,0.032707639038563,-0.0092144683003426,1
-0.046019494533539,0.22190963476896,0.085660867393017,1
-0.05945360660553,0.23979615420103,-0.042043305933475,1
-0.0089220404624939,0.09458551555872,-0.0015622898936272,1
-0.067297250032425,-0.22544652968645,0.041784144937992,1
-0.012706458568573,0.14590575546026,-0.076363161206245,1
-0.0010285377502441,0.20072015374899,0.14748565107584,1
-0.0081235766410828,0.26177146285772,-0.067361742258072,1
0.14916908740997,-0.14071534574032,-0.051089845597744,1
-0.03113579750061,0.22386684268713,0.15113208442926,1
0.035333931446075,-0.13225542008877,-0.010569959878922,1
0.025062501430511,0.093341834843159,-0.030561789870262,1
0.047364413738251,-0.092287428677082,-0.035930395126343,1
0.11002850532532,0.19107996672392,0.17445152252913,1
-0.096405059099197,-0.13334433734417,-0.086643762886524,1
-0.04139769077301,-0.26291588693857,-0.0080116391181946,1
0.068999588489532,-0.13866284862161,0.033269323408604,1
-0.11793020367622,-0.057510372251272,-0.04611425101757,1
-0.094743609428406,-0.0047134757041931,-0.055376254022121,1
-0.010585606098175,-0.11895357072353,-0.077740572392941,1
0.089876115322113,-0.18903592973948,-0.00064582377672195,1
-0.053460359573364,0.048649899661541,-0.043187029659748,1
-0.15396922826767,0.13684111088514,0.11108935624361,1
-0.0466468334198,0.059291712939739,0.014313407242298,1
0.090759038925171,0.095760174095631,-0.0040872916579247,1
0.16583770513535,0.1522783562541,0.039269246160984,1
0.025951862335205,0.15338679403067,-0.017010882496834,1
0.11008816957474,-0.092462403234094,0.012542508542538,1
-0.20592507719994,-0.06178991496563,-0.0033947005867958,1
-0.082447618246078,0.10367722064257,-0.034922517836094,1
-0.17335197329521,-0.17508997023106,0.051044829189777,1
-0.041285455226898,-0.065949786454439,-0.051786296069622,1
-0.10899516940117,0.0099593177437782,-0.050035275518894,1
-0.053012013435364,0.095841027796268,-0.030802674591541,1
0.083337247371674,-0.22983994334936,0.086945317685604,1
-0.0014461874961853,-0.13443638011813,-0.064122684299946,1
-0.062797427177429,-0.095284212846309,0.012471579015255,1
-0.080398082733154,0.031900443136692,0.023336865007877,1
0.17993265390396,0.22008957713842,0.12883915752172,1
0.10479354858398,-0.08518335968256,-0.0019144341349602,1
-0.058056980371475,0.0073078945279121,-0.049128249287605,1
-0.0084871649742126,0.13071563094854,-0.029950030148029,1
-0.17367020249367,-0.12342533096671,-0.023141168057919,1
-0.080875128507614,0.16689109057188,0.035083569586277,1
-0.11919838190079,0.21680095046759,0.099090836942196,1
-0.12859219312668,-0.12499046511948,0.12015811353922,1
0.19298791885376,0.17391525954008,-0.071460507810116,1
-0.1901641190052,-0.02037487924099,-0.071625463664532,1
0.0022392868995667,0.073408208787441,-0.0013516992330551,1
0.046069204807281,0.22077479213476,-0.018344365060329,1
-0.16151624917984,0.063456259667873,-0.027964055538177,1
0.040449619293213,0.21630068868399,0.10125034302473,1
-0.19998568296432,0.092560760676861,0.10166127234697,1
-0.088416695594788,-0.096434149891138,0.015866838395596,1
-0.012399256229401,-0.061212964355946,-0.026543974876404,1
-0.160764336586,0.033897154033184,-0.016881786286831,1
0.091456949710846,0.13494765013456,-0.050729170441628,1
0.13344126939774,0.20053022354841,-0.022474631667137,1
-0.14025685191154,-0.044621631503105,-0.032097093760967,1
-0.071028143167496,0.24026080220938,-0.074645534157753,1
-0.021573424339294,0.19478686898947,0.030241720378399,1
-0.054715156555176,-0.047286566346884,0.019644670188427,1
0.038953125476837,-0.28056515008211,0.019395969808102,1
0.023460209369659,0.24632211774588,0.14816651493311,1
-0.10706180334091,-0.14782415702939,0.089909069240093,1
-0.11110693216324,-0.010045327246189,-0.035653688013554,1
0.04363602399826,0.12753707915545,-0.044568687677383,1
0.076838433742523,0.10375382751226,-0.037091858685017,1
-0.041837871074677,0.0061357617378235,0.0019960328936577,1
-0.15134805440903,0.1456126049161,0.18241543322802,1
-0.24713456630707,-0.10115617851261,0.013817094266415,1
-0.02788633108139,0.068822242319584,0.011823065578938,1
-0.10599541664124,-0.21457467973232,-0.08768642693758,1
-0.18602105975151,-0.003172256052494,-0.074547581374645,1
-0.12282478809357,-0.15065118297935,-0.08133751899004,1
-0.16811707615852,-0.1122307870537,0.013803325593472,1
0.07601398229599,0.25712283700705,-0.060773968696594,1
0.074009120464325,-0.07383793592453,0.01923056691885,1
0.025842666625977,0.18565159291029,0.070841558277607,1
-0.015073776245117,0.066975764930248,-0.0076057389378548,1
-0.1554861664772,0.048999138176441,-0.007023312151432,1
-0.042423129081726,-0.17210653424263,0.027429714798927,1
-0.12646648287773,-0.202243052423,0.13059375435114,1
-0.20540311932564,-0.079177960753441,0.056730575859547,1
-0.14674520492554,-0.060757849365473,0.072076387703419,1
0.073153376579285,0.11689750105143,-0.030988276004791,1
0.19141739606857,-0.18979409337044,-0.040698654949665,1
-0.16638252139091,-0.024649165570736,0.089487127959728,1
-0.038884520530701,0.22221749275923,-0.07684189081192,1
-0.1062199473381,-0.12664935551584,-0.051172874867916,1
-0.046500980854034,-0.23879010230303,-0.057336308062077,1
-0.10957983136177,0.1385213509202,0.06970527023077,1
-0.10742598772049,-0.099155307398178,-0.054923973977566,1
-0.13706451654434,-0.2181628793478,0.12109620124102,1
0.014758706092834,-0.19565100222826,0.022958315908909,1
-0.18945795297623,0.086646042764187,0.086036749184132,1
0.048067629337311,-0.25735879689455,0.15093839913607,1
0.080199718475342,0.18975269049406,-0.050737544894218,1
-0.17817094922066,-0.12056907080114,0.059423796832561,1
0.0075047016143799,0.078029088675976,0.012584827840328,1
0.065994024276733,-0.064874961972237,0.0105314925313,1
-0.13159468770027,0.1506837233901,0.16204235702753,1
-0.092369139194489,0.035247407853603,-0.059571884572506,1
0.015994131565094,0.10258650034666,-0.020717434585094,1
-0.15467539429665,-0.22553899139166,0.030463941395283,1
-0.16520589590073,0.0043932870030403,0.036158703267574,1
-0.057110011577606,0.1401207819581,-0.0027736723423004,1
-0.038941621780396,-0.12642099894583,0.00687026232481,1
0.20146173238754,0.19438569992781,0.0008719190955162,1
0.022135674953461,0.070889808237553,-0.0094285160303116,1
0.066144287586212,-0.17079462856054,0.05518152564764,1
-0.07574737071991,0.088740073144436,-0.061191327869892,1
-0.12922388315201,-0.0039797499775887,-0.024867169559002,1
-0.068726748228073,0.014971353113651,0.01673574000597,1
0.059979379177094,-0.061911545693874,-0.025589287281036,1
0.007668137550354,-0.27841044217348,0.11470436304808,1
-0.20759981870651,0.11171775311232,-0.059426002204418,1
0.08548641204834,-0.11614980921149,-0.081661053001881,1
-0.18824702501297,0.020055912435055,0.14043495804071,1
0.049107730388641,0.16737043112516,0.05675445497036,1
-0.12215182185173,0.24720554798841,0.024248220026493,1
-0.086569845676422,0.016794122755527,-0.029332548379898,1
-0.046698868274689,-0.072110718116164,-0.059765808284283,1
-0.067565441131592,0.047513253986835,-0.00048338621854782,1
-0.031264245510101,0.056547828018665,0.014565043151379,1
-0.016541838645935,-0.23587822169065,0.1081880107522,1
-0.19776970148087,-0.15101435035467,0.0070669427514076,1
-0.12476128339767,0.16742422431707,-0.058144368231297,0
0.055161654949188,-0.17227873951197,-0.0065734907984734,1
0.095034182071686,-0.21350801736116,-0.097447566688061,1
-0.11977028846741,-0.049949713051319,-0.065157406032085,1
0.17157131433487,0.20115729421377,-0.036884777247906,1
-0.15184524655342,0.058662973344326,0.092230729758739,1
0.10479456186295,0.10565765947104,0.020523898303509,1
-0.061228454113007,0.27258389443159,0.070817567408085,1
0.040119469165802,0.13616954535246,-0.025967217981815,1
0.022854745388031,0.16902094334364,0.051544599235058,1
0.086183607578278,-0.18177935481071,-0.028683230280876,1
0.099629163742065,-0.086738031357527,-0.010221339762211,1
-0.065117418766022,0.12417650967836,0.0055759325623512,1
0.057981312274933,0.082960598170757,0.0013543292880058,1
-0.1121484041214,-0.13766103237867,0.05739613622427,1
-0.021680116653442,0.046434141695499,-0.024717248976231,1
0.21150559186935,0.22054656594992,0.071654804050922,1
0.074120581150055,-0.22138527035713,0.035207770764828,1
-0.18920642137527,0.0039438530802727,-0.096155278384686,1
0.020144522190094,-0.064996130764484,0.0020761936903,1
-0.017954707145691,-0.1146670980379,-0.015689678490162,1
0.14205867052078,-0.22905606776476,0.038004405796528,1
0.029720366001129,-0.2073678150773,0.012942515313625,1
0.064072132110596,0.21038153022528,0.0064044669270515,1
-0.12239220738411,-0.13543021306396,0.090600498020649,1
-0.23492836952209,-0.063576031476259,-0.022010892629623,1
-0.15307411551476,0.079681672155857,0.11558222025633,1
0.089411199092865,0.12468215078115,0.042828291654587,1
-0.16116401553154,-0.023546002805233,-0.066439889371395,1
-0.17411342263222,-0.010845348238945,0.013844065368176,1
-0.16519552469254,0.20530178397894,0.076159991323948,1
-0.082774490118027,-0.033862538635731,0.026763893663883,1
0.091624915599823,0.12267356365919,0.034408628940582,1
0.13049334287643,-0.13482914119959,0.052469067275524,1
0.036360502243042,0.20529296249151,0.014857485890388,1
0.15255159139633,-0.25845114141703,-0.017475374042988,1
-0.0025045275688171,0.11965133994818,-0.046895407140255,1
-0.016659796237946,0.082885183393955,0.009629599750042,1
-0.18136110901833,-0.12897052802145,0.01158269494772,1
-0.05062398314476,-0.20962755382061,-0.0021751597523689,1
-0.035760641098022,0.055292941629887,0.01639936119318,1
-0.056374996900558,0.05269081145525,-0.036265380680561,1
-0.031771123409271,-0.13601338490844,0.0064801052212715,1
-0.17242932319641,-0.12562990188599,0.022057078778744,1
-0.21994003653526,-0.061909064650536,-0.033268131315708,1
-0.1749809384346,-0.16712688654661,0.13945836573839,1
0.1142960190773,-0.18441542983055,0.14091619104147,1
-0.069066345691681,0.099304027855396,0.037159733474255,1
-0.15000584721565,-0.15908163040876,0.16348945349455,1
-0.081601709127426,-0.12530732341111,-0.07116487622261,1
0.0095459222793579,-0.12751075997949,-0.084331355988979,1
-0.082795977592468,0.051713459193707,-0.053476922214031,1
-0.041720330715179,-0.12388746626675,0.02234161645174,1
-0.1602942943573,-0.1346817240119,0.17665531486273,1
-0.073955237865448,0.24120875447989,0.14165603369474,1
-0.22350996732712,0.025049857795238,0.14603190869093,1
0.030509769916534,-0.08720513060689,0.0022677034139633,1
0.051529824733734,-0.20402186363935,0.20169544965029,1
-0.07123526930809,-0.27902891486883,0.041864573955536,1
0.083012998104095,-0.084134884178638,0.023295603692532,1
-0.066215485334396,-0.026931710541248,-0.016994722187519,1
-0.034531772136688,-0.012210309505463,-0.00057172030210495,1
0.01904022693634,-0.28460811823606,-0.0091231986880302,1
-0.19920068979263,0.057416297495365,0.17396192997694,1
-0.18991303443909,0.10525421053171,-0.011845998466015,1
-0.11954653263092,-0.20975346118212,-0.022799879312515,1
0.0048746466636658,-0.094934208318591,-0.029327481985092,1
-0.017361640930176,-0.09669734723866,0.0087845027446747,1
0.092535614967346,-0.11096005700529,0.011953465640545,1
-0.059197336435318,0.052383773028851,0.02187866717577,1
-0.17124584317207,0.10852142423391,0.1501427218318,1
0.017718851566315,-0.10861851833761,-0.010968804359436,1
0.089515030384064,0.10819625109434,0.031367599964142,1
-0.18157044053078,-0.025018714368343,-0.077513732016087,1
-0.13968819379807,0.23352875560522,0.071996949613094,1
0.058834314346313,0.13669895380735,-0.032678961753845,1
0.14944714307785,-0.18116340041161,0.19905782490969,1
-0.051491737365723,0.032207287847996,-0.020413272082806,1
-0.20282673835754,0.064152680337429,-0.091047190129757,1
0.12034851312637,0.13314295560122,-0.029007390141487,1
-0.1196157336235,-0.035853885114193,-0.01299799233675,1
-0.16457813978195,0.19063761085272,0.11259759217501,1
0.12439960241318,0.149328969419,0.023240126669407,1
-0.072030633687973,-0.14478109776974,-0.021537467837334,1
-0.12578135728836,0.14792544394732,0.14686960726976,1
0.059588491916656,-0.24145626276731,-0.045231409370899,1
0.11018973588943,-0.1685042232275,0.055674217641354,1
-0.073335379362106,0.10952673107386,-0.0026339069008827,1
-0.038391530513763,-0.24305441230536,0.041805602610111,1
-0.088496685028076,0.086713351309299,0.031895138323307,1
-0.12772104144096,-0.17495083808899,-0.024432964622974,1
0.11407077312469,-0.12085232883692,0.021737284958363,1
0.041932702064514,0.16767277568579,-0.030199266970158,1
0.10979413986206,-0.15196626633406,0.064933739602566,1
-0.14974296092987,0.22832693904638,0.017066664993763,1
-0.058542132377625,0.17189123481512,-0.022834420204163,1
-0.23326098918915,-0.073677768930793,-0.020725227892399,1
0.15097051858902,-0.16267481446266,-0.034415550529957,1
-0.18080842494965,-0.015046447515488,0.033493869006634,1
-0.069332212209702,0.14264311641455,0.011158756911755,1
0.029050588607788,0.28039249032736,0.005735732614994,1
0.083494782447815,0.1976295337081,0.13968450576067,1
-0.19814938306808,0.10173485428095,-0.035297468304634,1
0.0066661834716797,0.21401920169592,0.095454685389996,1
-0.16880029439926,-0.030687592923641,0.0041995123028755,1
0.11510962247849,0.11524837464094,-0.069743447005749,1
-0.050020724534988,-0.041269436478615,0.016868807375431,1
-0.056952804327011,0.16820200532675,0.060117609798908,1
0.056447803974152,0.084734000265598,-0.024399794638157,1
0.053014099597931,-0.1835712864995,0.077049590647221,1
-0.2021786570549,0.11534280329943,0.076090805232525,1
0.0075565576553345,0.14081855863333,-0.024399876594543,1
-0.085380703210831,-0.11434251442552,0.038641326129436,1
-0.023725271224976,-0.13245356455445,-0.03486941754818,1
0.18291431665421,0.15974812954664,-0.025137759745121,1
0.014457821846008,-0.075862865895033,-0.0039204061031342,1
-0.08354663848877,-0.16730772703886,-0.074166290462017,1
0.0039175152778625,0.15186163038015,-0.00079049915075302,1
-0.0180624127388,-0.080741861835122,0.014575615525246,1
-0.13732439279556,0.098530642688274,-0.074852041900158,1
-0.042004883289337,-0.046115405857563,-0.00026243180036545,1
0.018922746181488,0.10854146629572,-0.045971877872944,1
-0.073067843914032,0.022476390004158,0.0024036094546318,1
0.021106481552124,0.094671480357647,0.0050047114491463,1
-0.20940923690796,-0.13682041689754,0.0069693252444267,1
0.12397629022598,0.21161016076803,0.1401467397809,1
0.051481485366821,-0.098494130535983,0.0074036121368408,1
0.070723056793213,0.22383012622595,0.16435713320971,1
-0.14350309967995,-0.085920276120305,0.051432482898235,1
0.038536667823792,0.13761854916811,-0.035331249237061,1
0.07911342382431,-0.18244390189648,-0.055429123342037,1
0.16652524471283,-0.1907262802124,0.13568583875895,1
-0.084238857030869,0.24349411576986,-0.051764108240604,0
-0.039478003978729,-0.099833229149226,0.0032851621508598,1
-0.11199030280113,-0.061592426151037,0.028571300208569,1
0.086351275444031,0.13426298648119,-0.0058513954281807,1
0.0088270306587219,0.28108566254377,-0.047200925648212,1
0.06037050485611,-0.056689664721489,0.0053228810429573,1
0.048479855060577,0.078656233847141,-0.0017309859395027,1
0.0043143630027771,0.08985685557127,0.0040098577737808,1
-0.20615792274475,0.048106171190739,0.1129262521863,1
-0.047247588634491,0.095210231840611,-0.0038550868630409,1
-0.050314486026764,-0.063119422644377,-0.040360935032368,1
0.0095306634902954,-0.18391951173544,0.024376221001148,1
-0.24468329548836,-0.057939507067204,0.11183973401785,1
-0.010523736476898,-0.053612843155861,-0.019661940634251,1
-0.10320004820824,-0.007520392537117,-0.081765815615654,1
-0.036785423755646,0.062035851180553,0.021331645548344,1
-0.13099020719528,0.1783629283309,0.16668809205294,1
-0.22125124931335,-0.15544979274273,0.064330972731113,1
-0.13614240288734,-0.19111189991236,0.10631311684847,1
-0.068210512399673,-0.02870386838913,-0.057157568633556,1
-0.20864591002464,-0.014793746173382,0.083224333822727,1
-0.2090283036232,0.0058382004499435,0.023316524922848,1
0.046102821826935,0.089120782911777,-0.047650292515755,1
-0.20835906267166,-0.10533268284053,-0.033954568207264,1
-0.13324230909348,-0.12212627381086,-0.021941594779491,1
-0.12724670767784,0.2235414609313,0.095747493207455,1
-0.08245575428009,-0.17409811168909,0.033223442733288,1
0.16880947351456,0.19013743847609,0.13285640627146,1
0.063506782054901,-0.074326394125819,0.018405169248581,1
0.10161060094833,-0.12097796797752,-0.030509687960148,1
-0.19824457168579,0.084263317286968,0.13583897799253,1
-0.060983240604401,-0.054206103086472,-0.02120091766119,1
0.088733553886414,0.1886715516448,0.060418166220188,1
-0.18379491567612,0.16851337999105,-0.023493088781834,1
-0.038953363895416,0.20972203463316,0.081797935068607,1
0.018866837024689,-0.274872623384,-0.011612556874752,1
0.052700936794281,-0.20054503530264,0.091400481760502,1
-0.034253299236298,-0.17920874804258,-0.087611742317677,1
-0.050967425107956,-0.1969633474946,0.17755905538797,1
-0.044776439666748,-0.072072848677635,-0.0065646842122078,1
-0.035408973693848,0.21588026732206,0.17351309210062,1
-0.036239445209503,0.037875257432461,-0.027636967599392,1
-0.16184657812119,0.18319591134787,0.016034431755543,1
0.071283280849457,0.046384207904339,-0.015395782887936,1
-0.17112576961517,0.036112196743488,-0.013882018625736,1
0.0051999688148499,-0.085593489930034,0.00020325928926468,1
-0.0085446238517761,0.079356126487255,-0.04696311801672,1
-0.058809906244278,0.068434499204159,-0.0098719224333763,1
0.15811461210251,0.19772931188345,0.028164424002171,1
-0.11360025405884,0.012680873274803,-0.020060427486897,1
0.0097561478614807,0.13341524451971,0.033971697092056,1
-0.062716573476791,0.09921508282423,-0.019003890454769,1
0.039215922355652,0.092213742434978,0.01259995251894,1
0.023143827915192,-0.079309040680528,0.0015517547726631,1
-0.19088619947433,-0.18169969320297,0.091115109622478,1
-0.086517721414566,-0.16392157971859,-0.084600515663624,1
0.068709373474121,0.20553820580244,-0.081084810197353,1
-0.056739389896393,0.0098788142204285,-0.0080827102065086,1
0.053448081016541,0.075160078704357,-0.039556890726089,1
-0.14199686050415,0.14034501463175,0.15825552493334,1
-0.11320644617081,0.21477019041777,0.15696518868208,1
0.081975698471069,0.06254593282938,-0.00064217299222946,1
-0.17389738559723,-0.19210858643055,0.098597832024097,1
-0.06732839345932,0.18729808181524,0.096360482275486,1
-0.1749461889267,0.012536004185677,0.21732247620821,1
-0.13879925012589,0.046859748661518,-0.075080327689648,1
-0.054094076156616,0.017676241695881,0.0019416287541389,1
0.12770122289658,-0.18736436963081,0.07087055593729,1
0.071779608726501,-0.19486729800701,0.10346803814173,1
0.048100829124451,-0.14314996823668,-0.008762501180172,1
-0.19180253148079,0.016866594552994,0.1815462782979,1
-0.17791682481766,0.01410436630249,0.18306060880423,1
0.076422035694122,0.18441643565893,0.071768812835217,1
-0.13576874136925,0.18111883848906,-0.027724139392376,1
-0.16250559687614,-0.052308883517981,0.071604393422604,1
-0.18007975816727,0.023826353251934,-0.086928877979517,1
-0.15817528963089,0.075829721987247,0.042814292013645,1
-0.18830850720406,0.093380264937878,0.0086903497576714,1
0.0084025263786316,0.10748098045588,-0.071071863174438,1
-0.10299390554428,0.018332973122597,-0.062756508588791,1
-0.12870764732361,-0.0067188367247581,0.030403606593609,1
-0.099038988351822,0.097208447754383,0.042043767869473,1
-0.055399149656296,0.23409738391638,0.079041577875614,1
-0.10414397716522,0.15499397367239,0.0029376223683357,1
0.011192142963409,0.23960288614035,0.10607475787401,1
-0.065252780914307,-0.041289016604424,-0.001680038869381,1
-0.11702856421471,0.10937892645597,0.01228142529726,1
-0.042392492294312,-0.23733682185411,0.070524044334888,1
-0.20889914035797,0.092738561332226,0.09770443290472,1
-0.1058301627636,0.034078381955624,-0.060440354049206,1
0.020552277565002,-0.15084417164326,-0.034210994839668,1
0.0043326616287231,0.050389461219311,0.0034345909953117,1
-0.001625657081604,0.15242793411016,0.039963193237782,1
0.10652154684067,-0.21422857046127,0.089726306498051,1
-0.20454031229019,0.1192989423871,-0.0031062141060829,1
-0.04594624042511,0.022055111825466,-0.0022805407643318,1
0.003792941570282,-0.17942994832993,-0.062955990433693,1
-0.25309807062149,-0.012436389923096,-0.023956581950188,1
-0.24855476617813,-0.051511835306883,0.097169063985348,1
0.04051262140274,-0.16297233849764,-0.080783486366272,1
-0.015689969062805,0.1752125248313,0.024811014533043,1
-0.065786242485046,-0.052848678082228,-0.027369365096092,1
-0.044678032398224,-0.0040878131985664,0.0069216564297676,1
-0.093080192804337,-0.17234580218792,0.0019621998071671,1
-0.090310364961624,-0.2342079654336,-0.040425658226013,1
0.1056627035141,-0.14276622235775,0.064248591661453,1
-0.16981482505798,0.098745323717594,0.12243408709764,1
-0.029066443443298,0.2144905552268,-0.036515012383461,1
-0.072233021259308,-0.075498839840293,0.017707027494907,1
0.087178945541382,0.14228460937738,0.018529959022999,1
-0.14943692088127,0.13590528815985,-0.078356988728046,1
-0.05360022187233,0.10631699115038,-0.062145240604877,1
0.12622737884521,0.24332570284605,0.023789517581463,1
0.011265337467194,-0.098211792414077,-0.010843724012375,1
-0.13253435492516,-0.044257737696171,0.020017482340336,1
0.026825904846191,0.072198398411274,-0.014462903141975,1
-0.030422747135162,-0.15355419367552,-0.041304439306259,1
0.019860506057739,-0.1203644014895,-0.049865134060383,1
-0.032948434352875,-0.26088530570269,0.10230977088213,1
0.074599146842957,0.066324047744274,0.01664649695158,1
-0.095840930938721,0.054067812860012,-0.059920340776443,1
-0.25471946597099,-0.013597793877125,-5.7511031627655e-05,1
0.074166655540466,-0.16828248649836,-0.0024188458919525,1
-0.20544245839119,0.047507055103779,0.11023632436991,1
0.095255196094513,0.1459244415164,-0.044367648661137,1
-0.10662472248077,0.18301328271627,-0.051940225064754,0
-0.19873487949371,0.041736863553524,0.11154424399137,1
0.019911348819733,-0.13132262974977,-0.013349391520023,1
-0.24694654345512,-0.081222858279943,0.017532162368298,1
0.037402093410492,-0.12348129227757,-0.0047282949090004,1
-0.10255959630013,-0.12621523626149,0.023938201367855,1
0.0078930258750916,-0.088244074955583,-0.0037875473499298,1
-0.059964090585709,0.11939366906881,0.032958023250103,1
-0.17384219169617,-0.017888717353344,0.0279735699296,1
-0.16635131835938,-0.093086512759328,-0.089661747217178,1
0.013189136981964,0.14447995275259,-0.041472785174847,1
-0.10639065504074,-0.014865696430206,0.021008603274822,1
-0.18269509077072,-0.11947611533105,0.12896502763033,1
-0.17564427852631,-0.11230308096856,0.1141759082675,1
0.13470858335495,0.11614385992289,-0.057253010571003,1
-0.2420796751976,-0.08972084056586,-0.022432245314121,1
0.0068640112876892,0.15860148519278,0.043947108089924,1
0.10269504785538,-0.22415642440319,-0.081971488893032,1
-0.09768670797348,0.21697317808867,0.046415902674198,1
-0.064916372299194,-0.17885064333677,-0.017579689621925,1
-0.064268738031387,0.0721320733428,-0.04945369809866,1
0.055460453033447,0.16907166689634,-0.052780970931053,1
-0.051620721817017,0.048823289573193,0.019764758646488,1
-0.037624180316925,-0.2759722545743,0.057268135249615,1
-0.11990031599998,0.14648582786322,0.024914376437664,1
-0.13152533769608,0.084758259356022,-0.0027136281132698,1
0.018061280250549,-0.22722461074591,-0.051532812416553,1
0.12905144691467,-0.15351196378469,-0.055000625550747,1
0.0042920708656311,-0.075813885778189,-0.035566359758377,1
0.0026097893714905,-0.17723426967859,-0.07788298279047,1
-0.18931031227112,-0.11859310232103,-0.042050518095493,1
-0.04202401638031,0.07557374984026,-0.043243013322353,1
-0.16317617893219,0.15296723693609,0.078920729458332,1
0.062938392162323,0.10291067510843,-0.065258905291557,1
-0.0045412182807922,0.089202307164669,-0.060315042734146,1
0.068557441234589,-0.17675781995058,0.017324395477772,1
-0.18787348270416,-0.082736346870661,-0.008333183825016,1
0.14903879165649,0.17260637134314,0.1186543777585,1
-0.11239004135132,0.25213202089071,0.033257521688938,1
0.016545116901398,-0.23791278153658,-0.080571599304676,1
0.13053423166275,-0.2040726467967,0.025177322328091,1
0.093904435634613,-0.078058805316687,0.017012037336826,1
-0.017980873584747,-0.051606610417366,-0.026563666760921,1
0.09300434589386,0.1180262491107,0.0040566623210907,1
-0.022664308547974,0.17412402480841,-0.056926719844341,1
0.06393700838089,-0.15669697523117,-0.01287817209959,1
-0.0034599900245667,0.28967922180891,0.045791991055012,1
0.10701203346252,0.18527945131063,-0.082560010254383,1
-0.024465143680573,-0.067858327180147,0.011045314371586,1
-0.24099427461624,0.066737405955791,-0.065860629081726,1
0.0022339224815369,0.17470311373472,-0.030716933310032,1
0.16169601678848,-0.17377788573503,0.13508876413107,1
0.017314493656158,-0.10032987687737,0.0049444362521172,1
-0.067572951316833,-0.10022973932792,-0.030612774193287,1
-0.046541512012482,0.13872625678778,-0.021556183695793,1
0.031990706920624,-0.18519961833954,0.079104132950306,1
-0.09325698018074,0.028551734983921,0.0091012045741081,1
-0.14038279652596,-0.14739490300417,0.18667044490576,1
-0.014675378799438,-0.10671791434288,-0.045229807496071,1
0.071081221103668,-0.20023766905069,0.09321004897356,1
0.18189597129822,-0.2249748185277,-0.055471368134022,1
0.0019393563270569,0.21150680631399,-0.024214573204517,1
-0.066092312335968,-0.13459110632539,-0.039048381149769,1
0.13098102807999,0.2087991759181,-0.0028629377484322,1
0.054544866085052,-0.23578379303217,0.018513180315495,1
-0.14912778139114,0.13203502446413,0.0019907280802727,1
-0.1912294626236,-0.13421068713069,0.13991088420153,1
0.1115009188652,-0.11255232803524,-0.01268819719553,1
0.0061493515968323,0.17251684516668,0.045122526586056,1
-0.15972477197647,-0.12241097167134,-0.074860014021397,1
-0.058651357889175,0.084872163832188,-0.054925419390202,1
-0.026437282562256,0.067871235311031,-0.042320169508457,1
-0.010531425476074,-0.080994883552194,-0.04560561478138,1
0.10682761669159,-0.13851770013571,0.021829701960087,1
0.034299850463867,-0.10701922839507,-0.03103268891573,1
-0.044639945030212,-0.20520877093077,0.1499319896102,1
-0.07196244597435,0.17737268656492,0.0098665878176689,1
-0.1151567697525,0.044083081185818,-0.077594950795174,1
0.11722975969315,-0.22395340353251,-0.062367349863052,1
-0.030578672885895,0.049824945628643,-0.013669095933437,1
0.15471333265305,0.1621503457427,-0.052886322140694,1
-0.015504658222198,-0.16818211972713,-0.023063771426678,1
0.0021142363548279,0.19817181676626,0.016811229288578,1
-0.051494151353836,0.094065390527248,0.031953506171703,1
-0.18565294146538,0.12007284909487,0.074842505156994,1
-0.22887009382248,-0.07183712720871,-0.079100906848907,1
-0.09600093960762,0.18667130917311,-0.058742873370647,0
0.036034405231476,0.25023256987333,-0.076477073132992,1
-0.051325649023056,0.11941262334585,0.011995665729046,1
-0.088316649198532,0.14970392733812,-0.0078449621796608,1
-0.032396495342255,-0.072226678952575,-0.027776934206486,1
-0.1920217871666,0.1638308390975,0.085024692118168,1
-0.07048287987709,-0.17203992605209,0.0057654306292534,1
0.046194732189178,0.15971406549215,0.059324376285076,1
0.093582689762115,-0.12841715663671,-0.083288185298443,1
-0.12348458170891,-0.062257964164019,0.040908001363277,1
-0.1143099963665,-0.20336975157261,-0.070967212319374,1
-0.16945332288742,-0.11229414772242,0.11569651216269,1
0.017014503479004,-0.079940758645535,0.0027578249573708,1
-0.1430429816246,0.2153210863471,-0.012672953307629,1
0.038808882236481,-0.17018749564886,0.064182080328465,1
-0.056325197219849,-0.046975009143353,-0.032329864799976,1
0.088552474975586,0.22210564464331,0.042212925851345,1
-0.074327230453491,0.18387477844954,0.17794299870729,1
0.046307325363159,0.094026423990726,-0.012539215385914,1
-0.20932140946388,-0.067493040114641,-0.052404724061489,1
-0.042047381401062,-0.22793377190828,0.025381855666637,1
-0.030091941356659,0.044128946959972,-0.034547604620457,1
0.063587605953217,-0.17447149008512,0.079324044287205,1
-0.1035008430481,0.099006943404675,0.037753336131573,1
0.09268319606781,0.23520331829786,0.034919947385788,1
-0.11741587519646,-0.022751554846764,-0.029618464410305,1
0.10371392965317,0.11415361613035,-0.087436363101006,1
-0.15622499585152,0.092388235032558,-0.077773191034794,1
-0.088074952363968,-0.16456895321608,0.0039869248867035,1
0.12771081924438,-0.19030202180147,0.026810355484486,1
0.026268482208252,0.14438956230879,-0.072099350392818,1
-0.12315201759338,-0.041291914880276,0.021649546921253,1
-0.13593199849129,-0.16642381995916,0.044748790562153,1
0.093925297260284,-0.11377798300236,-0.028471730649471,1
-0.080499291419983,-0.060841757804155,0.029978387057781,1
-0.09654313325882,0.2156785055995,-0.086553297936916,0
-0.19892024993896,0.10886415094137,-0.04054219275713,1
0.083739757537842,-0.28181574493647,0.09288128465414,1
0.027249872684479,-0.1484583504498,0.026502139866352,1
0.0034916996955872,-0.22889951616526,0.068047501146793,1
0.061621010303497,-0.067676365375519,-0.0032109543681145,1
-0.077913016080856,-0.26395904272795,0.0074781253933907,1
-0.094897210597992,0.026650570333004,-0.043692633509636,1
-0.093299329280853,-0.23345471173525,-0.070276238024235,1
0.15549153089523,0.26227458566427,0.050883539021015,1
0.049638509750366,-0.084967765957117,0.014139719307423,1
0.21673661470413,0.20358347147703,-0.015852607786655,1
0.11574339866638,0.1373084411025,0.036336340010166,1
-0.19766247272491,0.05852896720171,-0.092827744781971,1
0.011513710021973,-0.10755738429725,0.0087638944387436,1
-0.1251717209816,-0.10642636660486,-0.083943955600262,1
-0.085392355918884,0.071389086544514,0.021287120878696,1
-0.17488047480583,-0.0013985857367516,0.21209824830294,1
-0.054100215435028,0.018146485090256,0.017890132963657,1
-0.056526184082031,-0.05731824785471,-0.057300217449665,1
0.1484586596489,-0.18997749686241,-0.029491804540157,1
-0.19479638338089,-0.024426333606243,0.079810701310635,1
-0.17075908184052,-0.041765414178371,0.027845777571201,1
0.03664892911911,0.16126691550016,0.012613192200661,1
0.037797629833221,0.12373956292868,-0.012156374752522,1
-0.086622655391693,-0.0045488774776459,0.0083291605114937,1
0.081443846225739,-0.18670050799847,0.08587271720171,1
-0.14334654808044,0.014810219407082,0.05387032777071,1
0.13129538297653,-0.22284185141325,0.13400986045599,1
0.088007152080536,-0.22276346385479,-0.055967591702938,1
-0.020168364048004,-0.16163164004683,-0.016725547611713,1
0.08528858423233,0.127422131598,-0.043762847781181,1
0.0016759037971497,-0.093802296556532,-0.0038208812475204,1
0.081764221191406,0.072233967483044,-0.01328994333744,1
-0.042270958423615,0.064255766570568,-0.021932251751423,1
-0.07776004076004,-0.20351114869118,0.17199010401964,1
-0.032074749469757,-0.19217612594366,-0.052213288843632,1
0.13787096738815,0.18939428776503,0.165990896523,1
0.039575755596161,-0.20953474193811,0.18331868201494,1
0.02789980173111,-0.25969939678907,0.05632122606039,1
-0.21221944689751,-0.057354975491762,0.11909108608961,1
-0.05997633934021,-0.19300993531942,-0.013760603964329,1
0.14754009246826,-0.19759663939476,0.15413124114275,1
-0.094577342271805,-0.24221884459257,-0.015969313681126,1
-0.05247300863266,-0.24648598581553,0.022691778838634,1
-0.032089591026306,-0.21669082343578,-0.032672099769115,1
-0.16726964712143,0.22383560985327,0.039839334785938,1
-0.21272173523903,0.084482826292515,0.13319801539183,1
0.060380280017853,-0.24836579710245,0.052559919655323,1
0.019807040691376,-0.24482461065054,0.13769898563623,1
0.081975936889648,0.083730928599834,-0.039258375763893,1
-0.058835327625275,0.017786085605621,0.0090686902403831,1
-0.16067218780518,0.10478539019823,-0.059148982167244,1
-0.06425741314888,0.11480811983347,-0.006595753133297,1
-0.076892614364624,-0.011613413691521,-0.0016124472022057,1
-0.18780010938644,-0.19387581199408,0.090792275965214,1
-0.11899089813232,0.067428700625896,0.035252921283245,1
0.091210722923279,0.17971300333738,0.072780080139637,1
-0.048890650272369,-0.012922428548336,0.0034419223666191,1
-0.061923623085022,0.058143623173237,-0.03354125469923,1
-0.015843451023102,-0.24138823896646,0.071028865873814,1
-0.13868507742882,-0.089870218187571,0.046935774385929,1
0.043384253978729,0.050458692014217,0.0061519220471382,1
-0.086669534444809,0.1597910746932,0.1105293110013,1
0.11052930355072,0.095021285116673,-0.040029682219028,1
-0.087144523859024,-0.15030035376549,-0.063176445662975,1
-0.016689360141754,0.08411168307066,0.0090307667851448,1
0.026795387268066,0.133773855865,0.0054616779088974,1
-0.047528684139252,-0.064368676394224,-0.01939020305872,1
0.081127762794495,-0.22446316480637,0.11783906072378,1
0.0013300180435181,0.18255349248648,0.014170818030834,1
-0.036955893039703,-0.081634713336825,-0.0063189491629601,1
0.041116952896118,-0.083683792501688,-0.010540686547756,1
-0.22967335581779,0.098940901458263,0.1204823628068,1
0.018106043338776,-0.14556056261063,-0.014375805854797,1
-0.09512397646904,-0.11176133994013,-0.081721432507038,1
-0.01727706193924,0.048975296318531,-0.0060254856944084,1
0.089571177959442,-0.14025515690446,0.055093042552471,1
0.042743444442749,0.19660627096891,0.08173706382513,1
0.058173596858978,0.23118498176336,0.16237873584032,1
0.16558641195297,-0.17528908699751,0.082917295396328,1
-0.11420783400536,0.021135441958904,0.0010280981659889,1
0.011607766151428,0.18643444031477,0.082689039409161,1
-0.16909098625183,0.17782463878393,0.11768225580454,1
0.019826292991638,-0.090407294221222,-0.044189155101776,1
0.12878829240799,-0.15044644847512,0.072612352669239,1
0.16350191831589,0.24064888805151,0.11391267925501,1
0.12395060062408,0.12422200292349,0.05225732177496,1
0.056275546550751,0.088447473943233,0.01288265734911,1
0.079322874546051,-0.077744668349624,0.0039879903197289,1
-0.13756781816483,-0.18688969314098,0.16309446841478,1
-0.11724519729614,-0.036644630134106,-0.023223675787449,1
0.060790598392487,-0.10063540423289,0.0097414031624794,1
0.13216042518616,0.16325905174017,0.002951979637146,1
-0.031760394573212,0.19702702015638,-0.098443657159805,1
-0.22281900048256,-0.071597743779421,0.014238201081753,1
-0.084472447633743,0.0045499578118324,-0.06950281560421,1
0.11693531274796,0.26279168576002,0.064430311322212,1
0.025157511234283,0.075087897479534,-0.017232038080692,1
-0.029241621494293,-0.14760559797287,-0.095986790955067,1
-0.12856233119965,-0.063234981149435,-0.055844195187092,1
0.15038245916367,-0.16939733922482,0.14005193859339,1
0.17887526750565,-0.18284945189953,-0.041841544210911,1
-0.13945582509041,0.046074263751507,0.011728502810001,1
-0.074873566627502,-0.25036004930735,0.027803875505924,1
-0.21013712882996,0.040056265890598,0.1595032736659,1
-0.072529375553131,0.11134145408869,-0.017604269087315,1
0.064925253391266,0.25232716649771,-0.06144342571497,1
0.056677579879761,-0.18889098614454,0.025031678378582,1
0.14097106456757,0.23599108308554,-0.072314776480198,1
0.053335607051849,-0.061358381062746,-0.012157298624516,1
0.07523787021637,-0.28581228107214,0.024410642683506,1
0.063807368278503,-0.19098776578903,-0.054233595728874,1
-0.055032402276993,0.083729796111584,-0.013002060353756,1
-0.032926738262177,0.068790592253208,-0.0094665363430977,1
-0.058193027973175,0.16139581054449,0.037217848002911,1
-0.09237003326416,-0.053307574242353,-0.044277131557465,1
0.092237174510956,-0.172163836658,0.015970453619957,1
-0.17611914873123,0.089327104389668,0.16486754268408,1
-0.090994238853455,0.0080021619796753,-0.023901976644993,1
-0.018028736114502,0.22392236441374,0.035733930766582,1
-0.037737250328064,-0.024088658392429,-0.024115815758705,1
0.02144056558609,-0.18897529691458,0.029262356460094,1
0.0055465698242188,0.17034672945738,0.039063304662704,1
-0.047351181507111,-0.23380712419748,-0.036933623254299,1
0.096909999847412,0.1544189080596,-0.015349216759205,1
-0.12636119127274,0.16557889431715,0.058160118758678,1
-0.026329219341278,-0.084589266218245,0.010316863656044,1
0.026663482189178,-0.11832485720515,-0.015793211758137,1
0.043067038059235,-0.074265701696277,0.0041293278336525,1
0.013135313987732,0.066042475402355,-0.016150087118149,1
-0.01423454284668,0.094042234122753,-0.034495405852795,1
-0.065405994653702,-0.24288124591112,0.037881642580032,1
-0.096757560968399,-0.0015722289681435,0.012677125632763,1
0.014071524143219,0.073672227561474,0.00020767003297806,1
-0.056820005178452,-0.10405183630064,-0.070416308939457,1
-0.061621397733688,-0.10475213313475,0.028049439191818,1
0.089799582958221,-0.20626235753298,0.07839784771204,1
-0.13278770446777,0.093554250895977,-0.067905239760876,1
-0.045655906200409,0.15004827827215,0.011615000665188,1
0.031027495861053,-0.091424650512636,0.0072893276810646,1
0.014224588871002,-0.20427845418453,0.059656374156475,1
-0.21989274024963,0.082095809280872,0.11371057480574,1
-0.061451941728592,0.22068443149328,0.1169356033206,1
0.036014020442963,0.24005379527807,-0.041046679019928,1
0.086591482162476,0.20552780479193,-0.03361876308918,1
-0.11555311083794,-0.063966292887926,-0.094112582504749,1
-0.027502119541168,-0.11672873981297,-0.043594144284725,1
-0.00346839427948,-0.2307251766324,0.047699019312859,1
0.031595289707184,-0.086708209477365,0.013813875615597,1
-0.085219442844391,-0.040046416223049,0.0019833967089653,1
0.19365656375885,-0.1907447502017,-0.054290480911732,1
-0.14371702075005,0.23604693263769,0.013285808265209,1
0.040794849395752,-0.10164950974286,-0.014788419008255,1
-0.19446843862534,0.1412200704217,0.015047557651997,1
0.09520012140274,-0.1222634408623,-0.057707615196705,1
-0.013130664825439,-0.231356151402,-0.026274122297764,1
-0.16650155186653,0.011254012584686,-0.018295489251614,1
-0.095197677612305,-0.17953483760357,0.034212492406368,1
-0.014294743537903,0.041823662817478,-0.0025301203131676,1
0.12282764911652,-0.22577465325594,-0.059938110411167,1
0.11515033245087,0.22413709014654,0.13686562329531,1
-0.2066867351532,0.11910339444876,-0.071824222803116,1
-0.14601716399193,0.013011194765568,-0.036256611347198,1
0.076760768890381,-0.084668999537826,-0.051932610571384,1
-0.18677943944931,-0.081016605719924,0.16603767126799,1
0.031207621097565,0.078418873250484,0.0057001486420631,1
0.046712279319763,0.15050890296698,0.038456305861473,1
0.034051716327667,-0.20746453851461,0.10972215980291,1
0.15420013666153,-0.15089406445622,0.075837485492229,1
-0.070702940225601,-0.21976716816425,0.16991602629423,1
0.024708449840546,-0.20769386738539,0.077532060444355,1
-0.10015398263931,-0.18448818475008,-0.04793743789196,1
-0.15614578127861,-0.18293896317482,0.047578476369381,1
-0.056651622056961,-0.18849869817495,0.045049376785755,1
-0.07564240694046,0.15059842914343,0.085347808897495,1
-0.22114965319633,0.024166382849216,0.06398992985487,1
-0.024775743484497,0.21599330753088,0.023710049688816,1
0.00084871053695679,0.26572229713202,0.099924452602863,1
-0.24263906478882,-0.09852648130618,-0.034789130091667,1
-0.016966044902802,-0.14957009255886,-0.019633308053017,1
-0.064011245965958,0.027460239827633,0.012591250240803,1
-0.12651500105858,0.099990613758564,-0.076491989195347,1
-0.039063155651093,-0.060405101627111,-0.05067165941,1
-0.068744391202927,-0.077661484479904,0.0090822950005531,1
0.027896523475647,0.082169406116009,0.0012616813182831,1
0.050865888595581,0.10184066742659,-0.00010249763727188,1
-0.14733105897903,0.18060197681189,-0.056953750550747,0
0.045367360115051,0.10329357534647,-0.041833825409412,1
0.012021124362946,0.21653639525175,0.13777739554644,1
0.13326925039291,0.22617050260305,0.081538982689381,1
0.097081959247589,-0.27236922830343,0.09111201018095,1
0.13332957029343,-0.25538481026888,0.12120608240366,1
-0.086264133453369,-0.2139003649354,0.12580866366625,1
0.14445900917053,0.18570276349783,0.051321111619473,1
-0.015000641345978,-0.039760373532772,-0.0035702213644981,1
-0.056830227375031,-0.089391217567027,0.013636074960232,1
-0.080243468284607,0.10723575204611,-0.082591168582439,1
-0.1185015141964,0.2127570733428,0.096123956143856,1
0.01753169298172,0.22795172780752,-0.086704544723034,1
-0.056136608123779,0.14449105411768,-0.051002308726311,1
0.043915450572968,0.070623986423016,-0.012064643204212,1
-0.038184583187103,0.028591893613338,-0.014068104326725,1
0.11574512720108,-0.22483295947313,0.022149331867695,1
0.093238532543182,-0.19307024776936,0.059046722948551,1
0.054195165634155,-0.14196482673287,0.033230118453503,1
0.0028697848320007,-0.2023738399148,0.13867423683405,1
-0.14667594432831,0.091964356601238,0.090378813445568,1
0.018257081508636,-0.079174162819982,0.0068867206573486,1
-0.19139534235001,0.13889207690954,0.046223200857639,1
-0.055125653743744,0.061579577624798,-0.063858084380627,1
-0.05337929725647,-0.016312994062901,-0.017671443521976,1
-0.13033068180084,0.069270096719265,-0.07989864051342,1
-0.19173559546471,-0.011979587376118,-0.015935443341732,1
-0.16709220409393,-0.13998674601316,-0.01962772756815,1
-0.20942255854607,-0.068619962781668,0.15466091781855,1
-0.021205246448517,-0.040789216756821,0.0050742700695992,1
-0.032498300075531,-0.11243188008666,0.0065464749932289,1
-0.1661219894886,-0.15318224951625,0.095743037760258,1
-0.070926308631897,-0.19955340772867,0.073118396103382,1
-0.22711488604546,-0.061325903981924,0.14178936928511,1
0.19371038675308,0.17496671527624,0.049499623477459,1
-0.053009420633316,0.19980021566153,0.080989696085453,1
0.1080966591835,0.18182959407568,-0.043732553720474,1
-0.039523899555206,-0.037862502038479,0.0087279453873634,1
0.050438463687897,0.060210578143597,-0.012799374759197,1
-0.13489007949829,0.12454905360937,0.10887611657381,1
-0.0008845329284668,-0.2776849642396,0.022911384701729,1
0.095314145088196,0.18739592283964,-0.071688614785671,1
0.10074263811111,0.20435031503439,0.17043779045343,1
-0.062923550605774,-0.085274908691645,-0.054918996989727,1
-0.1754475235939,-0.062557429075241,0.1317203566432,1
-0.26649701595306,0.0081415697932243,0.035553269088268,1
0.14400053024292,0.22217630594969,0.1389070674777,1
-0.14995777606964,0.2253000959754,-0.028399296104908,1
0.12625199556351,-0.22425188869238,-0.01581347733736,1
-0.12365555763245,0.068880952894688,0.064860142767429,1
-0.17457294464111,0.029300414025784,-0.05003298074007,1
-0.052644819021225,-0.084754414856434,0.0099699422717094,1
-0.16108173131943,-0.073350735008717,0.096005387604237,1
-0.10843175649643,-0.22725447267294,-0.011563956737518,1
-0.073536038398743,0.062075756490231,0.0045868828892708,1
0.17271333932877,-0.15356606990099,0.19332499057055,1
-0.02185446023941,-0.16171823814511,-0.061342090368271,1
0.076155841350555,0.28284590691328,0.083923764526844,1
-0.047139823436737,0.13183348625898,0.0080740377306938,1
-0.19772160053253,-0.17555201053619,-0.043403871357441,1
-0.19911527633667,-0.083506058901548,0.011657916009426,1
-0.14386290311813,0.023513846099377,0.032891802489758,1
-0.10456880927086,-0.040532547980547,0.026038654148579,1
-0.0077798962593079,-0.096808302216232,-0.0038101598620415,1
-0.089747488498688,0.15177085250616,-0.0057975575327873,1
0.045401394367218,0.20511054247618,0.057363606989384,1
0.027123928070068,-0.11238464061171,0.023663558065891,1
-0.12720534205437,-0.090425572358072,-0.069848217070103,1
0.14744573831558,-0.12760244123638,-0.029397942125797,1
-0.10804498195648,0.033163629472256,-0.039048597216606,1
0.085992872714996,0.11740743368864,-0.053815193474293,1
0.091324210166931,0.26448657363653,0.081970937550068,1
-0.08636811375618,-0.17879343032837,-0.044075705111027,1
-0.048366487026215,-0.23292977362871,0.17050447314978,1
0.075760066509247,0.066201828420162,-0.004524365067482,1
-0.011892020702362,0.22541894763708,-0.053350508213043,1
0.089620172977448,-0.093893739394844,-0.065575920045376,1
-0.15338858962059,-0.075973082333803,0.11341907829046,1
-0.082195669412613,0.16521611064672,-0.04806836694479,0
-0.20151802897453,-0.01556009799242,-0.076511882245541,1
-0.098104476928711,0.25523170083761,0.089247666299343,1
0.026235401630402,-0.18504446744919,0.06796183437109,1
0.061060130596161,0.21213423460722,0.17004532366991,1
-0.19482365250587,0.01774051040411,0.14315388351679,1
-0.017610907554626,0.09142491966486,-0.060832433402538,1
-0.09355965256691,-0.055355861783028,-0.0031376704573631,1
-0.19115054607391,-0.19937913119793,0.0049811825156212,1
-0.057750552892685,-0.088381675072014,-0.054745472967625,1
-0.12361711263657,-0.088274423032999,-0.0098533853888512,1
0.051894783973694,-0.23668254166842,0.13251725584269,1
0.0485919713974,0.26007955521345,0.10823885351419,1
-0.048741400241852,0.21917586773634,0.16499853879213,1
0.12105429172516,0.20838513225317,-0.065250799059868,1
0.012525081634521,0.06307028979063,0.00088386237621307,1
0.088282406330109,0.099579356610775,-0.060221187770367,1
0.063859522342682,-0.19577261060476,-0.092596814036369,1
-0.091500699520111,0.099176906049252,0.04133977741003,1
0.069046795368195,-0.18103274703026,0.061515673995018,1
0.079243779182434,-0.071653312072158,-0.00074394792318344,1
-0.089470624923706,-0.0908178742975,-0.089069001376629,1
0.091231405735016,-0.097879180219024,0.0058561339974403,1
-0.081655293703079,0.0028725266456604,-0.060377053916454,1
0.15892016887665,0.22168292850256,0.061896897852421,1
-0.2022260427475,-0.030695959925652,-0.020349986851215,1
-0.12111186981201,0.056340731680393,0.024601764976978,1
0.091974318027496,-0.15951595082879,-0.077334620058537,1
-0.089839786291122,-0.069111432880163,0.0089125409722328,1
-0.10102474689484,-0.2056041136384,0.06817701458931,1
0.037942826747894,-0.22845419496298,0.016502447426319,1
-0.17403119802475,0.014697097241879,0.1996389105916,1
0.034297287464142,0.25412123650312,-0.060712605714798,1
0.05652904510498,0.09391126781702,-0.0053446441888809,1
-0.15894538164139,-0.16283658891916,0.011394999921322,1
-0.19203147292137,0.15157004445791,-0.080695502460003,1
0.097119212150574,0.07452180236578,-0.06836361438036,1
-0.25551050901413,-0.032965652644634,0.070791341364384,1
0.026864051818848,-0.14824094623327,-0.044485233724117,1
-0.0019501447677612,0.11583101004362,-0.07824882119894,1
-0.029065847396851,-0.032190084457397,-0.015983022749424,1
0.040294885635376,-0.063338249921799,-0.023834027349949,1
0.061783730983734,-0.24167460948229,-0.016034744679928,1
-0.091618984937668,-0.16364296525717,-0.08973528444767,1
-0.052076905965805,0.19559695571661,0.13361655920744,1
0.017043352127075,-0.10822183731943,-0.032084196805954,1
-0.03872811794281,0.16336693614721,0.0069110244512558,1
-0.067535370588303,-0.14208746701479,0.053131528198719,1
-0.11295133829117,0.16143801063299,0.12764873355627,1
0.086708784103394,-0.17020566761494,-0.032323554158211,1
0.11985439062119,-0.10513088852167,-0.089590154588223,1
-0.023216545581818,0.088173232972622,-0.0043782517313957,1
-0.15066823363304,-0.11999248340726,-0.061226315796375,1
-0.18917056918144,0.097047708928585,0.14506625384092,1
-0.080875486135483,-0.157217271626,0.06026615947485,1
0.1259394288063,-0.13052095286548,-0.015284337103367,1
-0.10389736294746,0.16811706870794,0.19784954935312,1
0.056491911411285,-0.28089157491922,0.090364135801792,1
-0.17601466178894,-0.15180146694183,0.059477619826794,1
0.12222421169281,-0.14122949168086,-0.0091019496321678,1
0.0038090944290161,-0.15948621556163,-0.072299122810364,1
-0.19180849194527,-0.050527300685644,-0.041398659348488,1
-0.17393752932549,0.19695248454809,-0.0037897005677223,1
0.096886456012726,0.15292426198721,-0.020333044230938,1
0.056288063526154,0.12781915813684,-0.019221037626266,1
0.14034259319305,0.20949324220419,0.072034068405628,1
0.15349167585373,0.21838846057653,0.017541028559208,1
-0.060926616191864,-0.094376315362751,-0.025496371090412,1
-0.030945837497711,-0.11294664628804,-0.022981740534306,1
0.067656815052032,-0.071348240599036,-0.042628616094589,1
-0.14494222402573,0.073066927492619,-0.093414582312107,1
0.033319890499115,-0.12565461173654,0.014213941991329,1
-0.0094335675239563,0.11570494621992,-0.051253877580166,1
0.11761593818665,0.11132907122374,0.0052577629685402,1
0.13631147146225,0.20043896883726,0.017170675098896,1
0.045871376991272,0.12627742439508,0.016409672796726,1
-0.13143998384476,0.20390235632658,-0.0031950101256371,1
0.0049945712089539,-0.085963638499379,-0.03946640342474,1
-0.12871626019478,-0.024495512247086,-0.011475048959255,1
-0.096147179603577,-0.16635264456272,-0.088101491332054,1
-0.1308910548687,0.18539514392614,-0.013921342790127,0
0.10601669549942,0.26649349182844,0.014359712600708,1
0.1641788482666,0.1979663297534,0.11621651798487,1
0.058840930461884,-0.12598526664078,-0.041139364242554,1
-0.08285266160965,0.13677524775267,-0.0065504536032677,1
-0.076193779706955,-0.20906569808722,0.035993933677673,1
-0.092087477445602,0.23865576833487,0.13037056475878,1
-0.15491026639938,0.094114921987057,0.12711571902037,1
-0.012441456317902,0.1039357855916,-0.0071637630462646,1
0.0088586211204529,-0.22669944912195,0.029305346310139,1
-0.039253830909729,0.18779458850622,0.038103044033051,1
0.044260382652283,-0.18747105449438,0.032569319009781,1
0.0041816234588623,0.062009058892727,-0.01608257740736,1
0.097471117973328,0.10362013429403,0.0089873522520065,1
0.050628066062927,0.15356370061636,-0.063702270388603,1
-0.1285118162632,-0.017203845083714,0.0175886079669,1
-0.059192687273026,-0.097852352308109,-0.055757991969585,1
0.027931094169617,0.18794211000204,-0.018533997237682,1
-0.060814172029495,-0.11529703065753,-0.062345452606678,1
-0.032666563987732,-0.25148544460535,0.10183214396238,1
-0.1257808804512,-0.12113419920206,0.033667899668217,1
-0.0032293796539307,-0.19154760241508,-0.10046845674515,1
-0.15679478645325,0.057669542729855,-0.031668029725552,1
-0.10640394687653,0.040415354073048,0.0069826617836952,1
-0.0398770570755,0.22395896166563,0.13390577584505,1
-0.19296804070473,0.13857515901327,-0.032370127737522,1
-0.005866527557373,0.14825492352247,-0.047469459474087,1
0.12256640195847,-0.10992349684238,0.047135300934315,1
0.17378634214401,-0.18809201568365,0.11968033760786,1
-0.049311459064484,-0.11983378790319,0.00063470751047134,1
0.125572681427,0.10040668398142,0.03587830811739,1
-0.13986080884933,-0.042406354099512,0.043836794793606,1
0.093575716018677,0.096862636506557,-0.064362987875938,1
-0.13447004556656,0.18755313009024,-0.051149912178516,0
-0.063934624195099,0.15384527295828,-0.058723993599415,0
-0.14174324274063,0.050130166113377,-0.086533069610596,1
-0.0063575506210327,0.2831964418292,-0.0022359266877174,1
-0.0041719675064087,-0.27087328583002,-0.014698475599289,1
-0.15462449193001,0.1599862203002,0.079503111541271,1
-0.17062872648239,-0.20551377534866,-0.036854483187199,1
-0.17769777774811,-0.013060383498669,0.10720071941614,1
-0.044779002666473,0.0085856169462204,-0.017215050756931,1
-0.17967581748962,0.12288127094507,0.14327760785818,1
-0.25174224376678,0.070198304951191,-0.013259820640087,1
-0.10045433044434,0.15634008497,0.10344638675451,1
-0.081754744052887,0.18617077916861,-0.015458203852177,0
-0.15443384647369,-0.060197494924068,-0.06269159913063,1
-0.066186457872391,-0.09099521394819,0.033911071717739,1
0.03901195526123,-0.082639938220382,0.019785560667515,1
0.070978581905365,-0.11279289703816,-0.068107530474663,1
0.12129187583923,0.21440591663122,0.17192607372999,1
-0.091508775949478,0.1769026145339,0.05180961638689,1
0.14038151502609,-0.16816656291485,-0.0739681199193,1
0.068557441234589,0.064959533512592,0.0039400234818459,1
0.096026957035065,-0.27675665169954,0.018492124974728,1
-0.17960104346275,0.061673931777477,-0.051355332136154,1
-0.052400588989258,-0.20536015182734,0.20037610083818,1
-0.053922772407532,-0.058914951980114,0.010964177548885,1
-0.15776228904724,-0.095492751803249,-0.096508502960205,1
-0.035241305828094,-0.19715812057257,0.12675299495459,1
-0.14719691872597,0.14890372008085,0.13931830972433,1
-0.092518508434296,0.019379682838917,0.025448359549046,1
0.011439025402069,-0.10382061218843,-0.0053028985857964,1
-0.13004052639008,0.022929526865482,0.01523569971323,1
0.11618399620056,-0.12848318740726,0.045813910663128,1
0.0090909004211426,0.10047049075365,-0.044295378029346,1
-0.14165943861008,-0.027551956474781,-0.050262652337551,1
-0.25370639562607,-0.045732662081718,-0.031546175479889,1
0.044347584247589,0.26547219604254,0.061299547553062,1
0.12701040506363,-0.12267470546067,-0.041069574654102,1
-0.14360845088959,0.019500769674778,-0.089215874671936,1
-0.17867249250412,0.050970189273357,-0.047699607908726,1
-0.047418296337128,0.032812900841236,0.0041891410946846,1
0.032186210155487,-0.19901256263256,-0.00072471797466278,1
0.083161115646362,0.17086746543646,0.057738535106182,1
-0.080735087394714,0.10513078421354,-0.032244928181171,1
-0.16320928931236,-0.063822135329247,0.0016752853989601,1
-0.080366343259811,-0.18174102902412,0.040156401693821,1
-0.02049857378006,0.26934828609228,0.01296242326498,1
-0.018527209758759,-0.1070756833069,0.017177172005177,1
-0.132279753685,0.12912925332785,-0.05700371414423,1
-0.1200484931469,0.14064054936171,0.094587944447994,1
0.049563407897949,0.070927627384663,0.0090994760394096,1
-0.0089272856712341,-0.10209228331223,-0.043822713196278,1
-0.088827937841415,0.00078890472650528,-0.026806034147739,1
0.027052938938141,-0.25533377379179,-0.064563065767288,1
-0.10696867108345,0.10206850618124,0.033685304224491,1
0.060584187507629,0.19268526881933,-0.012551806867123,1
-0.19993770122528,-0.17577782273293,-0.0052035376429558,1
-0.11536478996277,-0.16329628974199,0.19284204393625,1
-0.062914311885834,-0.10550107434392,-0.012004211544991,1
0.058840274810791,0.22274564951658,0.0097072422504425,1
0.048624813556671,0.12073681503534,0.021656237542629,1
-0.046922922134399,0.057486705482006,-0.032888032495975,1
-0.18945282697678,0.12383805960417,0.11113909631968,1
-0.018524706363678,-0.24235790222883,-0.058775089681149,1
0.030920386314392,-0.10023257054854,0.022395022213459,1
0.023184180259705,-0.15770152211189,0.0086678341031075,1
0.041830241680145,-0.10801631957293,-0.0098563656210899,1
-0.081323504447937,0.15230097621679,0.035775445401669,1
-0.085023522377014,0.095938391983509,0.048133887350559,1
-0.04892510175705,0.035576350986958,-0.02501555532217,1
-0.065764874219894,0.11254041641951,-0.050620101392269,1
-0.15739437937737,0.17914541810751,0.11069972068071,1
-0.18925732374191,-0.025817401707172,-0.046201445162296,1
0.071303009986877,0.077523551881313,-0.039593912661076,1
0.096767365932465,-0.17992679774761,-0.081909596920013,1
-0.17480352520943,0.12996507436037,0.11620288342237,1
0.025609016418457,-0.22224654257298,0.16840220242739,1
-0.15913870930672,0.058968581259251,-0.067728959023952,1
-0.037529468536377,-0.17861583828926,0.024220563471317,1
-0.16698706150055,-0.15305839851499,0.1614928022027,1
0.098291873931885,-0.19901049137115,0.19582033902407,1
-0.1606083214283,0.033150427043438,0.071250505745411,1
-0.06521463394165,-0.008984848856926,-0.055009454488754,1
-0.1328472495079,0.049722395837307,0.058135204017162,1
-0.085610806941986,-0.18357118964195,0.0380844399333,1
0.064998090267181,-0.067956458777189,0.011592008173466,1
0.12078899145126,0.19957771152258,0.1402739956975,1
0.028740286827087,0.14179440587759,-0.035708591341972,1
0.14299654960632,-0.21199283748865,0.15226786583662,1
-0.017427742481232,-0.17282262444496,-0.079142592847347,1
0.098196685314178,-0.19431690871716,0.047474250197411,1
-0.084336876869202,-0.028408490121365,0.0096105709671974,1
0.10879653692245,-0.22005450725555,0.046557009220123,1
-0.14159381389618,-0.11715243570507,0.011012084782124,1
0.065875947475433,-0.22905272990465,0.084555454552174,1
-0.040111482143402,-0.18432193994522,-0.030834719538689,1
-0.043152034282684,0.11286402493715,0.026947520673275,1
-0.17731904983521,-0.067126836627722,0.050129480659962,1
-0.17247757315636,-0.044665295630693,0.051495738327503,1
0.091451048851013,-0.068255051970482,-0.020415864884853,1
-0.18585622310638,0.037103109061718,0.056164421141148,1
-0.021968603134155,0.079446725547314,0.021448135375977,1
-0.077997177839279,-0.25193995982409,0.11226183921099,1
-0.057018935680389,0.14112452417612,-0.041744627058506,1
-0.039824187755585,0.21443396061659,0.15126896649599,1
-0.21175500750542,-0.10600005276501,-0.050355277955532,1
0.037490367889404,-0.25382026284933,0.15197063237429,1
0.023340821266174,0.22034751623869,-0.01119090616703,1
0.094659447669983,0.23556318134069,0.058628119528294,1
-0.12461277842522,0.1376421675086,0.039257608354092,1
0.0074963569641113,-0.26166614145041,-0.074721932411194,1
0.11437439918518,-0.13834474980831,0.059775732457638,1
-0.12029030919075,-0.057435791939497,0.0041866078972816,1
-0.18093958497047,-0.037451632320881,0.096766449511051,1
-0.14160403609276,-0.10188365122303,-0.039218172430992,1
0.06359851360321,0.124391682446,0.0038969963788986,1
-0.11200559139252,-0.037609227001667,-0.085170768201351,1
-0.16813629865646,0.19039263576269,-0.0051023587584496,1
0.13201254606247,-0.11937369406223,-0.082919858396053,1
0.10265666246414,-0.26052919775248,0.018970221281052,1
0.06330943107605,-0.088149567134678,-0.058872692286968,1
0.10937970876694,0.19659679383039,0.19863972812891,1
0.088103055953979,0.14985943585634,-0.019661583006382,1
-0.17742681503296,-0.21546752750874,0.028098188340664,1
-0.18997994065285,-0.11523165181279,-0.080759353935719,1
-0.11515998840332,-0.12132165208459,-0.058121405541897,1
0.0045134425163269,0.10814537853003,0.0029897764325142,1
0.0055960416793823,0.060647986829281,-0.014168038964272,1
-0.059647262096405,-0.078694680705667,0.0047997906804085,1
-0.13493832945824,-0.10797570645809,0.22224009782076,1
0.18852597475052,-0.22142016887665,0.055721394717693,1
0.080711722373962,0.12051775306463,0.0058896169066429,1
0.039933621883392,-0.11703719012439,-0.042738229036331,1
-0.13231921195984,0.0939826592803,-0.045542754232883,1
-0.16192817687988,0.10817252844572,-0.049838207662106,1
-0.086506992578506,-0.19680114835501,0.028662145137787,1
-0.024645805358887,0.25970437377691,0.11551363021135,1
-0.20034730434418,0.072522856295109,-0.01840753108263,1
-0.15370401740074,-0.030216708779335,0.018298767507076,1
-0.14079192280769,0.22457581013441,-0.0019185617566109,1
-0.091144055128098,-0.0016903877258301,-0.0072570964694023,1
-0.05254340171814,0.20090528577566,0.021252371370792,1
0.015922486782074,-0.28968957811594,0.056650005280972,1
-0.1785304248333,-0.055874023586512,0.089813195168972,1
-0.1512898504734,0.067971758544445,-0.051475256681442,1
-0.080409795045853,-0.021038524806499,-0.0050033256411552,1
0.094166100025177,0.096870489418507,0.021602556109428,1
0.037533044815063,0.09733534604311,-0.034275658428669,1
-0.047608435153961,-0.12579062022269,-0.052093766629696,1
0.094721615314484,-0.20707255601883,0.084880627691746,1
-0.032741189002991,0.18761875480413,0.012816302478313,1
-0.12195965647697,-0.0072588250041008,-0.057970963418484,1
-0.19538819789886,0.0074298083782196,-0.064925782382488,1
0.15379196405411,0.18182044476271,0.12259083241224,1
0.065417945384979,0.24801456183195,0.1666055098176,1
0.1041778922081,-0.16225588321686,-0.085732616484165,1
-0.17167985439301,-0.17543789744377,0.10686152428389,1
-0.079411834478378,0.11182824522257,-0.084543384611607,1
0.03706169128418,-0.09763218765147,-0.061673283576965,1
-0.12195855379105,-0.038596957921982,-0.0098908618092537,1
-0.064903497695923,0.12053304165602,0.028223820030689,1
-0.01515805721283,-0.28142318874598,0.064605332911015,1
-0.14537313580513,0.14926905184984,-0.022027187049389,1
0.096203327178955,0.20265989750624,-0.01216696947813,1
-0.16164794564247,-0.093480541370809,-0.051694333553314,1
0.072234988212585,-0.13262594491243,-0.070967324078083,1
-0.1692530810833,-0.11480401735753,0.042608372867107,1
-0.051838129758835,-0.093273160047829,-0.024972774088383,1
-0.11668580770493,-0.06229879707098,0.039228342473507,1
-0.071971774101257,-0.19951494038105,0.11282319575548,1
-0.16589146852493,0.052090995013714,0.053201906383038,1
-0.1870630979538,-0.052560914307833,-0.021579846739769,1
-0.14506834745407,0.11880361288786,-0.042384527623653,1
-0.11705860495567,-0.092802223283798,-0.064290247857571,1
0.11016643047333,0.27131211012602,-0.01156985014677,1
0.1381983757019,-0.26723987609148,-0.020351931452751,1
-0.051639437675476,0.19908141344786,0.09682858735323,1
-0.070226311683655,-0.14330073073506,0.056187987327576,1
0.028599560260773,0.21810000389814,0.062139101326466,1
-0.11439269781113,-0.11736839450896,0.029518567025661,1
-0.040184080600739,-0.09028047695756,0.0017401278018951,1
-0.060716688632965,-0.014804348349571,-0.045854240655899,1
-0.14386713504791,-0.19048427045345,-0.01410885900259,1
-0.012015640735626,-0.21644722670317,-0.0071038976311684,1
-0.05259382724762,0.088980190455914,0.015671573579311,1
-0.08585461974144,-0.044321618974209,0.029355950653553,1
-0.22962948679924,-0.10791558772326,0.099956773221493,1
0.041490614414215,-0.083098998293281,-0.019591115415096,1
0.094556748867035,-0.12762554176152,-0.063723176717758,1
-0.015052080154419,0.23795180767775,0.052724160254002,1
0.069745659828186,0.25048404186964,0.083815045654774,1
0.062540590763092,-0.22127739340067,0.10093147307634,1
-0.041901171207428,0.17241146415472,-0.095306038856506,1
0.12863206863403,-0.18015404045582,0.054122917354107,1
0.069266736507416,0.20439630001783,0.14529646188021,1
-0.11027407646179,0.12183708697557,0.0073375627398491,1
-0.099929243326187,0.055463291704655,-0.050713919103146,1
0.18022793531418,-0.18505720049143,0.12709390372038,1
-0.16698351502419,-0.058172076940536,-0.069048471748829,1
-0.11582610011101,-0.12306940928102,-0.03020554035902,1
-0.056291610002518,-0.15946191549301,-0.027261100709438,1
0.075122058391571,0.15155204385519,0.015856437385082,1
0.073680818080902,-0.27828038483858,-0.027173556387424,1
0.119160592556,0.15754538029432,-0.094379089772701,1
0.15901952981949,0.15454872697592,-0.097488142549992,1
-0.14378812909126,-0.16274136304855,-0.078769989311695,1
-0.094191133975983,0.050041861832142,0.012692160904408,1
-0.20571804046631,-0.11294618900865,-0.057324588298798,1
-0.13815888762474,-0.10928897000849,0.10488840192556,1
0.025218546390533,-0.097092082956806,0.023327693343163,1
-0.071415305137634,-0.043481942266226,-0.051209665834904,1
-0.19830501079559,0.057838581502438,0.13872947543859,1
0.096119582653046,0.24026822298765,0.02478302270174,1
-0.15290966629982,-0.1061488930136,-0.089962162077427,1
-0.0073898434638977,0.23184406012297,0.07346273213625,1
-0.062753051519394,-0.074276756495237,-0.036658085882664,1
-0.22968035936356,0.0070982351899147,0.089062713086605,1
-0.058448046445847,-0.05674109607935,0.012179009616375,1
-0.066909074783325,-0.19611485302448,-0.064171649515629,1
0.1157066822052,0.12637039273977,-0.066665358841419,1
-0.20963203907013,0.087365426123142,0.10783364623785,1
0.035517334938049,0.13512647897005,0.02145940810442,1
-0.1513637304306,0.049658425152302,-0.079597972333431,1
-0.079423993825912,-0.16276946663857,0.043243065476418,1
-0.061798512935638,0.25672646611929,-0.0066751316189766,1
-0.14448934793472,-0.051467280834913,-0.099015556275845,1
0.026546597480774,0.27063613384962,-0.036787621676922,1
0.19446760416031,0.19786944240332,-0.041740216314793,1
0.01522570848465,-0.24907725304365,0.11428403109312,1
-0.11226251721382,-0.00015094876289368,0.025032080709934,1
-0.10297772288322,0.22676410526037,0.019890010356903,1
0.1347216963768,-0.16333786398172,0.21670336276293,1
0.02683013677597,-0.11074376292527,0.0023418292403221,1
0.0097020864486694,-0.051211602985859,0.0032674893736839,1
-0.045558452606201,0.040962494909763,-0.00083660334348679,1
0.077945232391357,-0.05426687002182,0.0042929723858833,1
0.074042499065399,0.20163419097662,0.21010643988848,1
0.033866107463837,-0.21341724693775,-0.015711389482021,1
-0.11254876852036,0.09007615596056,0.04607867449522,1
0.14168483018875,-0.22041862457991,0.051856644451618,1
-0.15274658799171,0.18093048781157,-0.07054952532053,0
-0.081388860940933,-0.18939289450645,0.11874005943537,1
0.088307559490204,0.11868863552809,-0.037260197103024,1
-0.16220393776894,-0.0072313621640205,0.063847817480564,1
0.15765380859375,0.19716500490904,-0.07614341378212,1
-0.019891798496246,-0.17622663080692,-0.059034757316113,1
0.047729730606079,-0.14443896710873,0.036180101335049,1
0.074085175991058,-0.077949455007911,-0.049851424992085,1
0.015422940254211,-0.12472960725427,-0.076558873057365,1
0.081076085567474,0.24604218453169,0.16717804223299,1
-0.027563035488129,-0.23543680459261,0.15463779121637,1
0.053803622722626,0.25834815949202,0.033456027507782,1
-0.1585898399353,-0.11430762521923,0.087365321815014,1
-0.067891508340836,-0.046218506991863,0.0079616829752922,1
0.044859111309052,0.18577512353659,-0.043231919407845,1
-0.060769319534302,0.23414935916662,0.16317618638277,1
0.13519680500031,-0.21045020222664,0.15186674147844,1
-0.16724878549576,-0.066020518541336,-0.024573683738708,1
-0.2292672097683,0.066526331007481,0.073185466229916,1
0.063984453678131,-0.074597734957933,0.018655814230442,1
0.12046498060226,0.10597809404135,-0.049935184419155,1
-0.091164439916611,-0.063911776989698,0.006494514644146,1
-0.15604782104492,-0.11039416305721,0.13218042999506,1
0.088077008724213,-0.12027640081942,0.028659269213676,1
0.051582813262939,-0.062516994774342,0.0048618614673615,1
-0.23868718743324,-0.1279083378613,-0.0061051025986671,1
0.053864717483521,-0.099536633177195,0.022785343229771,1
-0.18832889199257,0.10646716505289,0.14219947904348,1
0.15954446792603,0.20770304650068,0.12494341284037,1
0.12728410959244,0.2098907455802,0.044193007051945,1
-0.071873009204865,-0.002356544137001,-0.025168359279633,1
0.0067363977432251,0.11906888335943,-0.035143680870533,1
-0.067844301462173,-0.024217627942562,-0.048702597618103,1
-0.14847001433372,-0.040553130209446,-0.0023698285222054,1
0.063344895839691,-0.16767379641533,-0.082033209502697,1
-0.085877329111099,0.024156056344509,0.012546099722385,1
-0.1663581430912,-0.12096852436662,0.12624079734087,1
0.062498986721039,-0.13433380424976,-0.038379944860935,1
-0.02566397190094,0.081491969525814,-0.033350177109241,1
-0.1496025621891,-0.16088486090302,0.0084988996386528,1
-0.031131207942963,-0.085324946790934,-0.027807101607323,1
-0.090294986963272,-0.1878155618906,-0.039682999253273,1
-0.12371915578842,-0.16798252612352,-0.015884913504124,1
-0.16937848925591,-0.031065583229065,0.074349038302898,1
0.11824095249176,0.17583116143942,-0.04377843439579,1
-0.1002482175827,0.13278030604124,-0.0015062764286995,1
-0.1642093360424,0.073170326650143,0.027154840528965,1
-0.10543859004974,0.066637270152569,-0.087992385029793,1
-0.065711915493011,0.15541168302298,-0.021207623183727,1
0.018363893032074,0.097483448684216,-0.047616936266422,1
-0.051274538040161,0.085887767374516,-0.0098751112818718,1
-0.10011640191078,-0.048339489847422,0.034030072391033,1
-0.065049648284912,0.032569713890553,-0.0013506188988686,1
0.036608815193176,-0.23226002603769,0.15792117267847,1
0.21065878868103,-0.21553706377745,0.067616052925587,1
0.052194654941559,-0.16420193761587,0.054105132818222,1
-0.26543039083481,-0.01524505764246,0.054435513913631,1
-0.0070362091064453,-0.24036853760481,0.06094803661108,1
0.0014905333518982,0.11781642585993,-0.0089024975895882,1
-0.16770440340042,-0.028043411672115,-0.052948139607906,1
-0.13636675477028,-0.10525797354057,-0.081161446869373,1
-0.080673187971115,0.15924232453108,0.00052929669618607,1
-0.14130651950836,0.1271710768342,0.055520750582218,1
-0.079006731510162,-0.029452607035637,-0.030148766934872,1
-0.10311073064804,-0.19088313728571,0.0039643719792366,1
-0.14185220003128,-0.16005022823811,0.038589276373386,1
0.097568452358246,-0.26580283790827,0.10287825018167,1
-0.065707504749298,0.11947902292013,0.048329718410969,1
-0.06500905752182,0.1093669757247,-0.071417309343815,1
-0.12303870916367,-0.011126130819321,0.028511665761471,1
0.13664823770523,-0.21211715042591,0.17490924149752,1
-0.032528460025787,0.017673537135124,-0.010745577514172,1
-0.18196940422058,-0.066190537065268,0.068655841052532,1
-0.0082367658615112,0.061281524598598,-0.015110954642296,1
-0.074366807937622,0.19191571325064,0.045694552361965,1
-0.009890615940094,0.24956729263067,0.16055966168642,1
-0.076425284147263,0.047210536897182,-0.0041226968169212,1
-0.018853366374969,-0.06155351549387,-0.024286776781082,1
-0.23117941617966,0.0035225450992584,-0.018937475979328,1
-0.055575579404831,-0.13806738331914,0.0018095299601555,1
0.050432622432709,-0.11740091443062,0.024367108941078,1
-0.11102959513664,-0.10196261340752,-0.049409247934818,1
-0.092350721359253,-0.018331401050091,-0.023137092590332,1
0.066285908222198,-0.1184442024678,-0.037872456014156,1
1.5616416931152e-05,0.061283029615879,-0.0015554130077362,1
0.071218550205231,-0.17250026762486,0.021776907145977,1
-0.15889132022858,0.17128827422857,-0.013466648757458,1
-0.042229890823364,0.048646189272404,-0.046748124063015,1
0.0031954050064087,-0.08627332188189,0.002226710319519,1
-0.015101373195648,0.2511490508914,-0.045986674726009,1
0.03071528673172,0.13404283672571,-0.056335546076298,1
-0.096678525209427,0.14648138731718,-0.082878746092319,0
0.055229902267456,0.22410091012716,0.025448702275753,1
-0.24770712852478,0.11026192456484,0.012088038027287,1
0.038079798221588,-0.15819616988301,-0.076401315629482,1
-0.053344786167145,-0.050778768956661,0.0063487067818642,1
0.12058907747269,-0.10230994783342,0.026035211980343,1
-0.13506257534027,0.18726410716772,-0.072899453341961,0
-0.072172284126282,0.19454994052649,0.10873682051897,1
-0.0086804628372192,0.162328325212,-0.068563021719456,1
-0.14485758543015,-0.15621238574386,-0.055237479507923,1
-0.036515891551971,-0.10686354897916,-0.031074777245522,1
0.011149823665619,-0.19517617672682,0.045770980417728,1
-0.12965399026871,0.013935297727585,-0.050173781812191,1
-0.20724394917488,0.1358931735158,-0.01952201873064,1
-0.024642169475555,0.17614533752203,0.047889210283756,1
-0.013550400733948,-0.27705156058073,0.046257942914963,1
-0.11141201853752,0.11759155243635,-0.020140744745731,1
-0.2108211517334,0.088388793170452,0.020179741084576,1
-0.022188782691956,0.093339793384075,-0.029582656919956,1
-0.18767130374908,0.13371012359858,0.026037000119686,1
-0.20867472887039,0.09558329731226,0.075863175094128,1
0.0017593502998352,0.17500009387732,-0.02136293053627,1
-0.17097049951553,-0.015840850770473,-0.029423974454403,1
0.023690640926361,0.10761976987123,1.6748905181885e-05,1
0.058813333511353,-0.28218618780375,0.038132607936859,1
0.12679225206375,0.11767285317183,0.018894456326962,1
0.035941362380981,0.070882268249989,0.0045664235949516,1
-0.24910750985146,0.044919334352016,0.049703516066074,1
0.092390298843384,0.20361622422934,-0.05958878993988,1
-0.17733690142632,0.083553396165371,0.057131551206112,1
-0.052948832511902,0.014751948416233,0.00065460056066513,1
0.069568157196045,0.2247658893466,0.064923636615276,1
-0.030907809734344,0.077021710574627,-0.04580319672823,1
-0.16083514690399,-0.11952069215477,0.04964541643858,1
-0.11363923549652,0.18740626424551,0.024638019502163,1
0.04243677854538,-0.21197540313005,0.059183739125729,1
0.041156470775604,-0.28163055330515,-0.043410651385784,1
-0.093340933322906,-0.14411126822233,-0.068795211613178,1
-0.038868546485901,0.03208676725626,-0.0023197159171104,1
-0.15027049183846,-0.16238522902131,0.13374901562929,1
-0.017361164093018,0.17463769763708,-0.035340614616871,1
0.17421764135361,0.17746200412512,-0.034496381878853,1
-0.033071994781494,-0.038012340664864,0.0022005960345268,1
0.065702557563782,0.079734526574612,-0.036513917148113,1
0.16018229722977,0.15360280126333,0.17559316009283,1
-0.019194185733795,-0.075392665341496,0.015146940946579,1
-0.01405268907547,0.12480216473341,-0.065361365675926,1
0.082000553607941,-0.18374051898718,-0.02369436621666,1
-0.090912908315659,-0.020464085042477,3.2000243663788e-05,1
-0.11782455444336,-0.19896189123392,-0.0068592354655266,1
0.0762819647789,-0.16990727186203,-0.021683588624001,1
-0.11020511388779,0.025362722575665,-0.012203432619572,1
0.12543302774429,-0.192996352911,-0.03201574832201,1
0.11234670877457,-0.2111609429121,-0.096496358513832,1
0.0049456357955933,-0.26138267666101,0.12802518159151,1
-0.074366807937622,0.055425591766834,0.0014564469456673,1
0.12483704090118,0.13741635531187,-0.027505822479725,1
-0.073813259601593,-0.034519329667091,-0.033834412693977,1
-0.035332858562469,-0.015711575746536,-0.016229502856731,1
-0.23540571331978,0.014099605381489,0.091712556779385,1
-0.17377319931984,0.0084683373570442,0.059351392090321,1
-0.061075657606125,0.062845803797245,0.0062738880515099,1
0.098897337913513,-0.21758864074945,-0.057752922177315,1
-0.09028822183609,0.10465358942747,-0.010766617953777,1
-0.048146188259125,-0.10658740112558,0.010607600212097,1
0.062984228134155,-0.16301464289427,0.021873936057091,1
0.10054957866669,0.16858183592558,0.021105289459229,1
-0.22863018512726,0.072762869298458,-0.046467155218124,1
0.10549914836884,-0.19954664260149,-0.0036360621452332,1
-0.09240847826004,0.13319800049067,-0.024856500327587,1
0.024952232837677,-0.076995378360152,0.011701442301273,1
-0.064988702535629,-0.17627872526646,0.20904321223497,1
-0.096163988113403,0.058850668370724,0.0063036605715752,1
0.047407329082489,-0.086244481615722,-0.0061025172472,1
-0.053449064493179,-0.25938908010721,-0.023541510105133,1
0.0019299983978271,0.15558447688818,0.025537140667439,1
-0.046880006790161,0.21245815604925,0.019749470055103,1
-0.20311626791954,0.0023669302463531,0.058276526629925,1
0.099426031112671,0.20176409929991,0.085574515163898,1
-0.031329870223999,0.20980634540319,0.11723535507917,1
0.010296285152435,-0.20122942328453,-0.081499181687832,1
-0.096321254968643,-0.085100871510804,-0.01974930614233,1
-0.025827825069427,-0.076912667602301,0.021701134741306,1
-0.028136372566223,-0.19758943468332,0.067282289266586,1
-0.090534895658493,0.079743601381779,0.012503929436207,1
0.077596783638,0.2064319178462,-0.061184793710709,1
-0.14562854170799,0.17185535281897,-0.015525855123997,1
0.074528515338898,-0.118398796767,-0.032525241374969,1
-0.037786781787872,-0.16913148760796,0.040083333849907,1
0.039434373378754,0.20430948585272,-0.024960063397884,1
-0.022904932498932,-0.089982464909554,0.015376150608063,1
-0.068322062492371,0.27439435571432,0.028157584369183,1
-0.09128537774086,-0.026431396603584,-0.044530786573887,1
0.084175050258636,0.24159287661314,-0.039229303598404,1
0.13235610723495,0.18727665394545,-0.056494802236557,1
-0.048455536365509,0.18842258304358,0.076104082167149,1
-0.091360181570053,-0.21602649986744,0.10650519281626,1
-0.16834881901741,0.13525358587503,-0.0022049471735954,1
-0.15131416916847,-0.087089815177023,0.1139816865325,1
-0.057179152965546,0.022402599453926,0.01144165545702,1
-0.20561945438385,0.099138952791691,0.064209036529064,1
-0.023889422416687,0.1114419773221,-0.037273287773132,1
-0.010476768016815,0.069574452936649,-0.03930302709341,1
-0.083211034536362,-0.10642461804673,-0.0047943070530891,1
-0.17396393418312,0.076513074338436,0.0034916773438454,1
-0.095221132040024,-0.15084022656083,-0.066693551838398,1
0.026688158512115,-0.15621236339211,-0.023455679416656,1
-0.0077923536300659,0.14807856827974,-0.015251748263836,1
-0.098814696073532,-0.16482065618038,0.10976655036211,1
-0.13306269049644,0.19135721772909,-0.063415862619877,0
-0.22142317891121,0.043920524418354,0.07688195258379,1
-0.037231862545013,-0.24203858524561,-0.059290789067745,1
-0.16384708881378,-0.13976227119565,0.14077969640493,1
-0.12580725550652,-0.17921280860901,0.074324943125248,1
-0.11301812529564,-0.15251009911299,0.20510698109865,1
0.015552222728729,-0.068372186273336,-0.026513412594795,1
0.016057670116425,0.13817179948092,0.041027501225471,1
-0.033798635005951,0.049181886017323,0.0070977881550789,1
0.054886639118195,0.20424904674292,0.097312100231647,1
-0.097646355628967,0.21531026810408,0.07921651750803,1
0.042471468448639,-0.051210440695286,0.0013934075832367,1
0.025422990322113,0.20074649900198,-0.052626274526119,1
-0.082808077335358,-0.23356590420008,0.094885967671871,1
-0.18014997243881,-0.16260354220867,0.14834757894278,1
-0.034391582012177,0.038478456437588,0.00023887306451797,1
-0.10978049039841,-0.038553286343813,-0.088920693844557,1
0.0031986832618713,-0.1766709163785,-0.0044412091374397,1
0.055146634578705,-0.11941806040704,-0.074844911694527,1
-0.0036690831184387,0.26086270064116,-0.080137364566326,1
-0.19485199451447,0.075291119515896,0.011983759701252,1
0.10151082277298,-0.21253972500563,-0.012621141970158,1
-0.04686164855957,-0.18113067746162,0.010578267276287,1
0.084675788879395,-0.065705839544535,0.020004458725452,1
-0.043845236301422,0.16486480087042,-0.014954008162022,1
-0.11330831050873,0.024009183049202,-0.038509674370289,1
-0.025792121887207,0.087413884699345,-0.039012879133224,1
0.070727407932281,-0.17532348632812,-0.040041565895081,1
-0.14046368002892,-0.15192243084311,0.043660469353199,1
0.12053710222244,-0.15175403282046,-0.0077330097556114,1
0.062507271766663,0.23692186921835,0.089807011187077,1
-0.1648576259613,0.16559221595526,0.09591368585825,1
-0.12359803915024,0.072956509888172,0.030310980975628,1
-0.19851124286652,0.10601112991571,-0.022186197340488,1
0.11516296863556,0.092340670526028,0.025330699980259,1
0.019221007823944,-0.19892366975546,0.018194615840912,1
-0.080410987138748,0.10669710487127,-0.089656360447407,1
-0.0021249651908875,0.058411218225956,-0.0047323554754257,1
0.07161009311676,0.14286852627993,-0.020430736243725,1
-0.083100080490112,0.0064318776130676,0.027563832700253,1
0.11770057678223,0.25780852884054,-0.0080866143107414,1
0.15801602602005,-0.17507197707891,0.18082182854414,1
-0.14470255374908,0.14349358528852,0.019710801541805,1
-0.10175490379333,0.13356287032366,0.087546609342098,1
-0.14123305678368,-0.076459875330329,0.061977498233318,1
0.028037905693054,-0.22224040329456,0.12778425961733,1
0.12218797206879,0.18083902448416,0.11318189650774,1
-0.12444871664047,-0.080165175721049,-0.05906668305397,1
-0.095929235219955,0.13135615736246,0.052522130310535,1
-0.20999649167061,0.0754040107131,-0.054047055542469,1
0.052427709102631,-0.06756354495883,-0.023174703121185,1
-0.040688931941986,-0.047011308372021,0.014035873115063,1
0.090092241764069,-0.092825381085277,-0.050514377653599,1
-0.050201743841171,0.21015258878469,-0.039129555225372,1
-0.20693284273148,0.10152915865183,0.061932645738125,1
-0.18634286522865,0.14117462188005,0.036137662827969,1
-0.1140124797821,0.15935351699591,-0.04492399841547,0
-0.10278305411339,0.1502171382308,0.1199754551053,1
-0.097948849201202,-0.057781498879194,-0.06037600338459,1
0.016955256462097,-0.2023846283555,-0.079682074487209,1
-0.13366007804871,0.14121650904417,-0.048564873635769,0
-0.056022465229034,-0.2374838963151,0.01822268217802,1
-0.10323482751846,0.035046942532063,-0.061129823327065,1
-0.076781719923019,0.15382578223944,-0.078509755432606,0
0.20811748504639,0.22062011808157,0.025948502123356,1
0.2248033285141,0.20185901969671,0.0019196942448616,1
-0.067141979932785,-0.043779492378235,-0.018916554749012,1
-0.19548654556274,0.10113603621721,-0.089165426790714,1
0.041767537593842,-0.062944293022156,0.0053378716111183,1
0.010259926319122,-0.084949102252722,-0.040466345846653,1
0.060118496417999,0.10718309134245,-0.0012142807245255,1
-0.020946264266968,-0.042641721665859,-0.00045778602361679,1
0.13817471265793,-0.12254214845598,-0.019942827522755,1
0.13879364728928,-0.21123582869768,0.18186081200838,1
0.15586745738983,0.21472709625959,0.14396519213915,1
0.15056496858597,0.17548071593046,0.1413201764226,1
-0.11220887303352,-0.036687813699245,-0.0062721893191338,1
0.0043233633041382,0.21936526149511,-0.050136424601078,1
0.14388853311539,-0.21922013908625,-0.040363110601902,1
-0.012955546379089,0.15214069932699,0.029227264225483,1
-0.085905075073242,-0.25557591766119,-0.040881060063839,1
0.097233712673187,0.17706402391195,-8.5443258285522e-05,1
0.16439950466156,0.17413415759802,-0.082450605928898,1
-0.0089393854141235,-0.18614006787539,0.00082825869321823,1
-0.071735382080078,-0.011034868657589,-0.030304588377476,1
-0.091128647327423,0.11258379369974,0.020858325064182,1
0.027721703052521,0.20989014953375,0.0049529224634171,1
0.046336948871613,-0.067145977169275,-0.028262861073017,1
-0.14610183238983,0.2223156914115,0.10510624200106,1
-0.028263688087463,0.058505050837994,-0.0034584328532219,1
-0.025770962238312,-0.11206393316388,-0.019091345369816,1
-0.25929883122444,-0.013202451169491,0.079128049314022,1
0.041283786296844,0.25452756136656,0.1389127150178,1
-0.050800740718842,0.088771142065525,-0.023433648049831,1
-0.095428258180618,-0.19301706552505,0.11491408199072,1
-0.11596459150314,0.2233264669776,0.039094649255276,1
0.0078071355819702,-0.18748341500759,0.080587960779667,1
0.042930662631989,0.11280111223459,-0.0010976865887642,1
-0.17950046062469,-0.11894069984555,0.13109625130892,1
0.18115693330765,0.15688046067953,0.019979767501354,1
-0.13906073570251,0.20153983682394,0.04340385645628,1
-0.21724858880043,-0.11530551873147,0.1215645596385,1
-0.18871408700943,0.10731335729361,0.088860504329205,1
-0.21758472919464,0.10631500929594,-0.079816289246082,1
0.10564690828323,0.18549825996161,-0.065043434500694,1
-0.050096064805984,-0.0166380032897,-0.027354158461094,1
-0.061965763568878,-0.22431724518538,0.15879393368959,1
-0.12856528162956,0.15121694654226,0.077163390815258,1
-0.13756760954857,0.20757725089788,-0.048481963574886,0
0.02155339717865,-0.12054097652435,-5.4411590099335e-05,1
0.051304697990417,-0.21825161576271,0.015654407441616,1
-0.071701318025589,-0.23926014453173,0.016729407012463,1
0.086057007312775,-0.15721810609102,-0.010325290262699,1
0.13405042886734,0.12819842249155,-0.0024177506566048,1
0.11367124319077,0.18067552894354,0.050075337290764,1
0.1209551692009,0.11606856435537,0.051605105400085,1
-0.061621010303497,-0.19926589727402,0.19127833098173,1
-0.051973044872284,-0.20066202431917,0.16726995259523,1
-0.18961524963379,0.12446819990873,-0.017248399555683,1
-0.046899855136871,0.1402081027627,-0.088494308292866,1
-0.10046112537384,0.0061745047569275,-0.015775598585606,1
-0.0069509744644165,0.2131906375289,0.17617983371019,1
-0.059396803379059,0.20048495382071,-0.089449554681778,1
-0.15199336409569,-0.1243229676038,0.021456710994244,1
-0.13483157753944,0.036144904792309,0.049784354865551,1
0.018340289592743,-0.1463442184031,-0.043115258216858,1
0.088920533657074,-0.263213314116,0.13261277228594,1
-0.043949544429779,-0.23534158617258,-0.0085270628333092,1
-0.033958375453949,-0.038731589913368,-0.016863100230694,1
-0.17124110460281,0.11412293463945,0.011430583894253,1
-0.10458824038506,0.0037591531872749,-0.0038628056645393,1
-0.022091925144196,-0.20393190532923,-0.0069407075643539,1
0.1245334148407,-0.10070567857474,0.019555397331715,1
-0.15943455696106,-0.1717354953289,-0.041367433965206,1
-0.087474346160889,-0.031671769917011,-0.057550862431526,1
0.013341963291168,-0.23754002898932,-0.042237088084221,1
0.030630528926849,-0.079114573076367,0.0027770847082138,1
0.026803195476532,-0.14864870905876,-0.0090923830866814,1
-0.041503965854645,0.01738391071558,-0.0058482065796852,1
0.16310346126556,0.15435972064734,0.1308014318347,1
-0.063249349594116,0.21396645158529,0.18130175024271,1
0.14294338226318,0.19153963774443,0.10283503681421,1
0.066652119159698,0.051114849746227,-0.0064313560724258,1
-0.046765863895416,-0.12219158746302,-0.072078749537468,1
0.077558219432831,0.27451502531767,-0.045373894274235,1
-0.1399684548378,-0.16197934374213,0.09915242344141,1
-0.025675356388092,-0.16801950335503,0.028189174830914,1
0.19444161653519,0.20755442231894,0.12331832200289,1
-0.037458658218384,0.071767143905163,-0.028793998062611,1
-0.089583188295364,0.13885065168142,-0.061988808214664,1
0.1939400434494,0.17672406882048,-0.051502414047718,1
0.10466188192368,-0.21272370964289,-0.038280583918095,1
-0.090624749660492,0.18747510761023,0.17463869601488,1
0.14832109212875,0.20343282073736,0.055222161114216,1
-0.10424396395683,-0.068779617547989,-0.042878620326519,1
0.039647340774536,-0.11283785291016,0.017462603747845,1
0.017066061496735,0.10639033466578,0.017517983913422,1
-0.19953066110611,0.011493399739265,-0.082502454519272,1
-0.022804141044617,0.25130378454924,-0.049918636679649,1
0.083760976791382,0.14820959419012,-0.064686425030231,1
-0.095894008874893,0.21496164053679,0.10336139053106,1
0.074447751045227,-0.10966715868562,-0.074189580976963,1
0.03626948595047,-0.20584263652563,-0.091018740087748,1
-0.058972388505936,0.16487395018339,0.0065232589840889,1
-0.10067251324654,-0.13532857969403,0.08470381051302,1
-0.13610282540321,-0.00054924935102463,-0.025874443352222,1
0.068045377731323,0.075299955904484,-0.040313363075256,1
0.16736513376236,0.22784154862165,-0.07872661948204,1
-0.11246356368065,-0.15891728922725,-0.052425846457481,1
0.050955355167389,0.24963545054197,0.011842049658298,1
0.072436988353729,-0.22942485660315,0.16927110403776,1
0.11901944875717,-0.16889050602913,0.006986029446125,1
0.10318100452423,0.0787258669734,-0.046657152473927,1
0.06124871969223,0.12993734329939,-0.070508286356926,1
0.12091761827469,-0.13652236387134,-0.0055080726742744,1
0.11687523126602,0.13640760630369,0.015552312135696,1
-0.060465484857559,-0.11479700077325,0.014433860778809,1
0.063805758953094,-0.27136095613241,0.10195834189653,1
-0.03217089176178,0.2268687710166,0.1804459169507,1
0.018331170082092,-0.073284285143018,-0.012993939220905,1
-0.013696372509003,0.28543951362371,0.052820488810539,1
0.01997971534729,0.28019913285971,0.0076357796788216,1
-0.068349599838257,0.041101433336735,-0.029757864773273,1
-0.17496111989021,0.20586629956961,0.016004480421543,1
-0.14776620268822,0.16398449987173,0.033063851296902,1
-0.085300207138062,-0.02363084256649,0.025562234222889,1
0.054979383945465,-0.20369204878807,-0.090142648667097,1
-0.22103184461594,-0.065132617950439,-0.004034511744976,1
-0.16954171657562,0.17999627441168,-0.025807283818722,1
0.13884514570236,0.18409373611212,0.1491434648633,1
-0.21152806282043,-0.047255378216505,0.06113014370203,1
-0.09167417883873,-0.16169800981879,-0.00078848749399185,1
-0.046909868717194,0.10052833706141,0.017904572188854,1
0.015936017036438,-0.097207002574578,-0.010414078831673,1
-0.1524156332016,0.093822740018368,-0.016936473548412,1
-0.035699725151062,-0.066418416798115,0.011819563806057,1
0.12925112247467,0.22580169886351,0.081438936293125,1
-0.23904266953468,-0.057767558842897,-0.021037645637989,1
0.11439782381058,-0.23293397575617,0.16466570645571,1
0.099080204963684,-0.16010492667556,0.038001120090485,1
-0.11416953802109,0.024883516132832,0.0048447623848915,1
0.0124471783638,0.24200623482466,0.09417187422514,1
-0.046454906463623,0.14199430495501,-0.09060014039278,1
-0.092016577720642,0.11588611453772,-0.034032262861729,1
0.17877322435379,-0.19950469583273,0.10718657821417,1
0.079793035984039,-0.21733167767525,0.084400497376919,1
-0.050465226173401,0.15903248637915,-0.072248734533787,1
0.12823981046677,-0.22081346064806,-0.081908866763115,1
0.13022381067276,0.19362782686949,-0.034060522913933,1
-0.053339540958405,-0.065155543386936,0.0042596682906151,1
-0.1125103533268,-0.20501625537872,0.08634565025568,1
-0.060651689767838,-0.20719196647406,0.19720763713121,1
0.09370368719101,0.14992498606443,0.060979552567005,1
-0.11878904700279,0.18605401366949,0.031378097832203,1
-0.047523140907288,-0.032915592193604,0.0086792632937431,1
0.15791219472885,-0.13517068326473,-0.021030329167843,1
-0.12436544895172,0.21543606370687,-0.022735856473446,0
-0.060112565755844,-0.033136531710625,-0.050689719617367,1
-0.099164992570877,-0.012264683842659,0.019512943923473,1
-0.034207463264465,0.047104127705097,0.010802157223225,1
0.019188284873962,0.20743893831968,0.11239097267389,1
0.088465392589569,-0.15949401631951,0.07283977419138,1
-0.12777650356293,0.18556489795446,0.091383703052998,1
0.12243247032166,-0.15272295847535,0.05524504929781,1
0.0089434385299683,-0.19003524631262,-0.0071618631482124,1
-0.170982837677,0.14488760381937,-0.061515741050243,1
-0.0022039413452148,0.15300085395575,0.026261791586876,1
0.13925558328629,-0.20755779743195,0.0080409273505211,1
0.096278071403503,0.090700291097164,0.0066813826560974,1
0.069111526012421,-0.16181441396475,0.0061009526252747,1
-0.0056714415550232,-0.063060626387596,-0.025908932089806,1
-0.14676788449287,0.097893707454205,0.046065934002399,1
-0.12514847517014,0.011977888643742,0.003521241247654,1
-0.021489500999451,-0.095862975809723,-0.021701723337173,1
0.075909554958344,0.20395465940237,-0.0081554055213928,1
-0.073994398117065,-0.25656381994486,0.00071882456541061,1
-0.088956236839294,0.16375600546598,0.0062272474169731,1
-0.10419663786888,-0.14585037529469,-0.084893323481083,1
-0.0088388323783875,0.26675855368376,-0.042682133615017,1
-0.10661894083023,0.021205291152,0.010181196033955,1
0.065935909748077,0.15649404376745,0.051796063780785,1
-0.096707284450531,-0.001905158162117,-0.078621618449688,1
-0.052928954362869,-0.14472344890237,0.033046118915081,1
0.041193306446075,-0.093143191654235,-0.050474800169468,1
-0.20377725362778,0.0031653344631195,-0.014367334544659,1
-0.048014879226685,0.21061121672392,0.19456005841494,1
-0.016848862171173,-0.19996001571417,-0.00040785223245621,1
0.042589962482452,0.08932014554739,0.012053295969963,1
-0.056934267282486,-0.080263413488865,-0.011617250740528,1
-0.23638552427292,0.033600725233555,0.0044013634324074,1
0.072094976902008,-0.19189272075891,0.12380791455507,1
0.011710524559021,0.28959696739912,0.060207411646843,1
0.053835928440094,-0.21984566003084,0.098686970770359,1
-0.15893232822418,0.1076460108161,-0.023422844707966,1
-0.062089443206787,0.04140580445528,-0.014738090336323,1
-0.047507405281067,-0.20639760792255,-0.094042167067528,1
0.057651937007904,-0.24807367473841,-0.011897705495358,1
-0.0070591568946838,-0.2557182982564,0.11074159294367,1
0.047174632549286,-0.24716017395258,0.15310666710138,1
-0.14283937215805,0.23114826530218,0.024567164480686,1
-0.14015829563141,-0.17960385233164,-0.063150130212307,1
0.068050801753998,-0.046687982976437,-0.0031323060393333,1
-0.062399446964264,-0.096177161671221,-0.044329382479191,1
0.16159242391586,-0.17877962440252,0.036270491778851,1
0.059204399585724,0.25670304149389,-0.041581943631172,1
0.034968078136444,0.093503080308437,0.019646532833576,1
-0.040853917598724,-0.032549872994423,-0.0094018056988716,1
-0.12382090091705,0.11746170371771,-0.032247193157673,1
0.044729292392731,-0.10210249084048,0.018284238874912,1
0.027715623378754,-0.15906074643135,-0.021650947630405,1
-0.20976883172989,-0.034778922796249,-0.049593143165112,1
-0.1302062869072,-0.078999988734722,-0.057082913815975,1
0.052979528903961,-0.089632791467011,0.0020651742815971,1
0.096200168132782,-0.2290081307292,0.17066202312708,1
0.070089876651764,-0.25555641204119,-0.020715557038784,1
0.033558309078217,-0.14851783588529,-0.043284513056278,1
-0.01737642288208,0.16627319902182,-0.0059908404946327,1
0.017513751983643,0.22468378394842,-0.023525334894657,1
-0.013983249664307,0.04758282750845,-0.002933643758297,1
0.0026503205299377,0.27663394063711,-0.0074580907821655,1
-0.046911537647247,-0.22960526496172,0.0096452012658119,1
0.075864732265472,-0.16675973683596,0.019773215055466,1
-0.047955572605133,0.049958027899265,-0.032102577388287,1
0.046326220035553,0.21878354996443,0.15883851796389,1
0.1289998292923,-0.2493189945817,0.052629761397839,1
-0.08855989575386,-0.066268857568502,-0.012493290007114,1
-0.080002218484879,0.15769156068563,0.088504336774349,1
0.11374169588089,-0.12540331296623,-0.087449289858341,1
-0.10724318027496,0.010595582425594,0.0078859999775887,1
-0.021278560161591,-0.068602085113525,0.016217902302742,1
-0.044166564941406,-0.035029709339142,0.0038776323199272,1
-0.1917961537838,-0.11684513837099,0.031465701758862,1
0.16875046491623,0.20745130628347,-0.020342528820038,1
-0.061421602964401,-0.15143303573132,-0.033811010420322,1
0.055628538131714,-0.20692560821772,0.11270017176867,1
-0.1753591299057,0.122857876122,0.14703153818846,1
-0.046466588973999,-0.15413495153189,-0.066203579306602,1
0.047243475914001,0.13471009582281,-0.0052177906036377,1
-0.021775424480438,-0.11225217860192,0.012949042022228,1
-0.04346764087677,0.035778738558292,-0.016352973878384,1
0.052163541316986,0.23598074167967,-0.090020876377821,1
-0.017655670642853,-0.17204764485359,-0.027470424771309,1
0.071783602237701,-0.080706849694252,-0.055995248258114,1
-0.10997301340103,0.012719579041004,-0.01253392547369,1
0.062446773052216,-0.24779150635004,-0.084252819418907,1
-0.18057116866112,-0.098445400130004,0.0073486045002937,1
0.040174663066864,-0.25026450306177,-0.041393645107746,1
-0.1672415137291,-0.20389318466187,0.10639145225286,1
-0.16782251000404,-0.12980310805142,0.11775796860456,1
-0.010617017745972,0.041465945541859,0.0021083578467369,1
0.06755393743515,-0.25879315286875,0.04150902479887,1
-0.10795068740845,0.023591086268425,0.012836895883083,1
-0.0090457201004028,0.21955823153257,-0.00069656223058701,1
0.11084175109863,-0.098194671445526,0.019227482378483,1
-0.10436105728149,0.03278025239706,-0.015355594456196,1
-0.17290011048317,-0.18497701734304,-0.074814297258854,1
-0.16829657554626,-0.0085781142115593,-0.014592014253139,1
-0.15967157483101,-0.17439936846495,0.12904012948275,1
0.067696750164032,-0.25435260683298,0.061270274221897,1
-0.12254121899605,0.00089021027088165,0.00033158808946609,1
-0.22464048862457,-0.082084462046623,0.033532239496708,1
0.11586916446686,0.18112596124411,-0.085960268974304,1
0.060750603675842,-0.17759069800377,0.017599321901798,1
0.087190210819244,-0.099341085762717,0.016057439148426,1
0.11845368146896,-0.18743303418159,0.029008485376835,1
-0.012554049491882,0.058685354888439,-0.030701003968716,1
-0.13767117261887,-0.16705866903067,-0.037249736487865,1
-0.068415880203247,0.083742581307888,-0.059583805501461,1
-0.1222657263279,-0.0020429790019989,0.026238314807415,1
-0.094638466835022,0.064849190413952,-0.051327116787434,1
-0.070121854543686,0.169876717031,0.0009320080280304,1
0.067134022712708,-0.17779356241226,0.015691205859184,1
0.08713299036026,-0.23177952319384,-0.04932440072298,1
-0.16444969177246,-0.10409832000732,-0.049159653484821,1
-0.099485903978348,0.10673645883799,-0.0065086558461189,1
0.098582804203033,0.23737993091345,0.082126013934612,1
-0.012073874473572,-0.075905989855528,-0.041543453931808,1
0.027513980865479,0.21624272316694,0.055580087006092,1
-0.081381678581238,0.0025728195905685,0.0031569376587868,1
-0.18206211924553,0.18870957940817,0.087862096726894,1
-0.069892227649689,0.054270140826702,0.00011587888002396,1
0.11977607011795,-0.20688094198704,-0.015231847763062,1
-0.26401534676552,-0.04745951294899,-0.0026873424649239,1
0.027508020401001,-0.069873876869678,-0.028650484979153,1
-0.13784378767014,0.058221139013767,0.04333508759737,1
-0.2658899128437,0.0077890232205391,0.035448990762234,1
0.070523798465729,-0.15484324470162,0.017731249332428,1
0.00041162967681885,-0.14167989045382,0.021450437605381,1
0.2038722038269,-0.1996565759182,-0.03367242962122,1
-0.027273833751678,-0.03214555978775,-0.00079066306352615,1
-0.043297410011292,-0.10118504508864,-0.017459847033024,1
0.066170573234558,0.27938815206289,0.10222270339727,1
-0.076936006546021,0.057629562914371,0.028376184403896,1
0.0032472014427185,0.20099940150976,0.0050843209028244,1
0.1384134888649,0.21120365709066,-0.079353488981724,1
0.037225544452667,0.18635352700949,0.031063556671143,1
-0.065422356128693,-0.22869888693094,0.079860366880894,1
0.019469916820526,0.1555312499404,0.012184910476208,1
-0.052525699138641,0.093283258378506,-0.023533172905445,1
0.02777636051178,0.14895474165678,0.022253282368183,1
0.045253813266754,-0.17705579847097,-0.0060288980603218,1
-0.07805198431015,0.12043123692274,0.050229407846928,1
-0.08905240893364,0.10127966850996,0.026658914983273,1
0.011642217636108,0.27825530618429,-0.015812762081623,1
-0.17353808879852,0.0445761308074,0.20200199633837,1
0.099561989307404,0.20737212151289,0.19433776289225,1
-0.016284286975861,0.24288224428892,0.09144688397646,1
-0.21862971782684,-0.1115194093436,-0.055412836372852,1
0.03592324256897,0.14938648790121,-0.027668960392475,1
-0.069589614868164,-0.26670645922422,0.0024423599243164,1
-0.17447531223297,-0.034888744354248,0.20577199012041,1
-0.094070136547089,-0.069649059325457,-0.0086285397410393,1
0.026864767074585,-0.12607691064477,-0.062498800456524,1
-0.089155286550522,-0.025657214224339,0.0059500262141228,1
-0.081473290920258,-0.049430258572102,0.011048220098019,1
-0.0058831572532654,0.12578388303518,0.0036573261022568,1
-0.019622623920441,-0.099356384947896,-0.017557002604008,1
-0.15275293588638,-0.076097074896097,0.064472742378712,1
-0.065104901790619,-0.1221894081682,0.030667811632156,1
-0.17108610272408,-0.049129009246826,0.1432977989316,1
-0.08382311463356,-0.022644899785519,0.016832582652569,1
-0.18808591365814,0.056832052767277,-0.060695521533489,1
-0.036216020584106,0.0056924298405647,-0.014995627105236,1
-0.10406270623207,0.0044518411159515,-0.049629800021648,1
-0.12703973054886,-0.017240308225155,0.015444718301296,1
0.039470255374908,0.22201909869909,0.12401772290468,1
-1.9192695617676e-05,0.15079822391272,-0.047049231827259,1
-0.015106916427612,-0.13085561618209,-0.046242460608482,1
-0.26252812147141,-0.057354021817446,0.062001548707485,1
-0.077547192573547,0.029877357184887,0.0086077079176903,1
0.16148209571838,0.21508490294218,0.091963119804859,1
0.069360673427582,-0.28628896921873,-0.012548319995403,1
0.03502357006073,0.23615001887083,-0.071636356413364,1
-0.063502103090286,-0.15682424232364,-0.08418046683073,1
-0.12970417737961,0.097204767167568,0.0052117481827736,1
-0.10989481210709,-0.028179287910461,-0.068740256130695,1
-0.18600592017174,-0.057100642472506,0.010205246508121,1
0.064383685588837,-0.19546992331743,0.12722540646791,1
-0.028253078460693,0.063525639474392,-0.0089551135897636,1
-0.15113615989685,-0.17019140720367,0.12142553180456,1
0.0028761029243469,0.24564685672522,0.016901172697544,1
0.13221454620361,0.20290940254927,-0.09332499653101,1
-0.21500420570374,0.065906263887882,0.052383787930012,1
-0.20241636037827,0.048832796514034,-0.020451627671719,1
0.11427462100983,-0.18929267674685,0.052223771810532,1
0.013321161270142,0.19960229843855,-0.045774154365063,1
-0.083902925252914,-0.23198256641626,0.089908637106419,1
0.084994852542877,0.23062732070684,-0.03151161968708,1
0.025508463382721,-0.11226401571184,-0.045597493648529,1
-0.18421822786331,-0.063995540142059,0.16433281451464,1
-0.024062931537628,-0.038022108376026,0.00033468753099442,1
-0.045347630977631,0.25011041015387,0.0088872537016869,1
-0.17704635858536,0.066925130784512,-0.092208445072174,1
0.044492244720459,0.074200235307217,-0.023302502930164,1
-0.010383069515228,-0.29010228067636,0.065888963639736,1
0.15033853054047,-0.14700577408075,-0.022048451006413,1
0.0049094557762146,0.27968021482229,0.059167474508286,1
-0.019047975540161,0.15780379623175,-0.02321757376194,1
0.12977987527847,0.14345877617598,-0.043102465569973,1
-0.15671572089195,0.15008296817541,0.070618025958538,1
-0.20388075709343,-0.068832948803902,0.12191457301378,1
-0.063939690589905,-0.052642922848463,-0.01055396348238,1
-0.16480773687363,-0.034026101231575,0.028671257197857,1
-0.01027774810791,0.072413049638271,-0.0020859017968178,1
0.099781215190887,-0.26401620358229,0.019980497658253,1
0.061069428920746,0.048564739525318,-0.0033233985304832,1
-0.25343719124794,0.022415928542614,-0.00027181953191757,1
0.075664520263672,0.2602808997035,0.14025808125734,1
-0.019828617572784,-0.177883207798,0.007818266749382,1
-0.039185285568237,0.1293605491519,0.0050771161913872,1
0.18966954946518,0.16469027847052,0.062009774148464,1
0.047449886798859,-0.11520334612578,0.018445380032063,1
-0.062633186578751,-0.084872821345925,-0.01252057403326,1
0.047916829586029,-0.14291872829199,0.020995371043682,1
-0.016425490379333,0.06266888231039,-0.02339530736208,1
-0.097998052835464,0.20765893906355,0.028535380959511,1
-0.18306368589401,-0.030079558491707,-0.061430923640728,1
-0.027791082859039,0.23497774451971,-0.081791907548904,1
-0.054242879152298,0.079377554357052,-0.061285726726055,1
-0.092225909233093,0.17468925565481,0.11724252253771,1
-0.08298060297966,0.24800308793783,-0.055957213044167,0
-0.014758408069611,0.15872939676046,-0.086594589054585,1
-0.096695065498352,0.17827101796865,-0.0068283453583717,1
0.069809377193451,-0.10548887262121,0.027619011700153,1
0.046897828578949,-0.12222774885595,-0.073981449007988,1
0.012992560863495,-0.08615349046886,-0.020908989012241,1
-0.086044639348984,-0.043066017329693,-0.068840906023979,1
0.0028517842292786,-0.082408275455236,-0.008509024977684,1
0.14469808340073,-0.12770857475698,-0.055184118449688,1
-0.058887362480164,-0.14248038455844,0.044837161898613,1
-0.034507572650909,-0.23944988101721,0.13951858133078,1
-0.094881474971771,-0.22476597875357,0.015341147780418,1
-0.19721844792366,-0.01144390553236,0.016730315983295,1
0.011877000331879,-0.14512269198895,-0.088940281420946,1
0.11811691522598,-0.12603290006518,0.0084048733115196,1
-0.1803871691227,-0.0014926046133041,0.15916036814451,1
-0.058839410543442,-0.098698227666318,-0.0049704313278198,1
0.15552657842636,-0.14195333048701,-0.033052511513233,1
-0.12789368629456,0.15034043043852,0.0013408437371254,1
-0.050937861204147,-0.19277241080999,-0.021187596023083,1
-0.082056254148483,-0.049549382179976,-0.041692793369293,1
-0.04827493429184,-0.00031142681837082,0.0081875994801521,1
0.069190919399261,-0.1132608698681,-0.051644310355186,1
-0.078016519546509,-0.1162965297699,-0.030461259186268,1
-0.095784336328506,0.22180040925741,-0.067602887749672,0
-0.1770558655262,-0.12463688850403,-0.077174790203571,1
-0.053336352109909,-0.23096118122339,-0.040148064494133,1
-0.052357256412506,-0.1436700373888,-0.033615551888943,1
-0.072422981262207,-0.23586795479059,-0.078861258924007,1
0.13810813426971,0.12079279869795,-0.0020048543810844,1
0.054581940174103,-0.089197295717895,-0.042505636811256,1
0.12777644395828,-0.15129350498319,0.081538878381252,1
-0.21903842687607,-0.034170910716057,0.026859663426876,1
-0.09432116150856,0.061007268726826,-0.013619221746922,1
0.19452476501465,-0.20750239491463,0.040646336972713,1
-0.044851958751678,-0.25055263191462,-0.0060594826936722,1
0.054959893226624,-0.19753671437502,-0.022933155298233,1
-0.027296125888824,0.027908407151699,-0.00320053845644,1
-0.11427694559097,-0.069420093670487,-0.042093396186829,1
-0.10257023572922,-0.070773113518953,0.0017936006188393,1
-0.22451573610306,-0.02407156676054,0.15318612009287,1
-0.052578508853912,-0.0092033967375755,-0.035197056829929,1
0.080915987491608,-0.1945720538497,0.13142735511065,1
-0.091961413621902,-0.045557845383883,-0.070649549365044,1
0.076311051845551,-0.15388458967209,-0.027826488018036,1
-0.095606744289398,0.099413953721523,-0.0083247646689415,1
0.072521865367889,-0.10530953435227,0.027066722512245,1
-0.071723192930222,0.1001490727067,-0.0056653246283531,1
-0.15117585659027,0.051667384803295,-0.027420379221439,1
-0.18410024046898,-0.022544994950294,0.031842492520809,1
-0.044242560863495,-0.070749655365944,-0.013684637844563,1
0.033004343509674,0.26374983042479,-0.06842827796936,1
0.0060411095619202,0.21972595900297,0.15901220589876,1
-0.092283636331558,0.2005899772048,-0.09084964543581,0
-0.17000180482864,0.063098676502705,-0.098178334534168,1
-0.12013560533524,0.1358240172267,-0.074993304908276,0
0.14524710178375,-0.21193605661392,-0.016128160059452,1
0.06894451379776,-0.11296056676656,-0.068416684865952,1
-0.19291841983795,0.033059544861317,0.044104300439358,1
-0.03796797990799,0.26322313398123,0.10336288064718,1
-0.1780571937561,0.026770286262035,-0.023214794695377,1
-0.10457557439804,0.17021354287863,-0.036783002316952,0
0.04405802488327,-0.10150205006357,-0.056055307388306,1
-0.045383989810944,-0.060889516025782,-0.012430034577847,1
0.17522668838501,-0.15964594110847,-0.007270835340023,1
-0.20817911624908,0.13236930221319,0.027794606983662,1
-0.18416994810104,0.15833546966314,0.026464261114597,1
-0.15429067611694,-0.10564408730716,0.074573703110218,1
-0.071098834276199,-0.18632493913174,0.1224022731185,1
0.15353322029114,0.16948830336332,0.028236664831638,1
-0.10342332720757,0.25418036431074,0.086297251284122,1
0.06728458404541,0.22727527469397,-0.018348135054111,1
0.0064988732337952,0.16740094870329,-0.059939183294773,1
0.044935643672943,0.11650452762842,0.027973257005215,1
-0.16993427276611,-0.13281566649675,0.064985178411007,1
0.044928550720215,-0.18272683769464,0.030932642519474,1
-0.015362977981567,0.19027232378721,0.10036569088697,1
-0.048854231834412,-0.262621127069,-0.068119131028652,1
0.015438675880432,-0.077896978706121,-0.044608779251575,1
-0.087245881557465,0.064865954220295,0.033283270895481,1
-0.040401518344879,0.040011905133724,-0.0073078200221062,1
-0.21095639467239,0.11161912232637,-0.0028794333338737,1
-0.047236323356628,0.18359350413084,0.12317021936178,1
-0.10952201485634,-0.064636636525393,0.014939405024052,1
-0.1580513715744,0.034903176128864,0.091620765626431,1
0.089195191860199,-0.23571310192347,0.081870622932911,1
0.067632615566254,0.22480943053961,-0.040267832577229,1
-0.11754041910172,0.11368291825056,-0.076238058507442,1
0.16793793439865,0.23580168932676,-0.0035298839211464,1
0.019166052341461,-0.16856460273266,-0.09864503890276,1
-0.079382926225662,-0.025323241949081,-0.044259749352932,1
0.022893786430359,0.13565485924482,-0.012530721724033,1
-0.039217889308929,-0.11635289154947,-0.046204246580601,1
-0.061683505773544,0.00052019208669662,0.0084243491292,1
-0.089272618293762,0.209298633039,0.0067522078752518,1
-0.056581139564514,-0.09566866280511,-0.055152475833893,1
-0.036622226238251,-0.18883496522903,-0.064254514873028,1
-0.0051480531692505,0.11683166772127,0.0099829956889153,1
-0.12169101834297,-0.024818748235703,0.020218558609486,1
0.095461487770081,0.23603155463934,0.16765039414167,1
-0.213677495718,-0.038770075887442,-0.018596537411213,1
-0.22290763258934,0.14462029188871,0.0050590708851814,1
-0.20612871646881,0.091640435159206,0.14859718829393,1
-0.12596023082733,0.13593921810389,0.19345150142908,1
0.097953736782074,-0.083527347072959,-0.049463041126728,1
0.12038934230804,0.18423645943403,0.088795967400074,1
-0.036682963371277,0.088473357260227,-0.014428578317165,1
-0.11290308833122,0.023713447153568,0.012198202311993,1
-0.17222383618355,-0.15698847919703,0.092631347477436,1
0.077960610389709,-0.096308863488957,0.0046511813998222,1
0.14347463846207,-0.18833550810814,0.13886208087206,1
-0.028342962265015,0.098868064582348,-0.04019832611084,1
0.17427521944046,-0.19591329246759,0.10654314607382,1
-0.14012011885643,-0.098321289289743,0.016347862780094,1
-0.040063917636871,0.11029813438654,-0.011410512030125,1
-0.11473417282104,-0.0071114972233772,-0.025662265717983,1
-0.050207197666168,-0.0080246776342392,-0.035203881561756,1
-0.060355424880981,0.0057499781250954,0.011946134269238,1
-0.05186653137207,-0.086693606339395,0.025398306548595,1
-0.10279706120491,-0.0097569674253464,-0.0039134696125984,1
-0.038614690303802,-0.25304732471704,0.15216418355703,1
-0.017572045326233,0.18266173452139,0.045773111283779,1
0.099467098712921,-0.23886025696993,-0.042110331356525,1
-0.065127968788147,0.029683701694012,-0.0098197385668755,1
-0.21455270051956,-0.068844471126795,-0.034860529005527,1
-0.25042760372162,0.034603752195835,-0.011654831469059,1
-0.066618233919144,-0.0063759163022041,-0.013398088514805,1
-0.14180114865303,0.050042547285557,0.010944657027721,1
-0.046076357364655,-0.037768803536892,-0.014568470418453,1
0.12821227312088,-0.15853613987565,-0.028276644647121,1
0.12882262468338,0.11216659098864,-0.084857679903507,1
-0.1978235244751,0.029775567352772,0.043189026415348,1
0.051526546478271,0.11239127069712,-0.0052699446678162,1
0.18901944160461,0.20143099874258,0.0048433244228363,1
-0.096778631210327,0.15739461034536,0.0057927891612053,1
-0.023613393306732,0.038708202540874,-0.0027181729674339,1
-0.20869198441505,-0.17299471795559,0.069595687091351,1
-0.0049589872360229,0.25824519246817,0.046181835234165,1
0.054862320423126,0.11288044601679,-0.059011273086071,1
0.057377219200134,-0.22299703210592,0.014295555651188,1
0.13289868831635,-0.26814276725054,0.075594790279865,1
0.054917395114899,0.26120369881392,-0.021395213901997,1
-0.077589094638824,-0.25928338617086,0.10197895020247,1
0.06219357252121,0.26411318033934,0.027731843292713,1
-0.039483547210693,-0.15524647384882,-0.038358554244041,1
0.07969731092453,0.18172981590033,0.04130207747221,1
0.049556910991669,-0.19409377872944,-0.094276711344719,1
0.090586841106415,0.11069079488516,0.0096111297607422,1
-0.045520484447479,-0.063147217035294,-0.0026086643338203,1
-0.015502393245697,-0.19596704095602,0.085134483873844,1
0.067574858665466,-0.057104583829641,0.0049912706017494,1
-0.0043533444404602,-0.097678010817617,0.018199287354946,1
-0.12253072857857,-0.1047544060275,-0.087608925998211,1
0.054667055606842,-0.16583064943552,-0.042724154889584,1
-0.11583036184311,0.060677923262119,0.03001444786787,1
-0.020200490951538,-0.27364895492792,0.047749407589436,1
-0.023788332939148,-0.10113411885686,-0.064651228487492,1
0.03755110502243,-0.20391613990068,0.1208431199193,1
-0.14023894071579,-0.17840059101582,-0.075334645807743,1
-0.061222702264786,-0.042647063732147,-0.01087137311697,1
-0.20509052276611,0.14248882979155,0.12755014747381,1
-0.062853038311005,0.016829930245876,-0.0020868107676506,1
0.093015968799591,0.23572643846273,0.1685454621911,1
-0.094023466110229,-0.15323248505592,0.032683596014977,1
-0.051639318466187,0.094743989408016,-0.063124425709248,1
-0.072916686534882,0.098022691905499,-0.021437756717205,1
0.15274161100388,-0.14423714205623,0.069782309234142,1
-0.13632348179817,0.15033855289221,0.13631238788366,1
0.088221967220306,0.16513632982969,-0.02752123773098,1
-0.10490092635155,0.025609470903873,-0.030483216047287,1
0.1099396944046,0.21634402126074,0.18093223124743,1
-0.034752547740936,-0.037245489656925,-0.034180082380772,1
0.0070441961288452,-0.05785221606493,-0.0066789835691452,1
-0.12899589538574,0.1578761562705,-0.078596673905849,0
-0.083907544612885,-0.24981787055731,0.050550885498524,1
0.019414067268372,-0.14198136329651,-0.071810752153397,1
-0.22404858469963,-0.048515453934669,-0.014226995408535,1
-0.2282380759716,-0.033965297043324,0.068646632134914,1
-0.15029585361481,-0.12381387315691,0.16885932534933,1
-0.068568378686905,0.14162459224463,-0.07719299942255,1
0.12647634744644,-0.17912714928389,0.21361113339663,1
0.12683236598969,0.17549642175436,-0.045519575476646,1
-0.056246995925903,0.13520231097937,-0.079124055802822,1
-0.078187614679337,0.15286960452795,-0.020745970308781,0
0.043266415596008,0.22784235328436,0.12610276788473,1
0.069574654102325,0.06365229934454,-0.029089517891407,1
-0.087914794683456,-0.1763778179884,-0.046209804713726,1
-0.12518915534019,0.1336108520627,-0.054879479110241,1
-0.057860642671585,-0.09681951161474,-0.015519678592682,1
0.011256158351898,-0.093818778172135,-0.05313266068697,1
0.096346318721771,-0.087558439932764,-0.048295505344868,1
-0.11049059033394,-0.088337043300271,-0.085535265505314,1
-0.03315395116806,0.070467121899128,0.015611506998539,1
0.14782869815826,0.14999666064978,0.068342849612236,1
-0.11019563674927,-0.0031158775091171,0.026632748544216,1
0.028703093528748,0.17734637111425,-0.089070990681648,1
0.1201183795929,0.22286527603865,0.022096820175648,1
-0.1575291454792,-0.11548046488315,0.037158973515034,1
-0.094777047634125,0.065955959260464,-0.0094413235783577,1
-0.079975306987762,-0.045342449098825,0.016406647861004,1
-0.14275717735291,-0.060962937772274,0.019220255315304,1
-0.063119918107986,0.0030792281031609,-0.0063946321606636,1
0.16612732410431,0.17074080556631,0.18967892974615,1
-0.067605674266815,-0.10700142662972,-0.037173964083195,1
0.078962802886963,0.14908262342215,0.031039394438267,1
-0.032519221305847,0.041629455983639,0.0042371973395348,1
-0.042061328887939,0.030495084822178,-0.031166151165962,1
-0.19085443019867,0.038722090423107,-0.09783111140132,1
-0.13067489862442,-0.0030724108219147,-0.022210218012333,1
-0.12902849912643,0.099904276430607,0.074750699102879,1
-0.047450721263885,0.066366828978062,-0.050902090966702,1
-0.033889353275299,-0.080904802307487,-0.065860323607922,1
-0.026970028877258,0.072387538850307,-0.0081214979290962,1
-0.071628719568253,-0.21129877120256,0.010049037635326,1
-0.080034852027893,0.029536239802837,-0.064913898706436,1
-0.019293129444122,-0.24320308119059,0.037122659385204,1
-0.2490585744381,-0.035377003252506,-0.030583910644054,1
-0.10643970966339,0.024870909750462,0.020789660513401,1
0.14593189954758,0.1403559371829,-0.049789980053902,1
-0.17223432660103,0.10418503731489,0.12449228018522,1
-0.059614568948746,-0.23394925147295,0.016489051282406,1
0.11003947257996,-0.22539360076189,0.018964685499668,1
0.058661937713623,-0.10177454934455,-0.024248339235783,1
-0.015357851982117,-0.043242890387774,-0.0058278068900108,1
-0.17618083953857,0.11976227909327,0.10610657185316,1
-0.045153319835663,0.080782003700733,-0.029080785810947,1
0.12534987926483,0.13483288139105,0.054011270403862,1
0.043910801410675,-0.15298771485686,-0.048737898468971,1
-0.063758909702301,-0.070969404652715,0.016136758029461,1
0.03197169303894,-0.080299023538828,-0.017241448163986,1
0.037810981273651,0.21338128298521,0.13800460845232,1
0.18055814504623,0.20350521057844,-0.062135837972164,1
0.065339148044586,-0.28609568625689,0.0053242146968842,1
-0.014265358448029,-0.13870225846767,0.024727419018745,1
-0.18012437224388,0.0038008913397789,0.13761273771524,1
-0.083414673805237,0.024670280516148,-0.0044410303235054,1
0.040899813175201,-0.24014133960009,-0.066878333687782,1
-0.20481395721436,-0.088459603488445,0.027705751359463,1
-0.045827090740204,-0.13190064206719,0.045910350978374,1
-0.039164960384369,0.081104703247547,0.022440530359745,1
-0.13337650895119,-0.11810101568699,0.21979267150164,1
-0.13770830631256,-0.20049998909235,0.0031548291444778,1
-0.10687744617462,-0.19297926127911,0.064532086253166,1
0.17290663719177,0.20080014318228,0.0305285602808,1
-0.063556611537933,-0.22400916367769,0.050832606852055,1
0.070862472057343,-0.1961413398385,-0.05228403955698,1
-0.16891366243362,-0.14865797013044,0.075780443847179,1
0.026549279689789,-0.071736646816134,-0.0027665123343468,1
0.041754364967346,0.13460517674685,0.012441448867321,1
-0.099172025918961,0.21696712821722,-0.081574693322182,0
0.048913061618805,-0.067479778081179,-0.0086290836334229,1
-0.21292835474014,0.056279562413692,0.11796785145998,1
-0.20116418600082,-0.11299244407564,0.13647492974997,1
-0.12712198495865,0.14571417123079,-0.063580192625523,0
-0.097720384597778,0.13716814666986,0.070312283933163,1
0.075956165790558,-0.072967557236552,0.0062151923775673,1
0.005820095539093,-0.22320982068777,0.063872560858727,1
0.12518352270126,-0.1603020504117,0.027804784476757,1
-0.14455825090408,-0.17102976888418,-0.042914293706417,1
0.1491447687149,0.17150115221739,0.1291420981288,1
0.17723196744919,-0.22426874935627,0.020000196993351,1
0.0082160830497742,0.15679609030485,0.048516899347305,1
0.18216294050217,-0.21188069134951,-0.023249231278896,1
0.16716551780701,0.21607192605734,-0.019865624606609,1
-0.087105810642242,0.046727441251278,-0.037711881101131,1
-0.12538185715675,0.0053583160042763,-0.06570728123188,1
0.013805687427521,-0.067233700305223,-0.027651555836201,1
0.14945363998413,-0.21828317642212,0.16437388211489,1
-0.17105492949486,-0.11238980386406,0.027199231088161,1
0.049418985843658,0.12192798405886,-0.049161829054356,1
-0.064707577228546,0.19140114635229,0.18809912353754,1
0.05995899438858,-0.26321545988321,-0.077537223696709,1
-0.11399966478348,-0.032520048320293,0.024355359375477,1
-0.027375042438507,0.27452855557203,0.10234641283751,1
0.015081465244293,-0.21323446184397,0.029766216874123,1
0.12635350227356,0.12165462225676,0.027675084769726,1
-0.13099390268326,-0.22008845210075,0.0078806281089783,1
-0.035238206386566,0.24778851121664,0.15035992115736,1
0.13565170764923,0.21351327747107,-0.059638693928719,1
-0.2486124932766,0.021550141274929,0.085198141634464,1
0.087873220443726,0.18862249702215,0.055513337254524,1
-0.068373024463654,-0.27115369588137,0.077403597533703,1
0.028126657009125,0.13485854119062,0.0090331062674522,1
0.0037627816200256,0.12445505708456,-0.078304059803486,1
0.16604441404343,0.20422714203596,-0.080464079976082,1
-0.13970640301704,-0.096604716265574,-0.030634373426437,1
-0.15305942296982,-0.065910834819078,-0.061410196125507,1
0.087464928627014,0.18757122009993,-0.035857051610947,1
-0.18665015697479,0.017753131687641,0.20971293002367,1
-0.028315901756287,-0.20180103182793,0.026101678609848,1
0.097174942493439,0.078707493841648,-0.0020865425467491,1
-0.11019870638847,-0.077806830406189,0.037374503910542,1
0.12361752986908,-0.13901939615607,0.064139746129513,1
-0.011043608188629,-0.26620113104582,-0.010760329663754,1
0.017908334732056,-0.25167337805033,0.158492423594,1
-0.1006435751915,0.17946147173643,-0.021545298397541,0
0.037839412689209,0.24532475322485,0.084104664623737,1
-0.044495642185211,0.13243318349123,0.031345404684544,1
-0.039910614490509,-0.037174738943577,0.0084483101963997,1
0.022723913192749,0.068584345281124,-0.021253257989883,1
-0.033437430858612,-0.046730976551771,0.0043596401810646,1
-0.10574626922607,0.19643231481314,-0.011524133384228,0
0.10845506191254,0.13279300183058,-0.061541102826595,1
-0.018774092197418,-0.24077802151442,-0.036203302443027,1
-0.23008513450623,-0.11683583445847,-0.049533292651176,1
-0.16028252243996,-0.13386060670018,0.098313249647617,1
-0.046208202838898,-0.21441500633955,0.073983378708363,1
0.10881119966507,0.25458391755819,-0.047258451581001,1
0.035437762737274,-0.071266133338213,-0.01043913513422,1
0.094094336032867,0.213851980865,0.085205487906933,1
-0.021238684654236,0.088396318256855,0.020147569477558,1
0.18140131235123,-0.20184197276831,0.025747440755367,1
-0.061267822980881,-0.27620307356119,-0.013454459607601,1
0.049054622650146,-0.10732430452481,-0.018475107848644,1
0.076844692230225,0.077363453805447,-0.014770410954952,1
-0.087500959634781,-0.080356366932392,0.024828128516674,1
0.14136809110641,-0.20884012430906,-0.091768637299538,1
0.12133866548538,-0.13512829691172,-0.016499303281307,1
-0.16880565881729,0.20040067285299,0.0072153583168983,1
0.044646799564362,-0.22345973551273,0.052200011909008,1
-0.26450049877167,0.049631230533123,0.037675730884075,1
0.011388123035431,-0.08312744833529,0.013582266867161,1
-0.17852377891541,-0.1587610244751,0.016885541379452,1
0.166040122509,0.20771899074316,0.1595895960927,1
0.070456802845001,-0.2226749882102,0.15198308974504,1
-0.010424852371216,-0.21235185116529,-0.083610948175192,1
-0.11292976140976,0.19588985294104,0.0049545243382454,1
-0.15823018550873,0.033898033201694,0.014346726238728,1
-0.084553420543671,0.067708320915699,0.0012061670422554,1
0.16905564069748,-0.23356845229864,0.078145243227482,1
-0.20925265550613,-0.008335754275322,0.095781020820141,1
-0.023097157478333,0.22423853725195,-0.064732983708382,1
0.059637010097504,-0.22537068277597,-0.074090398848057,1
-0.185312718153,0.078588508069515,0.042504765093327,1
-0.23396614193916,-0.11001214943826,-0.051189124584198,1
-0.033527970314026,0.080833129584789,0.02115847915411,1
0.045163333415985,0.1412101611495,0.033008262515068,1
-0.0083599090576172,0.082825548946857,0.021093927323818,1
0.053107619285583,-0.058336410671473,0.0054802820086479,1
0.12118405103683,0.17853303998709,0.20074344426394,1
0.19889134168625,-0.23212752491236,-0.015018455684185,1
-0.1486536860466,-0.11979763768613,-0.025742791593075,1
-0.056177824735641,0.0050748288631439,-0.03145544975996,1
-0.16007447242737,-0.17362530529499,-0.052423290908337,1
-0.10228198766708,0.18753435462713,-0.043404646217823,0
-0.020353496074677,0.09582931548357,-0.0023042112588882,1
0.13494449853897,-0.24045363813639,0.023241236805916,1
-0.1013186275959,-0.0067176297307014,-0.07499148696661,1
-0.14415991306305,0.010344721376896,0.056002713739872,1
0.17800670862198,-0.22333194315434,0.090816266834736,1
-0.13943114876747,-0.0090309083461761,0.056677930057049,1
-0.1615392267704,-0.031753845512867,0.1002447232604,1
0.027449071407318,0.24461068958044,0.057883568108082,1
-0.13472414016724,-0.22227377444506,0.037491723895073,1
0.20034927129745,0.23592709749937,0.06473596394062,1
-0.028054177761078,0.18158938735723,0.051972113549709,1
0.055437207221985,0.067088536918163,0.0095396116375923,1
-0.057728707790375,-0.054309386759996,0.021955274045467,1
-0.080755770206451,0.2694450840354,0.031760707497597,1
-0.062844663858414,0.21866687387228,-0.075739517807961,0
-0.036940455436707,-0.045924607664347,-0.015101633965969,1
0.10903352499008,-0.12739194743335,0.052808113396168,1
-0.25515899062157,-0.021924719214439,0.037936188280582,1
-0.17248794436455,-0.15864120796323,0.14056951552629,1
0.0040493607521057,-0.081007737666368,-0.012172065675259,1
-0.060363620519638,-0.18081509321928,0.0024377405643463,1
0.070508122444153,0.078741408884525,-0.029989212751389,1
0.0088632702827454,0.057912431657314,-0.014243960380554,1
-0.10754460096359,0.20309125632048,0.1090851649642,1
0.016535758972168,0.21235217899084,-0.086271449923515,1
-0.042170703411102,0.20338877290487,0.082067288458347,1
0.13114804029465,-0.1674165725708,-0.039319448173046,1
-0.099584132432938,-0.24544861167669,0.073274023830891,1
0.0065889954566956,0.074627600610256,0.0092338696122169,1
-0.15739375352859,0.069329552352428,0.076350100338459,1
-0.055776029825211,-0.015688002109528,0.017309121787548,1
-0.19117873907089,-0.0044615566730499,-0.061388887465,1
-0.16369092464447,0.10463156551123,0.096804298460484,1
-0.08904704451561,-0.10546472482383,0.040539674460888,1
-0.13191068172455,-0.04420568048954,0.042867369949818,1
0.029270589351654,-0.20400174707174,0.0091106221079826,1
-0.008044958114624,0.063847310841084,-0.01543915271759,1
-0.072300374507904,0.083447434008121,0.013023428618908,1
0.0033533573150635,0.076802991330624,0.0084148719906807,1
-0.1365011036396,-0.0066087245941162,-0.0041484460234642,1
-0.15851622819901,0.21453180164099,0.079877026379108,1
0.04630982875824,-0.12738076597452,0.001203827559948,1
0.067675292491913,0.059018217027187,-0.02795322984457,1
0.079383552074432,0.24460195749998,0.076068677008152,1
-0.02347731590271,-0.24435835331678,-0.057382211089134,1
-0.13834035396576,0.12677996605635,0.12479508668184,1
-0.059433400630951,-0.15281545743346,-0.031927891075611,1
-0.12687104940414,0.19394176453352,0.080617807805538,1
-0.022272050380707,-0.056000433862209,-0.017880111932755,1
-0.22725388407707,-0.0015846863389015,0.058186285197735,1
0.042735159397125,-0.10952586401254,0.0089700296521187,1
-0.012760579586029,0.074622370302677,-0.036270476877689,1
-0.14265710115433,0.12827893346548,0.16452603787184,1
-0.045601725578308,-0.11320848204195,0.033437520265579,1
0.10327434539795,0.14158996194601,0.058128401637077,1
0.0090733170509338,0.18517961353064,-0.088052000850439,1
0.072489082813263,-0.12606697529554,-0.061267234385014,1
0.12583178281784,-0.14155161380768,-0.096233479678631,1
0.027668118476868,0.11597952991724,-0.048853747546673,1
-0.095808804035187,-0.1563524119556,-0.087344206869602,1
-0.13751742243767,-0.057482719421387,-0.053249925374985,1
-0.10958153009415,-0.18798066675663,-0.061322078108788,1
0.05445784330368,0.29075159877539,0.070221431553364,1
0.062436640262604,-0.23651594668627,0.15089199692011,1
0.086871325969696,0.21021639555693,-3.3609569072723e-05,1
0.085118234157562,-0.20224562287331,0.0054502040147781,1
0.096790254116058,-0.12141381576657,-0.013423338532448,1
0.062613010406494,-0.10187536291778,-0.059248752892017,1
-0.049669742584229,0.23477184027433,0.049831748008728,1
-0.18435171246529,-0.17472956329584,-0.0048038884997368,1
-0.14401000738144,-0.13651964068413,-0.0098797157406807,1
-0.029202282428741,-0.048859372735023,-0.0055714324116707,1
-0.11176919937134,0.17783170193434,0.16602370887995,1
-0.017050325870514,-0.10736997146159,-0.021566793322563,1
0.026677012443542,0.17941420525312,0.046138115227222,1
-0.076965928077698,0.011790454387665,0.023392044007778,1
0.019747376441956,-0.21673209220171,0.10499861091375,1
-0.035543739795685,0.10348350554705,-0.071609079837799,1
-0.097769200801849,0.067393682897091,0.012580998241901,1
-0.18750047683716,-0.008280485868454,0.038552321493626,1
-0.21424853801727,0.13727378100157,-0.040278263390064,1
0.017942428588867,-0.218401029706,-0.013492211699486,1
-0.022336423397064,-0.076445376500487,0.0018831938505173,1
0.072116136550903,0.090232841670513,-0.027592502534389,1
-0.25861513614655,-0.040097691118717,0.072208397090435,1
-0.17580497264862,0.16326864808798,0.11875071376562,1
0.052025377750397,-0.15457686781883,-0.0065142065286636,1
-0.19403049349785,-0.012896120548248,0.19806719571352,1
0.078839123249054,-0.14652115106583,0.038165189325809,1
0.10916513204575,0.09469860047102,-0.035893686115742,1
0.071369051933289,-0.063668370246887,-0.0029942318797112,1
0.16441351175308,-0.13962310925126,-0.098357059061527,1
0.05311393737793,0.11435478180647,-0.00025707483291626,1
0.051108539104462,-0.090248157270253,-0.0011074617505074,1
-0.22433051466942,-0.075390597805381,-0.014941029250622,1
-0.042485058307648,0.26002176851034,-0.024299398064613,1
-0.062277644872665,0.17562102526426,-0.00074247270822525,1
-0.16585105657578,-0.20607166737318,-0.049450017511845,1
0.042424976825714,0.23577740043402,0.044522732496262,1
-0.16880169510841,-0.19595891982317,0.067129276692867,1
0.10171973705292,0.10202711075544,-0.011450871825218,1
0.030894935131073,-0.061334192752838,-0.01145762950182,1
-0.00027942657470703,-0.21379663795233,0.1141711845994,1
0.038141548633575,-0.19311960786581,0.065502867102623,1
-0.026590406894684,-0.23780701309443,0.11237072199583,1
0.063305139541626,0.093322761356831,-0.021732322871685,1
0.026926219463348,-0.19227663427591,0.10268899053335,1
-0.17193007469177,0.050066702067852,-0.02751225233078,1
-0.052587926387787,0.16003390401602,0.082134075462818,1
-0.0092654824256897,-0.17925262451172,0.0010361820459366,1
-0.072615504264832,-0.047137662768364,-0.0097402408719063,1
-0.056302905082703,-0.066833302378654,-0.028325922787189,1
-0.22443777322769,0.12804063409567,0.077593214809895,1
0.070179283618927,-0.072793744504452,0.02036177366972,1
-0.18322595953941,-0.12441112101078,0.17526810616255,1
-0.049347102642059,-0.2220945507288,0.15369493514299,1
-0.14701816439629,-0.05464968085289,-0.085540667176247,1
-0.027086913585663,0.066530905663967,-0.026145122945309,1
-0.19141525030136,0.052341692149639,0.0430743470788,1
-0.15226531028748,0.050326071679592,0.042488746345043,1
0.1286786198616,-0.17656425386667,0.030264936387539,1
0.11155408620834,-0.11996791884303,-0.028402931988239,1
0.074898183345795,-0.13660560920835,0.028659246861935,1
-0.072768151760101,-0.18914427608252,0.053973093628883,1
-0.10429173707962,0.15732138603926,0.07325129956007,1
-0.113195925951,-0.040689814835787,0.029378719627857,1
-0.1418721973896,-0.0061006546020508,-0.091970659792423,1
0.071615219116211,0.06176844984293,0.0101378262043,1
-0.042790353298187,0.0159602612257,-0.014097236096859,1
-0.1948783993721,0.061435662209988,0.071632392704487,1
-0.05039194226265,-0.051608715206385,-0.018082119524479,1
0.1957044005394,0.21759559959173,-0.018153965473175,1
0.042578399181366,-0.14103956520557,-0.027147345244884,1
-0.12292504310608,-0.085207188501954,0.012939803302288,1
0.09496682882309,0.14716469496489,-0.076184563338757,1
-0.099746376276016,0.13592476397753,-0.02195843309164,1
-0.15046107769012,0.22026836127043,-0.014706693589687,1
0.063053667545319,0.17187865823507,-0.039315901696682,1
-0.075368314981461,-0.18463785201311,-0.08973540365696,1
-0.16338762640953,-0.10989121440798,-0.011205099523067,1
0.11396241188049,0.19149332493544,-0.0057507380843163,1
-0.24086692929268,0.0044265314936638,0.04859197884798,1
0.090671300888062,0.21184950321913,-0.025858499109745,1
0.11979746818542,0.25907569378614,0.034515507519245,1
-0.037249028682709,-0.066184088587761,-0.0024185106158257,1
0.093960702419281,0.19017010182142,-0.027364112436771,1
-0.072279125452042,-0.0011711418628693,0.0036210641264915,1
-0.16269823908806,-0.21343596279621,0.075237222015858,1
-0.024182260036469,0.18198069185019,-0.045990861952305,1
-0.17455631494522,-0.094764257315546,-0.063153482973576,1
0.089925646781921,-0.21786853671074,-0.021056264638901,1
-0.14611965417862,0.10194981843233,0.21396357566118,1
0.096329748630524,0.15592025965452,0.04033375531435,1
0.10326743125916,0.16725050657988,0.066073000431061,1
-0.029188275337219,-0.17223692685366,0.0054196044802666,1
-0.014415621757507,0.22572597116232,-0.026890479028225,1
-0.20191916823387,0.068508885800838,-0.0061673298478127,1
-0.022422313690186,0.22282113879919,-0.066703677177429,1
-0.051556706428528,0.11823181062937,0.014410100877285,1
-0.13322195410728,-0.089240367524326,-0.07756831496954,1
-0.18188309669495,0.20682188123465,0.047602795064449,1
-0.02064460515976,-0.23969177156687,0.14981801062822,1
0.078035712242126,-0.070378564298153,-0.012940786778927,1
-0.049005091190338,-0.0025298222899437,0.0092378035187721,1
0.053278684616089,0.23014768213034,-0.072982773184776,1
0.14424747228622,0.1599208638072,0.094655431807041,1
-0.1650385260582,-0.13599956035614,-0.060313291847706,1
-0.17704105377197,0.10795360058546,0.085498102009296,1
0.08089017868042,-0.21930748224258,0.0044590160250664,1
-0.024221301078796,-0.27571236342192,0.033316694200039,1
-0.16227501630783,0.11802091449499,0.11678799241781,1
-0.1435898244381,-0.054101157933474,-0.0012704208493233,1
0.14033931493759,0.16307919472456,0.1156514659524,1
0.10820925235748,-0.19721553474665,0.071323551237583,1
-0.196233689785,-0.04305512830615,-0.0074334815144539,1
0.20314687490463,-0.18741638213396,-0.08456302434206,1
0.012797772884369,-0.09684470994398,-0.036447547376156,1
-0.12720376253128,-0.097164440434426,-0.031645201146603,1
0.091373980045319,-0.18697816133499,0.050252124667168,1
-0.068718135356903,0.2227246388793,0.039993688464165,1
-0.022584140300751,-0.24026411026716,-0.0087046921253204,1
-0.043787360191345,0.047140948474407,0.012535892426968,1
0.062235474586487,0.067020587623119,-0.03451357036829,1
-0.057663708925247,-0.040486872196198,-0.040141426026821,1
0.12063992023468,0.168571613729,-0.082418531179428,1
-0.1374546289444,-0.23723647743464,0.0048623904585838,1
0.061115443706512,0.16116388887167,-0.075337924063206,1
0.056546688079834,0.19949951022863,0.082609482109547,1
0.0045273303985596,-0.1450078189373,0.0019222274422646,1
-0.11886942386627,0.071695350110531,-0.084156610071659,1
0.030239343643188,0.11141999810934,-0.022388011217117,1
0.15529561042786,0.16221003979445,0.18339664489031,1
0.10001009702682,0.23386280983686,0.03273781388998,1
-0.051102578639984,-0.17013877630234,-0.043899349868298,1
-0.055955410003662,0.058403752744198,-0.038451917469501,1
-0.13320007920265,-0.12108010053635,0.12294369190931,1
-0.071369498968124,0.035153530538082,-0.005739264190197,1
0.053726255893707,-0.14545509964228,-0.074803277850151,1
-0.019807398319244,0.080380670726299,0.01730027794838,1
0.0011657476425171,-0.10566741181538,0.0052005350589752,1
0.14641839265823,-0.15686428919435,-0.02177008241415,1
0.026293814182281,-0.20051049441099,0.13586964458227,1
0.11861151456833,-0.13112084940076,-0.088772423565388,1
-0.074341058731079,-0.12763880752027,-0.046042278409004,1
-0.029041945934296,0.21465095132589,0.16613399237394,1
-0.1834222972393,-0.045143570750952,-0.091564130038023,1
0.065258085727692,0.11486136168242,-0.036016181111336,1
0.091194689273834,-0.14191517233849,0.0086141601204872,1
-0.18982791900635,0.17641063779593,-0.031666435301304,1
-0.038655579090118,0.02359265089035,0.0036779567599297,1
-0.091837733983994,0.077523104846478,0.032798297703266,1
0.11814743280411,-0.18674755096436,0.039648786187172,1
0.054023563861847,-0.25347546488047,0.11159525066614,1
-0.17776706814766,-0.097646011039615,0.093643374741077,1
-0.078618228435516,0.074778266251087,-0.0301219150424,1
0.15568476915359,0.15254681557417,0.194579847157,1
-0.068086177110672,0.14475531131029,-0.085623599588871,0
0.025203108787537,-0.070728618651628,-0.012223117053509,1
-0.0078886747360229,-0.076388712972403,-0.016737744212151,1
-0.14091998338699,0.080831207334995,-0.070727698504925,1
-0.12192150950432,0.14307021349669,-0.024954028427601,1
-0.069688618183136,0.0051132217049599,-0.0098133757710457,1
0.15078681707382,-0.16616170108318,-0.050046421587467,1
0.069158494472504,0.16538628190756,0.019810527563095,1
-0.091614603996277,-0.18052620440722,0.17830722779036,1
-0.10446748137474,0.099275626242161,0.050760619342327,1
-0.16539397835732,-0.13460317254066,-0.038208059966564,1
0.11273354291916,-0.23787189275026,-0.077960081398487,1
-0.062699317932129,0.21976222842932,0.11390358954668,1
-0.042574167251587,0.087992839515209,-0.041152261197567,1
0.028959453105927,0.21709799021482,0.055424608290195,1
-0.012044906616211,0.1328928694129,-0.0034964978694916,1
-0.1897406578064,0.008785791695118,0.20547837764025,1
-0.20368081331253,0.15155746787786,0.065534241497517,1
0.10847932100296,-0.25581301003695,0.030222378671169,1
-0.0095113515853882,0.22128053754568,0.14953073114157,1
0.071511745452881,-0.24828023463488,0.021300785243511,1
-0.092092156410217,-0.2352499589324,0.084362126886845,1
0.011959731578827,-0.18491318076849,0.010736793279648,1
0.043444931507111,-0.23351330310106,0.057364881038666,1
0.073754668235779,0.12753605097532,0.038303308188915,1
-0.243184030056,0.099152557551861,0.068806044757366,1
0.096405386924744,-0.1313600204885,-0.011094577610493,1
-0.043705582618713,0.062349386513233,0.01617170125246,1
-0.030499935150146,-0.07117448374629,-0.057597056031227,1
0.18016088008881,0.21609180420637,-0.001952052116394,1
0.082929313182831,0.080031491816044,0.019631639122963,1
0.15893709659576,0.2275173291564,0.0089931711554527,1
-0.026274979114532,-0.12926115468144,-0.02914696931839,1
0.058463215827942,-0.09974815644091,-0.024010747671127,1
0.12661880254745,0.10540952533484,0.01463770121336,1
-0.084992736577988,-0.080795049667358,0.020804323256016,1
-0.08570471405983,-0.24430281668901,0.093373171985149,1
-0.10771161317825,-0.0050161927938461,-0.054117359220982,1
-0.029703497886658,0.25572650879622,0.062905229628086,1
-0.20543560385704,-0.032276697456837,0.18947090953588,1
0.070774495601654,0.085736237466335,-0.023313075304031,1
0.079206943511963,-0.13288445770741,-0.037367343902588,1
-0.062284171581268,-0.077240850776434,0.027279458940029,1
-0.12268832325935,-0.11013043299317,0.058415122330189,1
-0.073627203702927,0.098931007087231,-0.0099756345152855,1
-0.18934643268585,0.096310324966908,-0.05010686814785,1
-0.0074378848075867,-0.083354759961367,-0.037433013319969,1
-0.01610940694809,-0.13524815812707,-0.036686711013317,1
0.037311375141144,0.12814467400312,0.017100140452385,1
0.15158444643021,0.17382355779409,-0.089932054281235,1
-0.12663072347641,-0.17971561104059,0.1126379147172,1
0.059297263622284,-0.13466317951679,-0.0046708956360817,1
-0.089666277170181,-0.052526492625475,-0.0062946006655693,1
-0.086217254400253,-0.00086976587772369,0.022432960569859,1
-0.072506487369537,-0.19024146348238,0.078978084027767,1
0.033815383911133,0.26900451630354,-0.0053941681981087,1
0.15073198080063,0.17841299623251,0.090448327362537,1
0.14426863193512,-0.14660608395934,-0.013595305383205,1
0.030265748500824,0.13548236340284,0.0025802105665207,1
0.021836757659912,0.22748117893934,-0.043491341173649,1
-0.0033987164497375,0.075694493949413,-0.010689131915569,1
0.082430601119995,0.083546005189419,-0.014061123132706,1
-0.056920677423477,0.0027240365743637,-0.011101178824902,1
0.090414106845856,-0.22498493641615,-0.049353063106537,1
0.015029191970825,-0.1159196998924,0.0024723634123802,1
-0.077084332704544,-0.0027854517102242,-0.019285775721073,1
-0.13265666365623,-0.029707700014114,0.052589617669582,1
-0.011384546756744,0.069050438702106,0.0051076263189316,1
-0.067578881978989,0.029633395373821,0.010295175015926,1
-0.24523988366127,0.018347956240177,0.11773001402617,1
-0.016128838062286,-0.041242200881243,-0.0049575790762901,1
-0.16828519105911,0.14075434952974,0.14841931313276,1
-0.11264935135841,0.05479646474123,-0.076807104051113,1
-0.020332515239716,-0.060744591057301,-0.012467823922634,1
-0.043596863746643,-0.038936104625463,0.0062097981572151,1
-0.041912257671356,0.010501228272915,0.0024517700076103,1
0.058453142642975,0.050451390445232,-0.0019077956676483,1
-0.11066979169846,-0.13795655593276,-0.010708965361118,1
-0.1219394505024,0.23546399921179,-0.024254597723484,0
-0.086951076984406,-0.1325597576797,0.013049490749836,1
0.14385086297989,-0.23840446025133,0.032847255468369,1
-0.17701542377472,0.11079961806536,0.04578710347414,1
-0.18201026320457,0.031279243528843,-0.052789822220802,1
0.10244762897491,-0.16086164861917,-0.023437269032001,1
0.12543255090714,0.21586822718382,0.13370358198881,1
-0.10769313573837,-0.22555679827929,0.021280750632286,1
-0.032755315303802,-0.1046744803898,-0.0097924172878265,1
-0.026277005672455,0.17045482248068,0.056995287537575,1
-0.1354655623436,-0.11462848260999,0.09798625856638,1
-0.14614298939705,-0.23760219663382,0.065813094377518,1
-0.0096763372421265,0.23531153053045,0.16227550059557,1
-0.11441734433174,-0.037274315953255,-0.0091781839728355,1
0.036009013652802,0.078916393220425,-0.022184982895851,1
-0.08149990439415,-0.026174135506153,-0.017592154443264,1
-0.041235625743866,-0.1353564709425,-0.070896320044994,1
0.11212766170502,0.10440316051245,-0.078263193368912,1
-0.16811209917068,0.18210976570845,0.031784541904926,1
0.01221638917923,0.078535608947277,0.0054119154810905,1
0.07768851518631,-0.14380880445242,-0.026444390416145,1
0.11613082885742,-0.2728411629796,-0.022384442389011,1
0.089722692966461,-0.093263797461987,-0.066929198801517,1
0.014295637607574,0.10216584056616,-0.030572853982449,1
-0.076361864805222,-0.10349225765094,0.011852853000164,1
0.0092584490776062,-0.090365835465491,-0.0026778131723404,1
0.029958307743073,0.082612387835979,-0.0260249376297,1
-0.018707931041718,0.18150641769171,0.048875473439693,1
0.16035330295563,0.1739906296134,0.072222016751766,1
0.072402656078339,0.15859087556601,-0.06256452947855,1
-0.031184315681458,0.18418251723051,-0.096887178719044,1
-0.14968478679657,0.081299133598804,-0.041935920715332,1
0.065294981002808,-0.20187854021788,0.15318388491869,1
0.033015131950378,0.25528915971518,0.028460063040257,1
0.17863219976425,0.21016981452703,0.1464641019702,1
-0.045212805271149,0.13478074222803,-0.091694563627243,1
-0.056054830551147,0.018854826688766,-0.037931628525257,1
-0.0020419359207153,-0.13699564710259,-0.0033208802342415,1
-0.080865919589996,-0.24585182219744,-0.056270942091942,1
-0.053018480539322,-0.02140424400568,0.017319895327091,1
-0.225740224123,-0.080329934135079,0.07531925290823,1
-0.12278562784195,0.035440571606159,-0.020870044827461,1
-0.058589428663254,-0.038411483168602,-0.031771890819073,1
-0.041805803775787,-0.1790002733469,0.072006098926067,1
-0.12825521826744,-0.075170829892159,0.054254777729511,1
0.13493150472641,-0.17632331699133,0.11741722375154,1
0.023945808410645,0.17889704555273,-0.010247558355331,1
0.16668802499771,-0.14488167315722,0.11990436166525,1
-0.22847545146942,0.050017826259136,0.097004719078541,1
-0.0014563202857971,-0.24225244671106,0.12765995413065,1
-0.12956866621971,-0.10615644883364,-0.052313812077045,1
0.13159435987473,0.21258496493101,0.037041813135147,1
-0.036396086215973,0.216995857656,-0.09051102399826,1
-0.044371485710144,-0.23416409641504,0.087761081755161,1
-0.010843098163605,-0.17663095146418,0.012537091970444,1
-0.11336615681648,-0.000909723341465,-0.042396374046803,1
-0.085050731897354,-0.19040652364492,-0.053115114569664,1
0.22243112325668,0.1974044367671,0.10009231418371,1
-0.13021433353424,-0.05136463791132,0.029369480907917,1
-0.07404613494873,-0.083988511934876,-0.062583439052105,1
0.13236600160599,-0.11548622511327,0.016540519893169,1
0.099138915538788,-0.11152338795364,-0.026645056903362,1
-0.18083965778351,0.17852549999952,0.074902348220348,1
-0.04804515838623,0.056002117693424,0.016094498336315,1
-0.20963793992996,-0.13250844925642,0.12427813559771,1
-0.22554951906204,-0.045593105256557,0.040637396275997,1
0.044341444969177,-0.14190513268113,-0.0016385912895203,1
-0.20974415540695,0.091317422688007,0.025919072329998,1
-0.19108375906944,-0.072643466293812,-0.016700513660908,1
0.16604977846146,-0.16312105208635,0.024340502917767,1
0.054709255695343,0.13340134173632,0.031430460512638,1
0.0057114958763123,0.050985984504223,-0.00013021379709244,1
-0.14024719595909,-0.15242629125714,0.091536186635494,1
-0.17169094085693,0.14146272093058,0.068173281848431,1
-0.0037916302680969,-0.045737225562334,0.0051921904087067,1
0.03116911649704,-0.18448130786419,0.061327777802944,1
-0.094398736953735,0.24765812605619,0.012775599956512,1
-0.20502185821533,-0.090292854234576,0.075485594570637,1
0.10534340143204,0.10022338479757,-0.030794262886047,1
-0.17924678325653,-0.0020149946212769,0.12226968258619,1
-0.027366459369659,-0.16800814121962,0.075825087726116,1
0.051827907562256,-0.083547817543149,-0.0094707906246185,1
-0.099806547164917,0.16250243037939,0.18589983135462,1
0.16314309835434,0.20256271213293,0.010557793080807,1
-0.086840450763702,-0.21173095703125,-0.05013483017683,1
-0.0085375905036926,-0.21894616633654,0.16318226605654,1
0.1086317896843,-0.23383850604296,0.047711603343487,1
0.1801398396492,0.24002739042044,0.069737493991852,1
0.066571354866028,-0.10206690849736,-0.035154215991497,1
0.069614887237549,0.23741006106138,0.01387594640255,1
-0.057812869548798,-0.12717097438872,0.029589727520943,1
-0.10562184453011,0.047193370759487,0.039602540433407,1
-0.13700023293495,-0.12961228191853,0.17996359616518,1
-0.12325039505959,0.21755047887564,0.075546704232693,1
0.0045342445373535,-0.11030421592295,-0.012403070926666,1
-0.0016799569129944,0.22745009511709,0.19293544441462,1
-0.040743768215179,0.099142126739025,-0.075252525508404,1
0.18131846189499,-0.19958955049515,0.072952665388584,1
0.17913198471069,0.22301556915045,0.08457437902689,1
-0.099688529968262,0.00384671241045,0.026984669268131,1
-0.013827979564667,-0.072258399799466,-0.018875919282436,1
-0.025753498077393,-0.20098932087421,0.045681402087212,1
-0.065922677516937,0.17878838628531,0.19786793738604,1
-0.01094388961792,-0.22160021960735,0.061212100088596,1
0.050052165985107,0.064246870577335,-0.0018856376409531,1
0.14986950159073,-0.22310855984688,0.14494890719652,1
0.011648714542389,0.24253975600004,0.11275731772184,1
-0.23646566271782,-0.10411708243191,-0.050638802349567,1
0.12146472930908,0.15471019595861,0.022972606122494,1
-0.025963962078094,-0.18767355382442,-0.0064248293638229,1
-0.04583066701889,0.01900964230299,0.0070715621113777,1
-0.13488420844078,-0.092217206954956,0.049755670130253,1
0.025414109230042,0.065149120986462,-0.022296018898487,1
-0.038311302661896,0.11564791947603,-0.042809925973415,1
0.086134195327759,0.14997843652964,0.0099033936858177,1
-0.20893207192421,0.063514061272144,0.15215545147657,1
0.030693888664246,0.12093698233366,0.014703422784805,1
-0.22742056846619,0.087908037006855,0.098604448139668,1
-0.15750199556351,0.037751697003841,0.066758416593075,1
0.054442465305328,-0.15511335805058,-0.0022650137543678,1
0.086669862270355,-0.22216905653477,0.064543284475803,1
0.0092222690582275,0.073725797235966,-0.0072953477501869,1
0.10964006185532,-0.21745112538338,-0.052394777536392,1
0.0034907460212708,0.21378599852324,0.10022989660501,1
0.0017412304878235,-0.20838540047407,0.026790626347065,1
-0.16789209842682,0.1246850118041,0.10104081779718,1
0.077072501182556,-0.24368955940008,-0.049275726079941,1
0.14071875810623,0.18462689965963,0.20353720337152,1
-0.09445196390152,0.26165493577719,0.081435330212116,1
-0.095569014549255,0.083443216979504,-0.036010660231113,1
0.18952035903931,0.20637699216604,-0.00010854750871658,1
0.10428929328918,0.19065310806036,0.11704713851213,1
-0.1921372115612,-0.16635403037071,-0.033356331288815,1
0.0042065382003784,0.093783013522625,-0.037413023412228,1
-0.14906525611877,0.016531221568584,0.065548993647099,1
-0.070251107215881,0.25240474194288,-0.077221103012562,0
0.14926433563232,0.15495606511831,-0.0078014582395554,1
0.055924594402313,-0.16464135795832,-0.079062089323997,1
0.17090231180191,-0.14656909927726,0.080414928495884,1
0.075491011142731,0.22468661516905,0.1522356197238,1
0.11480647325516,0.1124058291316,-0.016197025775909,1
-0.11507639288902,-0.015222981572151,-7.8476965427399e-05,1
-0.0043236017227173,0.27917458862066,0.10891618579626,1
0.0069403052330017,0.13432743400335,0.026724681258202,1
0.0052513480186462,-0.12571505829692,0.0068359076976776,1
-0.15613269805908,-0.055355187505484,-0.00093879550695419,1
-0.18595233559608,-0.055004365742207,0.03868093341589,1
0.11781018972397,-0.17079918086529,0.0042258724570274,1
0.042658150196075,-0.13626903668046,-0.026174485683441,1
0.049797534942627,0.24782871454954,0.11273697763681,1
0.080762982368469,0.18874820321798,0.11838970333338,1
-0.0804083943367,-0.070717714726925,0.010783486068249,1
0.029158115386963,0.20596098154783,0.11333755403757,1
-0.038504719734192,-0.095139445271343,0.0041658207774162,1
-0.00027531385421753,-0.14187431707978,-0.039912737905979,1
0.068125128746033,0.17341878265142,-0.0011346489191055,1
-0.011492967605591,-0.28884621709585,0.032616123557091,1
-0.068151593208313,-0.040399525314569,-0.00038888305425644,1
-0.086474746465683,-0.22434113174677,0.0015499889850616,1
-0.17957305908203,0.085721202194691,-0.013253681361675,1
-0.047479569911957,-0.05043351650238,-0.039365880191326,1
-0.068455696105957,-0.0054567903280258,-0.015398643910885,1
-0.066785395145416,-0.10065084940288,0.00044142454862595,1
0.052542686462402,-0.13487984240055,-0.019062288105488,1
-0.077402621507645,-0.20287930965424,0.18215260654688,1
-0.0072535872459412,-0.14767557755113,-0.039154335856438,1
-0.1280226111412,-0.14827523380518,0.16848760098219,1
-0.14515641331673,-0.02583809196949,0.016665853559971,1
0.0041720867156982,-0.08404340967536,0.012854032218456,1
0.015250027179718,0.094986580312252,0.0057843029499054,1
0.17167264223099,0.14950988441706,-0.02934517711401,1
0.032656729221344,0.11744547635317,-0.020532801747322,1
0.14664155244827,-0.19167220592499,0.070410884916782,1
-0.12728667259216,0.16453387588263,0.011395908892155,1
-0.20966452360153,-0.012618392705917,0.15839568525553,1
-0.057771921157837,-0.13877417892218,-0.056316778063774,1
-0.089696168899536,0.14874754101038,-0.044868044555187,0
-0.14569038152695,-0.015380166471004,0.064148537814617,1
0.0014717578887939,0.20726915448904,0.029070876538754,1
-0.1516018807888,0.11212091892958,0.026696898043156,1
-0.0848508477211,0.25387784093618,0.050932250916958,1
-0.22524064779282,0.0828872397542,0.069681338965893,1
0.17980283498764,0.2131232842803,0.13578005880117,1
-0.13165336847305,-0.1454067081213,0.05564408749342,1
0.050355792045593,-0.083326293155551,-0.052675478160381,1
-0.11632320284843,-0.15736918896437,0.11762622743845,1
-0.088767349720001,0.043460346758366,-0.044446848332882,1
0.022374629974365,0.081507615745068,-0.04718378931284,1
-0.049971520900726,0.1814429089427,-0.0076909810304642,1
0.0668985247612,0.082892782986164,-0.024658143520355,1
-0.011050760746002,0.2073078379035,0.14557636529207,1
-0.23059719800949,0.035365976393223,-0.070141687989235,1
-0.057944297790527,-0.10377527354285,0.035949662327766,1
-0.22676473855972,-0.10055979818571,0.003742404282093,1
0.1363627910614,0.21108027547598,0.17695233970881,1
-0.075487107038498,-0.18650717288256,0.13993439823389,1
-0.12764492630959,-0.0084167793393135,0.011457927525043,1
0.051313579082489,0.045884124934673,0.006413072347641,1
0.085509955883026,-0.19913260638714,0.1867862418294,1
-0.1207190155983,0.075071193277836,-0.091033361852169,1
0.072965323925018,-0.19871789962053,0.041788548231125,1
-0.090834975242615,0.012491032481194,0.019904397428036,1
0.043742418289185,-0.22629282623529,0.015266105532646,1
-0.23354709148407,-0.13121875561774,0.05093801766634,1
-0.085544258356094,0.18717300146818,0.15609855204821,1
0.13179820775986,-0.21113630384207,0.01864629983902,1
0.1761149764061,-0.2206966355443,-0.055515445768833,1
-0.15202569961548,0.012394182384014,0.0011098757386208,1
0.014482021331787,-0.21000765264034,0.20915714651346,1
0.053378105163574,0.096632279455662,0.018491052091122,1
-0.13262987136841,0.13529724627733,-0.089671261608601,0
-0.078232884407043,-0.043750014156103,0.024100638926029,1
-0.031711518764496,0.01158069819212,0.0036371126770973,1
-0.24527329206467,0.0051249340176582,-0.0027056708931923,1
-0.05622935295105,0.26997541636229,0.095120050013065,1
0.090276062488556,-0.077646356076002,0.020160891115665,1
-0.043865978717804,-0.083109492436051,-0.061696924269199,1
0.11032742261887,-0.20202405750751,0.11093763262033,1
0.088623702526093,-0.16501738131046,0.028045102953911,1
0.17208361625671,0.17243667691946,-0.035654515028,1
0.14164298772812,0.23980071395636,-0.028748326003551,1
0.034198522567749,-0.07862351462245,-0.0026976317167282,1
0.15696948766708,0.24492820352316,0.029146663844585,1
0.077875554561615,0.18006422370672,-0.039290428161621,1
-0.10793793201447,0.19160964339972,0.18235214799643,1
0.16932243108749,0.1886076554656,0.055402494966984,1
-0.19208163022995,0.037619926035404,0.066829062998295,1
-0.015568137168884,0.2624608501792,0.13822308927774,1
-0.18406009674072,0.16294189542532,0.068857498466969,1
0.13632696866989,-0.19193231314421,0.09687016159296,1
-0.12464341521263,0.071233905851841,0.051383562386036,1
-0.19954952597618,-0.077643984928727,-0.074167519807816,1
-0.07063615322113,-0.17012369632721,0.094994761049747,1
-0.19433158636093,0.019801922142506,0.047635115683079,1
0.13066059350967,0.10684493929148,0.02826976031065,1
-0.042603731155396,0.082442559301853,-0.019897796213627,1
-0.045888185501099,-0.10231457138434,-0.03893131762743,1
-0.042848408222198,-0.18482849746943,0.040276885032654,1
-0.031468331813812,-0.26276502758265,0.10548190027475,1
0.062376081943512,-0.27583656460047,0.083017997443676,1
0.11866766214371,0.13517882674932,0.033388286828995,1
0.11781805753708,0.2695577070117,0.096315182745457,1
-0.118981808424,0.20858105272055,0.098946772515774,1
-0.014562904834747,-0.082228200510144,-0.059011541306973,1
0.054678380489349,-0.17804025858641,-0.038797743618488,1
-0.042031943798065,0.068652637302876,-0.035596750676632,1
-0.056257158517838,-0.0067127197980881,-0.026044510304928,1
-0.20895254611969,-0.097316622501239,-0.045544736087322,1
0.072998583316803,0.22764601558447,0.15346554666758,1
0.050739824771881,-0.18892573565245,-0.0023697093129158,1
0.15041452646255,-0.24627051502466,0.11014484614134,1
-0.083040118217468,0.059258155524731,0.018322356045246,1
0.02670818567276,0.15921928733587,0.016437239944935,1
0.17245090007782,0.23412146419287,-0.033333085477352,1
-0.027742564678192,-0.065231364220381,0.01055384427309,1
-0.0079872012138367,-0.068277724087238,-0.03197755664587,1
-0.2250337600708,0.13362305611372,0.030154891312122,1
0.066505968570709,0.085268460214138,-0.053475141525269,1
-0.0063150525093079,-0.11491940822452,-0.033770278096199,1
-0.14709016680717,0.15687551349401,-0.016016639769077,1
-0.00024288892745972,-0.07323751039803,0.0080977901816368,1
-0.12201631069183,-0.18283673375845,0.16412176936865,1
0.14501219987869,-0.17467886954546,0.12427077442408,1
-0.16469347476959,0.22206559032202,0.025524951517582,1
0.040031254291534,-0.069292541593313,0.0052204802632332,1
-0.0080828666687012,-0.2042248621583,-0.056591331958771,1
-0.042765557765961,0.080891631543636,-0.037085585296154,1
0.012522220611572,0.096960715949535,0.0020901635289192,1
0.034492790699005,-0.13483751565218,-0.039311923086643,1
-0.039406776428223,0.12222298234701,-0.081748843193054,1
-0.18246331810951,-0.04349984228611,0.0081154629588127,1
0.02164226770401,-0.24912739545107,-0.067100048065186,1
0.0015681385993958,-0.20725800096989,0.069051817059517,1
-0.11214581131935,0.0567611977458,0.031319789588451,1
0.053101420402527,0.10658862441778,0.028365463018417,1
-0.16463470458984,-0.06998978368938,0.024594582617283,1
-0.19626730680466,-0.026009365916252,0.1939824745059,1
0.10211271047592,-0.13876928389072,-0.081213869154453,1
-0.044193208217621,0.10406122356653,-0.024067513644695,1
0.058620274066925,-0.07349931448698,0.0083235278725624,1
-0.082923412322998,0.16011404246092,0.029095076024532,1
0.10496610403061,-0.089800127781928,0.016337163746357,1
0.11301440000534,-0.17949987202883,-0.070333048701286,1
0.098454535007477,-0.16663752496243,-0.087475933134556,1
-0.024842381477356,0.10329196602106,-0.03367817401886,1
0.18472617864609,-0.16792942583561,0.032708160579205,1
-0.052160114049911,-0.062400888651609,-0.052196480333805,1
-0.2400583922863,-0.022942759096622,-0.016250304877758,1
0.16127616167068,-0.16233603656292,-0.039567790925503,1
0.059324324131012,0.21342962235212,0.11178708821535,1
0.099553942680359,0.23785220831633,-0.0076700374484062,1
-0.077740281820297,0.24488260596991,0.14122921973467,1
-0.13120895624161,0.066952623426914,-0.094513297080994,1
-0.097348302602768,0.078284524381161,-0.017666794359684,1
-0.02468341588974,0.16850610822439,0.013545215129852,1
-0.023140490055084,0.05417724698782,-0.034452326595783,1
0.12519353628159,0.14945017546415,0.012440033257008,1
-0.033137142658234,-0.20063654333353,0.065221086144447,1
0.073260307312012,0.25491931289434,0.027040213346481,1
-0.23073962330818,-0.11156901437789,0.065397135913372,1
0.056520819664001,0.086622603237629,0.014312267303467,1
-0.049196302890778,-0.010862283408642,-0.0014802142977715,1
0.099071323871613,-0.26633667200804,0.12040115147829,1
-0.071189701557159,0.068191654980183,0.021412260830402,1
0.014511048793793,0.18515624850988,-0.041269734501839,1
0.13418608903885,-0.13336891308427,-0.068119458854198,1
-0.083934903144836,-0.1117231445387,0.025368265807629,1
0.10973173379898,0.21176045387983,0.11688376218081,1
-0.18375861644745,0.087544701993465,0.17470479756594,1
-0.016462624073029,0.1036993637681,0.0089405179023743,1
-0.098636418581009,0.19787775725126,0.15962124615908,1
0.026794970035553,-0.1583584882319,-0.029065333306789,1
-0.076188713312149,-0.0094373524188995,0.023883290588856,1
0.087368547916412,-0.10957910679281,-0.018882647156715,1
0.017259061336517,0.10313951224089,-0.063485361635685,1
-0.12144470214844,0.15937968343496,-0.069828860461712,0
-0.024270713329315,0.031359471380711,-0.00027627497911453,1
-0.09371691942215,0.064483441412449,0.012004740536213,1
0.12748771905899,-0.12965455465019,0.046049781143665,1
-0.0046250224113464,0.20016651600599,-0.07746896147728,1
-0.13504248857498,-0.060480464249849,0.01962523907423,1
0.076197862625122,-0.082527590915561,-0.025829948484898,1
0.050471544265747,-0.12004772946239,-0.010888256132603,1
-0.069698989391327,-0.2264564409852,-0.071011260151863,1
-0.21737471222878,-0.1140845073387,0.024236582219601,1
-0.0084124207496643,0.087021581828594,-0.061066083610058,1
0.079956948757172,0.056792356073856,0.010997302830219,1
0.039802551269531,0.052887953817844,-0.0014309212565422,1
0.12840729951859,0.15566026419401,-0.077480688691139,1
-0.02345734834671,-0.065737847238779,-0.0016018375754356,1
0.025570273399353,0.11029954999685,-0.049477875232697,1
-0.085186988115311,-0.12337764166296,-0.068239592015743,1
0.067308843135834,0.042802639305592,-0.008324958384037,1
0.11131525039673,0.17825340479612,-0.0038919597864151,1
-0.10825398564339,-0.19937685877085,-0.0029012411832809,1
-0.21119597554207,-0.039767134934664,-0.033900022506714,1
0.14307481050491,0.23674180358648,0.025798499584198,1
0.067715585231781,0.1978742107749,0.12484287470579,1
0.14834666252136,0.1442953273654,-0.081217035651207,1
-0.19753617048264,0.083556853234768,0.18217661231756,1
-0.042477428913116,0.023651398718357,-0.015810318291187,1
0.13215047121048,-0.19028072059155,-0.030379891395569,1
-0.1485655605793,-0.043275080621243,0.034456558525562,1
-0.22111958265305,0.12065953761339,0.076159439980984,1
-0.052500039339066,-0.20376882702112,-0.085483029484749,1
-0.036731541156769,0.23260410875082,0.07134772092104,1
-0.16270637512207,0.15303545445204,0.0024223849177361,1
0.11055427789688,0.12125384062529,-0.066148906946182,1
-0.035201370716095,0.024459205567837,-0.0017687901854515,1
-0.021650493144989,-0.088749602437019,0.0037097930908203,1
0.097030460834503,-0.13352762907743,-0.084657795727253,1
0.11971265077591,-0.19719011336565,0.015826657414436,1
-0.074933648109436,0.16981258243322,-0.086987189948559,0
-0.22681412100792,-0.13565758988261,0.082060806453228,1
-0.012994885444641,0.21802302449942,-0.027062609791756,1
-0.10231307148933,-0.0013254061341286,-0.034868903458118,1
-0.12400808930397,-0.16117129102349,0.1574948951602,1
-0.085910648107529,-0.1893709897995,0.046659477055073,1
-0.16832992434502,-0.16728711128235,0.13808324187994,1
0.15691858530045,0.15331955999136,0.085622973740101,1
-0.15291661024094,0.044003985822201,-0.08798148855567,1
0.12242215871811,-0.10126160783693,0.0050201788544655,1
0.18294411897659,0.24177198857069,0.010690324008465,1
-0.066787451505661,-0.046834453940392,0.014568291604519,1
-0.02144581079483,-0.20195280760527,-0.021385855972767,1
0.015081226825714,0.10618456453085,-0.063953399658203,1
0.051175057888031,-0.058965608477592,0.0037337765097618,1
0.11700457334518,0.23107000440359,-0.0069073811173439,1
-0.080489546060562,0.12849567085505,-0.043973065912724,1
0.059488415718079,0.073331482708454,-0.038101613521576,1
-0.053392589092255,-0.036621175706387,0.0054205283522606,1
0.014705419540405,0.06905473023653,0.006859302520752,1
-0.044293880462646,0.10137560218573,-0.08184526860714,1
0.022733271121979,0.12125114351511,-0.0066865906119347,1
0.035991728305817,0.14676498621702,-0.01481094956398,1
-0.041693508625031,-0.13125515729189,-0.078192792832851,1
-0.13744795322418,0.17060323804617,0.17434579879045,1
0.046977341175079,-0.16848381608725,0.018524087965488,1
-0.051609456539154,0.01254378259182,-0.035966984927654,1
0.092169284820557,0.10729113966227,-0.068019032478333,1
0.097304821014404,0.19529392570257,0.16886758059263,1
0.046265721321106,0.084006361663342,-0.02384876459837,1
-0.051827937364578,0.074910245835781,-0.012673638761044,1
-0.074663400650024,0.020806081593037,0.0089800283312798,1
0.041650712490082,0.21647044271231,0.1072696223855,1
0.087397575378418,0.22901513427496,-0.025204963982105,1
0.037883937358856,-0.085614139214158,0.0179603099823,1
-0.19399100542068,-0.13988026231527,-0.052620090544224,1
-0.23236781358719,-0.086798426695168,0.13380812853575,1
0.041525900363922,-0.087415005080402,-0.036729671061039,1
-0.16096341609955,0.082182683050632,0.21682471781969,1
-0.01321929693222,-0.17965511977673,-0.01943751424551,1
-0.13487520813942,0.19879003614187,-0.065481401979923,0
-0.10400718450546,-0.16214503720403,-0.098328620195389,1
-0.086299896240234,-0.16002333909273,-0.01948968321085,1
-0.25631400942802,-0.050496339797974,0.0040256455540657,1
-0.064397782087326,-0.025476917624474,-0.0066414996981621,1
-0.036297380924225,-0.052682485431433,0.0029081627726555,1
0.13882088661194,0.1664547547698,0.1159403398633,1
-0.1475393474102,-0.029104746878147,0.026380456984043,1
-0.15764734148979,-0.043491832911968,0.054371781647205,1
-0.15039777755737,0.18831612914801,-0.045823208987713,1
-0.029021799564362,-0.18970187008381,-0.031672172248363,1
-0.17258334159851,-0.077766982838511,0.097451008856297,1
-0.0052035450935364,0.23809715360403,0.028038524091244,1
-0.11967602372169,0.14521091431379,0.032496474683285,1
-0.046847105026245,0.05681749433279,0.021620117127895,1
-0.091783046722412,0.0058579966425896,-0.054329447448254,1
-0.095672726631165,0.0549351349473,0.012452684342861,1
-0.084847837686539,-0.048544134944677,-0.080010458827019,1
0.076974511146545,-0.081176467239857,-0.038929291069508,1
-0.1333741247654,-0.078179538249969,-0.013577558100224,1
-0.047258496284485,0.11074515432119,-0.052652664482594,1
0.034974336624146,-0.2127643302083,0.045269317924976,1
0.12871956825256,0.17479359358549,-0.039952553808689,1
0.095279037952423,-0.21961385756731,-0.034774020314217,1
0.11342549324036,0.13349568098783,-0.0079388543963432,1
0.028408706188202,-0.080775048583746,-0.021467052400112,1
-0.13371303677559,-0.19286088645458,0.1209364309907,1
0.12467986345291,0.11495531350374,-0.082224294543266,1
-0.081245273351669,-0.034483656287193,0.014076106250286,1
-0.047593057155609,0.087087906897068,0.007329024374485,1
-0.096820920705795,-0.097591372672468,-0.053013332188129,1
-0.16897040605545,0.00073547661304474,0.076841004192829,1
-0.13888078927994,-0.046081468462944,0.014213405549526,1
0.013533711433411,-0.2433695718646,-0.0025848299264908,1
-0.071797698736191,-0.22244114428759,0.088859520852566,1
0.096463024616241,0.2020031735301,-0.045866660773754,1
-0.096098214387894,-0.014211140573025,-0.002900056540966,1
0.20901530981064,-0.19266434013844,0.11889954656363,1
-0.08188784122467,0.0051048099994659,-0.010023839771748,1
-0.1392474770546,0.0040378645062447,0.052114255726337,1
-0.048273086547852,-0.082983002066612,0.0021092370152473,1
-0.22747579216957,0.015016905963421,0.0063374415040016,1
0.16570621728897,0.20304866880178,0.14365822821856,1
-0.16997963190079,0.112564496696,0.15373449772596,1
-0.040809512138367,-0.046583112329245,0.010808266699314,1
0.13667261600494,-0.19675710052252,0.14876604825258,1
-0.033709466457367,0.10551182180643,0.015917621552944,1
-0.069438129663467,-0.085014852695167,-0.045374520123005,1
-0.090311825275421,-0.0024950206279755,-0.045507706701756,1
-0.042027711868286,-0.066299751400948,-0.039979673922062,1
-0.24035233259201,0.0083954036235809,-0.030558161437511,1
0.039967179298401,-0.12454405613244,-0.018360748887062,1
-0.05643355846405,-0.21486885100603,0.082120038568974,1
-0.034748613834381,-0.087998786009848,-0.013145595788956,1
-0.038767635822296,-0.0023758038878441,-0.016725264489651,1
0.039848566055298,0.1398526057601,-0.064377069473267,1
-0.064229398965836,0.13541475683451,0.047115169465542,1
0.090998351573944,-0.09312454611063,0.0054449662566185,1
0.024295151233673,-0.060891188681126,-0.0049401447176933,1
-0.12012630701065,0.20735325664282,0.045731045305729,1
0.086952269077301,-0.21402117609978,-0.078978635370731,1
0.063915431499481,0.26211585849524,0.045330129563808,1
-0.19343200325966,0.1560827717185,-0.049732692539692,1
0.074581503868103,0.077219508588314,0.014998525381088,1
0.087165236473083,0.081974528729916,-0.022393472492695,1
-0.16597810387611,0.097529403865337,0.18683590739965,1
0.028534770011902,0.057960785925388,-0.0063173249363899,1
-0.12883993983269,0.18089010566473,-0.039317794144154,0
-0.1876617372036,-0.078696150332689,0.10766410082579,1
-0.036171555519104,0.051414407789707,-0.027844674885273,1
-0.017188966274261,-0.21080879122019,0.022777229547501,1
-0.19493448734283,0.17064645141363,-0.010870851576328,1
0.1169525384903,-0.17288123071194,0.060673989355564,1
-0.15265089273453,0.047954298555851,-0.073999360203743,1
-0.16342553496361,0.068315751850605,-0.070890285074711,1
-0.058900594711304,-0.15844063460827,0.071829058229923,1
0.030002474784851,-0.15352125838399,0.040113873779774,1
0.046599566936493,0.26529651135206,-0.034579038619995,1
-0.16221794486046,-0.03028842061758,0.092353977262974,1
0.047137081623077,-0.12906157597899,-0.017909526824951,1
0.068736612796783,-0.23070248216391,0.089667282998562,1
-0.0098932981491089,-0.23339439183474,0.16393700987101,1
-0.0770004093647,-0.0081169977784157,-0.060469143092632,1
-0.15164104104042,0.071018017828465,0.068933345377445,1
0.054081618785858,-0.28537435084581,0.070569790899754,1
-0.11024299263954,0.19302340596914,0.036897949874401,1
0.17888885736465,-0.18000757694244,0.14339794963598,1
-0.17552077770233,-0.1190402880311,0.18909808248281,1
-0.20141276717186,-0.0897849611938,0.08719315379858,1
-0.0062289834022522,0.07875057309866,0.0015929341316223,1
0.16760116815567,-0.162638053298,0.17098251730204,1
-0.21873444318771,-0.13763085752726,-0.029567778110504,1
-0.096638530492783,-0.23211751133204,-0.067305907607079,1
0.063240826129913,0.073973692953587,-0.029156424105167,1
-0.058150678873062,0.078638009727001,0.011285044252872,1
0.077699244022369,-0.062688510864973,-0.016400210559368,1
-0.16743016242981,0.17615246027708,0.047554858028889,1
0.053430318832397,-0.21140916645527,-0.012119561433792,1
0.0078601837158203,-0.21229352802038,0.19129208475351,1
0.070240020751953,0.070974268019199,-0.017908684909344,1
-0.071243643760681,0.1669447645545,-0.045349813997746,0
-0.23362275958061,-0.021489389240742,0.098054312169552,1
-0.088812112808228,0.027043096721172,-0.067706577479839,1
-0.12584689259529,-0.23795265704393,0.10730331391096,1
0.10923761129379,-0.23935539275408,0.15109629184008,1
0.087331235408783,0.13584830611944,-0.018887087702751,1
-0.06157773733139,0.070107631385326,0.011325217783451,1
0.068784117698669,-0.23040223866701,-0.056993968784809,1
-0.15277630090714,-0.10548057407141,-0.057225041091442,1
-0.0089865922927856,-0.049422971904278,-0.0075596645474434,1
-0.2145884335041,0.047059826552868,0.030479647219181,1
-0.087007105350494,0.052306823432446,0.020137242972851,1
0.1063369512558,0.27729993313551,-0.013883136212826,1
-0.059811890125275,0.24782105535269,0.067167520523071,1
0.086234569549561,0.24260141700506,0.085488073527813,1
0.010971009731293,-0.10703804669902,-0.022564068436623,1
0.10449296236038,-0.19581323117018,0.1429341211915,1
-0.14865809679031,-0.063834123313427,-0.01858501881361,1
-0.020378172397614,0.10324639827013,0.016453839838505,1
0.037786662578583,0.097204886376858,0.0069128945469856,1
-0.18858358263969,0.16854944080114,-0.057769648730755,1
-0.13323539495468,0.16174867004156,0.11792080849409,1
-0.19057497382164,-0.13748624920845,0.056786023080349,1
0.059850513935089,0.18316354602575,-0.0099980011582375,1
-0.010295927524567,-0.07842680811882,-0.015236981213093,1
-0.12062954902649,0.12851332873106,-0.066890470683575,0
-0.11876872181892,-0.21424210816622,-0.019525483250618,1
-0.03638631105423,-0.026607878506184,-0.019434593617916,1
-0.083843857049942,0.17793598026037,0.13347802311182,1
-0.19727572798729,0.0096113383769989,-0.011452220380306,1
0.0022813081741333,-0.17406234890223,0.012870937585831,1
0.025587797164917,0.14715375751257,6.5423548221588e-05,1
0.13524621725082,-0.15474527701735,0.032485522329807,1
-0.011267781257629,-0.086187963373959,-0.059024974703789,1
-0.21365424990654,-0.074505349621177,-0.033977515995502,1
0.055726528167725,-0.082292636856437,0.014325797557831,1
0.011793494224548,0.17628987878561,0.011380650103092,1
0.0357266664505,0.28531055897474,0.048323713243008,1
-0.01588249206543,-0.21349253505468,0.013731516897678,1
0.18275517225266,-0.22216492891312,0.10948096960783,1
-0.24715304374695,0.0038283243775368,-0.044527821242809,1
0.092325389385223,-0.23388769477606,0.12958838790655,1
-0.029311537742615,-0.073102494701743,0.0061293244361877,1
-0.089566290378571,-0.20109649002552,0.0022849291563034,1
-0.02351701259613,0.087021477520466,0.013014733791351,1
-0.031293272972107,0.1482150927186,-0.035380609333515,1
0.061438381671906,0.28207241743803,-0.0037079975008965,1
-0.0054417848587036,-0.26486171036959,0.13415927439928,1
-0.17530328035355,0.12971607595682,0.12744341045618,1
0.080211222171783,0.067783050239086,0.0071863606572151,1
-0.13036304712296,0.062962047755718,0.054821200668812,1
-0.19152688980103,0.0065165311098099,-0.026211239397526,1
0.0032089352607727,0.16194128245115,0.062411800026894,1
-0.051562547683716,0.018205158412457,-0.0055476948618889,1
-0.082400590181351,-0.09387722844258,0.038537614047527,1
-0.033516883850098,-0.10434234095737,-0.0056006461381912,1
-0.016607046127319,0.12707563489676,-0.01160005480051,1
-0.13013195991516,-0.074651014059782,0.028897203505039,1
-0.016639769077301,0.19975512474775,-0.0074750334024429,1
-0.074585467576981,-0.22926024347544,0.036073453724384,1
0.016277611255646,0.13665951043367,0.034467048943043,1
0.11581081151962,-0.26510579138994,0.073199726641178,1
-0.20581722259521,0.078971676528454,-0.024536862969398,1
-0.009247362613678,-0.070740247145295,-0.0066899210214615,1
0.068602859973907,0.068890653550625,0.016365043818951,1
-0.060516208410263,-0.0053786113858223,0.02021910995245,1
0.071657955646515,-0.23364838212729,0.054655499756336,1
0.17354208230972,0.15993352979422,-0.029118277132511,1
0.043236911296844,0.1009017303586,-0.0017015263438225,1
-0.22242733836174,-0.016516096889973,-0.02673626691103,1
0.20300495624542,0.2107232734561,0.10718827694654,1
0.13934695720673,0.18449159711599,0.17429218441248,1
0.074628710746765,0.17794232815504,-0.033305756747723,1
0.20835250616074,0.22019400447607,0.054377645254135,1
-0.19665151834488,-0.01824826002121,0.059597156941891,1
-0.054475545883179,-0.091900298371911,-0.035973750054836,1
-0.11178752779961,-0.10258907917887,0.067676462233067,1
-0.15999308228493,0.22142746299505,-0.0012112334370613,1
-0.058185756206512,0.24492075294256,0.036343201994896,1
-0.073057115077972,-0.18084121495485,0.099978305399418,1
-0.098052382469177,0.13208521157503,-0.021108500659466,1
0.021161794662476,-0.061031669378281,-0.0055573880672455,1
0.11508446931839,-0.23322067409754,0.081567473709583,1
0.050836622714996,-0.20861324667931,-0.090767905116081,1
0.049431264400482,-0.079720539972186,0.019555203616619,1
-0.096512019634247,0.22041013091803,0.15388006716967,1
0.095435440540314,-0.16850870847702,-0.018169298768044,1
-0.094164609909058,-0.21102474629879,-0.078676380217075,1
-0.16911461949348,0.19836487621069,0.031691156327724,1
-0.077433228492737,0.23410268872976,0.074711747467518,1
0.087803781032562,-0.12904098071158,0.026703163981438,1
-0.045133113861084,-0.062242530286312,-0.0058809593319893,1
-0.18401420116425,-0.014733329415321,-0.056618630886078,1
0.15918791294098,0.15802102535963,0.17688078433275,1
-0.015596568584442,-0.11824155412614,-0.056688450276852,1
0.058219075202942,-0.090247493237257,-0.021540649235249,1
-0.11200594902039,-0.069009974598885,0.027244128286839,1
-0.011253297328949,-0.097596304956824,0.020195491611958,1
-0.11252412199974,-0.20126777142286,0.13500357419252,1
0.087039411067963,-0.20336090773344,0.085049547255039,1
-0.0001099705696106,-0.1665360480547,0.054003782570362,1
-0.20883369445801,0.10745824128389,0.098587639629841,1
-0.035145342350006,-0.11789075471461,-0.077917441725731,1
0.12734282016754,0.13029249757528,0.051472894847393,1
0.15437251329422,-0.19165883213282,0.1113444045186,1
-0.20645251870155,-0.024834856390953,-0.038161613047123,1
0.13902884721756,-0.2222303301096,0.14763476699591,1
0.0070008635520935,-0.22939843684435,0.065848313271999,1
-0.025463581085205,0.11770356446505,-0.072347082197666,1
0.1055446267128,0.22127114981413,-0.0079251825809479,1
-0.097311437129974,-0.043531816452742,-0.064063265919685,1
0.012625873088837,-0.080909183248878,0.010443352162838,1
0.073315262794495,0.21349745243788,0.16584391146898,1
-0.029933035373688,0.0087239295244217,0.0053733959794044,1
-0.16678351163864,0.16499897092581,0.098302714526653,1
0.11331909894943,0.18727078288794,0.16641882807016,1
-0.028344511985779,-0.014581717550755,0.00025191158056259,1
0.13635796308517,-0.25880912691355,-0.036586813628674,1
-0.13333266973495,-0.019798472523689,-0.077372260391712,1
-0.16884428262711,0.10440471023321,-0.0062909051775932,1
0.057584583759308,-0.073329512029886,-0.027238473296165,1
0.18426167964935,-0.15953484550118,0.08969996124506,1
-0.14735260605812,-0.13348709791899,0.073539786040783,1
0.036504864692688,-0.18707565963268,0.062973029911518,1
0.063353419303894,0.19586511701345,0.12482623010874,1
0.060553014278412,-0.15477658808231,0.0036694034934044,1
0.039731562137604,-0.14192785322666,0.020867414772511,1
-0.10256057977676,-0.076472084969282,-0.01604325324297,1
-0.10433608293533,0.050411619246006,-0.07198279350996,1
-0.014727175235748,-0.063854817301035,-0.011322878301144,1
0.063569664955139,-0.040858674794436,0.0021518096327782,1
-0.084726542234421,-0.025003552436829,0.012746088206768,1
-0.08490777015686,0.10458863526583,-0.066343225538731,1
-0.028935551643372,0.1232575699687,-0.045474328100681,1
0.064670085906982,0.20726101845503,-0.082328617572784,1
0.076957523822784,0.19675769656897,0.070354916155338,1
-0.13522404432297,0.120166413486,0.1041626110673,1
-0.16625952720642,0.057200945913792,0.082803390920162,1
0.074876308441162,0.21105804294348,0.0049322172999382,1
-0.015022993087769,0.18567728251219,-0.058062486350536,1
0.13147687911987,-0.18818982690573,0.12592548877001,1
0.028599500656128,0.075453691184521,-0.013303004205227,1
0.11792099475861,0.17738135904074,-0.034941151738167,1
0.099372625350952,0.16045581549406,-0.039179213345051,1
0.12983065843582,-0.19573331624269,0.0074420049786568,1
-0.21954900026321,0.13951822370291,0.053000293672085,1
0.013434171676636,-0.099402480234858,-0.060643598437309,1
0.097210645675659,-0.12273624539375,0.041382364928722,1
-0.10064449906349,-0.21468281000853,-0.059898212552071,1
0.085448622703552,-0.24446585029364,-0.071382269263268,1
-0.0020316243171692,0.11254217475653,-0.021768264472485,1
0.16018158197403,-0.25695144385099,-0.015295602381229,1
-0.0033556818962097,-0.19920533150434,-0.01995424926281,1
-0.10629174113274,-0.23007930070162,0.1331270262599,1
-0.13175004720688,-0.070021875202656,0.073744468390942,1
0.19508093595505,0.22474741190672,0.061488226056099,1
0.045992255210876,-0.22365567833185,0.13447771221399,1
0.13330066204071,0.12986751645803,0.015823200345039,1
0.011816442012787,-0.10170216835104,-0.039386235177517,1
0.014340221881866,-0.15524652600288,0.0084238722920418,1
-0.085113614797592,-0.022894337773323,0.0082402154803276,1
-0.011050343513489,0.21836402267218,0.027502231299877,1
0.013133525848389,0.09706487506628,-0.039327375590801,1
-0.027218759059906,0.24624457210302,0.033457443118095,1
-0.14627969264984,0.10463636368513,0.21385527402163,1
0.078951299190521,0.26265763491392,0.12680635601282,1
-0.049805045127869,0.14507956057787,-0.033375613391399,1
0.11994886398315,0.15892120450735,-0.050544530153275,1
-0.066485822200775,-0.0027227625250816,-0.051094584167004,1
-0.17127364873886,-0.078234614804387,-0.072875112295151,1
-0.070736110210419,0.16254027932882,-0.037976026535034,1
-0.1906615793705,0.081793002784252,-0.077310040593147,1
-0.22776800394058,-0.10062167217257,0.12318112701178,1
0.0065566897392273,0.13683684915304,0.021645523607731,1
0.038637459278107,-0.25335452705622,0.071504093706608,1
-0.044745862483978,-0.13415632396936,-0.015497587621212,1
-0.1948524415493,-0.19570310413837,0.028315268456936,1
-0.11996978521347,0.059020392596722,0.027597688138485,1
0.12495446205139,0.11477249115705,0.039503127336502,1
-0.058204829692841,-0.15670146793127,-0.013298980891705,1
0.065031409263611,-0.1728353202343,-0.038817040622234,1
0.040475130081177,0.092936299741268,0.016386188566685,1
-0.11416062712669,-0.15551010891795,0.040404938161373,1
0.0037837624549866,-0.21516174077988,0.08138195425272,1
-0.014614522457123,-0.17947415262461,0.086839117109776,1
-0.027051985263824,-0.052531115710735,0.0080035701394081,1
0.10093420743942,-0.21822715550661,0.11108923703432,1
-0.19052797555923,0.026083715260029,0.17445545643568,1
-0.11394974589348,0.14958646148443,0.1422586068511,1
-0.23975682258606,0.061864502727985,0.053451515734196,1
-0.057959139347076,-0.074748640879989,-0.071540243923664,1
-0.087331265211105,0.12722978740931,-0.0030053183436394,1
0.18021070957184,0.16426383703947,0.078734807670116,1
-0.0021675825119019,0.24832855910063,-0.020188353955746,1
-0.12274715304375,-0.014302797615528,0.025265447795391,1
-0.23936122655869,0.0041724517941475,0.12078710645437,1
0.085105299949646,0.071276865899563,-0.029486320912838,1
0.086785912513733,-0.1219187695533,-0.054173596203327,1
0.013292193412781,-0.18024437129498,0.073707230389118,1
-0.054637342691422,0.088372521102428,0.030286155641079,1
-0.19975608587265,-0.11817411519587,-0.041724637150764,1
0.021490931510925,-0.098074186826125,0.0044528618454933,1
0.11755138635635,0.10208181291819,0.041693516075611,1
-0.076065838336945,-0.0062107294797897,0.021251358091831,1
0.020116686820984,0.2038491293788,-0.044255256652832,1
-0.1179287135601,0.24949648231268,-0.021048456430435,0
0.10364735126495,-0.21018230170012,0.082206912338734,1
0.073655009269714,0.056512020528316,0.0056135579943657,1
0.10349148511887,-0.27194758504629,-0.046892300248146,1
-0.014607310295105,0.28687383979559,0.056823097169399,1
-0.058914244174957,-0.073211284354329,-0.024720154702663,1
0.0085583925247192,0.21680065244436,0.089244551956654,1
-0.067084789276123,-0.079152435064316,0.00011882930994034,1
0.082415759563446,-0.10946663375944,0.021978110074997,1
0.056180715560913,0.21168573945761,-0.003662496805191,1
-0.026972472667694,-0.035101875662804,-0.019693933427334,1
-0.20483407378197,-0.056804724037647,0.096062071621418,1
-0.1169747710228,-0.13436593487859,-0.062070570886135,1
0.031735837459564,0.054121933877468,0.0011803433299065,1
0.012307047843933,0.059719629585743,-0.0029642954468727,1
-0.22011780738831,-0.13083387166262,0.032753951847553,1
-0.033136427402496,0.0046208575367928,0.0013619437813759,1
0.031615436077118,0.26765536516905,0.0032774806022644,1
-0.059198468923569,-0.11716049909592,-0.091199986636639,1
-0.15268710255623,-0.14725596830249,0.16802813857794,1
-0.17538359761238,-0.1621013097465,0.041208945214748,1
0.049225270748138,-0.11404992733151,0.013790667057037,1
-0.13079512119293,0.2033057436347,0.02337608486414,1
0.14577376842499,0.21061336249113,-0.084350228309631,1
-0.14963123202324,-0.16796792298555,0.0072268024086952,1
-0.062925279140472,-0.15272622182965,-0.04519409686327,1
-0.040926039218903,-0.07956812158227,0.022076152265072,1
0.16366058588028,0.16750406473875,0.12445171922445,1
-0.08582079410553,0.18513991683722,0.17123395949602,1
0.12468636035919,0.14626627415419,-0.0085800215601921,1
-0.061662316322327,-0.19417024403811,-0.0026863142848015,1
0.033594489097595,0.11221040040255,0.0091783031821251,1
-0.24096357822418,-0.099872526072431,0.0088237300515175,1
0.068991601467133,0.10868165642023,0.014244802296162,1
0.038979470729828,-0.12072356231511,-0.025792323052883,1
0.056667149066925,-0.28896411508322,0.038226209580898,1
-0.1374571621418,0.041672430932522,-0.086865775287151,1
-0.013683021068573,-0.044329114258289,-0.00082772225141525,1
-0.029924750328064,0.11367819458246,-0.0011572390794754,1
-0.26074653863907,-0.01706587523222,-0.013041011989117,1
-0.13189181685448,-0.19245225191116,0.084200240671635,1
-0.13406893610954,-0.050808683037758,-0.041233330965042,1
0.090009033679962,-0.12710165604949,-0.063708990812302,1
0.00013899803161621,-0.15624806657434,0.014952212572098,1
-0.09775573015213,0.15493824332952,-0.023795165121555,1
-0.15164819359779,0.011574350297451,0.039217136800289,1
-0.2262921333313,0.039022110402584,0.031626380980015,1
0.061081767082214,0.056646786630154,-0.01161602139473,1
-0.012536406517029,0.069162853062153,-0.016880743205547,1
-0.019384622573853,-0.12882854044437,-0.085360884666443,1
-0.23403361439705,-0.012229636311531,-0.0079487040638924,1
-0.15915769338608,-0.035765767097473,0.012085877358913,1
-0.11601835489273,0.072548903524876,0.015341110527515,1
-0.11768680810928,-0.14920470118523,0.21448684483767,1
-0.075076013803482,-0.07880544103682,-0.046671085059643,1
-0.097802639007568,-0.078850904479623,-0.02366978675127,1
0.15136212110519,0.2051835283637,0.07644060999155,1
-0.1292712688446,0.10571175068617,0.088007606565952,1
-0.052477866411209,0.034121431410313,-0.021446071565151,1
0.0050527453422546,0.11029567569494,-0.065471842885017,1
-0.18799078464508,0.12753512710333,0.16778389364481,1
-0.17418867349625,-0.071422135457397,0.036372669041157,1
0.053896188735962,-0.06247603148222,0.0011699870228767,1
-0.042888462543488,-0.24849761277437,-0.086189016699791,1
-0.017369866371155,0.076088197529316,0.010765701532364,1
0.02792626619339,0.14303461462259,0.015993312001228,1
-0.079956650733948,0.20791681855917,0.14653695374727,1
-0.026478826999664,-0.042754933238029,-0.017607294023037,1
-0.13980808854103,0.011746667325497,-0.0032990500330925,1
-0.027906477451324,0.050967164337635,-0.029410488903522,1
-0.0005183219909668,0.06174286454916,-0.020375281572342,1
-0.035725235939026,0.079988248646259,0.014691315591335,1
-0.19473707675934,0.0075027644634247,0.16151589900255,1
0.039285659790039,0.16742440313101,-0.0740130469203,1
0.09383624792099,0.073107220232487,-0.043547578155994,1
-0.16537874937057,0.11647989600897,0.050836019217968,1
-0.073139905929565,0.10930974036455,-0.016253285109997,1
-0.04482227563858,-0.0065548121929169,-0.02113414555788,1
0.001046895980835,-0.20281831175089,-0.0027974769473076,1
-0.21795773506165,0.026824168860912,0.08837915211916,1
-0.04718405008316,-0.072573538869619,-0.010603420436382,1
0.087622702121735,-0.083532197400928,0.0056937858462334,1
0.012600243091583,-0.10303792706691,-0.022430114448071,1
-0.050036787986755,-0.012182764708996,-0.0095236673951149,1
0.12237495183945,-0.19805547595024,0.064818061888218,1
-0.058334052562714,-0.017392888665199,0.0005793496966362,1
-0.24815234541893,-0.074858112260699,0.071886487305164,1
-0.11989432573318,-0.03689955919981,-0.046112589538097,1
-0.12964472174644,0.23777615278959,0.081315942108631,1
-0.044833242893219,0.19004061073065,0.12412560731173,1
-0.041138231754303,-0.05845658108592,-0.02476605027914,1
0.089303016662598,-0.20030055195093,0.19992149621248,1
-0.1936728656292,0.0037763118743896,0.046184964478016,1
-0.0095915794372559,0.083469070494175,-0.015345372259617,1
0.035886585712433,-0.09381150919944,-0.054687798023224,1
-0.17598393559456,0.11132895201445,-0.063794150948524,1
-0.044938385486603,0.015562027692795,-0.033491708338261,1
-0.081376075744629,0.23027815669775,0.071341045200825,1
0.065436363220215,-0.16231013834476,0.01275597512722,1
-0.13106697797775,-0.069099113345146,0.047668434679508,1
0.023034274578094,0.27164974063635,0.09924577921629,1
0.081904768943787,0.089691393077374,-0.048190973699093,1
-0.099950283765793,-0.16323051601648,0.06535255163908,1
-0.062146902084351,-0.1753109022975,0.081178240478039,1
0.025095582008362,0.070882610976696,-0.028419993817806,1
-0.018103778362274,-0.11566100642085,-0.011337421834469,1
-0.17243564128876,0.093024365603924,0.14572737365961,1
0.062721192836761,-0.051560036838055,-0.011684350669384,1
-0.058765739202499,0.087068848311901,0.0038522258400917,1
-0.078842103481293,0.04155457764864,-0.028228305280209,1
-0.10167077183723,0.22990193217993,0.040677770972252,1
-0.075222879648209,0.20063885301352,0.13201761990786,1
0.078491747379303,0.080061100423336,-0.022998690605164,1
-0.024601519107819,0.22833725064993,0.030177839100361,1
0.055092930793762,0.15019261091948,-0.036129429936409,1
-0.10587921738625,-0.057820297777653,-0.07532411813736,1
-0.04480391740799,-0.17034598439932,-0.0016859322786331,1
0.097813248634338,0.081334702670574,-0.029741413891315,1
0.11509144306183,-0.1102845678106,-0.074410729110241,1
-0.18968668580055,0.036408267915249,-0.075490154325962,1
-0.12275269627571,0.14433459192514,0.089828170835972,1
-0.11587089300156,0.11466205865145,-0.092007271945477,1
-0.068166226148605,0.038429789245129,-0.043435528874397,1
0.039081335067749,-0.13968592137098,-0.0063655450940132,1
0.085372269153595,-0.12787936814129,-0.041412942111492,1
0.16047835350037,0.15225400775671,0.1073132827878,1
-0.11534029245377,0.04170598834753,-0.053872860968113,1
0.12758141756058,-0.17625416070223,0.077147878706455,1
0.1220737695694,0.19880076497793,0.031173788011074,1
0.10138070583344,0.10039601475,-0.065115042030811,1
-0.0034691691398621,-0.079505585134029,0.017536543309689,1
0.17267483472824,-0.16611783951521,0.18927551060915,1
-0.045680344104767,-0.1842181161046,0.023493707180023,1
-0.088989287614822,-0.020874857902527,0.0065140798687935,1
0.11158055067062,0.16385354846716,0.019213572144508,1
-0.24705490469933,0.0050419867038727,-0.0086798146367073,1
-0.087860107421875,-0.048184171319008,-0.075882375240326,1
-0.053414523601532,0.10355327278376,-0.051724411547184,1
0.021165311336517,-0.19149869680405,0.026595570147038,1
-0.21019315719604,0.053632162511349,0.043187104165554,1
-0.039511501789093,0.055508740246296,-0.013510830700397,1
0.097337961196899,0.24518298357725,-0.073760882019997,1
0.063955128192902,0.080995388329029,-0.041743114590645,1
0.041336596012115,-0.070084109902382,-0.00042205303907394,1
-0.066383630037308,0.22501423209906,-0.060848064720631,0
0.07251912355423,-0.27677658945322,0.0029622763395309,1
0.03340619802475,-0.2126328125596,0.14472088962793,1
0.098888993263245,0.18249344080687,0.076210714876652,1
-0.0080755352973938,-0.11894061975181,0.01179002225399,1
0.14274823665619,-0.14046315103769,-0.095148734748363,1
0.015501797199249,0.23981451243162,0.1775630787015,1
-0.032079637050629,-0.16992311924696,0.022489361464977,1
-0.10629090666771,-0.018182970583439,-0.082548268139362,1
-0.16965103149414,0.11425187438726,0.17114091664553,1
-0.23427081108093,0.038123734295368,-0.070369876921177,1
-0.12946951389313,0.21680554002523,-0.034817807376385,0
0.043994188308716,0.06961927562952,-0.014958530664444,1
-0.033895432949066,-0.06553128734231,0.015630297362804,1
-0.19380635023117,0.073912911117077,0.076247192919254,1
-0.1063506603241,-0.20777570456266,0.10998832434416,1
0.1257985830307,0.18444462865591,-0.096171885728836,1
0.068901896476746,0.060177721083164,-0.035290561616421,1
-0.12675535678864,-0.050881907343864,0.0091280415654182,1
-0.1640692949295,0.048125140368938,0.063928954303265,1
-0.10263818502426,-0.013812534511089,-0.010551922023296,1
-0.14749643206596,0.13696805387735,-0.03035730868578,1
-0.14088803529739,-0.13775375112891,0.084683395922184,1
-0.050153344869614,-0.061889130622149,0.016359023749828,1
-0.10421386361122,0.093126691877842,0.013312451541424,1
0.14399975538254,-0.1800054833293,0.07917033880949,1
0.024135053157806,0.12427436560392,-0.013561464846134,1
-0.13297158479691,0.0052013844251633,-0.047791831195354,1
0.090294301509857,0.13888894766569,0.041097469627857,1
0.074943125247955,0.23259403556585,0.16053814440966,1
0.010573208332062,0.27499761432409,-0.052349738776684,1
-0.023236930370331,0.069043047726154,-0.0007932111620903,1
0.093348324298859,0.10810790210962,0.028180994093418,1
0.062012255191803,-0.051713511347771,0.0037568882107735,1
-0.17616507411003,0.089000515639782,0.176359154284,1
0.010451078414917,-0.10573443723843,0.0082615092396736,1
-0.11853784322739,-0.18728785961866,0.1730178669095,1
-0.078946709632874,-0.20359718799591,-0.041728094220161,1
-0.10240930318832,0.17582698911428,0.074725396931171,1
0.18177384138107,0.21241646260023,-0.0014442279934883,1
-0.087813407182693,0.093659423291683,0.011714048683643,1
-0.029498755931854,-0.15014725551009,-0.021836251020432,1
-0.13051000237465,0.069565139710903,-0.02124210447073,1
-0.1628066599369,0.096731208264828,-0.0014305636286736,1
-0.17392459511757,-0.088154290802777,0.18166763335466,1
0.083920359611511,-0.21265459805727,-0.0044921115040779,1
0.1983488202095,-0.19686648249626,0.031201414763927,1
0.021483600139618,-0.095907516311854,0.0028262361884117,1
0.038591384887695,-0.14095728099346,-0.070131614804268,1
0.10546201467514,-0.13503135740757,0.036997780203819,1
0.0063804388046265,0.25850551575422,0.044844336807728,1
-0.049175798892975,0.0088268145918846,0.0029959008097649,1
0.15225964784622,-0.20107466727495,-0.059804193675518,1
0.1680400967598,-0.16385256499052,0.11270230263472,1
-0.066791623830795,0.18094136565924,0.10901004821062,1
-0.11331516504288,0.11950684338808,0.025619678199291,1
-0.10121494531631,0.12711673229933,-0.086143724620342,1
-0.05486074090004,0.0011737868189812,-0.036705359816551,1
0.055069088935852,-0.08162366040051,-0.030361160635948,1
0.14694619178772,-0.18817447125912,0.19763100892305,1
-0.013575255870819,-0.20006448030472,-0.05218643695116,1
-0.098818093538284,-0.18394488841295,-0.036219626665115,1
-0.063615292310715,0.14314676076174,0.023984171450138,1
0.10940080881119,-0.24862290173769,0.06518280506134,1
0.13963848352432,0.1758980974555,-0.065074309706688,1
-0.12380042672157,-0.18963255733252,0.015254355967045,1
-0.087334036827087,-0.093778846319765,-0.060206986963749,1
0.10964876413345,-0.1992013156414,0.0070662349462509,1
0.21304404735565,0.19522281736135,0.1287752315402,1
-0.26604622602463,-0.0159917101264,0.0040638521313667,1
0.047488272190094,0.1902379617095,0.072387702763081,1
-0.23729962110519,-0.033022575080395,-0.040372215211391,1
-0.20237520337105,-0.026921734213829,0.17021728307009,1
-0.18603610992432,0.17580672353506,0.070642404258251,1
-0.10367175936699,-0.039867307990789,-0.05976963788271,1
0.0099998116493225,0.1046754643321,-0.023507729172707,1
-0.063717514276505,-0.091653860174119,0.030616633594036,1
0.042050361633301,0.12587375193834,-0.025153882801533,1
-0.13162326812744,0.052307046949863,-0.034517847001553,1
0.0092910528182983,0.21749328821898,0.18473476916552,1
-0.079774469137192,0.14431013911963,-0.011432625353336,1
0.044397175312042,-0.23785497993231,-0.0070390328764915,1
0.093269824981689,0.18566053360701,0.07121030241251,1
-0.011313498020172,-0.12827892415226,0.035984523594379,1
-0.043175995349884,-0.054676424711943,-0.036896504461765,1
0.15974497795105,0.2510437592864,0.015576012432575,1
0.093061923980713,0.14448090642691,0.023751839995384,1
0.021910905838013,0.064686380326748,0.0028811991214752,1
-0.05909737944603,0.25913571566343,-0.0080309808254242,1
-0.20260351896286,-0.069237511605024,0.1045600399375,1
0.065903306007385,-0.22824541479349,-0.090205937623978,1
-0.087558060884476,-0.18769886344671,0.024009048938751,1
0.12202805280685,-0.22561354190111,-0.018624678254128,1
-0.14712834358215,-0.14459735155106,0.026824198663235,1
-0.25437194108963,-0.018708758056164,-0.032513134181499,1
0.20775765180588,-0.2178006619215,0.0040938928723335,1
-0.068598359823227,0.040070734918118,-0.011676110327244,1
-0.01754903793335,-0.25485511869192,0.13142227381468,1
-0.044245660305023,0.047748275101185,0.0076635405421257,1
-0.16712322831154,0.089543886482716,-0.049126714468002,1
-0.11008808016777,-0.067124661058187,-0.016681306064129,1
0.0091490149497986,0.066574446856976,0.0059218853712082,1
-0.027072429656982,-0.20407599210739,-0.045104794204235,1
-0.031041741371155,0.14400132745504,0.051336906850338,1
-0.18273040652275,0.14637482911348,-0.02557810395956,1
0.030313193798065,0.11574804037809,0.019336380064487,1
-0.061603933572769,0.20455797761679,-0.023218289017677,1
0.092281818389893,-0.18894857168198,0.043380923569202,1
-0.14475172758102,0.16159268468618,-0.068034313619137,0
-0.13010534644127,0.17596908658743,0.11065454035997,1
-0.019226908683777,0.11913204938173,0.03009594976902,1
0.051453411579132,-0.059465482831001,-0.0073337405920029,1
-0.082076907157898,-0.026478491723537,-0.048205874860287,1
-0.039308130741119,0.10884390026331,-0.037923134863377,1
-0.0031552314758301,0.08457537740469,0.018852353096008,1
0.11784780025482,0.24751799553633,0.10504543036222,1
-0.11066755652428,0.2580830976367,0.027847610414028,1
-0.010486245155334,0.10815488547087,-0.015331208705902,1
-0.13484397530556,0.14674202352762,0.017861716449261,1
-0.078341156244278,-0.039739862084389,-0.052536807954311,1
-0.017934322357178,0.089949898421764,-0.042346008121967,1
-0.059659421443939,0.22808619588614,0.17497960478067,1
-0.028613984584808,-0.14092478901148,0.012139476835728,1
0.008416473865509,-0.070044672116637,-0.013282366096973,1
-0.12820953130722,0.13343610614538,-0.0066829100251198,1
-0.18445035815239,-0.10716752661392,-0.047912545502186,1
0.072267591953278,0.15738888829947,-0.092859994620085,1
0.036361575126648,0.071786008775234,-0.018415234982967,1
-0.11348298192024,-0.25947875529528,0.010906748473644,1
-0.04930591583252,-0.057606559246778,0.02157773822546,1
-0.10599061846733,0.12222076207399,-0.071002505719662,1
-0.12477734684944,0.12984602898359,-0.010971911251545,1
-0.098883867263794,0.069640688598156,0.019327692687511,1
0.051436364650726,-0.13810323551297,0.032459072768688,1
-0.031806707382202,-0.20755735784769,-0.0073106214404106,1
-0.10341715812683,-0.1813251376152,-0.059988752007484,1
-0.1179031431675,-0.24283798784018,0.067245967686176,1
-0.07185834646225,-0.26356697827578,-0.0029158890247345,1
-0.14357015490532,0.14475702494383,0.12710586935282,1
-0.15419718623161,-0.11864938214421,-0.045743070542812,1
0.015318632125854,-0.081200562417507,0.017388433218002,1
0.078438282012939,0.12617591768503,-0.052009530365467,1
-0.17978736758232,-0.037212766706944,0.014248229563236,1
0.14881974458694,0.20727463811636,-0.02784139662981,1
0.039077162742615,0.11361484974623,-0.01975854486227,1
-0.11024153232574,0.049458093941212,-0.0011377409100533,1
-0.24297493696213,0.074586100876331,0.020586900413036,1
-0.11394017934799,0.13527276366949,0.033924616873264,1
0.066741228103638,0.1847425326705,-0.010568171739578,1
0.0078321099281311,-0.074425090104342,0.0014545992016792,1
0.052737832069397,0.066530756652355,-0.00053899735212326,1
-0.019870281219482,0.20598741620779,-0.067109107971191,1
0.050860941410065,-0.11345759220421,-0.015157267451286,1
-0.010850191116333,0.062195830047131,-0.032210119068623,1
0.034489929676056,-0.16487712413073,-0.073760978877544,1
0.078679382801056,0.073124803602695,-0.0092839822173119,1
0.027140915393829,0.14275517314672,-0.046327941119671,1
0.11737871170044,0.094972126185894,0.013243637979031,1
0.10708057880402,-0.20451656728983,0.18688505142927,1
-0.074842721223831,0.10372824221849,0.0044086799025536,1
0.031454384326935,-0.12922422960401,-0.071450188755989,1
0.13740080595016,0.18292721360922,0.086190976202488,1
-0.16689440608025,0.066584251821041,0.067028529942036,1
-0.18167978525162,0.070514507591724,0.079728372395039,1
-0.14746382832527,0.035958133637905,0.034745611250401,1
-0.11332631111145,-0.24138810485601,0.029502905905247,1
-0.13447198271751,0.12093595415354,0.08099714666605,1
-0.12758567929268,-0.13134030252695,0.097149573266506,1
-0.016554474830627,0.068249098956585,0.013273634016514,1
-0.18399077653885,0.1341013982892,0.068400241434574,1
0.065788924694061,-0.076550921425223,-0.0091977268457413,1
0.0060931444168091,0.16217487305403,0.064237996935844,1
0.076196193695068,-0.12129151448607,0.016699574887753,1
-0.18597212433815,-0.032517060637474,0.013568870723248,1
0.016393303871155,-0.070455657318234,0.0050000697374344,1
0.016624748706818,-0.082139134407043,0.014534562826157,1
-0.15829095244408,-0.17195697873831,0.14834000915289,1
0.068776965141296,0.054992489516735,-0.017729707062244,1
-0.072863608598709,0.23310639709234,0.015852853655815,1
0.13209718465805,-0.17027620971203,0.21517354995012,1
0.067191660404205,0.065968088805676,-0.03033172339201,1
-0.12948295474052,-0.03480389714241,0.022124893963337,1
0.049680650234222,0.11980486661196,0.013972125947475,1
-0.19960927963257,-0.18841458112001,-0.0023240521550179,1
-0.24110281467438,-0.12498566135764,0.014040596783161,1
-0.16400256752968,-0.053547184914351,0.061841808259487,1
-0.02687019109726,0.13328444212675,0.045997284352779,1
0.029475212097168,0.19443785399199,0.10832037776709,1
-0.24193370342255,-0.071674173697829,0.013892017304897,1
-0.10288232564926,0.09747863560915,-0.024114049971104,1
0.032500207424164,-0.26413118094206,-0.030216321349144,1
0.068120181560516,-0.17529181391001,0.069673635065556,1
-0.20312702655792,-0.044219106435776,0.15720146149397,1
0.0061011910438538,0.11076398938894,-0.053171470761299,1
0.097607016563416,0.18726529926062,-0.015437595546246,1
0.017119467258453,-0.22269578278065,0.11360555142164,1
-0.07297357916832,-0.1577512472868,-0.0071865320205688,1
0.097622394561768,0.19023146480322,0.11691568046808,1
-0.18395289778709,0.033392824232578,0.19563568383455,1
0.049714267253876,-0.057014029473066,0.0034947991371155,1
-0.044879198074341,0.13311437517405,0.039937905967236,1
-0.22636833786964,0.080896891653538,-0.0573475882411,1
-0.081633657217026,0.25019862502813,0.12163830548525,1
-0.18133756518364,-0.17752323299646,0.11775425821543,1
0.13151174783707,-0.13425452262163,0.0079122558236122,1
0.036051094532013,-0.19999599456787,-0.071687169373035,1
-0.0093600153923035,-0.068105176091194,-0.01205675303936,1
0.10387992858887,-0.12458663247526,-0.058062113821507,1
-0.081375122070312,-0.048086691647768,0.016020201146603,1
0.18306440114975,0.21002920717001,0.083296872675419,1
-0.1467327773571,-0.087747380137444,-0.03421001881361,1
0.060974180698395,-0.1036365958862,0.024094261229038,1
-0.17327031493187,-0.14658056944609,-0.072122015058994,1
0.10831642150879,-0.20260015875101,-0.050685130059719,1
0.04549902677536,0.28852578252554,0.0049084275960922,1
-0.091484755277634,-0.034265525639057,-0.063832737505436,1
-0.062487542629242,0.087307386100292,0.025607712566853,1
-0.1881690621376,0.035486973822117,0.17591058462858,1
-0.0032632946968079,-0.14284956455231,-0.082936510443687,1
0.0085917711257935,-0.12087503820658,-0.031893961131573,1
-0.057505786418915,-0.062068443745375,-0.0093729719519615,1
-0.070908427238464,0.25737740844488,-0.0020904392004013,1
-0.03193062543869,-0.17483923584223,-0.04249944537878,1
0.016773104667664,-0.17166694253683,0.019930578768253,1
-0.18292811512947,0.0030154511332512,0.027876608073711,1
-0.24655824899673,0.074405319988728,0.059486843645573,1
-0.14185366034508,0.0079582184553146,0.047325201332569,1
0.095206558704376,0.24125852435827,-0.089732117950916,1
-0.063788950443268,0.059407077729702,-0.069759242236614,1
0.10484170913696,0.079668454825878,-0.0084808543324471,1
0.038484752178192,0.066332332789898,-0.016865894198418,1
0.019617557525635,-0.06757453083992,-0.0030506402254105,1
0.010333120822906,-0.075536979362369,0.0050948411226273,1
0.1710479259491,0.15428002923727,0.015140064060688,1
0.0065180063247681,0.13965713232756,-0.0032286122441292,1
-0.045946061611176,-0.23093531280756,-0.045076288282871,1
0.077610075473785,0.088390357792377,0.025102265179157,1
-0.041356861591339,-0.20854961872101,0.13321752101183,1
-0.045027256011963,0.20749514549971,-0.057855576276779,1
-0.11461713910103,0.10006334632635,-0.011094652116299,1
-0.18296247720718,-0.016106143593788,0.02109906822443,1
0.082119822502136,-0.059321045875549,0.011854417622089,1
-0.10619872808456,0.056778110563755,0.022806085646152,1
-0.12755554914474,0.099889360368252,0.00010117143392563,1
0.010951578617096,-0.14142749458551,0.035693563520908,1
0.15794235467911,-0.22606167942286,0.0760203525424,1
-0.22831866145134,-0.026094384491444,0.01143503934145,1
-0.072778224945068,-0.19913061708212,-0.02605889737606,1
-0.19740191102028,-0.16669907420874,0.11304081231356,1
0.12272238731384,0.20520996302366,0.1324712857604,1
0.036304891109467,-0.1603685580194,-0.076079063117504,1
0.11865705251694,-0.17965349555016,0.1076750382781,1
-0.094327569007874,0.024866111576557,-0.021372102200985,1
-0.17404523491859,0.10059984773397,0.14353365451097,1
-0.13038811087608,-0.10850328486413,-0.025825373828411,1
0.10863107442856,-0.12590659968555,-0.021128125488758,1
0.16694778203964,-0.1677413508296,-0.055035494267941,1
0.16407054662704,-0.23115656524897,0.10725297778845,1
-0.19500261545181,0.081126533448696,0.17651527374983,1
0.024321258068085,-0.066657181829214,-0.01540768891573,1
-0.065202653408051,-0.24501708894968,-0.0042848959565163,1
0.0062687397003174,-0.22591885179281,-0.04996195435524,1
-0.062404900789261,0.00099333375692368,-0.023258455097675,1
-0.055825591087341,0.082988195121288,-0.056871436536312,1
-0.25788381695747,0.070846818387508,-0.0042441859841347,1
-0.060156941413879,0.089536659419537,0.031232960522175,1
0.16509485244751,0.14982265979052,0.033054672181606,1
0.048309981822968,-0.21488495916128,0.14112248271704,1
-0.14707320928574,-0.0014708563685417,-0.096270002424717,1
-0.054557710886002,-0.10083753749495,-0.0045302584767342,1
0.011051416397095,-0.06802025064826,0.003013588488102,1
0.033288061618805,-0.19020079821348,0.094563789665699,1
0.1138042807579,-0.13938942551613,0.038354478776455,1
-0.14568731188774,-0.099044407601468,0.073287941515446,1
0.13635289669037,0.11600390821695,-0.042134441435337,1
0.011169493198395,0.094407878816128,-0.04622895270586,1
-0.092645764350891,-0.059756089001894,-0.049949333071709,1
-0.008793830871582,0.17703967541456,-0.08626651018858,1
-0.093801021575928,0.16542103141546,0.12115456908941,1
-0.15510141849518,0.029812730848789,-0.088659532368183,1
0.1509171128273,-0.20352321863174,-0.056530453264713,1
0.082426846027374,0.096501372754574,0.018567472696304,1
-0.18337380886078,-0.057262267917395,0.028929986059666,1
0.10661399364471,-0.2146604731679,0.13233206421137,1
-0.087367087602615,0.20715897530317,0.18673019856215,1
0.057515442371368,0.23279633373022,0.018345974385738,1
0.043084800243378,-0.052207581698895,0.00189258903265,1
-0.024958193302155,0.067266501486301,-0.019495658576488,1
0.069945275783539,-0.15714382752776,-0.058075979351997,1
-0.017486989498138,-0.27257917076349,0.017310455441475,1
-0.020024597644806,-0.21327424794436,0.11835844069719,1
-0.060814410448074,0.11000088602304,-0.012422256171703,1
-0.14286521077156,-0.034154884517193,0.00024361163377762,1
0.081524908542633,-0.096130014164373,0.023728057742119,1
-0.10339224338531,0.20852749794722,0.070838831365108,1
0.06999945640564,-0.25788471847773,-0.08371664211154,1
0.22201573848724,-0.20882783085108,0.061371676623821,1
-0.16774868965149,0.083888597786427,-0.066761858761311,1
0.0039472579956055,0.081518642604351,-0.02990984916687,1
0.10207062959671,-0.11269311420619,-0.0059865936636925,1
0.12439346313477,0.10833201557398,0.028693743050098,1
0.12779027223587,-0.16923651099205,0.071023471653461,1
0.19488936662674,-0.20480247586966,0.1176453307271,1
-0.058528214693069,-0.094340235926211,-0.043471343815327,1
-0.005517303943634,-0.074349300935864,-0.01812481880188,1
-0.23651626706123,0.09506418555975,0.098331190645695,1
-0.068621307611465,-0.23934281617403,0.0055891200900078,1
0.04854142665863,0.084535606205463,-0.037525922060013,1
-0.23062291741371,0.094509415328503,0.094160415232182,1
0.076268494129181,-0.24725797027349,0.06242012232542,1
-0.13182452321053,0.16090979427099,0.12423717230558,1
0.21178108453751,-0.20978382229805,0.024963311851025,1
0.016991913318634,0.25004088133574,0.12352154403925,1
-0.13636979460716,-0.1277075484395,0.12436094135046,1
-0.13236486911774,-0.1167178247124,-0.099028430879116,1
0.1380860209465,-0.22507826238871,-0.020698495209217,1
-0.094431400299072,0.14530604332685,0.049760155379772,1
0.052271068096161,-0.058161240071058,-0.0087965130805969,1
-0.14573302865028,-0.095683916006237,-0.049977697432041,1
0.074009418487549,0.062624715268612,-0.03837725520134,1
0.047802746295929,-0.20178613811731,-0.014534071087837,1
0.12844687700272,-0.2665303722024,0.01043751090765,1
-0.20010644197464,0.12438317388296,0.036266781389713,1
0.04677426815033,0.084849901497364,-0.02388321608305,1
-0.12482300400734,0.012234516441822,0.04735054820776,1
-0.034821510314941,0.006883442401886,-0.00470320135355,1
-0.12488865852356,0.12231311947107,-0.036374978721142,1
-0.12711894512177,0.14735750108957,-0.039777927100658,0
0.077309370040894,0.11096229404211,-0.031886711716652,1
-0.13825410604477,0.085289560258389,-0.03446389734745,1
-0.16953173279762,-0.14360922202468,-0.0018153712153435,1
-0.24191245436668,-0.013521820306778,0.064403258264065,1
-0.073444455862045,-0.18130300194025,0.19859675318003,1
-0.038100600242615,0.085503496229649,-0.030648402869701,1
-0.097425162792206,-0.14728286489844,0.092492558062077,1
-0.0023740530014038,-0.17108687758446,-0.063133493065834,1
-0.047110378742218,-0.026809856295586,0.0041452124714851,1
-0.081529647111893,-0.16788218915462,0.038357585668564,1
0.070815026760101,-0.093217721674591,-0.017693966627121,1
0.12191420793533,0.21925371140242,0.068895243108273,1
-0.1757099032402,0.14704153686762,0.10709071904421,1
0.019493818283081,-0.16111344844103,0.00039442628622055,1
-0.26391589641571,0.047306381165981,0.049252144992352,1
-0.21055004000664,0.097659610211849,0.13247958570719,1
-0.064446926116943,0.04973266273737,-0.0069779381155968,1
0.13371950387955,-0.11027407925576,0.040101327002048,1
-0.0053052306175232,0.2777646407485,0.0043311789631844,1
-0.10872822999954,-0.22574882954359,0.144118078053,1
-0.099974364042282,-0.10242650588043,-0.011819712817669,1
-0.25872752070427,0.038433723151684,0.070521213114262,1
-0.05289500951767,0.091695062816143,-0.026614151895046,1
-0.017399847507477,0.16078221052885,0.038202248513699,1
0.071012675762177,-0.089654017239809,0.012864351272583,1
0.14366292953491,0.18469550460577,0.041790276765823,1
0.16127163171768,0.18670835345984,-0.026495136320591,1
-0.016348481178284,-0.26938656717539,0.10609278827906,1
-0.18594545125961,-0.080803547054529,-0.078364454209805,1
0.06556499004364,0.21518480032682,0.010070167481899,1
-0.017078876495361,0.12085833400488,0.016495779156685,1
0.035026550292969,0.062559388577938,-0.014684751629829,1
-0.052548736333847,0.23455443233252,0.13727355748415,1
-0.17032453417778,-0.088965328410268,-0.082916550338268,1
-0.039700746536255,-0.054567366838455,0.017931811511517,1
0.036105871200562,0.13613828271627,0.0097723677754402,1
-0.10872310400009,-0.22685297578573,0.050130777060986,1
-0.21089541912079,-0.055313020944595,0.14689590781927,1
0.16358345746994,0.19295697659254,0.13536383956671,1
-0.13895922899246,-0.096963219810277,-0.085797794163227,1
0.10308009386063,0.18078132718801,0.04272722452879,1
-0.17845997214317,-0.11514601390809,0.088719435036182,1
-0.095930606126785,0.065706618130207,0.0196578130126,1
-0.11312186717987,-0.050470814108849,-0.0064005777239799,1
0.091724634170532,0.1079219058156,0.023249186575413,1
-0.030544102191925,-0.065812312066555,0.014728046953678,1
0.12437027692795,0.1473907455802,-0.059890165925026,1
-0.1185889840126,0.19263180345297,-0.064614586532116,0
0.1677662730217,0.19527345150709,-0.021529853343964,1
0.12259024381638,-0.21216730028391,-0.091407552361488,1
-0.095631629228592,0.12181966751814,0.011165000498295,1
-0.038478493690491,0.026249893009663,-0.00010047107934952,1
-0.03942996263504,-0.18980038911104,-0.044576853513718,1
-0.18389016389847,-0.10901497676969,-0.033040478825569,1
-0.005126416683197,-0.17362913489342,-0.050898686051369,1
0.031170547008514,-0.16436629742384,-0.087392743676901,1
0.13458240032196,0.26390349119902,0.017772875726223,1
0.13915282487869,0.24072029441595,-0.077188767492771,1
-0.046424925327301,-0.25418376177549,0.05107656866312,1
-0.10797393321991,0.17147394269705,0.13376068323851,1
0.20796072483063,0.18668641895056,0.1242795214057,1
0.13271379470825,0.15005727857351,-0.059112600982189,1
-0.063876181840897,0.12894926220179,0.041402049362659,1
-0.055591583251953,0.017705865204334,-0.048413686454296,1
0.0079482197761536,0.059278093278408,-0.0038412287831306,1
-0.15018147230148,0.11497370153666,-0.065974466502666,1
-0.058384716510773,0.044309981167316,7.2814524173737e-05,1
-0.028574109077454,-0.23108183592558,0.052150517702103,1
-0.14502859115601,-0.1060648187995,0.080602042376995,1
-0.019567847251892,0.076258681714535,-0.0019510313868523,1
-0.012816727161407,-0.090279960073531,-0.016728691756725,1
-0.036188542842865,-0.26775325089693,0.025351546704769,1
-0.08108326792717,0.21348582953215,-0.012079872190952,0
-0.21273696422577,0.15849160403013,0.033854626119137,1
-0.046820163726807,0.015741787850857,-0.017738915979862,1
-0.23384779691696,-0.0027040913701057,-0.054087467491627,1
0.036868691444397,0.094564847648144,-0.024157717823982,1
-0.10940384864807,0.10031511634588,-0.04594648629427,1
-0.10541146993637,0.090076513588428,-0.080686144530773,1
-0.079106688499451,-0.021203145384789,0.024572215974331,1
-0.1129344701767,-0.070424096658826,-0.027407601475716,1
0.076280355453491,0.24055477231741,-0.077709138393402,1
-0.21268737316132,-0.049304246902466,0.12050553411245,1
0.17136132717133,0.17672451585531,0.076246328651905,1
-0.17982661724091,0.020392388105392,0.10610734671354,1
-0.10490411520004,-0.16911790519953,0.054644219577312,1
0.00031006336212158,0.07560908049345,-0.012599967420101,1
0.11785399913788,0.11303090304136,0.027288064360619,1
-0.25060749053955,-0.025449432432652,0.063904009759426,1
-0.14716708660126,-0.10374596714973,-0.0014121606945992,1
-0.17999982833862,0.017578959465027,0.12824138253927,1
-0.0049685835838318,-0.097925534006208,-0.056301616132259,1
-0.0086272358894348,-0.14591193199158,-0.068217203021049,1
0.048632442951202,0.16152130812407,0.040098108351231,1
-0.058685600757599,0.048532076179981,-0.0069189295172691,1
-0.14112305641174,0.13494326919317,0.05454907566309,1
0.0035382509231567,0.22382505983114,0.15159357339144,1
0.098918676376343,0.20011561363935,0.090203173458576,1
-0.11903235316277,-0.22702784091234,-0.0051282942295074,1
-0.12478598952293,-0.061385005712509,-0.07276126742363,1
-0.0093094706535339,0.2555393204093,0.048174776136875,1
0.11293435096741,0.23122408241034,0.15708900243044,1
-0.061437457799911,-0.10865754075348,-0.021990641951561,1
0.068789899349213,-0.22559908777475,-0.074309892952442,1
-0.014635026454926,-0.035259336233139,0.0032551363110542,1
-0.1333182156086,-0.13538581505418,-0.065591566264629,1
-0.10189333558083,0.23760255426168,0.0017592310905457,1
-0.085791289806366,0.019847765564919,0.010123915970325,1
0.00030744075775146,0.18259995430708,0.079612858593464,1
-0.011372327804565,0.12992528825998,0.031952194869518,1
0.1640984416008,0.16243835538626,-0.067788645625114,1
-0.076324552297592,-0.22568292170763,-0.075061924755573,1
-0.0081690549850464,-0.061877969652414,-0.033592365682125,1
0.04268354177475,-0.073253186419606,-0.007998563349247,1
0.027880668640137,-0.22556307166815,0.1710040345788,1
-0.20152908563614,0.066047765314579,-0.040435872972012,1
0.10924530029297,-0.26072781533003,0.0046040639281273,1
0.094810783863068,-0.19050693511963,0.11981054395437,1
-0.1339473426342,-0.061485964804888,0.062308125197887,1
-0.17290225625038,-0.019272267818451,-0.01417651027441,1
-0.059649139642715,0.0027695745229721,0.018676899373531,1
-0.19927704334259,-0.058946043252945,0.1057153865695,1
-0.093923091888428,0.20962872356176,0.17181707173586,1
-0.059006810188293,-0.012297600507736,0.019458256661892,1
-0.13155955076218,0.14036232978106,0.20049590617418,1
-0.086846679449081,0.24719711393118,-0.014048099517822,0
0.035272181034088,-0.26508785039186,0.034313432872295,1
-0.0038695931434631,0.21609737724066,0.13677305728197,1
-0.05100804567337,0.025864876806736,-0.0013889446854591,1
-0.18533045053482,0.03417331725359,-0.050509087741375,1
-0.094292819499969,0.12381168454885,-0.079465635120869,1
-0.039927184581757,-0.20778601616621,0.0081073865294456,1
-0.043760597705841,-0.049008872359991,0.0030977204442024,1
-0.0940922498703,0.022547610104084,0.0049359127879143,1
-0.1684473156929,0.14452793449163,0.027606658637524,1
-0.089082270860672,0.14376022666693,0.03089501708746,1
-0.0069594383239746,0.18540038913488,-0.011660687625408,1
0.089557528495789,0.076584719121456,-0.064190819859505,1
0.094419300556183,0.078726194798946,0.012862391769886,1
-0.1703790128231,0.063407130539417,0.13466805964708,1
-0.17959755659103,-0.17839955538511,-0.01283722370863,1
-0.19961217045784,-0.10665870737284,0.13832402974367,1
0.15007972717285,0.24152167886496,-0.051353067159653,1
0.13891619443893,-0.21576546877623,-0.06754308193922,1
-0.18966192007065,-0.17178495228291,0.013283021748066,1
0.075469553470612,0.19613268226385,-0.085090700536966,1
0.10707187652588,0.11919010430574,-0.0023145899176598,1
-0.0066119432449341,0.14279932528734,-0.0043309852480888,1
-0.061056762933731,-0.056335180997849,-0.043361507356167,1
-0.10633924603462,-0.0054591074585915,0.01575518399477,1
-0.21779569983482,-0.001005582511425,-0.074448570609093,1
-0.031622409820557,-0.047945387661457,-0.0060179010033607,1
-0.13863691687584,-0.12695019133389,0.018105901777744,1
0.079695641994476,0.10895799845457,-0.0016570389270782,1
-0.17703256011009,-0.1657997444272,0.023451425135136,1
0.1424532532692,-0.20040932297707,0.11776236444712,1
0.059415936470032,0.21560313552618,0.075927533209324,1
0.079699873924255,-0.22435662895441,-0.010463796555996,1
-0.18536967039108,0.15161194652319,0.035679452121258,1
0.03640741109848,0.13596869260073,0.0086516886949539,1
-0.15456458926201,0.067043207585812,-0.092492014169693,1
0.1634059548378,-0.18116324394941,0.14352489262819,1
-0.14509654045105,-0.22009484469891,0.030066780745983,1
-0.19217777252197,-0.17200668156147,-0.052080683410168,1
0.098623752593994,0.17385225743055,-0.0023913756012917,1
-0.061868041753769,0.15455593913794,0.045159883797169,1
0.089362859725952,0.14191719144583,-0.045264542102814,1
-0.00052952766418457,0.2652281448245,-0.012867636978626,1
-0.050141215324402,0.00066211074590683,-0.025515392422676,1
-0.18425622582436,-0.028313860297203,0.21054662019014,1
-0.051705032587051,-0.097593392711133,-0.048189036548138,1
-0.068413317203522,0.087326429784298,-0.039847709238529,1
0.11673456430435,-0.2008949816227,0.18761680275202,1
-0.077055931091309,-0.17548129707575,0.03276289999485,1
0.010162711143494,0.11077987402678,0.0073669329285622,1
0.055779159069061,0.17404871433973,0.066397152841091,1
0.04182380437851,-0.084441378712654,0.015855200588703,1
0.14787238836288,-0.15842081233859,-0.09941890090704,1
-0.061562776565552,-0.18313454836607,0.061283253133297,1
0.087662279605865,0.075884900987148,0.00087498873472214,1
0.02075332403183,-0.083974888548255,0.016354329884052,1
-0.027717113494873,0.075556509196758,-0.022206895053387,1
-0.1633817255497,-0.078741066157818,0.16991328448057,1
-0.12475830316544,0.15720751136541,0.11676717549562,1
-0.013812243938446,-0.10646232590079,0.029751606285572,1
0.083372533321381,0.20148652046919,0.12327716499567,1
0.12534070014954,-0.21951458603144,-0.031301662325859,1
0.056062161922455,-0.1986585482955,-0.0128493309021,1
-0.019450664520264,-0.18882068246603,0.037134580314159,1
0.013540267944336,-0.17510797083378,-0.046309605240822,1
0.15795427560806,0.24347623437643,0.02512264251709,1
0.0061991810798645,0.21231161803007,0.15853198617697,1
-0.23924213647842,0.065246723592281,-0.034375369548798,1
-0.034794449806213,0.11343166977167,0.0091245323419571,1
0.095626413822174,-0.10852872207761,-0.036973781883717,1
-0.035449802875519,-0.027628794312477,0.0048847272992134,1
0.08319354057312,0.20283632725477,0.06480249017477,1
-0.087284564971924,-0.084146663546562,-0.018569938838482,1
-0.072160571813583,-0.035765416920185,-0.044141486287117,1
0.069269001483917,-0.23885599523783,0.067439660429955,1
-0.11929750442505,0.037388704717159,0.040143482387066,1
0.15419977903366,-0.18845990300179,0.051264964044094,1
-0.066797882318497,0.17056372016668,0.091156385838985,1
-0.12408834695816,0.14749402552843,-0.082675032317638,1
0.0019868612289429,0.083210073411465,0.0086712315678596,1
-0.0062748193740845,-0.13226345926523,-0.0079796090722084,1
-0.13962680101395,-0.07044567912817,0.05695316940546,1
-0.11861419677734,0.10624737292528,-0.088073290884495,1
-0.016406357288361,-0.073433931916952,0.002258762717247,1
0.066496908664703,0.13079514354467,0.0052725747227669,1
0.034442126750946,-0.1306676864624,-0.036198832094669,1
-0.1234757900238,-0.11974764987826,0.024137176573277,1
-0.26470085978508,0.013020746409893,0.014888532459736,1
-0.10232502222061,0.025291703641415,-0.080288253724575,1
0.06374603509903,-0.16278599947691,0.029705703258514,1
0.020152449607849,0.11608345061541,0.0092325881123543,1
-0.2486680150032,-0.058668646961451,0.031310327351093,1
-0.11961674690247,-0.030085481703281,-0.018487833440304,1
0.023433923721313,0.071617640554905,-0.029157042503357,1
0.085235714912415,0.099219180643559,-0.011893272399902,1
0.034612357616425,-0.18107757717371,0.055661790072918,1
-0.13483911752701,0.094551123678684,0.0020952001214027,1
-0.1619668006897,-0.15410526841879,0.024190314114094,1
-0.060842365026474,-0.091660156846046,-0.072425372898579,1
-0.062659591436386,-0.21322737634182,0.11914170533419,1
-0.13534832000732,0.016996562480927,-0.096390523016453,1
0.066561758518219,0.21722792834044,-0.070624083280563,1
0.058928310871124,-0.22868680208921,-0.0026519447565079,1
-0.11387625336647,0.009017139673233,0.021966017782688,1
0.12073040008545,0.2391554042697,0.12799086421728,1
-0.0047318339347839,0.12922986596823,-0.053230442106724,1
0.1972690820694,-0.18100564181805,0.050052665174007,1
-0.12416988611221,0.047865264117718,-0.054567813873291,1
0.076486468315125,0.13113830238581,-0.010871812701225,1
0.083400309085846,-0.083947595208883,-0.00029715150594711,1
0.04857325553894,0.09718731790781,0.0071850493550301,1
-0.1657457947731,-0.07882334291935,0.070622153580189,1
0.11811035871506,0.1660987958312,-0.047620810568333,1
-0.017587721347809,-0.078402936458588,-0.035362780094147,1
0.12084710597992,-0.26919237524271,0.053085811436176,1
0.075006723403931,-0.054929159581661,0.0048216953873634,1
-0.1666941344738,-0.1268137935549,0.099484480917454,1
-0.083812415599823,0.18120300024748,-0.078728996217251,0
-0.12154480814934,-0.062693800777197,-0.05687253177166,1
0.003569483757019,0.12578328698874,-0.0048107579350471,1
0.082384824752808,0.15967493504286,-0.0004294142127037,1
-0.12376573681831,0.11994201689959,0.00050083547830582,1
-0.12884935736656,0.23857628554106,0.036097384989262,1
0.041209518909454,0.25688790529966,-0.014031372964382,1
0.036776602268219,0.086554639041424,0.00077187269926071,1
0.0013943910598755,-0.1250289157033,0.020600371062756,1
0.18986177444458,0.17601274698973,-0.063851289451122,1
0.16322773694992,-0.18136160820723,0.11999327689409,1
-0.1961290538311,-0.080950349569321,-0.050567850470543,1
-0.17301872372627,-0.081249564886093,0.18772818893194,1
-0.0087132453918457,0.083868063986301,0.020721912384033,1
0.10894185304642,-0.12220475450158,0.021145917475224,1
-0.060099363327026,0.055410660803318,0.011472322046757,1
0.17282497882843,-0.24810513108969,0.087439574301243,1
-0.2015272974968,-0.15700286999345,0.071784637868404,1
0.0080335140228271,-0.090444518253207,0.0067218616604805,1
-0.013987123966217,0.19319727271795,0.060703121125698,1
-0.027675688266754,-0.11805481091142,-0.057265512645245,1
0.031008899211884,-0.15768030285835,0.015440098941326,1
0.042913854122162,-0.055785357952118,-0.00091248005628586,1
-0.064616352319717,0.14840284734964,-0.07798994332552,1
0.0058627128601074,0.21570237725973,0.099199362099171,1
0.028997778892517,0.26495488733053,0.089204616844654,1
-0.14208582043648,-0.2101581916213,0.12379518896341,1
0.01468825340271,0.068903379142284,0.0072701796889305,1
-0.059580147266388,0.17015042155981,-0.038758650422096,1
0.011828720569611,-0.16435376554728,0.022198729217052,1
-0.045079708099365,0.19904061406851,0.15515977889299,1
0.16904282569885,0.23127283900976,-0.032618701457977,1
0.030787289142609,-0.090695922262967,0.01743621379137,1
-0.19801363348961,0.016350880265236,0.08817645162344,1
-0.05571636557579,-0.12110655754805,0.033347308635712,1
-0.067604690790176,-0.044719506055117,-0.043026335537434,1
0.034793734550476,0.24068900197744,-0.039280340075493,1
-0.037736713886261,-0.0011942610144615,-0.018214292824268,1
0.14259606599808,-0.12154198810458,-0.023809753358364,1
-0.10713431239128,0.15468921512365,0.051569260656834,1
-0.078032106161118,-0.16066282987595,-0.02416467666626,1
0.02689802646637,0.090764887630939,-0.031829327344894,1
-0.20086139440536,-0.10713013354689,0.1522349640727,1
-0.071774840354919,-0.19947494566441,0.18125606328249,1
0.032442271709442,-0.09396838536486,0.011415027081966,1
0.17997306585312,0.20015995949507,-0.020751692354679,1
0.11063611507416,0.087210170924664,-0.082515187561512,1
0.15330559015274,0.22710626572371,0.029595874249935,1
-0.23960572481155,0.12030255049467,0.039193965494633,1
0.011524319648743,-0.062740951776505,-0.015487484633923,1
0.057493805885315,-0.091057427227497,-0.017687305808067,1
-0.087747633457184,-0.1251394059509,0.030307658016682,1
0.092593550682068,0.19448976963758,0.082086332142353,1
-0.016929626464844,0.22862916439772,-0.081019304692745,1
0.019837975502014,-0.22548916190863,-0.048099555075169,1
-0.25813046097755,0.061446703970432,0.050172127783298,1
0.032082438468933,0.15787490457296,0.050635971128941,1
0.071768403053284,-0.19915107637644,0.16605619341135,1
0.095058500766754,0.19701974838972,-0.010039053857327,1
0.037444233894348,0.12453941255808,-0.045322723686695,1
0.1115705370903,-0.19816175848246,0.092431716620922,1
-0.079971134662628,-0.090944284573197,-0.069660000503063,1
-0.035968124866486,0.16507210582495,-0.046274855732918,1
0.004752516746521,-0.27182335406542,0.036840595304966,1
0.13661324977875,-0.1987816542387,-0.083990715444088,1
-0.082901954650879,-0.013013862073421,0.014146856963634,1
-0.19403433799744,-0.12493096292019,0.15142261236906,1
-0.029680550098419,-0.21141977608204,0.18625731021166,1
0.048340857028961,-0.087182651273906,-0.034515984356403,1
-0.054853439331055,-0.20289355516434,0.18834341317415,1
0.069073259830475,0.12519759684801,-0.0077615976333618,1
-0.036679923534393,-0.01171562820673,0.0011204853653908,1
0.065155506134033,-0.12551386468112,-0.0059397965669632,1
0.08317095041275,-0.26334559172392,0.073179982602596,1
-0.16605949401855,0.00072236359119415,-0.028760485351086,1
-0.066424489021301,-0.18478961288929,0.054673880338669,1
-0.18093648552895,0.053432978689671,0.061712972819805,1
-0.040908753871918,0.076958023011684,-0.056070528924465,1
0.058017671108246,-0.074058923870325,-0.025018438696861,1
-0.046058118343353,-0.11150145623833,-0.036873906850815,1
-0.1119150519371,-0.04512295126915,-0.037001751363277,1
-0.10722035169601,0.2353692278266,0.030186302959919,1
0.177330493927,0.1757150515914,0.067750096321106,1
0.076633632183075,0.29078631848097,0.044256091117859,1
-0.075181603431702,-0.086718336679041,-0.064910225570202,1
0.044673562049866,0.10659033805132,-0.041230998933315,1
-0.1458934545517,0.16854300349951,0.022341124713421,1
-0.058210432529449,0.011538103222847,-0.012937881052494,1
-0.0023335814476013,0.2906630858779,0.045980349183083,1
-0.074085801839828,0.027661703526974,-0.039726689457893,1
-0.056345701217651,-0.0088673457503319,-0.0017023161053658,1
-0.0068432092666626,0.09724173694849,-0.011572778224945,1
-0.17111894488335,-0.18565548211336,0.00077737122774124,1
0.0083394646644592,-0.083269827067852,0.0087511092424393,1
0.091674387454987,-0.24489135295153,0.001834936439991,1
0.054155290126801,-0.072418123483658,-0.0028213188052177,1
0.12167674303055,-0.15814000368118,0.055536232888699,1
-0.035209953784943,-0.28414841741323,0.079312153160572,1
0.013743042945862,0.10845192521811,0.0051387473940849,1
0.071964621543884,-0.09639505436644,0.023474529385567,1
-0.096972763538361,0.023130640387535,0.034129403531551,1
-0.033926844596863,-0.15649098902941,-0.021652944386005,1
0.0048257112503052,0.10065551847219,-0.028429880738258,1
0.045886814594269,0.070898808538914,0.0042232945561409,1
0.0596804022789,0.12574229389429,0.032756172120571,1
-0.11882522702217,0.22618936747313,0.025019593536854,1
-0.053672730922699,0.1113264337182,-0.08446142077446,1
-0.15352827310562,-0.015637680888176,-0.00057073682546616,1
0.0027231574058533,0.17830260843039,0.035483501851559,1
-0.11639946699142,0.1929814144969,-0.074217967689037,0
0.022464573383331,0.19569342583418,0.11404103785753,1
-0.042556583881378,0.059109278023243,-0.056857697665691,1
-0.037901103496552,0.10827585309744,0.0049310475587845,1
-0.062824308872223,0.19218572229147,0.13565842062235,1
-0.18582388758659,-0.064982816576958,0.19950128346682,1
-0.011768758296967,0.1070988997817,-0.0004643052816391,1
-0.23367303609848,0.060835294425488,0.10179332643747,1
-0.15013718605042,-0.020855367183685,0.0093797519803047,1
-0.0098674893379211,0.24966373294592,0.11958787590265,1
0.13470548391342,0.17400225251913,0.13688973337412,1
-0.16708147525787,0.16597860306501,-0.086358733475208,1
-0.137332290411,-0.13199621811509,0.17532350867987,1
-0.084484279155731,0.17305960506201,-0.015762560069561,0
-0.096287041902542,-0.067878596484661,0.0056099072098732,1
-0.084066390991211,0.26107089966536,0.085979722440243,1
-0.047312438488007,-0.019307717680931,0.010085143148899,1
0.18144309520721,-0.17011022567749,0.036304973065853,1
0.062917768955231,0.18290876597166,-0.060214951634407,1
-0.10071912407875,-0.1729653775692,-0.0085407420992851,1
-0.24053546786308,0.029324598610401,-0.025084726512432,1
-0.20934557914734,0.16581758111715,-0.025560386478901,1
0.058611214160919,0.21149577945471,-0.0042561814188957,1
-0.0048820972442627,-0.07450894266367,-0.0062687918543816,1
-0.15146681666374,0.20045226067305,0.087601624429226,1
0.020778954029083,-0.083954442292452,-0.04425160586834,1
0.017630159854889,0.089897386729717,-0.0078175440430641,1
-0.073423475027084,-0.049659289419651,0.018772207200527,1
-0.02818888425827,0.081404559314251,0.016580663621426,1
-0.014072954654694,-0.061732102185488,0.00027628988027573,1
-0.02191025018692,0.054403819143772,-0.0036253556609154,1
-0.061245918273926,0.13685863465071,0.050744034349918,1
0.064431607723236,0.068815194070339,-0.00802231580019,1
-0.10437414050102,-0.014980800449848,-0.015616066753864,1
0.11251193284988,0.20400267094374,-0.072745136916637,1
-0.038627684116364,0.17956449836493,-0.050063714385033,1
0.058294713497162,-0.058407574892044,-0.01657023280859,1
0.09488970041275,-0.25049010664225,0.09688288718462,1
0.18445730209351,0.17255514115095,0.14609193056822,1
-0.20639780163765,-0.078625407069921,0.14380402117968,1
-0.19098722934723,0.06449580937624,-0.041232734918594,1
-0.24438807368279,-0.040155999362469,0.12721987813711,1
-0.22364261746407,0.019826747477055,0.03548277169466,1
0.16423320770264,-0.1876817047596,0.050341449677944,1
-0.064862132072449,0.18350540846586,0.14666844159365,1
-0.14234665036201,-0.16943829506636,0.16189274936914,1
0.012584209442139,0.13701697438955,0.011109918355942,1
-0.17509433627129,-0.12168822623789,0.1746489033103,1
-0.0073896646499634,-0.076049774885178,0.011339031159878,1
0.15003216266632,0.18295361846685,0.11595716327429,1
0.1104981303215,0.16321807354689,-0.047334037721157,1
-0.093384921550751,-0.16169807314873,-0.023480273783207,1
0.061643183231354,0.098356150090694,-0.031919449567795,1
-0.034139096736908,-0.048270180821419,-0.0219342187047,1
-0.094954878091812,-0.13593595847487,0.073313809931278,1
-0.1496322453022,-0.093675156589597,-0.028272934257984,1
-0.014656066894531,0.15775033086538,-0.034265726804733,1
0.056950271129608,0.1990789398551,0.11498735100031,1
-0.20815721154213,-0.13962304219604,0.079018987715244,1
0.14977622032166,0.17781298607588,0.12006390839815,1
-0.034149467945099,0.19148664921522,0.032697431743145,1
0.073723137378693,-0.13876163959503,0.02050356566906,1
-0.040318787097931,0.094588302075863,-0.023402713239193,1
-0.0095736384391785,0.071109317243099,-0.022667653858662,1
0.11802506446838,0.15477737039328,-0.028465256094933,1
-0.14354625344276,-0.077225226908922,0.067614980041981,1
-0.010066866874695,0.062851972877979,-0.010757312178612,1
0.070820450782776,-0.1989574059844,0.019869193434715,1
0.13914984464645,-0.15860145539045,-0.090513832867146,1
0.10652005672455,0.17775579541922,-0.0057526230812073,1
0.025331974029541,0.11230554431677,0.015241861343384,1
-0.098506212234497,0.22578086704016,0.036156728863716,1
-0.14361700415611,0.132080309093,0.011065997183323,1
-0.16214507818222,0.16861756891012,-0.036155603826046,1
-0.022069454193115,-0.052263300865889,-0.0083682462573051,1
0.1713632941246,-0.17985176295042,-0.068936251103878,1
-0.056608915328979,-0.013413362205029,0.020557872951031,1
0.0048112869262695,-0.11128460709006,-0.013310208916664,1
-0.0648133456707,-0.023809425532818,-0.027637965977192,1
-0.16808038949966,0.10673644393682,0.091339610517025,1
-0.072930008172989,-0.0758335608989,-0.060903124511242,1
-0.19361633062363,0.10461807996035,-0.068857476115227,1
-0.044311821460724,-0.030871912837029,0.007540188729763,1
-0.074195504188538,-0.049028348177671,-0.068023309111595,1
-0.10930019617081,0.066135875880718,-0.083804659545422,1
-0.18892017006874,0.0077946558594704,0.092841602861881,1
-0.19661843776703,-0.040715649724007,0.10987436026335,1
0.064432561397552,0.15490647405386,-0.073073223233223,1
-0.059852808713913,-0.017411932349205,0.020290471613407,1
-0.0014752745628357,0.093689702451229,-0.011868625879288,1
0.10675477981567,-0.12115810625255,-0.089469514787197,1
0.024902522563934,0.23258473724127,0.17808116227388,1
0.01145476102829,-0.19883146136999,0.032018236815929,1
-0.074836909770966,0.069588981568813,-0.041976101696491,1
0.13400131464005,0.11182919889688,-0.074964784085751,1
0.11099380254745,-0.09478632779792,0.035154901444912,1
-0.015455663204193,0.0424470230937,-0.0099285766482353,1
-0.011474549770355,-0.057053685188293,-0.008624941110611,1
-0.12567922472954,-0.1277946960181,-0.056664638221264,1
-0.11061796545982,-0.1788512840867,-0.020776703953743,1
-0.044435858726501,-0.096671532606706,-0.036116942763329,1
-0.069402992725372,-0.022262163460255,0.014312647283077,1
-0.0056425929069519,-0.26624716073275,0.065985940396786,1
0.00026744604110718,-0.16909189522266,-0.05578787624836,1
-0.063022077083588,-0.015236221253872,0.00060945004224777,1
-0.010684370994568,-0.21313761919737,0.0082978680729866,1
-0.050246924161911,-0.21151986718178,0.19211979955435,1
-0.14843156933784,0.0093041881918907,-0.026539020240307,1
0.065554618835449,0.15511431545019,-0.084178827702999,1
-0.091077715158463,-0.12774235755205,-0.03386228531599,1
-0.11276859045029,0.010922282934189,-0.067578002810478,1
0.15421485900879,0.17787512391806,-0.06979538500309,1
-0.010703265666962,0.11458476632833,-0.034910835325718,1
-0.026386559009552,-0.055060938000679,-0.0071825608611107,1
0.04909759759903,0.1933943554759,-0.023873142898083,1
0.1043421626091,-0.16141102835536,0.045266926288605,1
-0.1795334815979,-0.10570188472047,0.17806527763605,1
-0.07820463180542,-0.0072067975997925,-0.028830774128437,1
-0.0046226978302002,0.21953129023314,0.091485716402531,1
0.098763525485992,-0.19808831810951,0.11190014332533,1
-0.10508558154106,0.22479625791311,-0.069970101118088,0
-0.098960489034653,-0.21642080694437,0.091660268604755,1
-0.25880315899849,0.059925578534603,0.0024245604872704,1
-0.0092669129371643,-0.11015567556024,-0.02903176099062,1
-0.051510602235794,0.26154129952192,-0.068833284080029,1
0.049927473068237,-0.079095805063844,-0.029209189116955,1
0.050534844398499,0.089424483478069,-0.041516296565533,1
0.093761503696442,-0.094004418235272,-0.060781471431255,1
0.0092610120773315,0.074630968272686,-0.036674104630947,1
0.070037245750427,0.16879989951849,-0.032936505973339,1
-0.016863405704498,0.12030071765184,-0.067098140716553,1
0.074841320514679,0.18268477171659,-0.07140676677227,1
0.13990443944931,0.24177097529173,0.012712493538857,1
-0.043995082378387,0.083640493452549,0.025711543858051,1
-0.20517107844353,-0.0057367160916328,0.14113307744265,1
-0.099493443965912,0.24106278270483,-0.033743508160114,0
-0.07350566983223,-0.17938815802336,0.0087339654564857,1
-0.016943216323853,-0.075324967503548,0.011010356247425,1
0.058859288692474,-0.071810889989138,0.012482166290283,1
-0.03728848695755,-0.19674507528543,-0.027825519442558,1
-0.023297846317291,0.12249558418989,-0.033367842435837,1
-0.044732511043549,-0.0080865472555161,0.0070028230547905,1
0.13741034269333,-0.17208757996559,0.083478279411793,1
-0.13391429185867,-0.12775399163365,0.039297200739384,1
-0.10545790195465,-0.24399686604738,0.082492910325527,1
-0.14587986469269,0.16916128247976,-0.018579296767712,1
-0.042586207389832,0.055386357009411,-0.042003355920315,1
0.033891022205353,0.19947870820761,0.084380812942982,1
-0.090492457151413,0.093956358730793,-0.048816315829754,1
-0.096433520317078,0.18179001659155,0.20284927636385,1
0.19625073671341,-0.19475861638784,0.10890514403582,1
0.15676325559616,0.20110749453306,0.030576333403587,1
-0.087180763483047,0.14873989671469,-0.001925878226757,1
-0.17683252692223,-0.071743601933122,0.051001034677029,1
0.031433939933777,-0.16123185306787,0.047191210091114,1
-0.092930853366852,-0.064723081886768,0.0079065933823586,1
-0.14262011647224,-0.065380115061998,-0.07683265209198,1
-0.2089672088623,0.024089530110359,0.0070735588669777,1
-0.10985586047173,0.10343157500029,-0.041781716048717,1
0.12008547782898,0.20936497300863,0.14791663736105,1
-0.072748750448227,0.032146371901035,-0.029972322285175,1
-0.053116589784622,0.088389657437801,0.02901216596365,1
-0.20944511890411,-0.045192770659924,0.12244144827127,1
0.014914572238922,0.086713634431362,0.015366367995739,1
-0.16792652010918,-0.16376359015703,0.074928767979145,1
0.057652592658997,0.14068495482206,-0.053312636911869,1
0.049303114414215,0.10332154482603,-0.065771900117397,1
-0.1172671020031,0.23408975452185,-0.024697549641132,0
-0.1669112443924,-0.078044146299362,0.00091517716646194,1
0.029913723468781,0.22406306117773,0.12005407363176,1
0.14440321922302,-0.14544136077166,0.067083798348904,1
0.048274755477905,-0.070139735937119,-0.032277643680573,1
0.13422971963882,-0.2691083624959,0.029760256409645,1
-0.10811978578568,-0.23064836114645,0.05402534455061,1
0.037764191627502,-0.14931008219719,-0.083987295627594,1
-0.097420781850815,0.086165122687817,-0.03016734868288,1
-0.13053041696548,0.18049418181181,-0.093089334666729,0
-0.034967005252838,0.23078139871359,0.086870230734348,1
0.055628418922424,0.24221896380186,-0.055424720048904,1
-0.061826109886169,-0.056585129350424,0.021759070456028,1
0.017147660255432,0.14653054624796,-0.061592176556587,1
0.027442991733551,-0.09522423055023,0.010837242007256,1
-0.02836400270462,0.15597449988127,-0.010111086070538,1
-0.12646645307541,0.11248693615198,-0.060607932507992,1
-0.1371993124485,-0.19882241636515,0.016923226416111,1
-0.016302347183228,0.23724346607924,-0.0078256651759148,1
-0.1297524869442,-0.17696035653353,0.12182182818651,1
-0.0016445517539978,-0.12530925869942,0.014017164707184,1
0.10550767183304,0.17270608991385,0.03560159355402,1
-0.22362822294235,-0.0026023909449577,0.12171740084887,1
0.073090255260468,-0.2178892120719,0.19793237000704,1
-0.024709343910217,-0.1394988745451,0.029936529695988,1
-0.062966585159302,-0.1677485331893,0.028608754277229,1
0.091071605682373,0.12701242417097,-0.043096400797367,1
-0.025119841098785,0.18595536798239,0.02503901720047,1
-0.075068801641464,-0.036483362317085,0.0027556791901588,1
-0.061359524726868,0.22110422700644,-0.042571097612381,0
-0.059267461299896,0.22426979988813,-0.030957125127316,1
0.098285555839539,0.18266051262617,-0.02554577589035,1
-0.16654980182648,0.076561085879803,-0.093380227684975,1
-0.049951255321503,-0.010451219975948,0.0077743902802467,1
-0.018875956535339,0.037962533533573,-0.0064712092280388,1
0.11303305625916,0.14492576569319,-0.033270038664341,1
0.19353383779526,0.18752553313971,0.13841200619936,1
0.0026212930679321,0.061280749738216,-0.0041079819202423,1
-0.051021993160248,0.26754450052977,0.04786678403616,1
-0.14637970924377,0.067615993320942,0.055984355509281,1
0.10421758890152,-0.079302558675408,-0.025644637644291,1
-0.20477423071861,-0.10118134471122,0.038923136889935,1
-0.1656559407711,0.20151134580374,-0.013568885624409,1
-0.052836626768112,0.060686551034451,-0.040551550686359,1
0.097345650196075,-0.10918183159083,-0.0010398104786873,1
-0.12548699975014,-0.16555861383677,0.087131537497044,1
-0.085263669490814,-0.18311656266451,-0.0053911879658699,1
-0.14869886636734,0.03498949855566,-0.059385575354099,1
-0.10195836424828,-0.013239823281765,-0.025289930403233,1
-0.16875812411308,-0.113949008286,-0.079646177589893,1
-0.1354461312294,0.071133904159069,0.065686114132404,1
-0.062816381454468,-0.23721090704203,0.13724780827761,1
-0.22589960694313,-0.12194536067545,0.032612152397633,1
0.097622096538544,-0.15487039834261,-0.018854528665543,1
0.070029973983765,0.19190042465925,-0.062675394117832,1
-0.15216147899628,0.043898113071918,0.052236802875996,1
-0.066917240619659,0.075257159769535,-0.080246210098267,1
0.020537316799164,-0.12789051607251,0.0091030225157738,1
0.14439117908478,0.1604508087039,0.050394870340824,1
-0.047735035419464,0.10791360586882,-0.086236514151096,1
-0.13273826241493,0.21018572896719,-0.030863396823406,1
-0.096661984920502,0.066626973450184,0.0032986775040627,1
0.023503839969635,-0.059437621384859,-0.010137774050236,1
0.050728976726532,-0.083655511960387,-0.047760933637619,1
-0.10535776615143,0.10450553148985,0.016715280711651,1
-0.1414951980114,0.21978612989187,-0.026859723031521,1
0.040133118629456,0.280766479671,0.049633227288723,1
0.0097723603248596,-0.26596351712942,0.1065571680665,1
-0.11431440711021,-0.12852030433714,0.032890297472477,1
-0.095863461494446,0.11968738585711,0.0025946870446205,1
-0.056242644786835,-0.01170776039362,-0.019123382866383,1
-0.090653836727142,0.10947450250387,0.040471829473972,1
-0.05856716632843,-0.0078237429261208,0.012832440435886,1
-0.21273583173752,0.096206314861774,0.14585361629725,1
-0.14972352981567,0.13012451678514,0.0033794119954109,1
0.057030022144318,-0.19345241039991,-0.028162129223347,1
-0.13703221082687,-0.055427704006433,0.023402161896229,1
-0.10694050788879,-0.1276347078383,0.038573004305363,1
0.092672288417816,-0.088477734476328,0.021261744201183,1
-0.093366771936417,-0.11016614548862,0.013924665749073,1
-0.047895908355713,0.032547615468502,0.011059902608395,1
-0.12552693486214,0.033354811370373,-0.075680650770664,1
-0.049067676067352,0.17086913436651,-0.013776309788227,1
0.12874448299408,0.21870925277472,-0.00093565136194229,1
0.11447501182556,-0.22287192195654,-0.023118168115616,1
0.074211299419403,-0.12499852851033,0.0065930485725403,1
0.070071995258331,-0.2094043046236,0.17176479846239,1
0.089474380016327,0.13636844605207,-0.039589457213879,1
0.018854677677155,0.27322115749121,0.050326742231846,1
0.05475515127182,0.20190792530775,0.16441077739,1
-0.22652384638786,-0.012024745345116,0.041565753519535,1
-0.17378640174866,0.12327746301889,0.088926680386066,1
-0.21879118680954,-0.085532031953335,0.15313728898764,1
-0.12599840760231,-0.023263074457645,-0.043465919792652,1
-0.12068396806717,0.12586254626513,0.10949113219976,1
-0.15282416343689,0.039840959012508,-0.0024441406130791,1
0.12635284662247,-0.14739693701267,0.013838492333889,1
-0.022229909896851,-0.090089404024184,-0.038045823574066,1
-0.20585879683495,0.019138298928738,0.084695138037205,1
0.027506351470947,0.063273914158344,-0.0039651244878769,1
0.14212995767593,0.16366197913885,0.099763698875904,1
0.051674365997314,0.13707169145346,-0.057782493531704,1
0.12461006641388,-0.10891030728817,0.032594315707684,1
0.22070246934891,-0.20021338015795,0.10389391332865,1
-0.1795956492424,-0.1612575724721,0.065565817058086,1
-0.024872481822968,0.16728835552931,-0.0063272342085838,1
-0.15117368102074,-0.081134624779224,0.10736336559057,1
0.029233872890472,-0.19147065281868,0.04691094905138,1
-0.05055159330368,0.071555711328983,-0.069739960134029,1
-0.11538821458817,-0.009013295173645,-0.032108671963215,1
-0.0024632215499878,-0.059211660176516,-0.0089460983872414,1
-0.14196202158928,0.086949400603771,0.043205969035625,1
-0.072799056768417,0.072251655161381,-0.0064662173390388,1
0.14437562227249,-0.15108767524362,-0.0043255463242531,1
0.077513992786407,0.11304537206888,-0.015979401767254,1
-0.015132248401642,-0.10499249026179,0.014078997075558,1
0.043059766292572,-0.18345052748919,0.05563098937273,1
0.0046146512031555,-0.24406426399946,-0.055894538760185,1
-0.21033808588982,0.019238315522671,0.04674082249403,1
-0.093275129795074,0.18962033838034,0.19754833728075,1
-0.19824916124344,0.10011456161737,0.16413723677397,1
0.093808531761169,0.21583395451307,-0.021350011229515,1
-0.13446289300919,0.014232344925404,0.056767202913761,1
-0.082197219133377,-0.12077906541526,-0.034682027995586,1
-0.12794372439384,-0.05568066611886,-0.046690821647644,1
-0.069817364215851,0.20470889657736,0.089402981102467,1
-0.13627126812935,-0.19260791689157,0.075015015900135,1
-0.072267979383469,0.0034672543406487,0.01394871622324,1
-0.12390246987343,-0.15389734134078,0.028928153216839,1
-0.16095745563507,-0.12376438826323,-0.080831773579121,1
0.0093169808387756,-0.080943474546075,-0.03150237351656,1
-0.041225731372833,-0.056021176278591,-0.05061986297369,1
0.11706531047821,0.26280059665442,0.11351626366377,1
0.13501042127609,0.19556035846472,0.18956566601992,1
-0.087361991405487,-0.071909653022885,-0.018648825585842,1
-0.1217859685421,-0.23113148659468,-0.042528264224529,1
0.053517639636993,-0.094387058634311,-0.043031133711338,1
-0.097181409597397,0.21109726279974,0.046874359250069,1
0.20032703876495,0.2049622759223,0.05104948580265,1
0.0012290477752686,-0.21232280880213,0.20603889971972,1
-0.10272413492203,-0.039313465356827,0.021274529397488,1
-0.0096718072891235,0.19244804233313,0.069078698754311,1
0.041464447975159,0.074848733842373,0.01046546548605,1
0.078178465366364,-0.056361995637417,-0.0011019483208656,1
-0.25989699363708,-0.019776076078415,0.038209818303585,1
-0.019121289253235,-0.15906331688166,-0.023210883140564,1
-0.017809331417084,-0.21937104314566,0.084904693067074,1
-0.13315269351006,0.13590303808451,0.18992260843515,1
-0.069990128278732,0.11476021260023,-0.081020034849644,1
0.033832967281342,0.056192941963673,0.00026816129684448,1
-0.038648307323456,-0.21144430339336,0.01618043333292,1
-0.10381287336349,-0.023888684809208,0.0075177028775215,1
0.14585191011429,0.18610151857138,-0.046991370618343,1
-0.23722982406616,0.017762966454029,0.094830118119717,1
0.20021378993988,-0.23007950931787,0.040487848222256,1
0.017744839191437,0.14054750651121,-0.042171038687229,1
-0.17216008901596,0.11272727698088,-0.03027430921793,1
0.21853768825531,-0.19471540302038,-0.060586802661419,1
-0.23648434877396,0.094839550554752,-0.04236862808466,1
0.00087720155715942,0.079052679240704,0.015137985348701,1
-0.17676246166229,0.14204312115908,0.14672609418631,1
-0.21386075019836,-0.14382350817323,0.11497121304274,1
-0.034598171710968,-0.060788072645664,0.011236615478992,1
-0.12934330105782,-0.14158686995506,-0.068454273045063,1
0.067114531993866,0.064243294298649,0.0023815780878067,1
-0.15691912174225,0.13892806321383,0.082301937043667,1
0.038307249546051,0.24818112701178,0.13788092881441,1
0.0021272897720337,-0.2345801666379,0.015363782644272,1
-0.059360951185226,0.11508143693209,0.023147828876972,1
0.043824255466461,-0.21063508838415,0.06835475564003,1
-0.017034590244293,0.19643228501081,0.03049673140049,1
0.00523442029953,-0.086221195757389,-0.043421052396297,1
0.051112234592438,-0.22552489489317,0.011846646666527,1
0.050376772880554,0.097567461431026,0.021096400916576,1
0.18909817934036,-0.19048776477575,-0.066054634749889,1
0.02042019367218,0.22341545671225,0.0067790895700455,1
-0.083330005407333,0.17681353539228,-0.024240843951702,0
0.10605388879776,-0.17689265310764,-0.055949538946152,1
-0.12878847122192,-0.11712219566107,0.013598151504993,1
0.22000235319138,0.19962456077337,0.079278148710728,1
0.079460620880127,0.20284508913755,-0.048775665462017,1
-0.029604196548462,0.03732281178236,-0.020677007734776,1
0.093975722789764,0.26708375662565,0.0044425874948502,1
0.054786145687103,0.074090741574764,0.0046133473515511,1
0.088191151618958,-0.23782939463854,0.15885964781046,1
0.029629945755005,0.27364733070135,0.066534392535686,1
-0.17522171139717,-0.063310973346233,0.050794221460819,1
-0.11394211649895,0.040528185665607,0.021290726959705,1
0.1735428571701,0.20130231231451,0.078458689153194,1
0.077240526676178,-0.069000504910946,-0.048495925962925,1
-0.13164779543877,0.050688393414021,0.0179707929492,1
-0.005224883556366,-0.23968385905027,-0.071992456912994,1
-0.048966109752655,-0.063924051821232,-0.024322487413883,1
0.035453140735626,0.21361898630857,-0.0012126639485359,1
0.13371342420578,0.20082776993513,0.02116821706295,1
0.13177025318146,-0.21514914929867,0.00264523178339,1
0.021115064620972,0.21901162713766,0.16117358952761,1
-0.05765900015831,0.20554565638304,0.19565338641405,1
0.11107617616653,0.15570785850286,-0.030691340565681,1
-0.040952742099762,0.087128527462482,-0.0087917521595955,1
-0.1068020761013,-0.087329097092152,-0.090322725474834,1
-0.24503621459007,0.0083900839090347,-0.058739356696606,1
0.1132984161377,0.12588759511709,-0.03332357108593,1
-0.18635267019272,0.11906402558088,0.13387317210436,1
-0.035496652126312,0.1024896427989,-0.062795378267765,1
-0.018824875354767,-0.14907663688064,-0.032055430114269,1
-0.0084806084632874,-0.19293997436762,0.10968247801065,1
-0.094338625669479,-0.21911480277777,0.15938998013735,1
0.025896966457367,-0.1300585642457,-0.054705686867237,1
0.086037158966064,0.15391870588064,0.052257813513279,1
-0.11688932776451,-0.11890436150134,-0.048639498651028,1
0.10683459043503,-0.18866330385208,0.010022833943367,1
-0.064066082239151,-0.01413257420063,-0.043732665479183,1
-0.030108988285065,0.056700609624386,0.012601338326931,1
0.086323440074921,0.17953004688025,-0.035340070724487,1
-0.057810992002487,-0.095285200513899,0.0078396871685982,1
-0.067262351512909,-0.026760913431644,-0.032886937260628,1
0.0044791698455811,0.23831199854612,0.1542279496789,1
-0.1211955845356,-0.018723420798779,0.01834724098444,1
-0.066992729902267,-0.056367784738541,0.0014091208577156,1
0.10082656145096,-0.17118687182665,0.010395057499409,1
0.010801494121552,-0.12203937023878,0.024029120802879,1
0.08846515417099,0.11230687052011,-0.069787696003914,1
-0.060215920209885,-0.14620327949524,0.0082328841090202,1
-0.18819057941437,0.053190045058727,0.10604024678469,1
0.14415490627289,0.19018512219191,0.024563074111938,1
-0.01801460981369,-0.21006973832846,0.05586302280426,1
-0.15031766891479,0.024828024208546,-0.080640055239201,1
-0.13860446214676,0.23427589982748,0.0099606588482857,1
-0.11974984407425,0.11595437675714,-0.019737593829632,1
-0.0042592883110046,-0.10185199929401,0.0028726980090141,1
-0.099972456693649,0.0064934715628624,-0.059934109449387,1
0.074575006961823,-0.081665404140949,0.014835543930531,1
0.062067151069641,0.11133011430502,-0.012012220919132,1
0.090690135955811,0.21756356209517,-0.028088845312595,1
0.1438050866127,-0.14551924541593,-0.034324146807194,1
0.084101259708405,-0.17329355329275,-0.065166465938091,1
0.020315289497375,0.19607915729284,-0.073971569538116,1
-0.042052865028381,-0.12960612215102,0.0096578970551491,1
-0.22603580355644,0.093183867633343,-0.023154214024544,1
-0.11446934938431,0.042698241770267,-0.0075796917080879,1
-0.12345165014267,-0.040224224328995,0.019356794655323,1
0.012744545936584,-0.21687708050013,0.039186164736748,1
3.9756298065186e-05,0.082349888980389,-0.0088916420936584,1
-0.031258404254913,-0.21160397678614,0.0096679478883743,1
-0.13001209497452,0.032781787216663,0.046095676720142,1
-0.10852986574173,-0.031269930303097,0.030174858868122,1
0.13530576229095,0.15637119859457,0.014943152666092,1
-0.10691627860069,0.13795316964388,0.07299617677927,1
0.14885067939758,-0.25963763147593,0.064499892294407,1
0.025407135486603,-0.10263263364322,0.015357196331024,1
0.12473833560944,-0.15192436054349,0.076056383550167,1
-0.080466657876968,-0.19556345790625,0.1490361765027,1
0.010066628456116,0.17618384212255,0.044679835438728,1
-0.030527055263519,-0.07898554392159,-0.032430157065392,1
0.018582463264465,-0.12860186584294,-0.030023664236069,1
-0.17656064033508,0.16940148919821,0.057656891644001,1
-0.01388293504715,-0.19180665910244,0.025954015552998,1
-0.20236694812775,0.091022245585918,0.15595082193613,1
-0.18050783872604,-0.041610348969698,-0.078776076436043,1
-0.20508018136024,-0.014304116368294,0.11345911771059,1
-0.02618271112442,-0.23676086217165,0.12082735449076,1
0.06963700056076,0.07831533998251,-0.047082774341106,1
-0.060397446155548,-0.022585026919842,-0.04299982637167,1
0.12906068563461,-0.2343742325902,0.026465319097042,1
0.026526868343353,-0.25247886031866,0.11399386078119,1
0.031093120574951,0.20416232198477,0.10670594125986,1
-0.039938807487488,0.22108688205481,0.028945796191692,1
-0.11552503705025,-0.18881861120462,-0.081568688154221,1
0.086100280284882,-0.085788593627512,-0.068545557558537,1
-0.097099334001541,0.041661806404591,-0.078774079680443,1
0.072056233882904,-0.092401575297117,0.012537024915218,1
0.080675005912781,0.12403970211744,0.0068200156092644,1
-0.086617946624756,0.065971694886684,-0.049381770193577,1
-0.020519256591797,0.064227201044559,0.012449346482754,1
0.030179083347321,0.08015438169241,0.011957012116909,1
-0.11321848630905,-0.14397230744362,-0.042835913598537,1
-0.12436661124229,-0.13625052943826,-0.0079755857586861,1
-0.22081607580185,-0.064205124974251,0.11816632002592,1
-0.050907462835312,0.0013508126139641,-0.024952672421932,1
0.054057359695435,0.10865489393473,0.026649110019207,1
-0.11867213249207,0.088844336569309,0.033743895590305,1
0.0028401017189026,-0.072757661342621,0.0088884308934212,1
-0.2166947722435,0.076441116631031,0.14451580494642,1
-0.031834244728088,0.19538583606482,-0.032776072621346,1
-0.17792522907257,0.011843591928482,0.040534041821957,1
-0.20177567005157,-0.025890797376633,0.19111455231905,1
-0.092069774866104,0.11333096772432,-0.093925960361958,1
-0.0054423213005066,-0.13528529554605,0.019057638943195,1
-0.082936733961105,-0.13911215215921,-0.074670314788818,1
0.050566136837006,-0.2232940196991,0.12410540133715,1
0.054016709327698,-0.12141867354512,-0.041664332151413,1
-0.048441290855408,0.24080904573202,-0.081799782812595,1
-0.030639827251434,0.18325259536505,-0.032371945679188,1
0.0063851475715637,0.19515582174063,0.11112592369318,1
0.0017744898796082,0.094795979559422,-0.015299461781979,1
-0.24949634075165,-0.041681800037622,0.04811953753233,1
-0.16204088926315,-0.1777016967535,-0.04140555113554,1
-0.23926669359207,0.02360912412405,-0.064252279698849,1
0.062910258769989,-0.12218732759356,0.034797243773937,1
-0.20004779100418,0.051658652722836,0.15558566898108,1
0.16042160987854,-0.14422885328531,0.026637740433216,1
-0.018968641757965,-0.096955024171621,-0.0028986930847168,1
0.074129939079285,0.16589745134115,0.047946237027645,1
0.063560664653778,-0.090310863219202,0.022416271269321,1
0.13914519548416,-0.12685620971024,0.058802358806133,1
-0.095051020383835,0.025940455496311,-0.04992239177227,1
-0.082283198833466,0.16602840274572,0.03643349558115,1
-0.22035056352615,-0.06171190738678,-0.080598264932632,1
-0.16924011707306,-0.039108090102673,-0.0054065361618996,1
-0.087601333856583,-0.2355947420001,0.034921757876873,1
-0.18716984987259,0.076265789568424,-0.087917894124985,1
-0.051137536764145,0.0099234357476234,-0.0042674466967583,1
-0.12615174055099,-0.14765464514494,-0.086715273559093,1
-0.059756755828857,-0.23392067104578,0.034833878278732,1
-0.055616229772568,-0.0061567798256874,-0.0028852447867393,1
-0.076471984386444,-0.015383161604404,0.02184572070837,1
0.067619025707245,0.234369777143,0.081231601536274,1
0.086285531520844,-0.19091759622097,0.11482620984316,1
-0.13360643386841,0.024862967431545,-0.074730902910233,1
-0.073924690485001,0.099715672433376,-0.0067526623606682,1
-0.031487941741943,-0.24352226406336,0.12303686887026,1
0.050104796886444,-0.23801513761282,0.028800621628761,1
0.1423767209053,-0.14645343646407,-0.082302488386631,1
-0.15537303686142,0.16738640516996,-0.052456505596638,1
0.13932901620865,-0.12038215994835,-0.047982461750507,1
-0.0071989893913269,0.18272679299116,0.088837750256062,1
-0.10334125161171,-0.054138347506523,0.027333848178387,1
0.016377329826355,0.20276518911123,0.0082384198904037,1
0.035656571388245,-0.19904076308012,0.021621748805046,1
0.031431317329407,-0.17952304333448,0.081097908318043,1
0.076916635036469,0.14589210599661,-0.049583524465561,1
-0.0080859661102295,-0.064792696386576,-0.020343534648418,1
0.10922187566757,0.088752157986164,-0.024978272616863,1
-0.058375418186188,0.084617055952549,0.022307433187962,1
-0.12921863794327,0.14831604808569,0.0052911266684532,1
0.030830979347229,-0.076565627008677,-0.00589669495821,1
-0.06121039390564,0.18024706095457,0.19765044003725,1
-0.083877444267273,0.021898381412029,-0.02409914880991,1
0.019691705703735,0.21208315342665,0.20680598169565,1
-0.064673900604248,-0.049373853951693,-0.019050188362598,1
-0.16371947526932,-0.10352154122666,0.037343509495258,1
-0.13711732625961,-0.06451141089201,0.059836693108082,1
-0.18530094623566,-0.071888372302055,0.19334704428911,1
-0.073793232440948,0.1466049477458,-0.060790799558163,1
-0.24581477046013,0.023331560194492,0.043018944561481,1
-0.21406781673431,0.021071285009384,-0.048645943403244,1
0.1156285405159,0.25397896021605,0.014734335243702,1
-0.23092809319496,-0.016670897603035,-0.0055542066693306,1
-0.11689817905426,0.16298570483923,0.04714173823595,1
-0.0070968866348267,0.17741607874632,0.061085678637028,1
-0.068903237581253,-0.24396259337664,-0.018329061567783,1
0.10533756017685,-0.22063817083836,0.01420646905899,1
0.090932071208954,-0.13677735626698,-0.048751920461655,1
-0.075469046831131,0.20941438525915,0.086031623184681,1
-0.15684780478477,0.18600656837225,-0.031513996422291,1
-0.15885695815086,0.14714517444372,0.019078813493252,1
-0.15628957748413,-0.10897279996425,0.02324915677309,1
-0.11354684829712,-0.2151247933507,0.14078495651484,1
-0.0032882690429688,0.14271128922701,-0.0222103074193,1
0.14724147319794,-0.19213198125362,0.1962540820241,1
-0.0019323229789734,0.062210030853748,-0.025180794298649,1
-0.16029757261276,-0.20329309999943,0.082302890717983,1
0.0023737549781799,-0.16367854177952,0.066462367773056,1
-0.091361790895462,0.044836081564426,0.021229468286037,1
0.083602607250214,-0.20115132629871,0.12826397269964,1
-0.10659655928612,-0.059248950332403,0.020388133823872,1
-0.067346900701523,0.099712647497654,-0.012115396559238,1
-0.2245207130909,-0.037539750337601,0.016260616481304,1
0.041320741176605,0.1577880308032,-0.070923946797848,1
-0.11035624146461,0.11469324678183,-0.0065702125430107,1
0.16584557294846,-0.21746686846018,0.11744990199804,1
-0.12158146500587,0.0059397667646408,0.038355983793736,1
0.11882656812668,-0.16427808254957,0.045470423996449,1
-0.16706255078316,0.040078230202198,0.033052958548069,1
-0.21430069208145,-0.0054067820310593,0.17073617130518,1
0.098241329193115,-0.18249864131212,-0.050609812140465,1
0.13165295124054,0.15759136527777,-0.055338531732559,1
-0.068711042404175,-0.15209333971143,-0.060125418007374,1
0.1659277677536,0.16093733161688,-0.087350741028786,1
0.1220754981041,0.18424006551504,-0.06350564211607,1
0.15189927816391,-0.15160823985934,0.034364022314548,1
-0.12683820724487,0.13940387219191,-0.066897995769978,0
-0.12115958333015,-0.015684470534325,-0.079632773995399,1
0.18682301044464,0.24250515550375,0.048036523163319,1
0.069656670093536,-0.16836334764957,0.046262353658676,1
-0.020435571670532,-0.20688737183809,0.012521959841251,1
-0.24944651126862,-0.073769146576524,-0.01863107830286,1
0.075703978538513,0.15932785719633,0.022431723773479,1
0.050581157207489,-0.10132136824541,-0.015391863882542,1
-0.19489106535912,-0.088713615201414,-0.01311569660902,1
-0.10215836763382,-0.10271836211905,-0.019065849483013,1
-0.027878880500793,0.087878309190273,0.0035522803664207,1
-0.17123687267303,0.20662694424391,0.040141351521015,1
0.0092204809188843,0.20630445331335,0.16965878754854,1
0.10413539409637,0.26300480216742,0.063635602593422,1
0.069868385791779,0.075425751507282,-0.010521940886974,1
-0.094220250844955,0.2533071860671,0.076470293104649,1
0.075474500656128,-0.22250711172819,0.075535096228123,1
0.043755292892456,-0.13450852036476,-0.048859618604183,1
-0.10454899072647,0.098983518779278,-0.072669111192226,1
-0.10284465551376,0.110347263515,0.021699301898479,1
-0.083421736955643,-0.024659439921379,0.013504289090633,1
-0.13515019416809,-0.079943189397454,0.0030428543686867,1
0.12307125329971,-0.20720183104277,-0.030488833785057,1
-0.018323719501495,0.14116813987494,-0.024547174572945,1
0.11083394289017,-0.21774137765169,0.075738616287708,1
0.064784109592438,-0.0718565415591,0.0071386694908142,1
0.048943638801575,0.10916287451982,-0.013147316873074,1
-0.11314153671265,0.089189730584621,-0.078644149005413,1
0.073678970336914,0.055968038737774,-0.00025631487369537,1
0.024280667304993,-0.13494928181171,-0.088145434856415,1
-0.24197602272034,0.032446287572384,0.056787542998791,1
-0.17041581869125,0.18577253073454,-0.0082741156220436,1
0.14965087175369,-0.17363088577986,0.073292605578899,1
-9.9778175354004e-05,-0.10605897335336,0.022959619760513,1
-0.13310599327087,-0.15134167671204,0.1953596547246,1
-0.1538353562355,0.14918573945761,0.075973384082317,1
-0.12135049700737,-0.13498210161924,0.20396012812853,1
0.14367491006851,0.19702567905188,0.058877624571323,1
-0.087109178304672,-0.026052497327328,-0.0010604932904243,1
0.079584538936615,0.074454806745052,-0.055063359439373,1
0.037926375865936,0.075182683765888,-0.00045322626829147,1
-0.19435903429985,-0.0049679055809975,0.084846951067448,1
0.024751961231232,-0.085548864677548,0.015726186335087,1
-0.10123229026794,0.060121737420559,-0.054014451801777,1
0.05942690372467,-0.059539973735809,0.0012251958250999,1
-0.0026682019233704,0.25451727956533,0.1253996565938,1
0.17768806219101,0.24455785006285,0.089961774647236,1
-0.1520856320858,-0.07826923020184,-0.078873783349991,1
-0.054715067148209,-0.16755934804678,0.037580713629723,1
-0.14115691184998,0.16387846320868,0.0080141201615334,1
0.026071608066559,0.17647861689329,-0.071324437856674,1
-0.19728600978851,-0.12194981612265,-0.057598955929279,1
-0.047475636005402,0.20441206544638,0.074566371738911,1
-0.081376522779465,0.15492498129606,-0.00025288015604019,1
0.14744520187378,0.20191886276007,0.18748793751001,1
-0.049258530139923,-0.063691429793835,-0.014160461723804,1
-0.03178459405899,-0.057236310094595,-0.024726815521717,1
0.071100652217865,-0.25421836227179,0.0094900652766228,1
0.080851376056671,-0.20960419625044,0.11794181913137,1
-0.055221140384674,-0.22367914766073,0.075620956718922,1
-0.13691419363022,-0.057480376213789,-0.065358474850655,1
-0.042742788791656,-0.20270296186209,0.13177228718996,1
0.061784446239471,0.10704787820578,-0.062585674226284,1
0.020157277584076,0.10268714278936,-0.0055717676877975,1
0.13459604978561,-0.19172466546297,-0.077235646545887,1
0.065420269966125,0.24401488155127,0.12880180031061,1
-0.16190820932388,-0.2139001339674,0.043566338717937,1
0.13677942752838,0.18706642836332,0.040206976234913,1
0.089554250240326,-0.18089710175991,0.077558673918247,1
-0.059814542531967,-0.018941655755043,-0.027732148766518,1
-0.033052682876587,0.14135243743658,-0.0089200362563133,1
0.12505441904068,-0.20353661477566,0.19709844142199,1
-0.013814806938171,-0.079703964293003,-0.00055767595767975,1
-0.074951767921448,-0.049094948917627,0.028878472745419,1
-0.078439861536026,0.11529675871134,0.0021603927016258,1
-0.022414088249207,0.069411553442478,-0.0034551247954369,1
-0.15124914050102,-0.19717804342508,0.065951071679592,1
-0.051168084144592,-0.18365364521742,0.21428883820772,1
0.096932828426361,0.11493726819754,-0.043631307780743,1
-0.25262105464935,-0.024022303521633,-0.039447955787182,1
-0.0018584728240967,-0.22578404098749,0.03510594367981,1
-0.012729048728943,0.21891029924154,0.032865829765797,1
-0.17161548137665,-0.037377633154392,0.018703900277615,1
-0.090375155210495,-0.12852198258042,0.043570511043072,1
-0.045853793621063,0.03877354413271,0.015172101557255,1
-0.12994438409805,0.046168468892574,-0.037083707749844,1
-0.032410621643066,0.19767402857542,-0.028409473598003,1
-0.087573707103729,0.12163079530001,0.046919368207455,1
0.040821015834808,0.11726485937834,-0.019930735230446,1
0.098666429519653,-0.1928626075387,-0.014117978513241,1
0.059174597263336,0.19086741656065,0.059765242040157,1
0.10167783498764,-0.25546645373106,-0.045581713318825,1
-0.1129664182663,-0.16037901490927,-0.079697884619236,1
-0.19450429081917,-0.191914498806,0.0096538588404655,1
-0.0031335949897766,0.085445307195187,-0.0090392306447029,1
-0.035930514335632,0.10619447380304,-0.031422756612301,1
-0.2330416738987,0.0049991086125374,0.030921198427677,1
0.064281761646271,-0.1745168492198,-0.086897153407335,1
0.066595911979675,-0.10281065572053,-0.021180637180805,1
-0.098192423582077,-0.1389018446207,0.032956846058369,1
-0.075539171695709,-0.14896672591567,0.056115336716175,1
-0.065970063209534,0.049245856702328,0.012628428637981,1
0.048510491847992,-0.23479943722486,0.12240730971098,1
0.00077992677688599,-0.14173634722829,-0.080766513943672,1
-0.035317957401276,0.046274296939373,-0.023018039762974,1
0.10687619447708,0.096496246755123,-0.066221117973328,1
-0.1819167137146,-0.11490392498672,0.14462218433619,1
-0.067026525735855,-0.13052875734866,-0.075933374464512,1
-0.2254730463028,0.034030638635159,0.013401217758656,1
-0.10911038517952,-0.075521927326918,0.01315788179636,1
-0.073506027460098,-0.019098989665508,-0.044092193245888,1
-0.14992517232895,0.13636613637209,-0.098420031368732,1
-0.24862140417099,0.012647271156311,0.010004006326199,1
-0.19867193698883,0.039793826639652,0.049023367464542,1
-0.058436840772629,0.11520894616842,-0.05931044369936,1
0.044012129306793,-0.17799638211727,0.0034447908401489,1
-0.25369358062744,0.02514586597681,-0.043824382126331,1
0.12835294008255,-0.26058302074671,0.037629656493664,1
0.039058864116669,-0.14157368242741,0.0008665919303894,1
0.015794396400452,0.062391214072704,-0.016579367220402,1
0.13387995958328,0.22289740294218,-0.086871132254601,1
0.10481786727905,-0.10881109535694,0.015737675130367,1
0.17100125551224,-0.19263435155153,0.055030472576618,1
-0.17941796779633,0.15923317521811,-0.0062851384282112,1
-0.0039106607437134,-0.15063496306539,0.0076123997569084,1
-0.15347793698311,0.051784358918667,-0.0070858225226402,1
-0.14029794931412,-0.051243375986814,0.0040291026234627,1
-0.10612124204636,0.15221568197012,0.0026679858565331,1
-0.1777625977993,0.0085235834121704,0.0053059980273247,1
-0.060395210981369,-0.019965134561062,0.019400618970394,1
-0.19875335693359,0.082509346306324,0.006622426211834,1
-0.027784943580627,0.19292240589857,0.078262723982334,1
0.012919425964355,-0.14895284175873,0.014012180268764,1
-0.13633963465691,-0.015767209231853,0.016627617180347,1
-0.19126430153847,-0.050171125680208,-0.071112804114819,1
-0.030557692050934,-0.24904815107584,0.014225505292416,1
0.14248496294022,0.14901074022055,-0.041685849428177,1
-0.041278898715973,0.17125161737204,-0.091385960578918,1
0.15322524309158,0.15275474637747,-0.0017125830054283,1
-0.096059650182724,-0.054762862622738,-0.050778068602085,1
-0.020495533943176,-0.087121387012303,-0.0039501339197159,1
-0.13224679231644,-0.044936459511518,0.013401262462139,1
-0.12750765681267,-0.14558446407318,0.080610178411007,1
-0.097396969795227,-0.10653869342059,-0.077306680381298,1
-0.0010913014411926,0.26125609129667,0.063281401991844,1
-0.17681741714478,0.10210952907801,0.084199197590351,1
-0.051175683736801,-0.057274423539639,0.021625734865665,1
0.010438561439514,-0.22367262095213,0.12038586288691,1
0.10201609134674,-0.16524139046669,-0.0071610435843468,1
-0.045718729496002,-0.034890048205853,0.0082231089472771,1
-0.064749538898468,-0.0058714598417282,-0.057814322412014,1
-0.0083991885185242,-0.25069981068373,-0.039693094789982,1
-0.11168709397316,-0.090521440841258,-0.0050906911492348,1
0.2132031917572,-0.20506282895803,0.04678451269865,1
0.00049847364425659,0.26009979099035,0.13392037898302,1
0.047888934612274,-0.11139239184558,-0.0071232914924622,1
-0.18171110749245,-0.0050175935029984,0.042219556868076,1
-0.072848945856094,0.21004738658667,-0.085165336728096,0
0.13052803277969,-0.18713330477476,0.060287758708,1
0.13657540082932,0.15875750035048,-0.042958594858646,1
-0.091310679912567,0.035625867545605,0.033333800733089,1
-0.028075516223907,0.12887675315142,-0.019713543355465,1
0.052175223827362,-0.16528359800577,-0.0081658586859703,1
0.16817444562912,-0.17969147115946,0.0061149224638939,1
-0.021946251392365,-0.26053819805384,-0.026252172887325,1
-0.045208334922791,0.072246395051479,-0.038761220872402,1
-0.13229763507843,-0.039796113967896,-0.059966184198856,1
0.046620011329651,-0.19081918895245,0.080871529877186,1
-0.042288243770599,0.12896402925253,-0.055155582726002,1
0.028964340686798,-0.17751823365688,0.038169525563717,1
-0.1733236014843,-0.011863976716995,-0.066562004387379,1
0.010368287563324,-0.15112823620439,-0.058365941047668,1
-0.15161710977554,0.13260314613581,0.019893772900105,1
-0.087325602769852,-0.11874632909894,0.017558597028255,1
-0.13058635592461,0.016920395195484,-0.00473902374506,1
-0.23339468240738,0.030079416930676,0.043656788766384,1
0.056727230548859,-0.11916810460389,-0.077471181750298,1
0.094639956951141,0.13826056569815,0.046303078532219,1
-0.00016820430755615,-0.21680348366499,0.11342290788889,1
-0.0038766264915466,0.21709003299475,0.16405297070742,1
0.20781034231186,0.18934401124716,0.13263291865587,1
0.10802096128464,0.15428160876036,-0.074591413140297,1
-0.04450660943985,0.27406158298254,0.014244988560677,1
-0.10652756690979,-0.14825498685241,-0.069704942405224,1
0.057015478610992,-0.22137596458197,0.11379913240671,1
-0.10476094484329,0.038093276321888,0.036142073571682,1
-0.0022146701812744,-0.14338392019272,-0.053045399487019,1
0.0058304071426392,0.097805790603161,-0.03348159044981,1
-0.10466474294662,0.10067822784185,-0.045975990593433,1
0.041999518871307,-0.15099566802382,0.046549446880817,1
-0.060823768377304,0.032905794680119,0.012514419853687,1
0.16036450862885,-0.19075576215982,-0.074048824608326,1
-0.076350927352905,-0.015260197222233,0.010149620473385,1
0.050175666809082,0.086668603122234,0.0023961961269379,1
0.067936301231384,0.23080553859472,-0.015191249549389,1
-0.10109654068947,-0.052406970411539,0.040497444570065,1
-0.063332617282867,-0.1142178857699,-0.011834442615509,1
-0.22476470470428,0.0080394819378853,0.018223844468594,1
0.072129905223846,0.068223781883717,0.0032078847289085,1
0.064723551273346,-0.052943378686905,-0.00068364292383194,1
0.048246026039124,0.26043175905943,0.14383343607187,1
-0.032707333564758,0.11507692188025,0.010384403169155,1
-0.20411047339439,0.012756384909153,0.12960121780634,1
0.012900233268738,-0.10029768600361,0.0012972801923752,1
-0.11406058073044,-0.13577302917838,0.041581951081753,1
0.13649559020996,-0.22504476457834,0.017959602177143,1
-0.10186597704887,-0.14056516811252,-0.023761279881001,1
-0.027546167373657,0.28288816660643,0.063783660531044,1
-0.0037555694580078,0.11090319603682,0.0088588520884514,1
-0.043536782264709,-0.22801808267832,-0.066689640283585,1
-0.16858345270157,0.21720614284277,0.046717710793018,1
-0.10520488023758,0.25641616433859,0.02453325688839,1
-0.19287168979645,-0.11645359918475,0.03675589710474,1
-0.050707966089249,-0.16169311478734,-0.0024558529257774,1
-0.012249946594238,0.11234442144632,-0.063004285097122,1
-0.079726427793503,0.15394680947065,0.038988865911961,1
-0.05508416891098,-0.017364218831062,0.0012851729989052,1
0.11545979976654,0.1749914214015,0.086511470377445,1
0.040110886096954,-0.25292452424765,0.12240052968264,1
0.12685859203339,0.18512120097876,-0.09716310352087,1
0.13119143247604,0.16346567124128,-0.0049226954579353,1
0.0011613368988037,-0.16042765974998,-0.015267044305801,1
0.020981848239899,0.11320953816175,0.024133704602718,1
-0.1396369934082,0.15551590174437,-0.026765085756779,1
-0.061182409524918,-0.22761005908251,-0.017632447183132,1
-0.026881575584412,0.047382496297359,0.0019124820828438,1
-0.13478735089302,-0.073536051437259,0.010528393089771,1
-0.074790835380554,-0.11336224433035,0.014274187386036,1
0.14536792039871,0.14565331488848,-0.071691557765007,1
-0.040226995944977,0.11053665727377,-0.0024201720952988,1
-0.14267119765282,0.22014936059713,0.04447927325964,1
-0.15223732590675,-0.22314516454935,0.082913793623447,1
-0.06076380610466,-0.25964320451021,0.01484189927578,1
-0.067790508270264,-0.15143308788538,0.032612487673759,1
0.092792928218842,-0.079263908788562,-0.012199424207211,1
0.0042244791984558,-0.13682638481259,-0.089546784758568,1
-0.14481276273727,-0.10620293486863,-0.090288400650024,1
-0.082514494657516,0.028034336864948,-0.044753856956959,1
0.035999119281769,0.079531319439411,-0.0073969587683678,1
0.19447201490402,-0.19413273781538,-0.072791554033756,1
0.1460902094841,-0.14608458802104,0.0063964799046516,1
-0.14067071676254,0.19862373918295,-0.015795476734638,1
-0.21018928289413,0.089080400764942,0.14818420261145,1
-0.20096805691719,-0.03032835572958,0.04918896406889,1
0.18820768594742,-0.17929574102163,0.016469456255436,1
-0.069037556648254,-0.22026195377111,-0.061753399670124,1
-0.10119849443436,0.065601535141468,0.020094968378544,1
-0.02790492773056,-0.092102017253637,0.0055759251117706,1
-0.18244740366936,-0.061110816895962,0.1514907553792,1
-0.077996134757996,-0.067699324339628,-0.0062287524342537,1
-0.17581304907799,-0.037212073802948,0.17824514955282,1
-0.16036754846573,0.048322252929211,-0.01533729583025,1
0.0081508159637451,-0.22695606201887,-0.033487096428871,1
-0.043057441711426,0.0067164227366447,0.0024610832333565,1
-0.060777932405472,-0.21521940082312,0.098106823861599,1
0.0038524270057678,0.060705132782459,-0.010977528989315,1
0.03085070848465,0.23801615089178,0.012923076748848,1
-0.16146546602249,0.019235387444496,0.019943289458752,1
0.13194733858109,-0.23069121688604,0.12421242147684,1
0.11445933580399,-0.15177152305841,0.06593381613493,1
-0.1632975935936,-0.081363499164581,-0.094825550913811,1
0.18789619207382,0.16371127218008,0.033472515642643,1
0.073055505752563,0.070068560540676,-0.0030735656619072,1
-0.17050677537918,-0.19119430333376,-0.067718811333179,1
0.05610865354538,0.07741754502058,-0.029807634651661,1
0.11460816860199,-0.24105445295572,0.15520406514406,1
-0.10365742444992,0.051498763263226,-0.082090757787228,1
-0.063200414180756,0.093721143901348,0.029648460447788,1
-0.16377857327461,-0.10636343900114,0.13832887262106,1
-0.0096952319145203,0.094630710780621,-0.0087542459368706,1
-0.076612383127213,0.13174190372229,-0.03601897507906,1
-0.17231547832489,0.029665775597095,0.023695848882198,1
0.137566447258,-0.18608129769564,0.11713891476393,1
-0.13119411468506,-0.089320603758097,0.043135069310665,1
-0.078449547290802,0.06656926125288,0.015019319951534,1
0.061803042888641,0.091090954840183,-0.023658700287342,1
-0.12698313593864,-0.091273346915841,-0.0074425265192986,1
0.089558660984039,-0.16731853038073,-0.012728363275528,1
0.024314761161804,0.075090758502483,-0.0028790533542633,1
0.088500499725342,0.07371748238802,-0.027501210570335,1
-0.16424629092216,-0.15962258353829,0.062346272170544,1
-0.01599508523941,0.089892186224461,0.024314440786839,1
-0.15877485275269,-0.12879235669971,0.13890490680933,1
-0.022548317909241,0.054724134504795,-0.010731779038906,1
-0.17480194568634,0.087401859462261,0.023231916129589,1
-0.1235024034977,0.22070427983999,-0.016613744199276,0
0.090790152549744,-0.1535529345274,-0.052714407444,1
-0.19097700715065,-0.045600641518831,0.0022388324141502,1
-0.0077390074729919,-0.16765388101339,0.03587581962347,1
-0.058060854673386,0.05335571616888,-0.053361497819424,1
-0.088155150413513,0.076834581792355,-0.030961237847805,1
-0.15378585457802,-0.045638155192137,-0.016757346689701,1
0.064746558666229,-0.20955958217382,-0.096146453171968,1
0.062557756900787,-0.21847941726446,-0.011086657643318,1
-0.15250796079636,0.2114282771945,0.0041587725281715,1
-0.026040852069855,-0.21483101695776,0.079845882952213,1
0.091480791568756,-0.081350130960345,-0.049063093960285,1
-0.20090654492378,-0.0017260834574699,0.07533722370863,1
-0.058992087841034,-0.1877188757062,0.20744533091784,1
-0.01706999540329,0.17982634156942,0.076637648046017,1
0.1762929558754,0.18030359596014,0.044403292238712,1
-0.064471423625946,0.064550824463367,-0.0365374609828,1
-0.07025346159935,-0.036165401339531,-0.0043148919939995,1
-0.065358549356461,-0.20587386190891,-0.057355515658855,1
0.082181870937347,0.062322072684765,-0.008898951113224,1
-0.17784139513969,-0.055654369294643,-0.03684538602829,1
0.090822339057922,0.15616299957037,0.019709877669811,1
-0.076284110546112,-0.069414911791682,0.0004606768488884,1
-0.055036723613739,0.15206386893988,-0.051339335739613,1
-0.2179369032383,-0.15929405391216,0.078586511313915,1
-0.074346214532852,-0.25399846583605,0.090183548629284,1
-0.094123542308807,-0.21760652214289,0.14926040917635,1
-0.076720982789993,0.11836222559214,-0.071477375924587,1
-0.1564556658268,0.13395778089762,-0.068126820027828,1
0.0064895749092102,-0.072230327874422,0.003619372844696,1
0.15761739015579,-0.14233445376158,0.072649694979191,1
0.096018612384796,-0.17788676172495,0.05583493411541,1
-0.093945503234863,0.046700231730938,-0.080517947673798,1
0.024942219257355,-0.17425467073917,-0.024122059345245,1
-0.043006360530853,-0.063280902802944,-0.03018694370985,1
-0.12860706448555,0.24762981384993,0.064762510359287,1
0.03073787689209,0.10459274798632,-0.070154786109924,1
0.055551826953888,0.095683626830578,0.0042014643549919,1
-0.1611539721489,0.11209992319345,0.10183166712523,1
-0.082188248634338,-0.044723242521286,0.02144405990839,1
0.12669634819031,0.19722416251898,0.04634540528059,1
-0.22119364142418,-0.034000985324383,0.046379737555981,1
0.076112568378448,0.20490141957998,0.11243631690741,1
-0.014172375202179,-0.073923090472817,-0.013658300042152,1
-0.059261798858643,0.23377998918295,0.16424529999495,1
0.15810012817383,0.13448040932417,0.081586606800556,1
0.092877447605133,0.097890414297581,0.0090765282511711,1
0.21756559610367,0.19231059402227,0.055414192378521,1
-0.031208157539368,-0.17280910909176,-0.0050373300909996,1
0.047149002552032,-0.055225074291229,-0.00075282156467438,1
-0.14999538660049,0.022752352058887,0.039428301155567,1
0.18039095401764,0.2189969047904,0.027188546955585,1
0.045699119567871,-0.10600082715973,0.021961785852909,1
0.11212462186813,-0.18070003390312,-0.073562353849411,1
-0.10658916831017,-0.16897964477539,0.08474687486887,1
0.051099598407745,0.112907089293,0.028768189251423,1
-0.23844486474991,-0.035404071211815,-0.080337665975094,1
-0.12650692462921,0.0071504712104797,-0.017139904201031,1
0.17337948083878,-0.19778776913881,0.045217074453831,1
0.050878047943115,0.21038164943457,0.039217628538609,1
-0.097859978675842,0.15127798169851,-0.039788238704205,0
-0.088660001754761,-0.19924814999104,-0.025577515363693,1
0.0015893578529358,-0.22068339586258,0.13006151467562,1
0.062147676944733,-0.063509963452816,0.00065107643604279,1
-0.012113153934479,-0.25595029443502,0.049760736525059,1
-0.18122053146362,0.10048448294401,0.10184695571661,1
-0.028420031070709,-0.047622207552195,0.0034993514418602,1
-0.18959039449692,0.087131209671497,0.024178706109524,1
-0.1324670612812,-0.065312866121531,-0.055805020034313,1
0.0386563539505,-0.17848133295774,-0.093534547835588,1
0.043459892272949,-0.11445987597108,-0.051450602710247,1
-0.090476274490356,-0.12501229904592,-0.076003409922123,1
-0.040519893169403,-0.16735938936472,-0.092280149459839,1
-0.027185559272766,-0.24889329820871,0.030728653073311,1
0.15546804666519,0.19004537910223,-0.069715246558189,1
0.07931661605835,0.063278280198574,0.011480897665024,1
0.0042148232460022,0.23210465162992,0.00087416917085648,1
-0.22614085674286,0.10817124694586,-0.065922535955906,1
-0.17706677317619,0.026994816958904,0.10228187590837,1
-0.069667458534241,0.046367771923542,-0.0046644732356071,1
-0.25396701693535,0.082254849374294,0.022212781012058,1
0.11488515138626,-0.16169538721442,-0.068909578025341,1
-0.25567066669464,0.00067771226167679,-0.027246259152889,1
-0.16653636097908,0.11024790257215,0.018423222005367,1
-0.1734374165535,0.17286541312933,-0.078296177089214,1
-0.17389711737633,-0.061635822057724,0.17228242009878,1
-0.037209570407867,0.0036747604608536,0.00010625272989273,1
-0.08529257774353,0.072252847254276,-0.026833407580853,1
-0.1411160826683,0.037920154631138,-0.021835751831532,1
-0.027156054973602,-0.087909017689526,-0.031771950423717,1
-0.098986923694611,-0.051096055656672,0.0015941187739372,1
0.039387345314026,0.060036279261112,-0.0038647726178169,1
-0.18195205926895,-0.028915725648403,0.18416082113981,1
0.023212790489197,-0.13844252750278,-0.075648702681065,1
-0.087219268083572,0.17669530957937,0.11460816115141,1
-0.026311039924622,0.09966092556715,0.017442047595978,1
-0.042533278465271,-0.01680925488472,-0.028107680380344,1
-0.18829399347305,0.18665739148855,-0.012566171586514,1
-0.059643268585205,0.035807929933071,0.01271965354681,1
-0.13157775998116,-0.0036314949393272,0.0060397461056709,1
-0.07490348815918,-0.049536999315023,-0.075318284332752,1
0.1646243929863,-0.22034422308207,0.12317539006472,1
-0.089805364608765,-0.014642514288425,-0.050913378596306,1
-0.16805443167686,-0.071973778307438,0.19445546716452,1
0.066361486911774,-0.23740116506815,0.065846167504787,1
0.087278544902802,0.15286397188902,-0.056115508079529,1
0.1391766667366,0.13145994395018,0.052208609879017,1
0.057775735855103,0.051180802285671,0.00046741217374802,1
-0.014289379119873,-0.19665008038282,0.032234013080597,1
0.10630667209625,0.20006649941206,0.14052883535624,1
-0.019865930080414,0.13377701491117,-0.071030758321285,1
-0.032695770263672,0.07289806753397,0.0056838914752007,1
0.064101994037628,-0.069321928545833,-0.012847267091274,1
-0.031797707080841,-0.060495350509882,-0.011495150625706,1
0.048790752887726,0.11865813285112,-0.0036023035645485,1
0.072800815105438,-0.22638938575983,0.15251035243273,1
-0.20922484993935,-0.1108782524243,0.0073982551693916,1
-0.041626393795013,0.26498597115278,0.081998281180859,1
0.094801366329193,-0.11549853533506,-0.06121239811182,1
-0.1488870382309,0.12584108859301,0.081478141248226,1
-0.077451318502426,0.089375965297222,0.040025673806667,1
-0.14435869455338,-0.017479330301285,-0.024210691452026,1
0.11920517683029,0.16914232820272,-0.087318196892738,1
-0.17238512635231,-0.0076736956834793,-0.068670801818371,1
0.091371893882751,0.23547726124525,-0.077277757227421,1
0.16427391767502,0.15356954187155,0.15155305713415,1
-0.22662582993507,-0.027277201414108,-0.086354069411755,1
-0.069573432207108,-0.05472719296813,-0.038201838731766,1
0.11555749177933,-0.22729266434908,0.12551867216825,1
-0.0019503235816956,-0.18502353876829,-0.081807069480419,1
0.076967000961304,0.084752462804317,0.014445409178734,1
-0.094223141670227,0.075852937996387,-0.037164889276028,1
-0.019508719444275,0.10381489247084,-0.031239330768585,1
-0.078923851251602,-0.1496108584106,-0.099662058055401,1
-0.064394116401672,-0.043515365570784,0.019556485116482,1
0.039281129837036,0.16367789357901,0.028507702052593,1
0.10515487194061,0.20567490905523,-0.065442398190498,1
-0.047806084156036,-0.064370151609182,-0.043848820030689,1
0.047562837600708,0.12751571089029,0.0077882409095764,1
0.060985207557678,-0.21774791926146,0.1366922929883,1
-0.10751688480377,-0.070120695978403,0.020792670547962,1
-0.040226399898529,-0.25631050020456,-0.023492388427258,1
-0.19045722484589,0.038971103727818,0.19815439730883,1
0.069791376590729,0.073474429547787,-0.018828622996807,1
0.20542222261429,-0.22675111144781,-0.0019815042614937,1
-0.16485199332237,-0.035645641386509,0.10680850595236,1
-0.088118970394135,-0.18334197252989,0.14995650202036,1
-0.076988458633423,-0.040562864392996,0.013451375067234,1
0.046628534793854,0.13979720324278,-0.035995610058308,1
0.13414418697357,-0.20916184782982,-0.076244086027145,1
0.040388584136963,0.098083145916462,-0.017524547874928,1
0.089014708995819,-0.13058946281672,4.1723251342773e-07,1
-0.00052428245544434,0.24575795978308,-0.04769205302,1
-0.029188096523285,0.049136437475681,0.0052298232913017,1
-0.048863470554352,0.034931115806103,-0.039134345948696,1
0.034495413303375,0.23057844489813,0.032981961965561,1
-0.11311104893684,-0.098513898905367,0.018586881458759,1
-0.15911769866943,-0.049458101391792,0.042770393192768,1
0.016545057296753,0.08132778853178,-0.038944147527218,1
-0.027210056781769,0.065417967736721,0.0061037018895149,1
-0.25324469804764,0.041983716189861,0.011041544377804,1
0.13883930444717,-0.18433325737715,-0.016800962388515,1
-0.23021268844604,-0.016809113323689,0.15071003884077,1
-0.036929547786713,-0.088753028772771,-0.034248575568199,1
-0.022101402282715,-0.052981626242399,0.0044401362538338,1
0.032768785953522,0.076250799000263,-0.0073994845151901,1
0.067870080471039,0.19971626251936,0.1033526584506,1
0.082180738449097,0.11402025073767,-0.020076282322407,1
-0.074359208345413,-0.060514643788338,0.011496312916279,1
-0.12236353754997,-0.18440352380276,-0.013374537229538,1
-0.071649551391602,-0.062938667833805,-0.036700122058392,1
-0.10732072591782,-0.19178769737482,0.081121809780598,1
-0.10100042819977,0.26510291546583,0.03117074072361,1
-0.089467763900757,-0.15098740160465,0.065912358462811,1
0.1779437661171,0.21273925155401,0.026635073125362,1
-0.039214909076691,-0.044255007058382,0.0027579590678215,1
0.13246178627014,-0.23250902444124,-0.029713906347752,1
0.015702247619629,0.098705939948559,-0.044585563242435,1
-0.093236595392227,-0.21207840740681,0.060235388576984,1
-0.074093788862228,-0.0012761801481247,-0.060435809195042,1
-0.078123092651367,0.11501122266054,0.023966394364834,1
-0.13056707382202,-0.20844503492117,0.099528588354588,1
0.052894175052643,-0.11164219211787,-0.0070815086364746,1
0.093587696552277,0.15852149575949,0.0031407698988914,1
-0.057740390300751,-0.023883439600468,-0.011816702783108,1
-0.10777741670609,0.037961937487125,-0.0098986700177193,1
0.037866592407227,0.10398749262094,-0.050282076001167,1
-0.015124261379242,0.053055875003338,0.0048365220427513,1
-0.14474558830261,0.10671203583479,0.111302472651,1
-0.19139534235001,0.13959733396769,0.053627870976925,1
-0.012844324111938,-0.22564522176981,0.16578287631273,1
-0.046913802623749,-0.18645148724318,-0.029532231390476,1
0.088322997093201,0.18753933161497,0.10501635819674,1
0.0059381723403931,0.25257071107626,0.16350185126066,1
0.046870768070221,0.06948459893465,-0.0013613924384117,1
0.21771997213364,-0.19675690680742,0.024665005505085,1
-0.10276484489441,-0.22870283573866,-0.050742968916893,1
-0.18618112802505,0.088023938238621,0.095615155994892,1
-0.017707228660583,0.16766195744276,-0.0056924670934677,1
0.070266485214233,0.22356163710356,0.18649788945913,1
-0.13360741734505,-0.21333342790604,0.1091870740056,1
0.026489794254303,0.069482885301113,-0.017054475843906,1
-0.25533574819565,0.045070864260197,-0.02727784216404,1
0.081536948680878,-0.2158440425992,0.049599103629589,1
0.10990577936172,0.22284256666899,0.041175946593285,1
-0.023438811302185,0.10645795613527,-0.0030898973345757,1
-0.053354501724243,0.054344557225704,-0.048544146120548,1
0.10236597061157,0.094416849315166,0.033191524446011,1
0.14511352777481,-0.21914753317833,0.11748380213976,1
-0.067077577114105,-0.14998702332377,-0.027490988373756,1
-0.075921952724457,0.21825825423002,0.016475327312946,1
0.018773674964905,0.093066595494747,-0.035473562777042,1
-0.15343904495239,-0.11186250299215,-0.031859487295151,1
-0.12635427713394,-0.023361951112747,0.01726608723402,1
0.083393752574921,0.06905522197485,0.016265921294689,1
-0.13093453645706,-0.17789431661367,-0.0014668628573418,1
-0.15178167819977,0.17686875909567,-0.051108591258526,0
-0.15267378091812,-0.15508446842432,-0.094548992812634,1
-0.060416400432587,-0.2578553929925,-0.019748881459236,1
0.058180391788483,0.047003157436848,-0.0035715997219086,1
-0.11515432596207,-0.055089876055717,-0.067168682813644,1
-0.20781153440475,0.17032816261053,0.086987294256687,1
0.018599331378937,-0.076416866853833,0.010889366269112,1
0.090013861656189,0.07590164989233,-0.035337813198566,1
-0.17386656999588,-0.19092155247927,0.12094639986753,1
-0.02191036939621,0.085362605750561,0.01083230227232,1
0.19072997570038,-0.19038489460945,-0.030349962413311,1
-0.088899493217468,0.040523149073124,0.014027677476406,1
0.048158705234528,0.082215838134289,-0.022401623427868,1
-0.079866796731949,-0.085099837742746,-0.012656100094318,1
-0.085292458534241,0.10202764719725,-0.015781037509441,1
-0.21333026885986,0.15524514764547,0.070523135364056,1
0.058988571166992,-0.13532723486423,-0.053303487598896,1
0.066127955913544,0.25102981179953,0.12720216065645,1
-0.14928707480431,0.096290670335293,0.21687466651201,1
0.19545084238052,0.17300202697515,0.12195701152086,1
-0.20546865463257,0.061611793935299,0.13256185501814,1
0.053289234638214,0.10794407874346,-0.045845970511436,1
0.042525172233582,-0.18545772880316,0.039588287472725,1
0.15352421998978,-0.21566288173199,-0.062390327453613,1
-0.14513105154037,0.089754305779934,0.068672426044941,1
-0.17283022403717,0.08286365121603,0.0055019035935402,1
-0.14726808667183,0.091834522783756,0.090657316148281,1
0.11071276664734,0.12801968306303,0.012386284768581,1
-0.23617833852768,-0.098939907155,0.01935800164938,1
-0.22392493486404,0.0023074448108673,0.13718970865011,1
-0.19313785433769,0.11226151138544,0.048291988670826,1
0.054098725318909,0.20633759349585,0.21199075132608,1
-0.036702334880829,-0.023349322378635,-0.025271914899349,1
-0.0061047077178955,-0.10528917377815,-0.034807994961739,1
0.034553706645966,-0.23537854105234,-0.0058669671416283,1
-0.16348797082901,0.1751586124301,0.15129973739386,1
0.010693430900574,-0.1242874097079,-0.0094043910503387,1
-0.041714906692505,0.1555645391345,0.0083346590399742,1
0.019940376281738,-0.094882418867201,0.00076423585414886,1
0.023452818393707,-0.091845930553973,0.018204472959042,1
-0.086558043956757,-0.17671485245228,0.11016597598791,1
-0.11726960539818,-0.16719631105661,0.079158626496792,1
0.10744762420654,-0.099751303816447,-0.070769153535366,1
-0.20830231904984,0.055184729397297,0.078496120870113,1
-0.06826114654541,-0.057010091841221,0.0036865547299385,1
0.096589148044586,-0.19859337806702,0.17980595678091,1
-0.17963039875031,0.048180691897869,0.19017314165831,1
0.12908411026001,0.13663636893034,-0.098289415240288,1
0.068594217300415,0.22303285449743,0.17029888182878,1
-0.20214369893074,-0.15330401435494,0.028204537928104,1
-0.15850192308426,0.13246925920248,-0.0044659599661827,1
-0.12331849336624,0.15637343376875,0.048411257565022,1
-0.041481614112854,0.16176780313253,0.06934117525816,1
-0.17816618084908,0.077759154140949,-0.034898482263088,1
-0.003075897693634,-0.087029132992029,-0.031255759298801,1
0.056118249893188,0.21671267598867,0.031268000602722,1
-0.12838944792747,-0.0088342130184174,-0.019766859710217,1
-0.085425913333893,0.00084128230810165,-0.049129642546177,1
-0.019305229187012,0.07375606149435,-0.043896712362766,1
-0.18192726373672,-0.11024002823979,-0.0062189772725105,1
-0.13101327419281,0.083813704550266,0.070375628769398,1
-0.12678003311157,-0.085507456213236,-0.0041476711630821,1
0.067185759544373,0.19988530129194,0.04707694798708,1
0.13961046934128,-0.17911343276501,-0.038494177162647,1
-0.036236584186554,-0.0545266084373,-0.031313084065914,1
0.079137623310089,-0.095957448706031,-0.0067458227276802,1
0.16856288909912,0.21711092442274,0.1369441524148,1
-0.19236925244331,0.020508483052254,0.049912624061108,1
0.021053552627563,-0.16966124624014,-0.018936820328236,1
0.12833613157272,-0.22210676968098,0.12101232260466,1
-0.12683859467506,-0.18644044548273,0.16508307307959,1
-0.10097244381905,0.071531809866428,0.015224255621433,1
-0.22396659851074,0.086504273116589,0.073647804558277,1
-0.18575429916382,0.10461501032114,0.02209348231554,1
0.057047367095947,0.2141794487834,0.11398903280497,1
-0.038685500621796,0.19067894667387,0.11318797618151,1
-0.09501326084137,-0.20550853013992,0.098620869219303,1
0.18710327148438,0.16328843683004,0.074560679495335,1
-0.042384803295135,0.15127333253622,0.005683533847332,1
-0.221221357584,0.032007656991482,0.078733496367931,1
-0.14849123358727,-0.12762671709061,0.15737197548151,1
-0.01531594991684,0.086535774171352,0.0086113139986992,1
-0.033495545387268,0.18045043200254,0.041453942656517,1
-0.18540707230568,0.095124162733555,0.16792174428701,1
-0.078601688146591,-0.27355710417032,0.070867903530598,1
0.098959028720856,0.12849665433168,-0.0023768171668053,1
0.12331408262253,-0.19588962197304,-0.072825692594051,1
-0.032809138298035,0.12947378307581,0.023236088454723,1
-0.018745422363281,0.075231499969959,-0.047813892364502,1
0.1109277009964,-0.096680373884737,-0.06795110553503,1
-0.062231779098511,0.23644747585058,-0.06846047192812,0
-0.17400449514389,0.052461184561253,0.056596808135509,1
-0.044667959213257,-0.25452730804682,0.12663448601961,1
-0.2094241976738,-0.016538679599762,0.074193023145199,1
-0.052722990512848,-0.13980345055461,0.0087283700704575,1
-0.065756022930145,0.025603942573071,0.015277467668056,1
-0.088810861110687,0.16062446683645,-0.020579315721989,0
-0.049800038337708,-0.11908732354641,-0.018863566219807,1
-0.23664426803589,-0.090085914358497,0.077029041945934,1
-0.038698971271515,0.1015886887908,-0.0021657720208168,1
0.061497688293457,0.073677144944668,0.011569924652576,1
0.20556443929672,-0.21021679788828,0.10506542772055,1
0.070047199726105,0.077165715396404,-0.013366229832172,1
-0.082162141799927,0.10799776762724,-0.080341748893261,1
0.13690578937531,-0.23431288450956,-0.0081068873405457,1
-0.0065668225288391,-0.15864156931639,0.005108118057251,1
-0.12745642662048,0.065839760005474,-0.01338554173708,1
-0.11097595095634,-0.16350650787354,0.15641639381647,1
-0.066372156143188,0.066119514405727,-0.058728091418743,1
0.049630999565125,0.21733453124762,0.12748173624277,1
-0.083293437957764,0.24401410669088,0.09007204324007,1
0.093213498592377,-0.21385800093412,0.1535924449563,1
-0.0051813721656799,-0.21351459622383,0.13751012831926,1
-0.015385150909424,-0.073275610804558,0.010674923658371,1
-0.15345418453217,-0.11580970883369,-0.015253238379955,1
-0.0094125270843506,0.18764775246382,-0.021962277591228,1
0.15612906217575,-0.16306724399328,0.20938486605883,1
0.0042254328727722,-0.27102918177843,-0.012895010411739,1
0.009756326675415,0.084559969604015,-0.03485481441021,1
-0.040917754173279,0.079925112426281,-0.017318345606327,1
0.024173974990845,0.25302817672491,0.13104871660471,1
0.14828819036484,-0.17261448502541,-0.049106664955616,1
0.089909613132477,0.079059772193432,0.02364631742239,1
-0.037856459617615,-0.09089904371649,-0.027703456580639,1
-0.03494393825531,0.17674639075994,-0.049343451857567,1
-0.12676945328712,0.034021131694317,-0.094138771295547,1
-0.094651371240616,-0.2192380130291,0.030307106673717,1
0.072185158729553,0.20420976728201,0.090792708098888,1
-0.12578448653221,-0.14619959145784,0.099011622369289,1
-0.072109222412109,-0.067190516740084,-0.069184921681881,1
-0.062579661607742,-0.10313049820252,-0.048848338425159,1
0.16593784093857,-0.17479835450649,-0.066844709217548,1
0.084121644496918,0.16672619432211,-0.0027259215712547,1
-0.050412178039551,0.1934203132987,0.098424889147282,1
0.0084728598594666,-0.19509821385145,0.048931710422039,1
-0.045515179634094,-0.020116969943047,-0.0020612254738808,1
-0.11522945761681,0.12261099368334,0.072564445436001,1
-0.058667451143265,0.099564738571644,-0.040248014032841,1
-0.038443028926849,-0.20839235931635,0.18670447915792,1
0.12014144659042,-0.15441105887294,0.023794956505299,1
0.032714903354645,0.092622883617878,-0.052757389843464,1
0.0077812671661377,0.088414378464222,-0.056775771081448,1
0.098790049552917,-0.13475822284818,0.035627007484436,1
0.060243368148804,0.13447413593531,-0.077501319348812,1
-0.10166555643082,0.1458613499999,-0.025618605315685,0
-0.18378227949142,-0.17842245101929,-0.036222063004971,1
-0.11736965179443,0.033619768917561,0.0043444111943245,1
-0.003538966178894,0.085026659071445,-0.020017683506012,1
0.13190072774887,0.203733317554,-0.011357262730598,1
0.017030000686646,0.085084669291973,-0.0074170678853989,1
0.01366114616394,-0.13018137216568,-0.040398716926575,1
0.084012925624847,-0.068394936621189,-0.023712582886219,1
0.057506382465363,-0.084064126014709,-0.02931597083807,1
0.067043423652649,0.062489800155163,0.0066306442022324,1
-0.13479149341583,-0.15374324470758,0.18264804035425,1
0.062228143215179,0.12657880038023,-0.0083633586764336,1
-0.023444831371307,0.090304262936115,0.00098562985658646,1
0.093398094177246,0.079825587570667,-0.015797577798367,1
0.068970680236816,0.06745683401823,0.0052219703793526,1
-0.15307351946831,-0.021931298077106,-0.025657787919044,1
0.058377146720886,-0.117699990049,-0.020232565701008,1
-0.02836948633194,-0.18200300633907,0.068946227431297,1
-0.012548804283142,-0.20126024633646,-0.045298025012016,1
0.11312258243561,0.19397913664579,-0.019367657601833,1
-0.11077511310577,-0.013731464743614,0.010666482150555,1
-0.026936829090118,-0.20913810282946,-0.098889470100403,1
-0.10866791009903,-0.070948448032141,-0.055283531546593,1
-0.097093969583511,0.12389842420816,-0.00039400905370712,1
-0.076724797487259,-0.22875691205263,0.13977075368166,1
0.15314501523972,0.21223732084036,-0.067289598286152,1
0.093510627746582,-0.22221875935793,0.17385882884264,1
-0.10347756743431,0.18748804181814,0.029506407678127,1
0.031740248203278,-0.091424516402185,-0.0075377598404884,1
-0.015874683856964,0.086173348128796,-0.030400075018406,1
-0.017316937446594,0.043162651360035,0.0054477080702782,1
0.044873654842377,0.091237314045429,-0.0075674578547478,1
-0.052506148815155,0.15496357530355,0.069295443594456,1
0.046123564243317,-0.21134612709284,0.043684363365173,1
0.070310890674591,-0.19413753598928,0.059884525835514,1
0.031430900096893,0.10107044130564,-0.067933432757854,1
0.15298134088516,-0.1810824200511,-0.057104401290417,1
-0.1073252260685,0.14783791452646,-0.052605293691158,0
0.072881281375885,-0.18013772368431,-0.032358579337597,1
0.047288417816162,-0.1981700360775,-0.020845480263233,1
0.2039167881012,-0.22300312668085,0.068888209760189,1
0.10087233781815,0.20433860272169,0.043495081365108,1
-0.10614860057831,0.15251382440329,-0.078113324940205,0
-0.20530173182487,0.019258916378021,0.17814180999994,1
-0.035213947296143,0.059668861329556,-0.00098832696676254,1
-0.094554632902145,0.08683267980814,-0.029942609369755,1
0.023570656776428,0.18039973825216,0.027679294347763,1
-0.075874358415604,-0.054813422262669,0.016501404345036,1
-0.169119566679,-0.049680389463902,-0.056018553674221,1
-0.16775724291801,-0.18180125206709,-0.038225702941418,1
0.059892177581787,-0.082257993519306,-0.034351408481598,1
-0.0024651288986206,0.12408485263586,0.010578446090221,1
-0.0070567727088928,0.16067033261061,0.0094857141375542,1
-0.17356786131859,-0.20823162049055,-0.022332228720188,1
-0.064206779003143,0.16113274544477,-0.010677635669708,1
0.042689144611359,-0.15402932465076,-0.037434160709381,1
0.13227957487106,-0.19860543310642,0.067307867109776,1
0.033499002456665,0.054623939096928,0.0051173642277718,1
0.0095953941345215,0.14022725075483,-0.0098720788955688,1
-0.22440645098686,-0.010484725236893,-0.033976033329964,1
0.1171914935112,-0.18522216379642,0.11926970630884,1
-0.20712143182755,0.078559421002865,0.16681628674269,1
0.14270925521851,0.13832726329565,0.026859648525715,1
-0.035713613033295,-0.078089989721775,0.0059377551078796,1
0.10284203290939,0.15291567891836,-0.028809651732445,1
0.089938700199127,-0.23028824478388,0.0082481205463409,1
0.096958875656128,-0.26475840061903,-0.010856308043003,1
0.019774913787842,-0.087041121907532,0.010452508926392,1
-0.077465355396271,-0.18905294686556,0.19533804804087,1
0.0059203505516052,-0.093351972755045,-0.0006890669465065,1
-0.164007127285,0.052719824016094,-0.029341012239456,1
-0.043773889541626,-0.042627356946468,-0.0058990940451622,1
0.0033161044120789,-0.24202086776495,0.085459001362324,1
-0.050451040267944,0.11410780996084,-0.061527319252491,1
0.0061396360397339,-0.10474050138146,-0.049162432551384,1
0.15786844491959,-0.15198010951281,0.20298332720995,1
0.20538187026978,-0.21215529739857,-0.03381434828043,1
-0.072072476148605,-0.02616398781538,0.016644977033138,1
-0.1148533821106,-0.23412657529116,0.11546383053064,1
-0.1767917573452,-0.094649905338883,-0.04192640632391,1
0.15127938985825,0.13293058425188,-0.059756882488728,1
-0.013454020023346,0.11734699457884,-0.034834936261177,1
0.1520956158638,0.24319063872099,0.092531941831112,1
-0.093370199203491,0.15915151685476,-0.044991128146648,0
-0.027111947536469,0.10718072205782,0.030403047800064,1
-0.072747886180878,0.025410450994968,-0.018962331116199,1
-0.070637702941895,-0.071099394932389,-0.015969000756741,1
0.056279838085175,-0.051871929317713,-0.012752257287502,1
-0.11240610480309,-0.18398154526949,0.11013943701982,1
-0.01530385017395,0.062770240008831,-0.007836289703846,1
0.063486278057098,-0.10074387816712,-0.026584006845951,1
0.077444136142731,-0.19589250534773,0.028382375836372,1
-0.12436321377754,-0.13846629112959,0.11044516414404,1
0.047126114368439,-0.12046882137656,-0.0045663043856621,1
0.042312264442444,0.1491591706872,0.00082940608263016,1
0.18100535869598,0.22656717151403,0.0041243508458138,1
-0.11430442333221,0.14970839768648,0.1800602003932,1
-0.14860460162163,-0.13906605914235,-0.036842189729214,1
-0.065778732299805,0.13499695807695,0.050423972308636,1
-0.0078608989715576,0.12073937803507,-0.042020946741104,1
0.093503057956696,-0.18467486649752,0.057608880102634,1
0.018100321292877,-0.137884542346,-0.027212746441364,1
-0.075636982917786,-0.028365351259708,-0.069838710129261,1
-0.068707317113876,-0.23189543932676,-0.057267569005489,1
-0.0042901039123535,0.10291763395071,-0.06693273037672,1
0.010844051837921,-0.059450432658195,0.0054525956511497,1
0.094958126544952,-0.19697445631027,-0.056237019598484,1
-0.11629784107208,0.18910940736532,-0.057540722191334,0
0.023997008800507,0.077879287302494,0.010020151734352,1
-0.21839368343353,-0.055070422589779,-0.050690159201622,1
0.1073534488678,0.17768426984549,0.0233019515872,1
0.063653886318207,0.055152885615826,-0.013470217585564,1
0.067191183567047,0.095550410449505,-0.015982307493687,1
-0.050868302583694,0.19343688338995,0.1164967790246,1
0.0068424344062805,-0.25868018716574,0.065378308296204,1
0.098459541797638,0.13921944051981,0.031944863498211,1
-0.15160778164864,-0.023071303963661,0.060869373381138,1
0.019040286540985,0.065631441771984,0.0032530054450035,1
-0.09794282913208,0.24528231471777,-0.065850839018822,0
0.027834475040436,0.068239964544773,-0.012074507772923,1
-0.10209447145462,-0.0055630728602409,-0.0034009590744972,1
0.091013967990875,0.10082428902388,-0.033603020012379,1
-0.17453461885452,0.027944602072239,0.098318330943584,1
0.10674202442169,-0.15578743815422,-0.057815067470074,1
-0.053253024816513,0.20239057391882,0.022974900901318,1
-0.17428582906723,0.095443613827229,-0.033853553235531,1
-0.003977358341217,0.14325799793005,0.017774783074856,1
-0.083097279071808,0.19917216151953,0.039333656430244,1
-0.17600858211517,-0.078175192698836,0.13895409554243,1
-0.0753293633461,0.033460833132267,-0.038718670606613,1
-0.15081822872162,0.046780340373516,-0.066418364644051,1
-0.13961073756218,-0.020986072719097,-0.015557251870632,1
-0.097617894411087,0.16744884103537,0.2040408924222,1
-0.1247091293335,-0.022425681352615,-0.058547355234623,1
-0.11141967773438,0.22089501470327,0.03820625692606,1
0.12037205696106,-0.18028923124075,0.20022887736559,1
0.093794822692871,0.25421144813299,-0.08218627423048,1
-0.02285224199295,0.16021927446127,-0.025792121887207,1
0.098686158657074,0.19965990632772,0.057607598602772,1
-0.077266037464142,0.020857967436314,0.015340708196163,1
0.0054964423179626,-0.10252426913939,-0.016737438738346,1
-0.043457925319672,-0.016312643885612,-0.01374077051878,1
-0.064838618040085,-0.18160379678011,0.077698774635792,1
-0.18636560440063,0.18567081540823,0.083509750664234,1
0.059773623943329,-0.076827445998788,-0.047210641205311,1
-0.22982275485992,0.021060958504677,0.08992088586092,1
-0.078176498413086,-0.028129085898399,-0.050566785037518,1
-0.24955204129219,-0.018388748168945,0.0040798112750053,1
0.11542493104935,-0.24510542303324,0.078613497316837,1
0.081484138965607,-0.21437159925699,0.021306768059731,1
-0.15983757376671,-0.1801694855094,0.026584915816784,1
0.088670670986176,-0.23992601782084,-0.010662965476513,1
-0.10841909050941,-0.15816813707352,0.12385732680559,1
0.030181169509888,-0.17814567685127,0.041761569678783,1
0.083093047142029,0.23008751124144,0.043280221521854,1
-0.0039384961128235,-0.075493846088648,0.014756597578526,1
0.018752157688141,0.12420155853033,-0.07700502127409,1
-0.10570576786995,-0.19329051673412,-0.031138375401497,1
-0.22911420464516,0.084698744118214,-0.069922879338264,1
-0.03435343503952,-0.13614020124078,-0.006567619740963,1
-0.079095035791397,0.19801612943411,0.007313571870327,1
-0.049488365650177,0.083713851869106,0.02099434286356,1
-0.085779517889023,0.059456013143063,-0.067290976643562,1
0.060478091239929,0.08877932280302,0.0051632300019264,1
-0.045841634273529,-0.040116582065821,-0.020891554653645,1
0.0018482804298401,0.18372281640768,0.024728670716286,1
-0.0759197473526,0.23247011750937,-0.059955611824989,0
-0.060087978839874,0.044820211827755,-0.016769729554653,1
-0.081409335136414,0.024941481649876,0.015495665371418,1
-0.2080562710762,0.03193274885416,0.019992224872112,1
-0.20090425014496,-0.13143504038453,0.046099580824375,1
-0.2401188313961,0.04415013641119,0.11722623556852,1
0.043014407157898,-0.057207956910133,-0.0073534920811653,1
-0.0025879144668579,0.077994488179684,0.010217435657978,1
-0.011370718479156,-0.17216846346855,-0.038194812834263,1
-0.1423436999321,0.057661958038807,-0.041383326053619,1
0.071552574634552,0.12676515430212,0.022880487143993,1
-0.2055641412735,0.091993562877178,-0.020338006317616,1
0.11971551179886,-0.14643059298396,0.053953252732754,1
0.037665903568268,-0.27079405635595,0.13335857540369,1
-0.0036429166793823,0.097903542220592,-0.027668319642544,1
-0.13843515515327,-0.24110562354326,0.049224227666855,1
0.008597731590271,0.095316983759403,-0.041490904986858,1
-0.062585413455963,-0.07124326005578,-0.0019613280892372,1
0.048885524272919,0.13184881955385,0.038067854940891,1
-0.030049324035645,0.27933567017317,0.095699019730091,1
0.1649711728096,-0.20411163568497,0.10870514065027,1
-0.12224903702736,-0.013312637805939,-0.085824303328991,1
0.076656401157379,-0.057840216904879,-0.013319723308086,1
-0.13241508603096,0.23133095353842,0.029092751443386,1
-0.028459668159485,0.053448714315891,-0.02323754876852,1
-0.062393128871918,0.083428539335728,-0.031202591955662,1
-0.20062461495399,-0.1292381118983,0.11087622493505,1
-0.023749768733978,-0.10579780302942,0.013156801462173,1
-0.10761678218842,-0.20798138529062,0.079157344996929,1
-0.071921110153198,0.23049672693014,0.13272159546614,1
-0.22435322403908,0.014253079891205,-0.081252358853817,1
-0.07824295759201,0.081566996872425,0.0098137333989143,1
0.11802822351456,-0.11863913014531,-0.0071834102272987,1
0.14846551418304,0.15336930006742,0.11949742585421,1
0.092858254909515,-0.18816530704498,0.092111714184284,1
0.11149138212204,-0.22936693578959,0.091372318565845,1
-0.17382508516312,0.16323535889387,0.14667988568544,1
-0.045060813426971,-0.19589638710022,-0.047285608947277,1
-0.097011029720306,-0.048689771443605,0.031566210091114,1
0.079770922660828,-0.15332300961018,-0.043940648436546,1
-0.19094100594521,0.013859532773495,0.011292316019535,1
0.067421555519104,0.11716025322676,0.012422807514668,1
0.14594125747681,0.23154669255018,0.059891730546951,1
-0.14414831995964,-0.18871383368969,0.1575398221612,1
0.02910989522934,-0.22530031949282,-0.0052346214652061,1
0.043691098690033,-0.26521017402411,-0.011280544102192,1
-0.022432267665863,0.060796998441219,-0.0083241239190102,1
0.015886187553406,-0.17427737265825,0.016888082027435,1
-0.020423710346222,-0.20069577544928,-0.099591635167599,1
-0.019608736038208,0.063840873539448,-0.0082797780632973,1
-0.11868232488632,0.21515377610922,-0.030804611742496,0
-0.13866031169891,-0.12140405736864,0.11811412125826,1
0.0035719275474548,-0.10596141591668,0.0026703551411629,1
0.0069103837013245,-0.11387403868139,0.0037694796919823,1
-0.21013543009758,0.0737709030509,-0.078352622687817,1
-0.073028564453125,0.18553742021322,-0.042906418442726,0
-0.20142310857773,-0.099127396359108,0.17018098384142,1
-0.054893434047699,0.12053722888231,-0.077982895076275,1
-0.064006090164185,-0.15081956982613,0.018012896180153,1
0.062600612640381,-0.15049563720822,0.046381615102291,1
0.1619833111763,0.14531024545431,-0.031224377453327,1
-0.21719792485237,0.06459928303957,-0.010840557515621,1
-0.042709410190582,0.049245335161686,-0.00076185911893845,1
-0.19880521297455,-0.063151281327009,-0.091955441981554,1
0.07781457901001,0.076745830476284,-0.024889141321182,1
-0.22821494936943,0.10251057893038,0.080620981752872,1
0.12989181280136,-0.25613854080439,0.041163958609104,1
0.021103918552399,-0.16159988194704,-0.069050118327141,1
-0.13992828130722,-0.010274589061737,-0.030533447861671,1
0.028413534164429,0.19810908287764,0.062064282596111,1
-0.030331909656525,-0.23843171447515,0.060018487274647,1
0.1013377904892,-0.20688006281853,0.13925702124834,1
-0.140879124403,-0.037128187716007,-0.015651531517506,1
0.10946518182755,0.19431763142347,0.099758468568325,1
-0.073979288339615,0.12287508696318,0.024818949401379,1
-0.099149733781815,0.10205923765898,-0.041396476328373,1
-0.08410108089447,0.24022563546896,0.029733516275883,1
-0.18969196081161,-0.14184254407883,0.095069117844105,1
0.081382036209106,-0.10531976353377,0.0084360092878342,1
-0.1808178126812,-0.12197473831475,-0.061898753046989,1
0.069951295852661,0.054454706609249,-0.0076715126633644,1
-0.049111902713776,-0.18521347641945,-0.011642701923847,1
0.14301002025604,0.19332703202963,-0.030823238193989,1
-0.033666491508484,0.065671600401402,-0.0014686360955238,1
0.07357382774353,0.18407698720694,-0.025983817875385,1
-0.091559708118439,0.018651060760021,0.019947208464146,1
-0.11574420332909,0.14208690077066,0.12962605804205,1
-0.14812377095222,-0.19834777712822,0.01097946614027,1
0.052674114704132,0.14106880873442,0.0037641450762749,1
-0.080981850624084,0.13907948881388,-0.040293209254742,1
0.063989162445068,-0.23619280010462,-0.0035925209522247,1
-0.1493673324585,-0.1184824872762,-0.018653340637684,1
0.15123677253723,0.15250592678785,0.02913586050272,1
-0.23526301980019,0.095203123986721,0.10636664181948,1
0.018793940544128,-0.076346000656486,0.010749690234661,1
-0.14726656675339,0.11527618020773,0.17233821004629,1
0.15792125463486,-0.16638144105673,0.19551063328981,1
0.0022116303443909,-0.22874245792627,0.063653871417046,1
0.064886271953583,-0.13161715865135,-0.027751386165619,1
-0.078404933214188,-0.027183443307877,0.0038575604557991,1
0.071438789367676,-0.19593735784292,0.062429524958134,1
0.095550954341888,-0.11599069833755,-0.024656347930431,1
0.13642555475235,-0.22920865565538,-0.061815746128559,1
0.1346184015274,-0.14397769421339,0.08448051661253,1
-0.21546721458435,0.035778664052486,0.025329641997814,1
-0.21298530697823,-0.0062355622649193,-0.0043020471930504,1
-0.049783051013947,-0.082268994301558,-0.021675787866116,1
0.031476855278015,0.23067723959684,0.10881923884153,1
-0.013045608997345,0.052047438919544,-0.017121665179729,1
-0.025092959403992,-0.069773932918906,0.018643230199814,1
-0.13172882795334,0.053172521293163,-0.060067534446716,1
0.064030230045319,0.2459345087409,0.12476869672537,1
0.01896607875824,0.16150581091642,-0.033849127590656,1
0.091717720031738,-0.074430564418435,0.012064956128597,1
0.021683573722839,-0.16465526819229,-0.04627613723278,1
-0.034059584140778,0.09822104126215,-0.00192741304636,1
0.031424582004547,-0.068643920123577,-0.024545848369598,1
-0.060678839683533,-0.10123073356226,-0.0087699368596077,1
-0.12369346618652,0.086726285517216,0.064814366400242,1
-0.09633731842041,0.085116513073444,-0.0045471712946892,1
-0.11689484119415,0.078491814434528,-0.074014343321323,1
-0.17585197091103,0.14776860922575,0.069488681852818,1
0.12165713310242,0.16184308379889,-0.066302418708801,1
0.018281519412994,0.17954631894827,0.029349848628044,1
-0.079985320568085,-0.096906248712912,0.020515643060207,1
-0.069360017776489,0.092826507985592,-0.052073545753956,1
0.035087406635284,-0.18522298336029,-0.0097991600632668,1
-0.002239465713501,0.15964891761541,-0.012107156217098,1
-0.039523184299469,-0.193698361516,0.16279932111502,1
-0.20738252997398,-0.10525572858751,-0.08137921243906,1
-0.042406022548676,-0.076613383367658,-0.0053340122103691,1
-0.17495089769363,0.13528599590063,-9.6611678600311e-05,1
-0.13581326603889,-0.14098975807428,0.16706994920969,1
-0.20934608578682,-0.061978485435247,-0.0016548112034798,1
0.091162025928497,0.21235539764166,-0.031698167324066,1
-0.22308081388474,0.061899401247501,0.035226948559284,1
-0.1296004652977,0.12711886316538,0.069141514599323,1
0.09017688035965,0.10182880610228,-0.041588112711906,1
0.093741655349731,-0.096025925129652,-0.00052680820226669,1
0.1514298915863,0.24276473373175,0.046901471912861,1
-0.15325182676315,-0.08371102809906,0.044619508087635,1
-0.15016576647758,0.16984095424414,-0.0084744021296501,1
-0.14922434091568,-0.15493117272854,0.098517335951328,1
-0.024968326091766,-0.25912333279848,-0.0016749501228333,1
0.018721342086792,-0.23964194208384,0.16005871444941,1
-0.18515148758888,-0.085185275413096,0.010699011385441,1
0.18576544523239,0.1920647546649,0.029662355780602,1
0.0098246932029724,0.086422599852085,-0.018765635788441,1
-0.062850028276443,0.25654687732458,-0.027619101107121,1
-0.17773154377937,0.1833840534091,-0.059290193021297,1
-0.1559334397316,0.12951097637415,-0.060570381581783,1
0.1223818063736,0.23225682228804,0.11800343543291,1
0.17776197195053,-0.23668216913939,-0.044176138937473,1
-0.051776647567749,0.071753062307835,-0.0010478720068932,1
-0.068277925252914,-0.090146658942103,-0.072800002992153,1
-0.16610822081566,0.18241759389639,-0.07668549567461,1
0.11535340547562,-0.11603169515729,-0.016550309956074,1
-0.1737345457077,-0.21492864191532,0.016351871192455,1
0.03406697511673,0.060562260448933,0.00010741502046585,1
0.020775377750397,0.25588079541922,-0.042918026447296,1
-0.044597804546356,-0.079564832150936,0.0071007236838341,1
-0.025536060333252,0.24072893708944,0.14272943884134,1
-0.16134095191956,0.047630541026592,-0.0065267309546471,1
-0.14672815799713,0.038369946181774,-0.001593329012394,1
-0.22271412611008,-0.078342581167817,0.084925107657909,1
-0.10493093729019,-0.15007195994258,0.048542536795139,1
-0.02767938375473,0.054400004446507,0.007076270878315,1
-0.20720672607422,0.11538138240576,0.097276277840137,1
0.057894825935364,-0.21809879690409,-0.034832738339901,1
-0.17856910824776,0.083753488957882,0.17145305126905,1
-0.077376455068588,-0.14560465142131,-0.051478013396263,1
0.061359405517578,0.10595043748617,0.026106514036655,1
0.019340097904205,-0.17044760286808,-0.037507295608521,1
-0.085775077342987,0.22394975274801,-0.078359439969063,0
-0.16901913285255,-0.076401937752962,0.091635383665562,1
-0.15194076299667,-0.17299393564463,0.12404758483171,1
-0.053916990756989,0.024096041917801,-0.012931846082211,1
0.038548767566681,-0.17260667681694,-0.091194543987513,1
0.044544458389282,0.13026655465364,-0.05815789103508,1
-0.060606807470322,0.058506272733212,-0.0221783593297,1
-0.072304129600525,0.0046935528516769,-0.058356322348118,1
-0.051433801651001,-0.1194161940366,-0.039206892251968,1
-0.23372960090637,0.058885328471661,-0.031205557286739,1
-0.11424353718758,-0.17098508775234,0.0036769136786461,1
0.031531989574432,-0.18750934302807,-0.076863922178745,1
-0.044158101081848,0.040553115308285,-0.010607607662678,1
0.034278213977814,-0.076514948159456,-0.017332226037979,1
0.13591754436493,0.14065834134817,-0.086954511702061,1
-0.043239057064056,0.18838860839605,-0.068447209894657,1
-0.17998540401459,-0.12852374091744,0.095358662307262,1
0.056889832019806,0.26019733399153,0.068409524857998,1
-0.16177028417587,0.032719649374485,0.037479974329472,1
0.12001723051071,0.19995411485434,-0.08777991682291,1
-0.064211905002594,-0.1815874055028,-0.0620476603508,1
-0.043557584285736,0.02291065454483,-0.0024610981345177,1
-0.23863166570663,0.071987949311733,0.055337674915791,1
-0.17861181497574,-0.0054141655564308,0.042465709149837,1
0.012572526931763,0.228495888412,0.099403567612171,1
-0.16233125329018,-0.1822778955102,-0.056958444416523,1
-0.25227278470993,-0.05068090185523,0.10611618310213,1
0.0032299160957336,-0.082608487457037,0.014924362301826,1
-0.056672304868698,-0.074753995984793,0.017289943993092,1
0.1034289598465,-0.18970289826393,0.017540864646435,1
0.040761291980743,-0.20391367375851,0.15219361335039,1
0.16068369150162,-0.17070706933737,-0.068372465670109,1
-0.17565259337425,-0.10421651462093,0.068740494549274,1
0.041793942451477,0.099940873682499,-0.0079675614833832,1
-0.0099220275878906,0.12874733656645,-0.053661569952965,1
0.1295844912529,-0.17463645339012,-0.018524326384068,1
-0.028899967670441,0.21604903787374,0.0065512210130692,1
0.12128472328186,0.17977210134268,-0.095633618533611,1
-0.24910339713097,-0.065985038876534,0.03245785087347,1
0.002494215965271,0.094988249242306,0.013426847755909,1
0.15589505434036,-0.15444998070598,0.094619281589985,1
0.0025041699409485,-0.14392099529505,-0.050389438867569,1
0.10946553945541,-0.13111406192183,-0.065400294959545,1
-0.15891796350479,0.097903616726398,-0.040935449302197,1
-0.029802262783051,0.19562443345785,0.059827275574207,1
-0.020577371120453,-0.18334693461657,0.033420257270336,1
-0.062161654233932,0.045301802456379,-0.050079010426998,1
0.058303654193878,0.21456327289343,0.036705754697323,1
-0.0059247612953186,0.18725793808699,0.055526621639729,1
0.044996619224548,0.14821621030569,-0.0197738930583,1
0.055253207683563,0.076093338429928,0.0042368546128273,1
-0.19275748729706,0.040003873407841,0.1359878256917,1
0.060660481452942,0.19389145821333,0.093281202018261,1
0.06305068731308,0.26469217985868,0.12809283286333,1
-0.15225234627724,-0.17912327498198,-0.018866963684559,1
-0.16862514615059,-0.10378610249609,0.1976008489728,1
0.12325948476791,-0.15750999003649,-0.0085524097084999,1
0.05586701631546,0.17740293592215,-0.00035586208105087,1
0.067741632461548,0.11112117022276,-0.035541735589504,1
-0.1323464512825,-0.0793726015836,-0.0040737465023994,1
-0.061683475971222,0.20032479614019,0.17248935252428,1
0.098925709724426,-0.25588265806437,-0.049005284905434,1
0.01993727684021,-0.22672424465418,0.049676544964314,1
-0.11775973439217,-0.089751104824245,-0.0854262560606,1
-0.10149762034416,-0.11195729859173,-0.061124332249165,1
0.093671858310699,0.070415936410427,0.0055905058979988,1
0.073408544063568,-0.15435840561986,-0.086213208734989,1
0.16280949115753,0.22497814148664,0.026862449944019,1
0.018933653831482,-0.18308059126139,-0.037616901099682,1
0.17167818546295,0.19220819324255,0.0032255426049232,1
-0.054896682500839,-0.030673809349537,-0.0026264116168022,1
0.046049833297729,0.13456869870424,-0.0082643628120422,1
-0.041542828083038,-0.09290146175772,-0.042841173708439,1
-0.14130064845085,0.03083560615778,-0.032537400722504,1
-0.010894536972046,0.12313718348742,-0.00057807564735413,1
-0.046621382236481,0.18428441137075,-0.047798134386539,1
-0.0694180727005,-0.15894144400954,-0.045107334852219,1
-0.10064119100571,-0.19802862405777,-0.093707948923111,1
0.045527040958405,0.078347004950047,0.0058372691273689,1
-0.065454512834549,-0.16347444802523,0.032882153987885,1
0.21861034631729,0.2208508476615,0.019034430384636,1
0.17572671175003,-0.17369764298201,-0.039410375058651,1
-0.18760740756989,0.071342028677464,-0.070222832262516,1
0.013558149337769,-0.18539249897003,0.084644369781017,1
-0.058562576770782,0.054532401263714,-0.040309049189091,1
0.074707448482513,-0.09872560959775,-0.050467848777771,1
0.11493808031082,-0.25863552838564,-0.015106484293938,1
-0.042854070663452,0.033778227865696,-0.0027875974774361,1
0.063371539115906,-0.063774555921555,-0.0010512843728065,1
-0.15203666687012,0.035370744764805,-0.018323548138142,1
-0.033740699291229,-0.12078015133739,0.015500485897064,1
0.14543431997299,-0.17309667170048,0.12949883192778,1
0.036283195018768,-0.099372559052426,-0.0347595885396,1
0.026338636875153,0.15518333762884,-0.040894463658333,1
0.0060047507286072,-0.12943336740136,-0.061421863734722,1
-0.19885236024857,0.080136336386204,0.11961767822504,1
-0.13498839735985,-0.2070600092411,0.10832471400499,1
-0.1789368391037,0.025571890175343,0.070333950221539,1
0.034835994243622,0.066913224756718,-0.024976879358292,1
0.095273554325104,-0.18351651728153,-0.038013137876987,1
0.13984274864197,0.22076710313559,-0.071563400328159,1
0.061205387115479,0.17611845582724,-0.0063389912247658,1
-0.061669081449509,-0.010514631867409,-0.04551387578249,1
-0.12631306052208,-0.067840170115232,0.019209749996662,1
0.12843006849289,-0.25265488773584,0.12041503936052,1
0.035364747047424,0.24361159652472,-0.010795213282108,1
-0.0091269612312317,-0.13399708271027,-0.047568932175636,1
-0.085182368755341,-0.010758377611637,-0.014566071331501,1
-0.1164815723896,-0.0077715516090393,-0.084114633500576,1
-0.12130135297775,0.061116956174374,0.020289115607738,1
-0.08963543176651,0.02584420889616,0.024035237729549,1
0.13190305233002,0.10941862314939,0.033101879060268,1
-0.092397540807724,-0.1901817470789,-0.039497524499893,1
0.098212242126465,0.091832391917706,-0.026098541915417,1
-0.20206555724144,-0.01928298920393,-0.087115705013275,1
-0.1939377784729,-0.097518629161641,0.067622862756252,1
0.057939350605011,-0.14124215021729,-0.072394989430904,1
0.0086191892623901,0.2573931440711,0.15125808864832,1
-0.03150874376297,0.10711751133204,-0.003955252468586,1
-0.21929943561554,0.095276214182377,0.10594052821398,1
-0.0037881731987,-0.17316571623087,0.02552454918623,1
-0.0098122954368591,0.29024811834097,0.0041884854435921,1
-0.15330055356026,-0.20295997709036,0.030147008597851,1
-0.094074964523315,-0.04685041680932,0.012755952775478,1
0.15203392505646,-0.17907898128033,0.045417360961437,1
0.14880764484406,-0.14083414152265,-0.081617332994938,1
0.098625302314758,-0.075947592034936,-0.037342198193073,1
0.19972038269043,0.20628505200148,-0.0013955309987068,1
-0.16763445734978,0.016512989997864,0.026374004781246,1
-0.18936085700989,-0.035665430128574,-0.070508517324924,1
-0.031992614269257,-0.23529276996851,0.021740965545177,1
-0.0034066438674927,-0.074734397232533,-0.044239319860935,1
-0.072697669267654,-0.016961067914963,0.0057306960225105,1
-0.081455588340759,0.23105999082327,-0.048934988677502,0
0.01911187171936,-0.25279144197702,-0.0041471049189568,1
0.10627472400665,-0.15549018979073,-0.037491627037525,1
0.037317454814911,-0.19377259165049,-0.072157122194767,1
0.016766130924225,-0.15797615796328,0.017193898558617,1
-0.24702006578445,0.094557039439678,0.052447907626629,1
-0.18359607458115,0.19533618539572,-0.016261138021946,1
-0.028092443943024,0.084291838109493,-0.022847332060337,1
-0.017975926399231,0.060846276581287,0.0012762919068336,1
-0.09259232878685,-0.20494432002306,0.037621878087521,1
0.033052980899811,0.12209755927324,-0.048713460564613,1
-0.0049070119857788,-0.21054086834192,-0.079251788556576,1
-0.0031836628913879,-0.1515374109149,0.043430998921394,1
0.03488153219223,0.080993197858334,-0.017161525785923,1
-0.25303506851196,0.052127756178379,0.084891803562641,1
-0.15588355064392,0.15984972566366,0.16168146580458,1
-0.19043892621994,0.14354952424765,-0.033760912716389,1
7.6532363891602e-05,-0.20587266236544,0.21060741692781,1
0.094792306423187,0.23589076846838,0.15864730626345,1
-0.1528587937355,-0.17284186929464,-0.0084474310278893,1
-0.15700203180313,-0.18353704363108,-0.017184846103191,1
-0.17033985257149,-0.049541659653187,0.046602107584476,1
-0.11557757854462,0.16721453517675,0.093779362738132,1
-0.098625987768173,0.22833105176687,0.051103159785271,1
-0.043476223945618,-0.16781418025494,0.061773128807545,1
-0.069884240627289,0.058998800814152,-0.026337452232838,1
0.02871185541153,-0.0709268450737,-0.026616051793098,1
-0.12404230237007,0.033747829496861,-0.027006812393665,1
-0.19708427786827,-0.088815588504076,-0.077183678746223,1
-0.059469878673553,-0.17906793951988,-0.07029590010643,1
0.05544376373291,0.20274742692709,0.17387870699167,1
0.18169838190079,0.21856968849897,0.042081266641617,1
-0.1689847111702,-0.21095999330282,0.020095877349377,1
-0.23899191617966,0.0083137080073357,-0.062122203409672,1
-0.14849525690079,-0.0010315924882889,0.047912947833538,1
0.17502415180206,0.17527725547552,-0.079632326960564,1
-0.096976459026337,-0.25287450104952,0.039291135966778,1
-0.17131334543228,0.054422877728939,0.13770232349634,1
-0.081714570522308,0.13319530338049,-0.046822346746922,1
0.0168696641922,-0.13150389492512,-0.048419445753098,1
-0.016975224018097,-0.26464154571295,-0.079809360206127,1
0.053038537502289,-0.067426975816488,-0.030991427600384,1
-0.071888834238052,-0.21544339507818,0.061803184449673,1
0.092103898525238,0.18729942291975,-0.063065201044083,1
-0.022175252437592,-0.25967428833246,0.11292276531458,1
0.092805922031403,-0.072527090087533,-0.059879131615162,1
-0.10748615860939,-0.10024489928037,0.0079772248864174,1
0.048595547676086,0.07009843736887,0.0019078105688095,1
-0.10298189520836,-0.11944702081382,0.034232772886753,1
-0.033693432807922,-0.053015094250441,-0.0008147731423378,1
0.065081179141998,0.055487893521786,-0.01175619661808,1
-0.0073371529579163,-0.082821294665337,0.016018636524677,1
-0.12587949633598,-0.038715086877346,-0.066663846373558,1
0.0058756470680237,0.07676949352026,-0.039541758596897,1
0.065275132656097,-0.21616996824741,0.16855775564909,1
-0.020643651485443,-0.22323300689459,0.029820397496223,1
-0.095138758420944,-0.2238530293107,-0.040033951401711,1
-0.077737212181091,0.073739476501942,-0.077740930020809,1
-0.0059023499488831,-0.15045649558306,0.020797461271286,1
-0.085303485393524,-0.0038432031869888,-0.045029886066914,1
0.0030521750450134,-0.11120056454092,0.013631924986839,1
-0.088685035705566,0.10770805925131,-0.024321027100086,1
-0.24531054496765,-0.02386474609375,-0.060805819928646,1
0.064712226390839,-0.080772692337632,-0.0052157863974571,1
0.11998230218887,-0.11337831895798,-0.070428214967251,1
-0.009609043598175,0.14002915471792,-0.030186429619789,1
-0.11814486980438,-0.010929889976978,0.023291729390621,1
0.021558701992035,-0.17427412420511,-0.056220278143883,1
0.13183671236038,-0.22331807017326,0.021086812019348,1
0.10691434144974,0.088120616972446,0.0034293457865715,1
0.11653310060501,0.20151548832655,0.11804796010256,1
0.038837850093842,0.074311934411526,-0.004439614713192,1
0.086591482162476,0.17453046888113,-0.035637743771076,1
-0.10102191567421,-0.17661123722792,-0.023934781551361,1
-0.069512546062469,0.014817304909229,-0.025381021201611,1
-0.13543662428856,-0.024609990417957,0.026504866778851,1
-0.093945205211639,0.24420484155416,-0.039720453321934,0
0.1296152472496,0.15640773624182,0.023057714104652,1
-0.10730949044228,-0.096887428779155,-0.052446521818638,1
-0.1777486205101,0.08733619004488,0.011864341795444,1
0.13618296384811,-0.16196903213859,0.028178907930851,1
-0.15328815579414,0.094810210168362,-0.0052187219262123,1
-0.17820423841476,-0.093247792683542,0.13860010355711,1
0.092916309833527,-0.085356870666146,-0.072087541222572,1
0.1728081703186,-0.19288362562656,0.0010706409811974,1
-0.20402961969376,0.065739698708057,0.16157779842615,1
-0.12121891975403,0.16595270484686,0.066276542842388,1
0.043302714824677,-0.25630045682192,0.1296321824193,1
-0.052744597196579,-0.025966726243496,-0.031793914735317,1
-0.03939163684845,0.085278742015362,-0.019047521054745,1
-0.0027468204498291,-0.16124029457569,-0.059044152498245,1
-0.025749623775482,0.10450906306505,-0.025892220437527,1
-0.013048112392426,0.19269066303968,0.11228685826063,1
-0.16215711832047,-0.10859903786331,0.14109597355127,1
-0.18936783075333,0.11330723017454,0.14353432506323,1
-0.11823529005051,0.18755795806646,0.17471349984407,1
0.1397323012352,0.18095754832029,0.093075223267078,1
-0.22890940308571,0.060216493904591,0.14013459533453,1
-0.083413451910019,-0.13811952993274,-0.021379522979259,1
0.060730516910553,-0.2521790638566,0.023554131388664,1
-0.042655408382416,0.10985756665468,0.032861165702343,1
-0.10402688384056,0.091783247888088,-0.042893774807453,1
0.10567504167557,0.24324693530798,0.015295051038265,1
-0.24846506118774,0.074335418641567,0.074740566313267,1
-0.21239334344864,0.068733461201191,0.027936734259129,1
-0.1349633038044,-0.1440337151289,0.19342785328627,1
-0.00047457218170166,-0.19215929508209,0.10455947369337,1
-0.18331903219223,0.0017601698637009,-0.061349451541901,1
0.011203050613403,-0.19834282249212,0.019307769834995,1
-0.20200443267822,-0.14196660742164,-0.030467189848423,1
-0.068896263837814,-0.012174859642982,-0.0043960735201836,1
-0.082035154104233,-0.073263457044959,-0.024236954748631,1
0.067069530487061,-0.05308099463582,-0.022780440747738,1
-0.1344290971756,0.063701249659061,-0.055118218064308,1
0.023437917232513,0.084879688918591,-0.015553958714008,1
0.048678159713745,0.178720228374,-0.03660748898983,1
0.18264508247375,0.20890798419714,0.14093387871981,1
0.0059075951576233,-0.14300874248147,-0.018721364438534,1
0.083168089389801,-0.22519279271364,0.16230208426714,1
0.075327813625336,-0.22396007180214,-0.033174127340317,1
0.12525540590286,0.11067152768373,-0.082871429622173,1
0.04568487405777,-0.1683701351285,-0.039108201861382,1
0.0046817064285278,0.099242262542248,-0.016865320503712,1
-0.027213156223297,-0.21282593160868,0.14558083564043,1
0.13249033689499,-0.12760944850743,0.051549680531025,1
-0.1470302939415,-0.13174006715417,0.18706289678812,1
0.038848221302032,0.083102621138096,-0.015549920499325,1
0.053789258003235,0.082250170409679,-0.0033364668488503,1
0.1057493686676,-0.1191024929285,-0.089316077530384,1
0.091531574726105,0.25259497016668,-0.023910291492939,1
-0.098405122756958,-0.052824396640062,0.016901530325413,1
0.10803699493408,0.26120191067457,0.035459794104099,1
-0.083027511835098,-0.26203421503305,0.025088377296925,1
0.061404764652252,-0.16266617923975,0.062420077621937,1
0.073453664779663,0.089758388698101,-0.065134957432747,1
-0.14771562814713,0.21689137071371,-0.036749564111233,1
-0.14808019995689,-0.19801028817892,0.12351704388857,1
0.0042584538459778,0.072181664407253,-0.038889303803444,1
0.057547926902771,0.12778853625059,0.0010295361280441,1
0.13972109556198,-0.21296435594559,0.0094156935811043,1
-0.0044495463371277,0.052110306918621,-0.0013511851429939,1
-0.14918047189713,-0.057579223066568,-0.058261588215828,1
-0.11402687430382,-0.099224484991282,-0.0057507678866386,1
-0.053086638450623,0.056151606142521,-0.0133371129632,1
0.022278010845184,-0.12749031558633,-0.073345452547073,1
0.15219163894653,0.13768916577101,-0.054170466959476,1
0.087074458599091,0.094748429954052,0.025066509842873,1
-0.085486024618149,0.17458265274763,0.17277663201094,1
-0.06957682967186,0.16137220710516,0.02025143802166,1
-0.051065802574158,-0.024378433823586,0.0060445293784142,1
0.0029754042625427,0.14550056308508,-0.089896347373724,1
0.1461700797081,0.16353502124548,0.079862482845783,1
-0.040836334228516,0.049192406237125,0.016156680881977,1
-0.072190254926682,0.2415474280715,0.061836913228035,1
-0.074136734008789,0.14463224261999,-0.0069576874375343,1
0.010836124420166,-0.16480665653944,0.014827780425549,1
0.084166765213013,0.16295852512121,-0.03183538466692,1
-0.068367153406143,0.054045133292675,-0.032412327826023,1
-0.044193089008331,-0.15373954921961,0.053588069975376,1
-0.027653515338898,-0.0225979834795,-0.0072671696543694,1
-0.17603689432144,0.03141275793314,-0.07907435297966,1
-0.11917355656624,0.12013300508261,-0.091641686856747,1
-0.064973026514053,-0.23104525357485,0.003899060189724,1
0.037033379077911,0.12595311552286,0.023616462945938,1
0.12226074934006,-0.12027644179761,-0.063240952789783,1
0.050418019294739,-0.10035071283346,-0.0043484345078468,1
-0.12189188599586,0.19096704572439,0.076068393886089,1
0.024202167987823,0.20216559618711,0.081119485199451,1
-0.19745293259621,-0.026407584547997,0.1752575263381,1
-0.13570445775986,0.14130084961653,0.19081432372332,1
0.11722660064697,0.09359597414732,-0.070540525019169,1
0.08794105052948,0.11581691354513,-0.076831884682178,1
-0.14340758323669,0.14273314923048,-0.034767009317875,1
-0.069835484027863,-0.12388792261481,0.048387259244919,1
-0.21140456199646,-0.066985968500376,0.0041055008769035,1
0.071454107761383,-0.18426933139563,0.0090870633721352,1
0.046599447727203,0.094251297414303,0.0081920549273491,1
0.12938129901886,-0.2241111472249,0.15959922224283,1
-0.20930340886116,-0.13441853970289,-0.05862008780241,1
0.031604826450348,0.086558021605015,-0.030743949115276,1
-0.016467988491058,0.16450213640928,-0.058790743350983,1
-0.11409133672714,0.13612326234579,-0.031428806483746,1
0.10755580663681,0.20433389395475,-0.027937196195126,1
0.0079756379127502,0.14487370103598,0.016727089881897,1
0.1621407866478,-0.22324898838997,-0.071272648870945,1
-0.075706839561462,0.03355448693037,-0.026570275425911,1
0.12276846170425,0.26890441030264,0.058065332472324,1
0.045169174671173,0.20334159582853,-0.025543741881847,1
-0.063466608524323,-0.08855312410742,0.0081988051533699,1
0.17127013206482,0.24503644555807,0.093260802328587,1
-0.09566342830658,-0.049085155129433,0.025632746517658,1
-0.16177004575729,-0.0054631233215332,0.049222491681576,1
0.0087661743164062,0.087326936423779,-0.024690583348274,1
-0.025604903697968,-0.085600901395082,-0.026158958673477,1
0.014283835887909,0.21327485889196,0.017562747001648,1
-0.004692554473877,0.079450599849224,0.014939278364182,1
-0.055915296077728,0.04322525113821,-0.019229598343372,1
0.00032830238342285,-0.18785696476698,-0.010467618703842,1
-0.063757121562958,-0.052173770964146,-0.045813918113708,1
-0.12054109573364,-0.019472874701023,-0.012924648821354,1
-0.12918528914452,-0.0070288926362991,0.055452667176723,1
-0.098509967327118,0.083775050938129,0.00076498836278915,1
0.13311630487442,0.21860804408789,-0.011509768664837,1
0.042684733867645,-0.18427884578705,-0.067870147526264,1
0.025791823863983,0.24263905733824,0.10239104181528,1
0.012202560901642,0.12238124758005,-0.0076817497611046,1
0.0080433487892151,-0.089293885976076,-0.048631742596626,1
-0.15411168336868,0.092746652662754,0.20648626238108,1
-0.044268429279327,-0.055971439927816,0.017612062394619,1
-0.056134819984436,0.24465220421553,-0.0099580734968185,1
-0.048319756984711,0.10671333223581,-0.054019786417484,1
0.064617276191711,0.15822457522154,-0.016977526247501,1
0.063245952129364,-0.1831263974309,0.070851750671864,1
-0.033859372138977,-0.20011229068041,-0.0083237513899803,1
-0.048727929592133,0.13286083191633,-0.039361506700516,1
0.10219901800156,-0.079090571030974,0.0038064941763878,1
0.06097948551178,0.065182454884052,0.0028913244605064,1
-0.12083515524864,0.1945853754878,0.085456751286983,1
-0.11056804656982,-0.17873199284077,0.071327276527882,1
0.19022423028946,0.19925823062658,0.04976350069046,1
0.036928296089172,0.11731039732695,0.024931252002716,1
0.066536724567413,-0.060952447354794,-0.017916850745678,1
0.15822780132294,0.21988942474127,0.032392680644989,1
-0.18799489736557,-0.15186290815473,0.12572724372149,1
0.078782498836517,-0.12083214148879,-0.017622083425522,1
0.036995708942413,-0.080771364271641,0.014137797057629,1
0.18156641721725,0.18235322088003,0.17860097438097,1
-0.078049719333649,-0.15597288310528,-0.081834033131599,1
-0.16134065389633,0.11942984908819,-0.00075335055589676,1
-0.12882539629936,-0.099948990275152,-0.05284009128809,1
-0.18797135353088,0.035548768937588,-0.0093696340918541,1
0.12820595502853,-0.17064446955919,0.043967597186565,1
0.14142245054245,-0.13166866078973,0.043627537786961,1
0.10284328460693,0.096606962382793,0.0071573331952095,1
-0.063269585371017,-0.17305582761765,0.034520000219345,1
-0.023461520671844,-0.21495112031698,-0.017078176140785,1
0.083017706871033,0.20880728214979,0.15618426352739,1
-0.029118597507477,0.024932362139225,-0.0047774389386177,1
0.018353819847107,-0.19602105766535,0.040018908679485,1
-0.014750182628632,-0.099893841485027,0.0074309632182121,1
-0.13498044013977,-0.067568752914667,0.0098946169018745,1
-0.079557061195374,0.10309768468142,-0.0028609111905098,1
-0.17565575242043,0.15812390297651,0.084103681147099,1
-0.11124011874199,-0.16391874104738,0.15172708779573,1
-0.086406886577606,-0.036412045359612,0.025056682527065,1
0.16231274604797,-0.17235770076513,-0.010871149599552,1
-0.036272048950195,0.27141105383635,-0.029996857047081,1
0.075213968753815,-0.12153694219887,0.02523148804903,1
-0.052409440279007,-0.20556488633156,-0.05161789804697,1
0.057098925113678,0.097641013562679,0.011343397200108,1
-0.066424638032913,-0.26978639513254,0.065779186785221,1
-0.089383602142334,-0.064253464341164,-0.037738516926765,1
-0.089660316705704,0.15660690516233,0.10254023224115,1
-0.095756411552429,0.14747609943151,-0.041414953768253,1
-0.21176654100418,-0.1542868539691,0.0043732300400734,1
0.11898654699326,0.13020276278257,-0.017364889383316,1
0.18354374170303,0.21987714618444,0.12193173915148,1
-0.23901501297951,-0.0057605281472206,-0.050299696624279,1
-0.085206776857376,0.15770372003317,-0.013191528618336,1
0.073646426200867,-0.20778145641088,0.19369376450777,1
0.13300567865372,-0.13367819786072,0.022785164415836,1
-0.089143007993698,-0.00077386945486069,0.017024748027325,1
-0.16629981994629,-0.15063233673573,-0.018203876912594,1
0.018119812011719,-0.086094432510436,-0.035143591463566,1
-0.01991081237793,0.063587300479412,-0.00048578530550003,1
-0.14763909578323,0.085459880530834,0.045067213475704,1
-0.064288198947906,0.090939335525036,0.02343075722456,1
-0.023963987827301,-0.25892425328493,0.0068942978978157,1
-0.040249764919281,-0.051356185227633,-0.044105462729931,1
-0.10755187273026,0.050107069313526,-0.028484001755714,1
0.097762644290924,-0.15179171413183,-0.077598080039024,1
0.1743169426918,-0.15346225351095,0.14443532377481,1
0.0063815712928772,0.25646980851889,-0.054910905659199,1
-0.027179777622223,-0.080101072788239,-0.014380648732185,1
0.12254840135574,0.16703509539366,-0.055554486811161,1
-0.079478114843369,0.15282609313726,-0.053141586482525,0
0.062858581542969,-0.084896423853934,0.012667961418629,1
0.19574165344238,0.19716893881559,0.13939426094294,1
-0.11529651284218,0.15631823986769,-0.012216471135616,1
-0.028994977474213,-0.085669378750026,0.0113285779953,1
-0.025760352611542,-0.26198350638151,-0.053485989570618,1
0.05147910118103,0.17996933311224,0.0026032701134682,1
0.035205543041229,-0.13206768780947,-0.082057319581509,1
-0.022904515266418,0.054542385041714,-0.0032221302390099,1
-0.10168299078941,-0.19616077840328,0.010286830365658,1
-0.038554131984711,0.14471911638975,-0.060168042778969,1
0.060682117938995,-0.20795479416847,-0.023642405867577,1
-0.0014376044273376,-0.27882011979818,0.0088313445448875,1
-0.060001939535141,-0.055737361311913,-0.025607101619244,1
-0.1255696117878,-0.021754890680313,0.037608362734318,1
-0.19141075015068,-0.10258635645732,-0.053143434226513,1
-0.024984419345856,-0.051611829549074,-0.032782159745693,1
-0.049768030643463,-0.015211202204227,0.00046028941869736,1
-0.080698788166046,-0.14875638112426,-0.092818699777126,1
-0.020827889442444,-0.077056234702468,-0.024700827896595,1
-0.20367428660393,0.036584429442883,0.18859595805407,1
0.037463366985321,0.2826816663146,0.059124894440174,1
-0.0074482560157776,-0.16719614714384,-0.036504566669464,1
0.057501375675201,0.062931589782238,0.0031814277172089,1
0.13634121417999,0.15692993253469,-0.073945015668869,1
-0.0007975697517395,-0.13288646191359,0.019270852208138,1
0.12743407487869,0.1038706228137,-0.030445121228695,1
-0.047438085079193,0.027946002781391,0.0050269737839699,1
-0.20553025603294,0.1614328250289,0.032584168016911,1
0.10446637868881,0.14914064854383,-0.012289859354496,1
0.0034837126731873,-0.053808365017176,-0.0040401890873909,1
-0.016329705715179,0.26938786357641,0.10087912529707,1
-0.17265659570694,0.13154729455709,0.15854781121016,1
0.089506030082703,0.18556284159422,0.032612912356853,1
0.10963612794876,-0.094311845023185,-0.078924335539341,1
-0.029656231403351,0.21707930415869,-0.082802504301071,1
-0.098767697811127,0.22510405629873,-0.0091583430767059,0
0.0055780410766602,-0.2312615737319,0.037739768624306,1
-0.01174396276474,-0.13640299811959,-0.064946487545967,1
-0.0064378976821899,-0.17939568310976,0.059883542358875,1
-0.1880199611187,0.060745038092136,0.080312989652157,1
-0.063322484493256,0.012004181742668,-0.0079067125916481,1
-0.17254114151001,0.12246679514647,-0.032157205045223,1
-0.057324141263962,0.26356925815344,0.092244975268841,1
-0.10670411586761,-0.051896508783102,0.018372736871243,1
-0.16219598054886,0.051082171499729,-0.06526256352663,1
-0.035367250442505,-0.015739001333714,0.0039331689476967,1
0.18095451593399,0.22448148578405,-0.058094926178455,1
-0.013188421726227,-0.13620472326875,-0.0062144100666046,1
0.14190763235092,0.15495231002569,0.11244214326143,1
-0.041298687458038,0.058639697730541,0.018295787274837,1
-0.081999510526657,0.18517520278692,0.133415825665,1
0.060747385025024,0.11447834223509,-0.046863786876202,1
0.068467795848846,-0.20157357305288,0.020491249859333,1
0.0037902593612671,0.26319532841444,-0.062904484570026,1
0.054298579692841,-0.077129324898124,0.0018703565001488,1
0.016347169876099,0.061125807464123,-0.0046721771359444,1
-0.15425875782967,0.10774072259665,0.068511582911015,1
-0.076206415891647,0.26989104598761,0.040917135775089,1
0.03055864572525,0.12103595584631,-0.010266914963722,1
0.039489209651947,0.20994558185339,0.15521440654993,1
0.12401068210602,-0.1995060890913,-0.024321891367435,1
-0.14354413747787,-0.046548016369343,-0.035258963704109,1
0.057238936424255,0.19283088296652,0.055225856602192,1
0.06322181224823,0.2054336592555,0.12968873232603,1
-0.13905823230743,0.073357693850994,-0.030677057802677,1
0.091516435146332,0.083792023360729,0.017925947904587,1
-0.17414158582687,-0.17050513625145,0.097005166113377,1
-0.013461947441101,0.18743994086981,0.022039107978344,1
0.085303366184235,0.10632511228323,0.0027680769562721,1
0.068820714950562,0.164207033813,0.013505645096302,1
-0.12677118182182,0.20930912345648,0.12706316262484,1
0.065623104572296,-0.14544112235308,-0.035721816122532,1
-0.01318222284317,0.10242403298616,-0.072709299623966,1
0.044166028499603,0.072336278855801,-0.015055514872074,1
0.012275695800781,0.22621863335371,0.034870885312557,1
-0.043885111808777,-0.21483924984932,-0.052284188568592,1
-0.07535794377327,-0.044898521155119,0.020011745393276,1
0.011541724205017,0.13591962307692,0.0044216737151146,1
-0.16288429498672,0.13878162950277,-0.064483739435673,1
-0.0032349824905396,0.19746657460928,0.089065454900265,1
-0.14808088541031,0.098707668483257,-0.073756508529186,1
-0.05478447675705,-0.019876040518284,0.020018227398396,1
0.084994852542877,-0.26981914788485,-0.01084242016077,1
0.061772882938385,-0.18989542871714,0.22235906869173,1
-0.19954937696457,0.11478257924318,0.086115546524525,1
-0.029235482215881,-0.10878435149789,0.00024514645338058,1
-0.13868203759193,-0.11777236498892,0.19781444221735,1
-0.21309101581573,-0.016071014106274,0.17195833474398,1
-0.020376026630402,0.12334156781435,0.02317151427269,1
-0.071668386459351,-0.071257911622524,-0.02960417419672,1
-0.13273251056671,0.025121800601482,0.050243131816387,1
-0.20834362506866,-0.076409095898271,0.032733358442783,1
-0.091883838176727,0.054499633610249,-0.014449633657932,1
0.1062006354332,0.11608599871397,-0.015184752643108,1
-0.1912362575531,0.13344282656908,0.08134201914072,1
0.014581322669983,0.20354937762022,0.16799042373896,1
-0.14469274878502,0.22266628593206,0.068601436913013,1
-0.19713267683983,0.17622419446707,0.048285327851772,1
-0.068764686584473,-0.068591650575399,-0.038455687463284,1
0.033925235271454,-0.21898942440748,0.20170659571886,1
-0.20146912336349,0.00081515312194824,0.13061309605837,1
0.036174118518829,-0.17580831795931,-0.012559838593006,1
-0.18731567263603,0.032896764576435,0.081584669649601,1
0.066787600517273,0.2448450550437,-0.034914210438728,1
-0.064253330230713,0.16370513290167,-0.065930634737015,1
-0.18819627165794,-0.01363617926836,-0.0015411600470543,1
-0.049311280250549,0.16265662759542,-0.050338119268417,1
-0.04449599981308,-0.20008139312267,-0.035156413912773,1
-0.1237998008728,-0.11983148753643,-0.081828899681568,1
-0.080380886793137,0.087041012942791,-0.0074303820729256,1
-0.062741577625275,0.24176719039679,0.085436411201954,1
-0.14896559715271,-0.1694610863924,-0.030430890619755,1
-0.089057505130768,0.025765739381313,-0.0060514137148857,1
-0.26739951968193,0.024223260581493,0.020919166505337,1
-0.065399408340454,-0.18305996060371,0.070556692779064,1
-0.075382947921753,-0.0068686977028847,-0.056274577975273,1
-0.12343090772629,0.21808435767889,0.0510368719697,1
-0.074893712997437,0.13819006830454,-0.026762388646603,1
-0.10811805725098,-0.13780783116817,-0.078422136604786,1
-0.23174151778221,-0.044464182108641,-0.045529194176197,1
-0.018543303012848,-0.1863195002079,-0.033225327730179,1
0.013104021549225,0.08474276214838,-0.023438185453415,1
0.073993146419525,0.20609789341688,0.14100474864244,1
-0.088973343372345,-0.24155775457621,0.056183539330959,1
0.088952124118805,-0.074259009212255,-0.037512741982937,1
0.023821830749512,0.23426555842161,-0.06049582362175,1
-0.065638035535812,-0.12880648858845,0.035498254001141,1
0.019739151000977,0.24634548276663,0.11746550351381,1
-0.096434384584427,0.1719843968749,0.19865006953478,1
0.098996877670288,-0.15974207222462,-0.012932121753693,1
-0.13596984744072,-0.006331667304039,-5.8166682720184e-05,1
-0.055194795131683,0.27364610880613,-0.0032925754785538,1
0.17978829145432,-0.21190308779478,0.14126370102167,1
-0.03871887922287,0.077428482472897,-0.049785904586315,1
-0.11208355426788,0.047679968178272,0.019336216151714,1
0.099002301692963,0.15067484229803,-0.0066728815436363,1
-0.18428057432175,-0.024151831865311,0.17668386548758,1
0.012722551822662,-0.10461496049538,0.017578676342964,1
-0.15052202343941,-0.096571772359312,0.040704973042011,1
0.021045446395874,-0.26309653371572,-0.079184181988239,1
-0.00090509653091431,0.085869364440441,-0.0055964738130569,1
0.084338247776031,-0.084707622416317,-0.0008956715464592,1
-0.076343536376953,0.12141523510218,-0.061273790895939,1
-0.19743356108665,0.00028559565544128,0.013734512031078,1
0.064565896987915,0.20226600021124,0.17060346156359,1
0.064312756061554,-0.043554540723562,0.0053200349211693,1
0.13150984048843,-0.20648024976254,0.11304826289415,1
-0.12374842166901,0.04865425080061,0.01183895021677,1
0.0828897356987,0.19841342419386,-0.043542429804802,1
-0.079498678445816,-0.13518450781703,0.039468854665756,1
-0.16198563575745,-0.17831461131573,0.12147910147905,1
-0.0025590062141418,0.12620725482702,-0.036125652492046,1
-0.18034881353378,0.017251238226891,0.032371141016483,1
-0.014585614204407,0.14255996793509,-0.0064391866326332,1
-0.0012513995170593,-0.20160681754351,-0.071772046387196,1
-0.20696714520454,-0.10539014684036,-0.085874736309052,1
-0.10568428039551,0.059193186461926,-0.050223886966705,1
0.13664895296097,-0.19494245946407,-0.041564293205738,1
0.030286848545074,-0.23215448111296,0.094610013067722,1
-0.035277664661407,-0.23492137342691,-0.067783050239086,1
0.0038459300994873,0.11472447961569,0.017391450703144,1
-0.14664962887764,-0.044116090983152,0.015808187425137,1
0.10427111387253,0.13280697911978,-0.032626695930958,1
-0.22343873977661,-0.075121844187379,-0.011990778148174,1
0.0096454620361328,0.12241695076227,0.0091288909316063,1
-0.062194317579269,0.11418282240629,-0.074274264276028,1
-0.1902819275856,-0.0093502253293991,0.20668081194162,1
-0.060370802879333,0.033057786524296,-0.00045045465230942,1
-0.036015570163727,-0.012527398765087,0.0029760375618935,1
-0.059915810823441,0.27088060230017,-0.011635519564152,1
0.035856127738953,-0.053718857467175,0.0055642798542976,1
0.038951814174652,-0.23338703066111,-0.028261907398701,1
-0.066370010375977,0.047803722321987,-0.027427084743977,1
0.056619703769684,-0.21181023865938,-0.099801957607269,1
-0.0069723129272461,-0.076376816257834,0.0023742094635963,1
-0.11497962474823,0.20767512172461,0.039631776511669,1
-0.086905151605606,0.050150953233242,0.024455584585667,1
-0.15800234675407,0.10086069256067,-0.070563852787018,1
-0.19661059975624,-0.14930198341608,0.086838223040104,1
0.038128316402435,0.16942780464888,-0.048396587371826,1
0.095712542533875,-0.23883736878633,0.005713202059269,1
0.099389016628265,-0.085679998621345,-0.030978195369244,1
0.089695870876312,-0.23173228651285,0.15387160331011,1
-0.21572107076645,0.068946145474911,0.021843038499355,1
-0.10736176371574,-0.16180952265859,-0.0013854876160622,1
-0.22544819116592,0.061686150729656,0.011523388326168,1
0.078384935855865,-0.070359326899052,-0.036686964333057,1
-0.089170634746552,0.095480836927891,-0.09263714402914,1
0.037862598896027,0.20515706390142,0.19352001696825,1
-0.064301818609238,0.26199650019407,0.075101412832737,1
-0.049708306789398,0.10232744365931,0.032294310629368,1
-0.18962481617928,-0.10659023560584,0.030345134437084,1
0.06465357542038,0.076028548181057,-0.025423377752304,1
0.060878813266754,0.1039474979043,0.00039181858301163,1
0.01336807012558,0.093135766685009,-0.019399754703045,1
0.1202073097229,0.13375689834356,0.024598263204098,1
-0.14699041843414,-0.09089732915163,0.0054622665047646,1
0.01419997215271,-0.069507719948888,-0.021716184914112,1
-0.072358518838882,-0.21865502744913,0.093860186636448,1
-0.091728657484055,-0.026389688253403,-0.040406882762909,1
0.20458287000656,-0.19035293906927,0.0072984471917152,1
0.034494161605835,-0.08305985853076,0.019928254187107,1
-0.12161231040955,0.24469789117575,0.083964236080647,1
-0.052487552165985,-0.15634134411812,-0.027028635144234,1
-0.08094784617424,-0.21273782104254,-0.0065675377845764,1
0.0019891262054443,-0.087002509273589,0.011280030012131,1
0.11714917421341,-0.2574525848031,-0.063840560615063,1
-0.063555955886841,-0.044301390647888,-0.032632999122143,1
-0.016011118888855,-0.042885363101959,-0.00091620534658432,1
-0.038902819156647,0.038983546197414,-0.0054239109158516,1
0.046217024326324,0.23894204944372,-0.043625377118587,1
0.076394498348236,-0.14043006673455,0.023835778236389,1
0.085653781890869,0.090618796646595,-0.014161594212055,1
-0.051706880331039,0.065599329769611,-0.060700468719006,1
-0.24955886602402,-0.018150769174099,-0.012014605104923,1
0.16538864374161,0.22986664623022,0.044006422162056,1
0.097572386264801,-0.20986366271973,-0.036920249462128,1
-0.020235359668732,0.19325619190931,-0.03496515005827,1
0.12670505046844,0.27469997853041,-0.0051632896065712,1
-0.0460564494133,0.090659774839878,-0.042254827916622,1
-0.017812550067902,-0.045441318303347,-0.003588430583477,1
0.066658675670624,-0.081857057288289,0.010667473077774,1
0.099394261837006,-0.10465216590092,-0.037672810256481,1
-0.15360084176064,-0.18452132493258,-0.037016130983829,1
0.11413586139679,0.13597089797258,-0.057383917272091,1
-0.092227101325989,0.01137700676918,-0.038160644471645,1
0.10481816530228,-0.18708585947752,0.11245631426573,1
-0.028734505176544,0.0743343308568,-0.0028391405940056,1
-0.046992719173431,0.031721629202366,-0.014777697622776,1
0.10490548610687,0.24068435281515,0.045128233730793,1
-0.19792938232422,-0.13117369823158,-0.008588932454586,1
0.023870468139648,-0.19084557145834,-0.0953652523458,1
0.076012790203094,-0.13062331452966,0.02622577548027,1
-0.018607079982758,0.15912949293852,0.062770895659924,1
0.11437481641769,0.16642361134291,-0.014728657901287,1
0.06549209356308,-0.13205084204674,0.011522129178047,1
0.095533549785614,-0.098849901929498,0.0011131092905998,1
-0.14534622430801,0.077408023178577,-0.066866613924503,1
-0.0032460689544678,-0.076000140979886,0.012009263038635,1
-0.0069382786750793,-0.10299447528087,-0.054359830915928,1
0.11593288183212,-0.18360870331526,0.20268542319536,1
-0.22940215468407,-0.12921280041337,0.064179189503193,1
-0.19154700636864,-0.027073100209236,0.14082702249289,1
-0.025706350803375,0.033793844282627,-0.01582246273756,1
-0.1575748026371,0.0024481490254402,0.027453489601612,1
-0.17316809296608,-0.12505928054452,0.0042763277888298,1
0.059167504310608,0.14059241861105,-0.00047906488180161,1
0.085307419300079,-0.071018908172846,0.007115550339222,1
0.13102114200592,0.23060666769743,0.0081526413559914,1
0.096791207790375,-0.26535076647997,-0.031266681849957,1
-0.17978265881538,0.18929549306631,-0.04788251966238,1
0.069888651371002,-0.10159831726924,-0.062067665159702,1
-0.1812678873539,-0.10901445895433,0.14628031104803,1
-0.077407509088516,-0.12128379009664,-0.058658011257648,1
-0.020492732524872,-0.21900879591703,0.011872969567776,1
0.034666776657104,0.27351953834295,0.06175372004509,1
-0.018724739551544,-0.24791016429663,0.010454349219799,1
-0.023266971111298,0.076526440680027,-0.051956035196781,1
0.092790246009827,-0.15807069465518,0.0039531216025352,1
-0.085431307554245,0.12802258878946,0.029950730502605,1
-0.18717637658119,-0.095470847561955,-0.0098533257842064,1
-0.08671823143959,-0.0056030973792076,-0.0021543726325035,1
0.087298572063446,-0.17670127749443,-0.0074746236205101,1
-0.11675038933754,0.022674724459648,0.003813736140728,1
-0.18775704503059,-0.16247446089983,0.073977492749691,1
-0.096764743328094,0.19011368602514,-0.056832425296307,0
0.071479260921478,-0.1231401283294,0.0042389556765556,1
0.057496726512909,-0.043914072215557,0.0034876689314842,1
-0.10183149576187,-0.1630908921361,-0.026008695363998,1
-0.079156965017319,0.058863513171673,-0.015986241400242,1
-0.02349466085434,-0.25330995768309,-0.037406139075756,1
-0.13264843821526,0.1542067155242,0.13769374042749,1
-0.1434451341629,0.073750339448452,0.029908649623394,1
0.1449990272522,0.12503645569086,-0.091539047658443,1
-0.08230271935463,0.21554329246283,0.14805776625872,1
-0.12309277057648,-0.059849239885807,-0.088641218841076,1
-0.054526031017303,-0.14961261302233,-0.0052161738276482,1
0.021218121051788,0.10911052674055,-0.049917057156563,1
-0.23868972063065,-0.10530805587769,0.040329210460186,1
-0.1208969950676,0.040646262466908,-0.038575105369091,1
0.081509411334991,-0.074743390083313,0.014053769409657,1
-0.060214817523956,0.25337543338537,0.0099161118268967,1
0.099647223949432,-0.097234366927296,-0.014716885983944,1
-0.12036821246147,-0.17753477394581,0.16475094109774,1
-0.00086045265197754,0.10380897670984,-0.068171218037605,1
0.141292989254,-0.17583732306957,-0.022486425936222,1
-0.23249727487564,0.044176571071148,0.1242907717824,1
0.050288319587708,0.076858825981617,0.010553017258644,1
-0.015530109405518,0.052419908344746,0.0060988143086433,1
-0.078448593616486,0.01259945333004,0.006677009165287,1
-0.04745614528656,-0.035777606070042,-0.030158393085003,1
0.17988789081573,0.23641517013311,0.058945015072823,1
-0.19977155327797,-0.062759183347225,0.064848028123379,1
-0.017881691455841,0.068605519831181,-0.029110752046108,1
0.024158656597137,-0.24127838760614,0.067112267017365,1
0.23005098104477,-0.20514825731516,0.064089231193066,1
0.12175136804581,0.16290666908026,0.029052287340164,1
-0.086189836263657,0.15541359037161,0.063195370137691,1
0.11252182722092,-0.22870730608702,0.10989234596491,1
0.11948478221893,0.17800011485815,0.10871420055628,1
-0.25386682152748,-0.076289586722851,-0.018055610358715,1
-0.10074818134308,0.13094834238291,0.036007650196552,1
-0.08517774939537,-0.053688455373049,-0.030766122043133,1
-0.073661506175995,0.085156314074993,-0.062059320509434,1
0.041285395622253,0.10647367686033,-0.070229716598988,1
-0.097722858190536,0.17938493937254,0.091226138174534,1
-0.040317535400391,-0.13924914970994,0.030545704066753,1
0.14477425813675,-0.15799614042044,0.082210443913937,1
-0.049275100231171,0.19035365432501,0.11576346307993,1
0.060945630073547,0.17293270677328,-0.072470337152481,1
0.10546153783798,-0.15616977959871,-0.027646102011204,1
0.15264344215393,-0.13308174163103,-0.040555693209171,1
-0.087711423635483,-0.11567478813231,-0.011563293635845,1
0.013270199298859,-0.079817894846201,0.011618934571743,1
0.0241539478302,-0.2149258852005,0.19725958257914,1
-0.19123736023903,-0.18531289696693,0.078353233635426,1
0.18622809648514,-0.18026748299599,0.11997332423925,1
0.048578798770905,0.20819684118032,0.11837426573038,1
0.053537428379059,-0.29179199784994,0.029977209866047,1
-0.12730357050896,0.031474687159061,0.03419179469347,1
-0.26230752468109,-0.053919643163681,0.043090827763081,1
-0.051303923130035,0.052503444254398,0.010892696678638,1
-0.20267111063004,0.1621834859252,0.060507886111736,1
0.14173346757889,0.17463599890471,0.026040896773338,1
0.036217868328094,0.11311642080545,0.004371702671051,1
-0.033509910106659,-0.034632168710232,0.0049464926123619,1
-0.094426810741425,-0.069441953673959,-0.082647778093815,1
-0.19129848480225,0.089170269668102,0.017700247466564,1
-0.024637460708618,0.087829761207104,-0.014508426189423,1
-0.18563729524612,0.11718740314245,-0.020937420427799,1
-0.1972461938858,0.093273930251598,-0.054171606898308,1
0.11282581090927,-0.11081038136035,-0.011640302836895,1
-0.012099266052246,-0.077772941440344,-0.011038765311241,1
0.079084694385529,0.25469963997602,-0.022738225758076,1
-0.058614581823349,0.18768995255232,-0.086275592446327,1
0.00061613321304321,0.20759858936071,0.18776252120733,1
-0.049835205078125,0.09723537415266,0.0069818720221519,1
-0.20046836137772,-0.14033256471157,-0.01723987609148,1
-0.13761895895004,0.052180536091328,-0.033380754292011,1
0.19345623254776,0.21057613939047,-0.075725972652435,1
0.14078533649445,0.1881467923522,0.048594705760479,1
0.0028795003890991,-0.25565803796053,0.042121671140194,1
0.088791370391846,0.092451952397823,-0.018970727920532,1
-0.14934322237968,-0.0017901435494423,0.057892449200153,1
-0.034154772758484,-0.21189549565315,-0.07414772361517,1
0.089774310588837,0.26228507608175,0.12972117215395,1
-0.071773201227188,-0.27319998294115,-0.0083831027150154,1
-0.1664460003376,-0.20346218347549,-0.004369281232357,1
0.13623094558716,-0.12921473197639,0.04390425235033,1
0.10670518875122,0.21038811653852,0.0814613327384,1
0.038264095783234,0.068626649677753,0.0017755404114723,1
0.033950805664062,0.057475857436657,0.0026180222630501,1
0.096808135509491,0.28299459069967,-0.009158156812191,1
-0.12576365470886,0.16421308368444,0.062545455992222,1
-0.10342389345169,0.027636088430882,-0.0721091106534,1
-0.16724196076393,0.047784321010113,0.041518919169903,1
0.15544426441193,-0.16078384593129,-0.010159708559513,1
0.0053440928459167,0.15320401638746,0.03316492587328,1
-0.17019084095955,-0.14999099820852,0.028721980750561,1
0.1159154176712,0.2524826452136,0.022869288921356,1
0.14568966627121,-0.1746968999505,0.12766898423433,1
-0.031846106052399,-0.078242717310786,-0.053804993629456,1
-0.082476079463959,-0.17632871121168,0.18151090294123,1
-0.039430320262909,-0.021557152271271,-0.014374785125256,1
0.088588654994965,-0.26084364205599,0.0036618337035179,1
-0.031177341938019,-0.033794559538364,-0.0069950744509697,1
0.20418190956116,-0.1809066683054,0.085393346846104,1
0.019583463668823,-0.21817458420992,-0.060631521046162,1
0.081737995147705,0.23481684178114,0.070056729018688,1
-0.18581879138947,-0.1591816842556,0.070350341498852,1
0.057448446750641,0.21122293919325,-0.014508105814457,1
-0.23046678304672,0.03497289866209,-0.0095422491431236,1
0.069091022014618,-0.089276450686157,-0.018892012536526,1
0.10273683071136,-0.14260426908731,0.01418124884367,1
-0.062258124351501,0.032103441655636,-0.056385800242424,1
0.002457320690155,0.18575309962034,0.0097869336605072,1
-0.20618376135826,0.0042994022369385,0.16773318499327,1
0.0069474577903748,0.11030914634466,-0.041639782488346,1
0.19102132320404,0.23152973502874,-0.0037283226847649,1
-0.083176344633102,-0.21258708834648,0.179384149611,1
-0.13760966062546,0.21111097186804,0.1306037530303,1
-0.19162374734879,-0.0054389014840126,-0.087661352008581,1
0.011854112148285,-0.082836613059044,-0.045459844172001,1
-0.13358807563782,0.15028642863035,0.16228444129229,1
0.013432264328003,0.072995893657207,-0.016088835895061,1
0.10468280315399,0.093165718019009,0.019965469837189,1
-0.047170519828796,0.27914204448462,-0.017106205224991,1
-0.022307217121124,-0.23110719770193,-0.087057009339333,1
0.029112219810486,0.081832237541676,-0.038406185805798,1
0.014588117599487,-0.085030586458743,0.00099310278892517,1
-0.13520431518555,0.16206952184439,0.055055566132069,1
-0.012754619121552,-0.15809969604015,-0.089544158428907,1
-0.20350721478462,-0.14437115192413,-0.065626256167889,1
0.060875058174133,-0.28057191520929,0.041099742054939,1
0.013402760028839,-0.079335834830999,0.0089186653494835,1
-0.029188811779022,-0.20436333119869,0.05377970635891,1
0.08899337053299,-0.12879753299057,-0.024726122617722,1
-0.19924405217171,-0.14082925021648,-0.064625427126884,1
0.088787019252777,0.23308175057173,0.095052875578403,1
-0.038101613521576,0.045391716063023,0.0016559287905693,1
0.025020658969879,-0.063174143433571,-0.0091639459133148,1
0.023825585842133,0.1778771802783,0.035638712346554,1
-0.011320054531097,-0.23727390915155,0.074684210121632,1
0.12723731994629,0.27239771932364,-0.013235606253147,1
0.018882155418396,-0.14025362581015,0.012335300445557,1
-0.2253195643425,-0.065685197710991,0.0066835358738899,1
-0.16839039325714,0.16018184274435,0.088137932121754,1
-0.1873784661293,0.11620036512613,0.045521013438702,1
-0.04679012298584,0.015018358826637,-0.0019817128777504,1
-0.023995220661163,-0.25589183717966,0.099787272512913,1
0.10981637239456,0.19171693176031,0.1825157776475,1
0.0059345960617065,-0.18211068958044,0.04725955426693,1
0.14093118906021,-0.16588015109301,0.038891471922398,1
0.010148882865906,-0.1783021017909,0.027052581310272,1
-0.059405654668808,0.019699908792973,-0.015804551541805,1
-0.1133591234684,0.11341803520918,-0.027285642921925,1
-0.03794401884079,-0.26011610776186,0.090954430401325,1
-0.01551216840744,0.040965102612972,0.0028788223862648,1
-0.023821353912354,0.19023751467466,0.044019915163517,1
-0.088839769363403,0.044772692024708,0.022876210510731,1
0.039628267288208,-0.18237706273794,-0.036842525005341,1
0.024008810520172,0.25695096701384,0.0029830560088158,1
0.059287250041962,-0.2237144485116,-0.0082086101174355,1
0.091441452503204,0.26334040611982,-0.052552692592144,1
-0.15131664276123,-0.10620205290616,0.0131781026721,1
-0.26043027639389,-0.038802947849035,0.08193988353014,1
-0.024781227111816,0.03305508941412,0.0015477165579796,1
0.05219441652298,0.17891969531775,-0.036019369959831,1
0.069247305393219,0.094850547611713,0.0035878047347069,1
-0.10624560713768,-0.01469611376524,0.012175925076008,1
0.016842722892761,-0.19894614070654,0.024347774684429,1
-0.1481631398201,-0.10174547648057,-0.056841500103474,1
0.15228193998337,0.20196219533682,0.049670875072479,1
-0.080823302268982,-0.082614250481129,0.018626324832439,1
0.073118507862091,0.092036716639996,0.0089600458741188,1
0.091730654239655,-0.15246588364244,-0.019228331744671,1
-0.07074910402298,0.27051191776991,0.015275396406651,1
0.076887845993042,0.058651231229305,-0.012445248663425,1
-0.16067337989807,0.014727108180523,-0.006637342274189,1
0.029215037822723,0.19538649171591,-0.061563387513161,1
-0.086429834365845,0.21252062171698,0.13672617822886,1
-0.023027002811432,0.22820537537336,0.047975048422813,1
-0.010182917118073,-0.15557390451431,-0.078505896031857,1
-0.17612284421921,-0.0085128098726273,0.12926729768515,1
0.040638267993927,-0.093883169814944,-0.027569890022278,1
0.14330357313156,-0.2134146168828,0.12481162697077,1
-0.028047919273376,0.15733187645674,0.048227749764919,1
0.14145559072495,0.17807715386152,-0.059871070086956,1
-0.1339827477932,-0.0063701719045639,0.0046518966555595,1
-0.034784078598022,-0.013391919434071,-0.01424715667963,1
0.033507704734802,0.074995912611485,-0.036046341061592,1
0.12497919797897,-0.14997277781367,-0.02845112234354,1
-0.077850908041,0.076158903539181,-0.043432824313641,1
-0.031289517879486,-0.12932962737978,-0.085897848010063,1
0.00056189298629761,-0.13931766524911,0.0071947947144508,1
-0.13351482152939,0.047531194984913,-0.01853684335947,1
-0.0078957676887512,-0.12653594277799,-0.076850026845932,1
-0.14186277985573,0.060636304318905,-0.035974889993668,1
-0.12667137384415,0.15680088847876,-0.078158788383007,0
-0.06931746006012,-0.025399230420589,0.011769838631153,1
0.036854386329651,-0.18976727873087,0.10117305070162,1
-0.1575915813446,-0.19363457709551,0.048810549080372,1
0.11624395847321,0.21030455082655,0.092264614999294,1
-0.045670390129089,-0.0074997097253799,-0.010459817945957,1
-0.16980624198914,0.11814781278372,-0.048249535262585,1
-0.21107584238052,-0.15818089619279,-0.019160561263561,1
0.015699446201324,-0.25164625793695,0.078431136906147,1
0.064369320869446,0.20812629908323,-0.074170552194118,1
0.0022771954536438,0.24710380285978,0.047152854502201,1
0.11106151342392,0.25805922597647,0.11539647728205,1
-0.021027386188507,-0.24702811986208,0.014330364763737,1
0.048985302448273,-0.10365298297256,0.0059284046292305,1
0.064107716083527,-0.16348112374544,-0.066115312278271,1
0.070042312145233,0.19195403903723,-0.010753951966763,1
0.024237036705017,-0.064650058746338,0.005335234105587,1
0.16860556602478,0.14625120908022,0.19676441699266,1
-0.10665729641914,0.18682875484228,-0.015748389065266,0
0.13885909318924,-0.13910602033138,0.057489149272442,1
-0.11870807409286,0.058773063123226,-0.014016442000866,1
0.08851158618927,0.1997380182147,0.12661344558001,1
0.030536949634552,-0.13780154287815,-0.0077768340706825,1
-0.051207959651947,0.20236914604902,0.014713704586029,1
0.10544294118881,-0.17323319613934,0.046819962561131,1
0.097688138484955,-0.27974503487349,0.046770624816418,1
-0.078378260135651,0.26711823791265,0.047743305563927,1
0.020274639129639,0.056785352528095,0.0047879442572594,1
-0.083683282136917,0.24536525458097,0.044955432415009,1
0.096486210823059,0.15566971153021,-0.018738254904747,1
0.11074596643448,-0.19727233797312,0.1736226901412,1
0.11338084936142,-0.22068395465612,-0.029036074876785,1
-0.14024829864502,-0.163329847157,0.10259243100882,1
0.11549115180969,0.13384517282248,-0.059068217873573,1
-0.054622679948807,0.27271496504545,0.055322743952274,1
-0.15274539589882,0.12355139106512,0.17710592597723,1
-0.085631251335144,0.10588441044092,-0.074371479451656,1
-0.19217649102211,-0.046866703778505,-0.081779934465885,1
0.18669980764389,-0.17554135620594,-0.09340687841177,1
0.022320330142975,-0.072171406820416,-0.03115851432085,1
-0.081107258796692,-0.18079518526793,-0.039676196873188,1
-0.17359700798988,-0.098122597672045,0.07343865185976,1
-0.035363435745239,0.10451487451792,-0.0089952573180199,1
-0.021243155002594,-0.17996830493212,-0.036933220922947,1
-0.058871299028397,0.25668554753065,-0.046654522418976,1
-0.093507587909698,-0.20009917765856,-0.071736879646778,1
-0.052119076251984,0.19480364769697,-0.076437063515186,1
0.021651864051819,-0.10900313686579,-0.0025946423411369,1
-0.060813724994659,-0.27517371624708,-0.012150809168816,1
0.09782087802887,0.14219810813665,-0.016583070158958,1
0.13194346427917,0.23921670764685,-0.023069798946381,1
0.033968567848206,0.24886622279882,-0.0728719830513,1
-0.12899854779243,-0.1521197706461,0.16715689748526,1
-0.07894891500473,0.028939284384251,-0.0010890737175941,1
0.073820292949677,-0.048603404313326,-0.019571773707867,1
0.035181701183319,-0.2924180701375,0.044641226530075,1
0.049431145191193,-0.067651249468327,0.003136470913887,1
-0.033345639705658,0.13411546498537,-0.054550014436245,1
-0.16378864645958,-0.0741623993963,-0.10056536644697,1
0.12880855798721,0.24823775142431,0.0083688125014305,1
-0.25575897097588,-0.022947877645493,-0.026085324585438,1
-0.18713769316673,-0.034481443464756,0.039158798754215,1
-0.097408443689346,0.13678116351366,-0.057180143892765,0
-0.10945677757263,0.074382223188877,-0.07232391834259,1
0.083423912525177,-0.060810845345259,-0.040680609643459,1
0.14965915679932,0.15874471515417,-0.06697853654623,1
0.11746764183044,0.22905971854925,-0.0096568539738655,1
-0.24716621637344,0.0099092274904251,-0.068743675947189,1
-0.038848102092743,0.053623773157597,-0.0074655637145042,1
-0.091612875461578,0.062928877770901,0.017869032919407,1
0.099687993526459,0.11100604385138,0.024749390780926,1
-0.073435664176941,-0.11894269101322,0.041431277990341,1
-0.029111444950104,-0.095185569487512,0.010421350598335,1
0.086359083652496,-0.18469071388245,-0.065152049064636,1
-0.18724417686462,-0.083902919664979,0.15424109250307,1
0.037714302539825,-0.14265070855618,-0.026532076299191,1
-0.10861033201218,-0.042720519006252,-0.050020106136799,1
-0.018002688884735,-0.1881358101964,-0.072822064161301,1
0.012289106845856,-0.078864252194762,-0.029235064983368,1
-0.022156059741974,0.039959512650967,-0.0022828057408333,1
-0.042098641395569,0.090406395494938,0.019102670252323,1
0.032050907611847,-0.15653416514397,0.033175908029079,1
0.018212616443634,0.25936492532492,-0.031503424048424,1
-0.068824410438538,0.13568753749132,-0.0026257410645485,1
-0.034088015556335,0.0083904936909676,-0.0010106787085533,1
0.060081541538239,-0.063052646815777,-0.029514767229557,1
-0.019360482692719,-0.12538838014007,-0.076978377997875,1
0.14635944366455,0.17740052193403,-0.011731721460819,1
0.05693244934082,-0.17232043296099,-0.083178516477346,1
0.058707475662231,-0.24567634612322,0.022070817649364,1
0.093636572360992,-0.14456589519978,0.048889741301537,1
-0.047354817390442,0.18937345594168,-0.051899909973145,1
0.1101621389389,0.15274592489004,-0.062594294548035,1
0.0034750699996948,-0.16958366334438,0.070027269423008,1
0.035892844200134,0.16698672622442,-0.065925441682339,1
0.040019333362579,-0.25778739899397,0.11973226815462,1
-0.078311532735825,-0.019294001162052,-0.0041419044137001,1
-0.12631684541702,-0.14620823040605,0.11904560774565,1
0.0044636726379395,-0.12976594641805,-0.010105475783348,1
0.072733700275421,0.23478206247091,-0.088585704565048,1
0.1302472949028,-0.14955496788025,-0.078612096607685,1
-0.084956914186478,-0.099123340332881,-0.034118629992008,1
-0.16014331579208,-0.1376495026052,0.13664820045233,1
0.048980534076691,0.23072158545256,-0.055296026170254,1
0.11872917413712,-0.18372000008821,0.092235095798969,1
-0.2172070145607,0.09659681469202,0.14843197911978,1
-0.17239421606064,-0.037112303078175,-0.042516306042671,1
-0.057186216115952,-0.013104885816574,-0.0054561123251915,1
-0.14703562855721,0.13547527045012,0.12307787686586,1
-0.062362253665924,0.021633319556713,-0.023665741086006,1
-0.22409045696259,0.15499060600996,0.021264381706715,1
0.18942159414291,-0.17529091984034,-0.066754080355167,1
0.070048809051514,-0.16305125504732,-0.098203025758266,1
-0.015677750110626,-0.068972550332546,-0.0092282369732857,1
-0.22715556621552,-0.050249718129635,0.12275791913271,1
-0.018263101577759,0.27766092866659,0.071370594203472,1
-0.16627666354179,0.1336415335536,0.17603718489408,1
-0.085313647985458,-0.13317095115781,-0.0087837129831314,1
0.12909495830536,0.10842180997133,0.00577761977911,1
-0.14931830763817,-0.18504963070154,-0.0067136213183403,1
0.0099923014640808,-0.074085753411055,-0.00015779584646225,1
-0.0088352560997009,-0.11527314409614,-0.024363279342651,1
0.1119077205658,0.13214465230703,-0.0069709271192551,1
-0.11148104071617,-0.1884421184659,0.030609980225563,1
-0.19725129008293,-0.14471782371402,0.11552318185568,1
-0.17359891533852,-0.018184438347816,-0.013304881751537,1
0.15727114677429,-0.23012239485979,0.036278411746025,1
-0.15549117326736,-0.11583903990686,0.041798539459705,1
-0.042197287082672,-0.20586813986301,-0.09095998108387,1
-0.04570609331131,-0.10655715223402,0.00085628032684326,1
-0.065369963645935,0.11032020300627,0.0093849822878838,1
-0.12696805596352,-0.094873311929405,0.032316915690899,1
-0.13265937566757,-0.16385087370872,0.101551823318,1
-0.18914395570755,-0.073024958372116,0.04513094574213,1
-0.017912745475769,0.043090276420116,0.0036832764744759,1
-0.13894176483154,-0.03017445653677,0.06371483951807,1
-0.20160070061684,0.0029055327177048,0.19324537366629,1
-0.02723240852356,0.15798594802618,0.041552111506462,1
0.12034744024277,0.18190275877714,0.13113205879927,1
-0.026790678501129,0.27339657396078,0.047468543052673,1
-0.12590008974075,-0.15306628867984,0.070377685129642,1
-0.19450348615646,-0.12457072734833,0.065514244139194,1
-0.18120855093002,0.056335918605328,0.066224105656147,1
0.013780951499939,-0.16632836312056,0.056676715612411,1
0.052784264087677,0.06391280144453,0.0062646642327309,1
-0.0765101313591,0.11719373613596,-0.08168613165617,1
-0.0379878282547,0.14981041103601,0.059650167822838,1
-0.10690748691559,0.081763289868832,-0.046756736934185,1
0.098628461360931,-0.089903807267547,0.013951651751995,1
-0.090875059366226,0.096619687974453,0.0092717036604881,1
-0.087204277515411,0.00082451850175858,0.011958681046963,1
-0.047646522521973,0.20267414301634,0.16049785166979,1
-0.11067378520966,-0.0041058361530304,-0.051380477845669,1
0.0043993592262268,-0.069122217595577,-0.015541918575764,1
-0.19336733222008,0.15362694114447,0.10172542184591,1
-0.068394988775253,0.012382030487061,-0.023528456687927,1
-0.079715698957443,-0.12552890181541,0.054657056927681,1
0.12681412696838,0.18033888190985,0.1980714276433,1
-0.14434337615967,-0.11547403689474,-0.067020379006863,1
0.00046724081039429,-0.102936941199,-0.017892599105835,1
0.1129150390625,0.21400084346533,0.1849147900939,1
0.095582187175751,0.078060157597065,-0.052749328315258,1
-0.22977474331856,0.037761442363262,0.12363388389349,1
-0.06041893362999,-0.012967981398106,-0.0046263262629509,1
-0.013763010501862,-0.19262949377298,-0.076354794204235,1
-0.01240485906601,-0.17976254969835,-0.046636737883091,1
-0.082266420125961,0.032381780445576,0.011008836328983,1
-0.017872452735901,0.23951002210379,-0.061982683837414,1
-0.11177062988281,-0.16090084984899,0.12406710535288,1
-0.02139288187027,-0.031978271901608,-0.0018612667918205,1
0.15165275335312,0.26498448103666,0.021778143942356,1
-0.082808822393417,-0.088221274316311,-0.008163295686245,1
-0.032641172409058,0.037620864808559,0.0047630146145821,1
0.060950756072998,0.06819573789835,0.011951848864555,1
0.052870273590088,0.12026666849852,0.012660063803196,1
-0.058377414941788,-0.23179525882006,-0.01986239105463,1
0.028033316135406,-0.1603751257062,0.032497115433216,1
0.19908457994461,-0.18035594373941,0.053458608686924,1
0.083319365978241,0.065319307148457,-0.0097831562161446,1
-0.10986402630806,-0.15007675439119,0.093279398977757,1
0.080059111118317,0.28453832119703,-0.024400033056736,1
0.10375487804413,-0.1702800989151,-0.054704956710339,1
-0.15092515945435,0.13572455197573,0.16766565293074,1
-0.22097253799438,0.14363499730825,-0.034679599106312,1
-0.14632293581963,-0.040783658623695,-0.014599286019802,1
0.089102804660797,-0.074414145201445,-0.014223732054234,1
0.10049962997437,0.12246000021696,-0.016727782785892,1
0.11858987808228,0.19087364524603,0.059135250747204,1
-0.049927651882172,0.025437213480473,-0.038207948207855,1
-0.055245995521545,-0.050198081880808,-0.052040725946426,1
-0.016430914402008,0.19582074135542,-0.062578231096268,1
0.033959150314331,0.26986189931631,-0.054605394601822,1
0.12507623434067,-0.20057434588671,0.064471699297428,1
0.08962619304657,-0.19680198282003,0.15648204833269,1
-0.031927883625031,-0.19128560274839,-0.018128775060177,1
-0.019156277179718,-0.068495348095894,-0.0083591416478157,1
0.043068826198578,-0.12420239672065,-0.04042824357748,1
0.079415261745453,-0.080323651432991,-0.015023626387119,1
-0.16439324617386,-0.08888843934983,0.089460961520672,1
-0.095120251178741,0.040387712419033,-0.046256586909294,1
-0.005145788192749,0.089045651257038,0.015924647450447,1
0.010128378868103,0.069767318665981,-0.0016377046704292,1
0.011968851089478,-0.089481540024281,0.017024584114552,1
0.020724058151245,-0.23121871799231,0.092763595283031,1
0.012749373912811,0.081624709069729,-0.027525015175343,1
0.10218632221222,0.1967670544982,-0.081481926143169,1
-0.12550070881844,0.24023600667715,-0.029188148677349,0
-0.10086569190025,0.041693396866322,0.00153898447752,1
0.19623821973801,0.17964877933264,-0.052585415542126,1
-0.016743898391724,0.036732785403728,0.00027097016572952,1
0.067339837551117,0.17161478847265,-0.093500703573227,1
-0.19269821047783,-0.095134207513183,-0.010869927704334,1
-0.18333214521408,0.048166759312153,-0.0061265602707863,1
0.015344798564911,-0.076886940747499,-0.016795873641968,1
-0.13681188225746,-0.068558052182198,0.077322579920292,1
0.082296848297119,0.074514232575893,-0.029881320893764,1
0.012149751186371,0.23013290017843,-0.0036342144012451,1
0.03182715177536,-0.09639747091569,-0.011019937694073,1
0.059066891670227,0.17957326024771,-0.067778445780277,1
0.061787843704224,0.10517136007547,-0.056421563029289,1
-0.23326316475868,0.063375420868397,-0.063277021050453,1
-0.072716027498245,0.2670036777854,-0.033842027187347,0
-0.23469150066376,-0.060198929160833,-0.044354617595673,1
0.035248339176178,0.15329655259848,-0.074620746076107,1
-0.073580056428909,-0.03826592862606,0.012206502258778,1
-0.072689086198807,-0.14776525646448,-0.015473052859306,1
-0.063734859228134,0.00024048238992691,-0.034860529005527,1
-0.074056684970856,-0.068108424544334,-0.059716068208218,1
-0.053290784358978,0.0067577883601189,0.0095417723059654,1
-0.051568806171417,0.0042250230908394,0.001378171145916,1
0.063654839992523,-0.24974197894335,0.10632110387087,1
-0.13485032320023,-0.24435322731733,-0.010485976934433,1
-0.22886663675308,0.017744421958923,0.12453993409872,1
-0.003266453742981,0.053807191550732,0.0052574574947357,1
-0.029982566833496,0.20694526284933,-0.019191481173038,1
-0.036526262760162,-0.042853470891714,-0.0061332061886787,1
0.014431238174438,-0.11672618985176,-0.010099619626999,1
-0.05699023604393,-0.16423688828945,-0.098523400723934,1
0.19810229539871,0.18051435798407,0.089710839092731,1
-0.087872803211212,0.029467590153217,0.012383885681629,1
-0.050562709569931,-0.076095145195723,-0.040427155792713,1
0.023663341999054,-0.0847212895751,0.016234658658504,1
0.04883337020874,0.12540241330862,0.031126797199249,1
-0.00072252750396729,0.06549222022295,-0.025522731244564,1
-0.095234483480453,0.17794366925955,-0.035134084522724,0
0.097261428833008,0.22899933904409,-0.022114783525467,1
0.042807519435883,0.056435100734234,0.0012440904974937,1
-0.1735637485981,0.082062996923923,0.14629795402288,1
0.058152794837952,0.12893518060446,0.017017669975758,1
-0.10646027326584,0.20168720930815,-1.3120472431183e-05,1
-0.065032362937927,0.027803666889668,0.0057601258158684,1
0.1821728348732,-0.16566494852304,0.17567989975214,1
-0.11407926678658,-0.20644748210907,0.16999783366919,1
0.13393801450729,-0.17567904293537,-0.019918687641621,1
0.10415554046631,-0.18353450298309,0.041251428425312,1
0.021502375602722,0.088957481086254,-0.03175612539053,1
0.061994791030884,0.2390378639102,-0.057314701378345,1
-0.12719449400902,0.059898190200329,-0.093953818082809,1
0.020377457141876,0.16974424570799,-0.064173892140388,1
-0.029620468616486,-0.21498067677021,-0.064766995608807,1
-0.092892587184906,0.19145079702139,0.10832493752241,1
0.14106100797653,-0.16374429315329,-0.014990128576756,1
0.0075836181640625,-0.20663230866194,0.091170378029346,1
-0.066168487071991,0.088846795260906,0.0036997124552727,1
-0.019273519515991,0.036368869245052,0.001969687640667,1
0.0090698003768921,-0.15034874528646,-0.070737846195698,1
-0.16964063048363,-0.025122687220573,-0.040260091423988,1
-0.12483778595924,0.10443203896284,-0.027092091739178,1
0.063480019569397,0.039611048996449,0.0016705170273781,1
-0.028056442737579,0.2012450620532,-0.032209120690823,1
-0.089869052171707,-0.01835560053587,-0.0039400681853294,1
-0.19836887717247,-0.11666823923588,0.09823901206255,1
-0.0016253590583801,0.053415916860104,-0.0065395906567574,1
-0.16028565168381,-0.093669696711004,0.15040243417025,1
-0.032174348831177,-0.06454236805439,0.0012706592679024,1
-0.037351667881012,0.039589427411556,0.00074393302202225,1
-0.046935319900513,-0.13656263425946,0.046650253236294,1
-0.15118858218193,-0.15749030187726,0.085619561374187,1
0.10195350646973,0.26977457851171,0.10468115657568,1
-0.1196683049202,0.077161900699139,0.022941492497921,1
-0.17246922850609,-0.012985043227673,-0.020618036389351,1
-0.069435894489288,-0.21410483121872,0.14280488342047,1
-0.15707495808601,-0.16998545825481,0.12216138094664,1
0.098643064498901,0.18897762149572,0.0045304074883461,1
0.0043626427650452,0.12192659825087,-0.018501959741116,1
0.01256662607193,-0.11273141670972,-0.013830445706844,1
0.15616577863693,-0.24867872148752,-0.036641307175159,1
-0.099198460578918,0.034405894577503,0.036865152418613,1
-0.049932479858398,-0.1474386677146,-0.086406052112579,1
-0.010149836540222,-0.26420048624277,0.098209984600544,1
0.12810629606247,-0.13946396112442,-0.0742472037673,1
0.0011504888534546,-0.27472285181284,-0.048944115638733,1
-0.054876685142517,0.054785437881947,-0.04402007907629,1
0.12185496091843,-0.15099469572306,-0.046179510653019,1
-0.11690628528595,0.042126961052418,0.048786513507366,1
-0.034818351268768,0.061771459877491,0.0069505795836449,1
-0.22975188493729,0.070075623691082,-0.075635552406311,1
0.087213635444641,0.11330050975084,-0.042168997228146,1
0.022384464740753,-0.075102929025888,-0.0008680671453476,1
0.016039907932281,0.10526945441961,-0.022707059979439,1
-0.027194380760193,0.047694437205791,-0.034040592610836,1
-0.15281245112419,0.13849056512117,-0.069151051342487,1
0.038923323154449,0.094512768089771,0.0020572692155838,1
0.10026335716248,-0.26054551452398,-0.068415217101574,1
0.017966687679291,0.28008296340704,0.02949970215559,1
0.10489064455032,0.13656254857779,-0.00078054517507553,1
0.099431574344635,0.26046814769506,0.10720870643854,1
0.18142253160477,-0.21024607867002,0.029353089630604,1
-0.16653043031693,-0.064512941986322,0.10468163341284,1
0.087818920612335,-0.21727851033211,0.083568520843983,1
-0.13408723473549,0.13456992059946,-0.091667361557484,1
-0.18639039993286,0.10771548002958,0.0026301816105843,1
0.082119941711426,0.19305884093046,-0.042215578258038,1
0.16545826196671,-0.17852578312159,-0.058537073433399,1
-0.088616758584976,-0.10613470803946,-0.033937521278858,1
0.081977725028992,0.06170529872179,0.018080659210682,1
-0.14953762292862,-0.15751604363322,0.03140140324831,1
-0.1357419192791,-0.023921623826027,-0.094770792871714,1
-0.14444747567177,0.009724996984005,-0.079451985657215,1
0.059213042259216,0.19076662510633,0.099475704133511,1
-0.17186763882637,0.17885991185904,0.051839090883732,1
0.045131385326385,-0.08598905429244,-0.028544172644615,1
-0.13961178064346,0.17787843197584,0.056109376251698,1
-0.060054838657379,-0.14831196889281,-0.02290253341198,1
0.078563868999481,-0.26521312445402,-0.042755641043186,1
-0.052427738904953,-0.22765780240297,-0.015196420252323,1
-0.056542962789536,-0.21969579905272,0.053814761340618,1
-0.03647768497467,0.23614855855703,-0.0099450126290321,1
0.011100649833679,0.070455797016621,-0.0053206160664558,1
-0.076959669589996,0.020642012357712,0.0030372962355614,1
-0.16567042469978,-0.048480078577995,0.085535638034344,1
-0.07717427611351,0.18243142217398,0.15940249711275,1
0.055914103984833,0.15839289873838,-0.074941650032997,1
0.0094841122627258,-0.29063791781664,0.067075915634632,1
0.085677683353424,-0.070670500397682,-0.059960447251797,1
-0.12118372321129,-0.19232315570116,0.063361376523972,1
-0.032192528247833,-0.16402976214886,-0.0083074793219566,1
0.17510110139847,0.21504720300436,0.057311318814754,1
0.026171803474426,0.18178608268499,0.044226676225662,1
0.12601810693741,-0.13891405239701,-0.029054932296276,1
0.14530038833618,0.23350312560797,0.098169766366482,1
-0.049935042858124,-0.061045181006193,-0.062507830560207,1
-0.18082809448242,-0.076244423165917,0.015245459973812,1
-0.1317877471447,-0.13206508383155,0.01737504452467,1
-0.028136432170868,0.22604950517416,-0.086018644273281,1
0.17532241344452,0.20675354450941,-0.085126429796219,1
-0.021222949028015,-0.26722941547632,-0.065473228693008,1
-0.032631933689117,0.151785813272,0.01378957927227,1
-0.25333985686302,0.069282568991184,0.055676721036434,1
0.071167171001434,-0.049378018826246,-0.027303941547871,1
-0.20707255601883,-0.069243039935827,-0.071838669478893,1
-0.0069723129272461,-0.2398970797658,0.080058686435223,1
-0.0017308592796326,0.16963001340628,0.018985286355019,1
0.10188072919846,0.26587607711554,-0.017020165920258,1
-0.036663711071014,-0.16263595968485,-0.061983250081539,1
-0.21028476953506,0.1096885278821,0.12004431337118,1
0.18762898445129,0.16767974942923,-0.08544235676527,1
-0.23289349675179,0.0091603174805641,-0.027524463832378,1
0.15560358762741,-0.1996331140399,0.061043806374073,1
0.084994256496429,0.093691371381283,0.0028823390603065,1
-0.1050338447094,-0.0077010095119476,0.016042463481426,1
-0.18829435110092,-0.028669081628323,-0.013241402804852,1
-0.077940285205841,0.24059911817312,0.13934356719255,1
0.058047950267792,0.099053777754307,-0.055564895272255,1
-0.16297122836113,-0.20933811366558,0.08638546615839,1
0.02185195684433,0.24731334298849,0.1276445761323,1
0.14379918575287,0.2615580484271,-0.0064977183938026,1
-0.014178216457367,-0.27831884473562,0.038494288921356,1
-0.009125292301178,-0.064047604799271,-0.019328869879246,1
-0.12095013260841,-0.016045555472374,0.014440588653088,1
0.0550537109375,0.064684085547924,-0.018227897584438,1
-0.059338867664337,-0.06087152287364,-0.002529688179493,1
0.049563884735107,0.26038809865713,0.055847212672234,1
-0.24109721183777,0.015025302767754,0.012175135314465,1
-0.031591832637787,0.22732871025801,0.060215823352337,1
0.07677686214447,0.25386937707663,0.12244338542223,1
-0.059990435838699,0.0044919550418854,-0.02679056674242,1
0.014901697635651,-0.1068929345347,-0.0047831013798714,1
0.047578573226929,0.10256695002317,-0.015312515199184,1
-0.17261517047882,-0.15162218734622,-0.011478923261166,1
-0.075609654188156,0.088902167975903,0.029227174818516,1
0.021743535995483,0.16422938555479,-0.024918608367443,1
0.17385965585709,-0.1583705842495,-0.0020106956362724,1
0.14554339647293,0.17506655305624,0.016598716378212,1
-0.17606222629547,0.021626897156239,0.041839830577374,1
-0.21465086936951,0.14593378454447,-0.0015540048480034,1
-0.19692260026932,-0.12396249175072,0.0083269402384758,1
0.06598836183548,0.086958490312099,-0.016756951808929,1
0.046178460121155,0.26051511615515,-0.0068783313035965,1
0.20305991172791,0.18649663776159,-0.040601812303066,1
0.051279366016388,0.16307141631842,0.01977264136076,1
0.11540788412094,0.1969905719161,0.17750278860331,1
-0.18434482812881,-0.072473425418139,-0.081247493624687,1
0.029983460903168,-0.072654508054256,0.0078538209199905,1
0.098902463912964,0.26146172732115,-0.041095830500126,1
-0.10347905755043,-0.052805993705988,-0.011589296162128,1
-0.12351757287979,0.17459156364202,0.10575898736715,1
-0.076542019844055,-0.022140525281429,0.00037457793951035,1
-0.092943966388702,-0.26875699311495,0.060168363153934,1
0.055586576461792,0.13336285203695,0.038007982075214,1
-0.11924067139626,0.13251624256372,0.019061110913754,1
-0.15702351927757,-0.017210252583027,0.019021697342396,1
-0.020753562450409,-0.20041183382273,0.099517069756985,1
0.0082044005393982,-0.16782784461975,0.018395856022835,1
-0.1964947283268,-0.15881955623627,0.061596505343914,1
0.12694919109344,-0.20756255835295,0.16431982070208,1
-0.040099322795868,0.21896006911993,-0.027828626334667,1
0.02076381444931,-0.12075968831778,0.0089499726891518,1
0.17921352386475,0.17892851680517,-0.045877978205681,1
-0.020819246768951,0.085794024169445,-0.022812969982624,1
0.1094668507576,-0.22000839561224,0.079158581793308,1
-0.074267327785492,0.092784784734249,-0.085984535515308,1
0.02279406785965,-0.068148210644722,-0.022182732820511,1
-0.0068559050559998,-0.047136001288891,0.003474086523056,1
0.022095263004303,-0.2263452783227,0.1649624183774,1
-0.057795345783234,-0.25851214677095,0.098985888063908,1
-0.014819741249084,0.044605113565922,-0.0085994377732277,1
0.096641182899475,0.085005037486553,0.0038776993751526,1
-0.030333578586578,-0.10345302801579,-0.014405988156796,1
-0.014479160308838,-0.096611342625692,0.020746558904648,1
-0.073883324861526,0.075390256941319,-0.046315513551235,1
-0.14325466752052,-0.082673853263259,-0.06874618679285,1
0.097420036792755,-0.26196899265051,-0.018992938101292,1
-0.18298038840294,-0.1836159452796,0.030718334019184,1
0.084368288516998,0.10272591561079,-0.03543746471405,1
-0.018308699131012,-0.14596025273204,0.012464724481106,1
-0.13838145136833,-0.0055988132953644,-0.086336024105549,1
0.17055982351303,-0.179019510746,0.15987578779459,1
0.016310036182404,-0.091144382953644,-0.030584171414375,1
-0.10482960939407,0.21235736459494,0.058764033019543,1
-0.036305785179138,-0.13862665370107,0.0056648924946785,1
-0.18390822410583,0.070435799658298,-0.032931186258793,1
-0.13331437110901,0.014750801026821,0.04677364975214,1
0.061345458030701,0.21610405296087,0.13739965111017,1
-0.098030090332031,0.11610621958971,-0.0042623206973076,1
0.047708749771118,0.093274869024754,-0.052184082567692,1
0.043308794498444,0.21568193286657,-0.063192091882229,1
-0.064000874757767,-0.034858219325542,-0.011880330741405,1
-0.015673637390137,0.13850525766611,0.025781713426113,1
-0.010433673858643,0.19347461313009,0.040846139192581,1
-0.21224129199982,-0.028463371098042,-0.076180420815945,1
0.083941519260406,0.18147119134665,0.042266130447388,1
-0.091554969549179,0.26964726299047,0.062591291964054,1
-0.030043661594391,-0.099203387275338,-0.0043696612119675,1
-0.13255777955055,-0.22439759969711,-0.012637041509151,1
-0.067830502986908,0.19212471693754,-0.063509002327919,0
0.17594242095947,0.16531416028738,-0.05052474886179,1
0.014656960964203,-0.1147054573521,0.019287966191769,1
-0.065267980098724,0.16026207059622,-0.0650914311409,1
0.15376180410385,-0.19854930043221,0.022371836006641,1
-0.13723701238632,-0.10311476094648,0.053285427391529,1
0.079539716243744,-0.076541980728507,-0.011299781501293,1
0.040039420127869,-0.13799003511667,-0.020256087183952,1
-0.026738822460175,0.062895931303501,-0.0030664131045341,1
-0.083696573972702,-0.099677555961534,-0.052545852959156,1
-0.14042124152184,-0.047362174838781,-0.084028534591198,1
0.18499702215195,-0.19329177588224,0.16837651282549,1
0.072100341320038,-0.21786024421453,0.06195218116045,1
-0.020710706710815,0.28891202062368,0.0039405003190041,1
-0.073340803384781,-0.20882099121809,-0.02421198040247,1
0.058894991874695,0.059972159564495,0.0030454695224762,1
0.097016513347626,-0.15715851262212,-0.097152553498745,1
-0.028997540473938,0.11703788489103,-0.07601510733366,1
0.12672179937363,-0.12679249048233,-0.011124886572361,1
-0.24016883969307,-0.026033870875835,-0.081217899918556,1
-0.21469748020172,-0.1359948515892,0.0804847702384,1
-0.046502411365509,-0.0067606717348099,-0.0029729828238487,1
0.021493256092072,-0.10381531575695,-0.0083921626210213,1
0.063004732131958,-0.080138757824898,0.0042081251740456,1
0.001777172088623,-0.13556781411171,-0.017226025462151,1
0.028242468833923,-0.24034637957811,-0.047107808291912,1
0.10712236166,0.13719969242811,0.040801607072353,1
-0.10214883089066,-0.23394676297903,0.054553493857384,1
0.16166061162949,0.14817877858877,-0.01596786826849,1
-0.091794788837433,0.018948376178741,0.0011337473988533,1
-0.073272556066513,-0.037740550935268,-0.065805926918983,1
-0.021664202213287,-0.10577638400719,-0.03546766936779,1
-0.13564342260361,0.085317023098469,-0.070243619382381,1
0.14422470331192,-0.16265242546797,0.037318222224712,1
0.0045538544654846,-0.083496576175094,-0.011374019086361,1
-0.034593045711517,-0.12265001609921,-0.02027939260006,1
-0.041618287563324,0.14750755578279,-0.092614091932774,1
-0.045690298080444,0.050584755837917,0.0039093121886253,1
0.059269309043884,0.12732840329409,-0.07945516705513,1
0.12100052833557,0.096241645514965,-0.012415669858456,1
0.03670209646225,-0.13515220209956,-0.0061226934194565,1
-0.031042397022247,0.073387108743191,0.0016268417239189,1
-0.16086107492447,0.13642174750566,0.14423180371523,1
-0.20548337697983,-0.14766554161906,0.072996251285076,1
-0.14400827884674,0.066315017640591,0.026980213820934,1
0.031606137752533,-0.091396836563945,0.022504083812237,1
0.058901965618134,0.061301104724407,-0.012442253530025,1
-0.0011616349220276,0.2898325547576,0.074014402925968,1
0.086445033550262,-0.19334119558334,0.0864262804389,1
-0.11879920959473,-0.11052972730249,0.051610060036182,1
0.056269645690918,0.10557246953249,-0.048227943480015,1
-0.15656045079231,0.11343989521265,-0.052194230258465,1
-0.10538402199745,0.087964542210102,-0.017753787338734,1
0.11655443906784,-0.26003710180521,0.10721132904291,1
-0.20066392421722,-0.1243893597275,0.055748485028744,1
-0.12332785129547,-0.078524796292186,-0.063010804355145,1
0.057501614093781,0.18451692909002,-0.040410220623016,1
-0.20821189880371,0.10365361720324,0.11200024932623,1
0.095814645290375,0.12259974330664,-0.064774729311466,1
-0.037847816944122,-0.044073816388845,0.0065742507576942,1
-0.039105117321014,-0.13617997244,-0.0078739300370216,1
-0.12318831682205,0.16390451043844,-0.012614615261555,1
0.081072986125946,0.27145498245955,0.071727596223354,1
0.13698214292526,-0.24871807545424,0.11302947252989,1
-0.12715229392052,-0.14148978516459,-0.046388514339924,1
0.16545855998993,0.22342272847891,0.14005006104708,1
0.026105225086212,-0.15651628747582,0.051276110112667,1
-0.11570653319359,-0.1834454536438,0.033613577485085,1
-0.12399309873581,0.069220088422298,0.017242424190044,1
0.084822952747345,-0.063239976763725,0.0028552338480949,1
-0.10595595836639,-0.18647752702236,0.095583148300648,1
0.2191144824028,-0.20332735031843,-0.012004144489765,1
0.083195149898529,0.093906782567501,-0.051870256662369,1
0.21916002035141,-0.20255728065968,0.037426240742207,1
0.014036476612091,-0.14157239347696,-0.064571551978588,1
-0.040558516979218,0.12302472442389,0.014497436583042,1
0.074420630931854,-0.15564308315516,0.063489057123661,1
-0.16041451692581,-0.092731662094593,0.014720074832439,1
-0.14611533284187,-0.021181598305702,-0.030109077692032,1
0.076978623867035,-0.25386811047792,0.0077583864331245,1
0.028089821338654,-0.20577868074179,-0.02190525084734,1
-0.048851609230042,-0.18525596708059,0.21146387606859,1
0.034062564373016,0.29007371515036,0.056100971996784,1
-0.0042113065719604,0.1224324926734,-0.06656364351511,1
-0.072856217622757,0.18342318385839,-0.056056097149849,0
-0.14547908306122,0.14966518431902,0.08048602193594,1
-0.14845123887062,0.12813269346952,-0.007153294980526,1
0.0029555559158325,-0.16040123999119,0.012102641165257,1
0.056454479694366,0.2846516892314,0.058292411267757,1
0.095491826534271,-0.11943786777556,0.019521340727806,1
-0.059756338596344,0.14282736927271,0.002320721745491,1
0.044550716876984,0.20397873967886,-0.061503790318966,1
-0.091405034065247,0.059116326272488,0.005703829228878,1
0.10004013776779,-0.21634469181299,0.13630396872759,1
-0.066574245691299,-0.16860885173082,-0.069459721446037,1
-0.00046324729919434,0.13017170876265,0.017429664731026,1
-0.028322994709015,-0.23256573826075,0.15623665601015,1
-0.071297854185104,-0.17455926537514,-0.0087814331054688,1
-0.077483326196671,-0.11910002119839,-0.0010249018669128,1
0.13914883136749,0.22494073957205,-0.010903790593147,1
-0.10350042581558,0.090630672872066,0.0020043477416039,1
-0.059317380189896,0.035026036202908,-0.013600327074528,1
-0.054033249616623,-0.026037827134132,-0.011232607066631,1
-0.094286501407623,0.039056591689587,-0.018036790192127,1
0.026650667190552,-0.16743855178356,-0.031996980309486,1
0.032959878444672,-0.20953454822302,0.12604457885027,1
0.080349624156952,0.097707383334637,-0.0095271542668343,1
0.011751234531403,-0.11743944510818,-0.073655880987644,1
0.1587250828743,-0.22951240092516,0.022329017519951,1
0.15984028577805,-0.13560960814357,0.085973761975765,1
-0.14009553194046,0.095708779990673,-0.030693463981152,1
-0.058585792779922,0.14933853596449,-0.0341517329216,1
0.17785435914993,-0.20636297762394,0.12190670520067,1
0.10991889238358,0.25922199338675,0.10111806541681,1
-0.067667245864868,-0.022550143301487,0.013092823326588,1
-0.12055569887161,-0.085785623639822,-0.039869509637356,1
0.091318666934967,0.093802772462368,0.012673899531364,1
0.043505251407623,0.18382465094328,0.028810419142246,1
0.046044588088989,0.19436752051115,0.055600635707378,1
-0.057785302400589,-3.5427510738373e-05,-0.0092462077736855,1
0.18390971422195,0.18289395421743,-0.050052255392075,1
0.16039729118347,-0.1935064420104,0.02996189147234,1
0.04837292432785,-0.19583732634783,-0.031908065080643,1
0.19679421186447,-0.17193459719419,0.10676107555628,1
-0.14039885997772,0.21775438636541,0.12766215950251,1
0.094731628894806,0.21477194875479,-0.0400285795331,1
-0.056873142719269,-0.11123191006482,0.024141378700733,1
-0.082647293806076,-0.11742343194783,0.058504305779934,1
-0.013731002807617,-0.050115700811148,-0.012655727565289,1
-0.17906218767166,-0.058556083589792,0.10926761478186,1
0.075412213802338,-0.086865621618927,-0.011815503239632,1
-0.19292736053467,-0.13991013169289,-0.029722414910793,1
-0.14672380685806,0.19535615295172,0.039118595421314,1
0.035959362983704,0.11584032326937,-0.061718039214611,1
-0.1666651070118,0.16504164785147,-0.028824485838413,1
-0.042023420333862,0.055804617702961,-0.022944040596485,1
-0.18193760514259,-0.11499381624162,-0.0085434541106224,1
-0.032694756984711,-0.067701250314713,0.0083113014698029,1
-0.047424376010895,0.14263566583395,-0.026492260396481,1
0.19435888528824,-0.18537795543671,0.041991136968136,1
-0.047575116157532,0.021130628883839,-0.0042233094573021,1
0.078628778457642,0.11301546543837,-0.067716516554356,1
-0.066787302494049,0.088985778391361,-0.054649047553539,1
-0.13600200414658,0.098428227007389,0.049487732350826,1
-0.057082116603851,0.26227029412985,-0.057815782725811,1
0.051363706588745,0.24228953570127,0.035640209913254,1
0.21558660268784,0.2056538388133,0.10330360382795,1
-0.027734756469727,0.043910525739193,-0.01985951513052,1
-0.13991171121597,-0.20136658847332,-0.039351738989353,1
-0.11273658275604,0.2264306768775,-0.019138120114803,0
-0.06856307387352,-0.052681539207697,-0.064391560852528,1
-0.20423835515976,-0.090634241700172,0.14346409589052,1
-0.16648960113525,0.069145552814007,-0.055873274803162,1
-0.028484404087067,-0.08484108094126,0.0095716789364815,1
-0.19667020440102,-0.030926167964935,0.066205896437168,1
0.077501237392426,-0.25161082297564,0.069569461047649,1
-0.0028606057167053,-0.15569941699505,-0.019815072417259,1
-0.073141098022461,-0.061791572719812,-0.070344090461731,1
-0.1710752248764,0.13619405776262,0.16818841546774,1
-0.2184174656868,0.020325921475887,-0.045476652681828,1
0.086878001689911,-0.25297441333532,0.14832729846239,1
-0.042466521263123,0.20828118175268,0.19179899245501,1
-0.19841378927231,-0.056969057768583,0.091410838067532,1
-0.11471232771873,0.010368086397648,-0.0072358176112175,1
0.099964082241058,0.081597320735455,-0.05226231366396,1
0.052453756332397,-0.19554910808802,0.077368892729282,1
0.078257024288177,-0.059427257627249,-0.0011804774403572,1
-0.059654742479324,0.03898362070322,-0.052793189883232,1
0.073046326637268,0.059580586850643,-0.002483606338501,1
-0.22896993160248,-0.069579688832164,-0.001386471092701,1
-0.11282396316528,0.17898794263601,-0.031703121960163,0
0.0955491065979,0.089133523404598,-0.0061048865318298,1
-0.23196297883987,-0.073508836328983,0.035897679626942,1
-0.22674089670181,-0.03243762254715,0.052287496626377,1
-0.063230276107788,-0.036794692277908,0.0014483705163002,1
-0.1014022231102,0.048263184726238,0.0040756240487099,1
-0.17391377687454,-0.12393302284181,0.1639413908124,1
0.011788547039032,0.10592534393072,-0.062872298061848,1
-0.038230657577515,0.24897839874029,0.13770303875208,1
0.070307910442352,-0.091804319992661,0.007512129843235,1
-0.16045892238617,-0.20229905098677,-0.018061690032482,1
-0.094449579715729,0.043763525784016,0.024455927312374,1
-0.11221024394035,-0.24008751660585,-0.022787496447563,1
-0.031217813491821,-0.070281755179167,-0.0023879557847977,1
-0.12769228219986,0.02479150146246,-0.043849490582943,1
-0.20245581865311,0.050627239048481,-0.091935802251101,1
-0.1192307472229,0.14518221467733,-0.036556996405125,0
0.042563259601593,0.11488952487707,-0.027578689157963,1
-0.1123628616333,0.15256937593222,-0.06843414157629,0
0.10009199380875,-0.094336339272559,-0.070066206157207,1
-0.11222612857819,-0.0016159042716026,-0.0078030452132225,1
-0.1333247423172,-0.11563599482179,-0.074007116258144,1
-0.0051057934761047,-0.12433573044837,-0.042696073651314,1
-0.090783506631851,0.01564034819603,-0.063984386622906,1
0.011095583438873,0.15545266121626,0.030269920825958,1
0.14461517333984,-0.11981986835599,-0.077553622424603,1
-0.0092885494232178,-0.0838468298316,-0.05309747159481,1
-0.067631959915161,-0.076275520026684,-0.0091419145464897,1
0.017304062843323,-0.091558725573123,-0.049400195479393,1
-0.087059080600739,0.010251104831696,0.01359898597002,1
-0.14568349719048,-0.10268825991079,-0.020931474864483,1
-0.14827075600624,-0.031646989285946,0.0040404573082924,1
-0.1855593919754,0.033152408897877,0.13754975050688,1
-0.1137638092041,-0.030928716063499,0.039681129157543,1
-0.19233420491219,-0.024566762149334,0.12474482506514,1
-0.083842515945435,0.054551802575588,0.029899470508099,1
-0.11245861649513,0.0047090724110603,0.0022105500102043,1
-0.081915020942688,0.024539671838284,0.010692454874516,1
-0.095318168401718,0.19804804772139,0.089528270065784,1
0.066687762737274,0.059958539903164,0.0088539719581604,1
-0.21511521935463,-0.10970637667924,-0.05313777923584,1
-0.013529419898987,-0.048170052468777,-0.015310063958168,1
0.034890353679657,-0.15608490258455,-0.0034587830305099,1
-0.0075069069862366,-0.11134386993945,0.015251144766808,1
0.11354124546051,-0.18956886231899,0.080993689596653,1
-0.09525865316391,-0.04484822973609,0.034237332642078,1
0.11666810512543,0.10410293191671,-0.090313829481602,1
-0.1406609416008,-0.10934295132756,-0.014429159462452,1
-0.21169853210449,0.16458310931921,0.0014227703213692,1
0.015121936798096,-0.22853059321642,0.041533462703228,1
0.16564655303955,0.23482494801283,-0.057990163564682,1
-0.028629243373871,0.22033163160086,0.099324442446232,1
-0.083061456680298,-0.0020038262009621,-0.020955353975296,1
-0.077870041131973,-0.055947940796614,0.0072572603821754,1
0.031719505786896,-0.093304346781224,-0.039571352303028,1
-0.19395476579666,-0.041436281055212,0.11966317147017,1
0.0689896941185,0.22965889424086,0.0023520365357399,1
-0.015731275081635,-0.08483790140599,0.0093509405851364,1
-0.22519052028656,0.0046631246805191,0.14249407500029,1
0.11789274215698,0.16808667033911,0.02251110970974,1
-0.16495975852013,-0.080977015197277,0.077947504818439,1
-0.21692928671837,0.0041562914848328,-0.014224134385586,1
-0.091606944799423,0.25037681311369,0.0047802180051804,1
0.1473867893219,0.23456843942404,-0.013353124260902,1
0.016136229038239,-0.13113587163389,-0.083613529801369,1
-0.20577019453049,-0.033884145319462,-0.060410596430302,1
0.0017583966255188,-0.13408633694053,0.027494929730892,1
0.17492038011551,-0.23605232685804,-0.019744418561459,1
0.042218208312988,-0.1883670091629,0.019977055490017,1
-0.15783041715622,0.071705721318722,0.065598659217358,1
-0.085437148809433,0.086209513247013,-0.050867013633251,1
0.087269842624664,0.06347381323576,0.018980287015438,1
0.036095142364502,0.11167145520449,0.0028004422783852,1
-0.19953912496567,0.060026116669178,0.13340800255537,1
-0.1768895983696,-0.06198625639081,-0.05401398986578,1
-0.16191339492798,0.15505041927099,0.1522818878293,1
-0.07148951292038,0.25600995868444,-0.042103812098503,0
0.032557189464569,0.063483245670795,-0.014447398483753,1
-0.051163762807846,-0.014131866395473,0.010279394686222,1
-0.047812342643738,0.20158609002829,0.20248178392649,1
0.0026786923408508,-0.078270383179188,-0.028638996183872,1
0.070771753787994,-0.18550484627485,-0.07165715098381,1
0.072016656398773,-0.2132641300559,0.062730886042118,1
0.069737613201141,-0.22494078427553,-0.085133090615273,1
-0.10149300098419,0.19911208003759,0.17905884236097,1
-0.12437200546265,0.23767694085836,0.054111503064632,1
0.029937088489532,-0.13642314076424,0.011566877365112,1
-0.13726842403412,0.21608140319586,0.094274766743183,1
-0.023205459117889,-0.14772703871131,-0.044456742703915,1
-0.19304513931274,-0.016278773546219,0.023085795342922,1
-0.026570200920105,0.043134398758411,-0.0056886300444603,1
-0.25349506735802,-0.045780550688505,-0.048827901482582,1
-0.072667211294174,-0.033317983150482,-0.027969621121883,1
0.059669077396393,0.12123090773821,-0.006789319217205,1
0.14961963891983,-0.24400606006384,-0.0049058943986893,1
0.021989643573761,-0.07234713435173,-0.0018050298094749,1
-0.017717659473419,0.18304549902678,-0.01931881159544,1
-0.17217820882797,-0.14450734853745,0.092326767742634,1
-0.036164283752441,0.21772595494986,-0.035285443067551,1
0.091499984264374,-0.069657390937209,-0.0088300332427025,1
-0.082204759120941,-0.11381929833442,-0.025001950562,1
-0.16016340255737,0.015062540769577,-0.081558905541897,1
-0.1353771686554,0.12024479359388,0.095327995717525,1
-0.083065748214722,-0.22052071988583,-0.0185202434659,1
-0.09180361032486,0.085508473217487,-0.044034384191036,1
0.11312031745911,-0.15047632530332,-0.078888766467571,1
-0.14803728461266,0.13894709199667,-0.009940080344677,1
0.08599066734314,0.27338116616011,0.012153528630733,1
0.022002756595612,0.19148721545935,0.029109925031662,1
0.020888566970825,0.18289899080992,0.02606038749218,1
-0.12545907497406,0.076798565685749,-0.02189689874649,1
-0.014829218387604,-0.092893667053431,0.014488644897938,1
-0.16158422827721,-0.11713636107743,0.080981962382793,1
-0.20068776607513,-0.045268766582012,0.078445322811604,1
0.016010761260986,0.14414640516043,0.04335094243288,1
-0.15489035844803,0.037237875163555,-0.019481830298901,1
-0.11329704523087,-0.11871078051627,0.064060412347317,1
-0.054585576057434,0.083048112690449,-0.064007453620434,1
-0.093557745218277,-0.066471870988607,0.039974980056286,1
-0.05304491519928,0.21777137368917,-0.082008972764015,1
-0.034655272960663,-0.12070832028985,-0.047187760472298,1
0.12774813175201,-0.19275928288698,0.018511943519115,1
-0.26503625512123,-0.022103831171989,0.0076390132308006,1
0.15937972068787,0.17376562207937,0.060941450297832,1
-0.1707376241684,0.078332014381886,0.091239981353283,1
0.079222559928894,0.15446021407843,-0.073629602789879,1
-0.033171057701111,0.075326405465603,0.0056933388113976,1
-0.10072463750839,0.14849387854338,-0.041005291044712,0
0.05738627910614,0.22471227496862,0.023723006248474,1
0.0070991516113281,-0.17083323001862,-0.044621288776398,1
-0.14229243993759,0.0489307269454,0.04933150857687,1
-0.12612062692642,0.0071101263165474,-0.088133126497269,1
-0.036973834037781,0.2410157546401,-0.065631181001663,1
-0.087316662073135,-0.036653332412243,-0.044748328626156,1
-0.018231093883514,0.21774091571569,0.05794545263052,1
-0.021397471427917,0.20794006437063,-0.050443604588509,1
-0.15287500619888,0.11404556781054,0.14547299593687,1
-0.064484357833862,0.15535851567984,0.043988205492496,1
-0.081304848194122,0.046579457819462,-0.016443498432636,1
-0.081139832735062,0.0052988901734352,-0.0058718100190163,1
-0.012046933174133,0.21102374047041,0.13988602906466,1
0.19791656732559,0.21076434105635,-0.0085670799016953,1
0.053601622581482,-0.1828251555562,0.09118814021349,1
0.014794111251831,0.14010079950094,-0.0088025629520416,1
-0.0065649747848511,0.048686407506466,-0.0014563724398613,1
0.046140313148499,0.14708881825209,-0.01433514803648,1
-0.047733008861542,-0.13598166406155,0.017355293035507,1
-0.19933581352234,0.13892827183008,-0.024090968072414,1
-0.041436672210693,0.18926044553518,-0.033791810274124,1
-0.05547297000885,0.23496966809034,0.011468634009361,1
0.11837834119797,-0.1189823821187,0.011408649384975,1
-0.0077388882637024,-0.25868255645037,-0.019107021391392,1
-0.080883115530014,-0.047572128474712,-0.061289146542549,1
0.073702156543732,-0.078512635082006,-0.0098645314574242,1
-0.2177768945694,0.024681814014912,0.088714383542538,1
-0.026253819465637,0.16690763086081,0.042746432125568,1
0.11904376745224,0.11190070956945,-0.037374101579189,1
-0.026165664196014,-0.28415007144213,-0.026776425540447,1
-0.0096977353096008,0.059013374149799,-0.019563674926758,1
0.12051111459732,-0.10368237923831,0.035470895469189,1
-0.21028941869736,0.080615259706974,-0.074051477015018,1
-0.19816732406616,0.13183998316526,0.085604555904865,1
-0.16271796822548,-0.08866657409817,0.13806859403849,1
0.11088991165161,0.10560405999422,-0.046495124697685,1
-0.21390640735626,-0.011153183877468,0.056682832539082,1
0.15282028913498,-0.15248970687389,-0.04439664632082,1
-0.045614421367645,-0.066427785903215,-0.014769695699215,1
-0.039472699165344,0.19422837346792,0.066608868539333,1
-0.21093145012856,0.11453183740377,-0.00073140114545822,1
-0.18493869900703,-0.051170915365219,-0.028936371207237,1
-0.1126774251461,0.031965918838978,0.030030943453312,1
0.12709957361221,0.21971123665571,0.15394581109285,1
-0.05190122127533,-0.10229565971531,-0.085623867809772,1
-0.011956214904785,0.060986019670963,-0.029933787882328,1
0.076561152935028,-0.12411826476455,-0.067607879638672,1
0.01048070192337,-0.067640010267496,-0.025579206645489,1
0.020413100719452,-0.23328515142202,-0.036869272589684,1
0.093951344490051,0.072872139513493,-0.0088050290942192,1
-0.16629499197006,-0.15458965301514,0.16677135974169,1
-0.10736104846001,0.20492800325155,0.070068724453449,1
0.12145531177521,0.17064382880926,0.02665089815855,1
0.18858736753464,0.21941217035055,-0.064470358192921,1
-0.018893122673035,0.10727552324533,0.020566500723362,1
-0.18448126316071,0.061403952538967,-0.072815574705601,1
-0.044316470623016,-0.11797636374831,-0.071579679846764,1
0.02917867898941,-0.16741074621677,-0.077657081186771,1
0.037348031997681,0.067776151001453,-0.025836549699306,1
-0.08153572678566,-0.13658579811454,-0.092186614871025,1
0.20004850625992,-0.21390849351883,0.1135284230113,1
-0.14864018559456,-0.033605650067329,0.0068711265921593,1
-0.017326891422272,-0.27207056432962,0.069103382527828,1
-0.030517756938934,-0.15919941291213,-0.016282729804516,1
0.093052685260773,0.081748984754086,0.016747854650021,1
-0.053340822458267,0.19436594098806,-0.071019716560841,1
-0.034461379051208,-0.25873259454966,0.0078618004918098,1
0.095604956150055,-0.084754556417465,-0.028547205030918,1
0.0489302277565,0.15298383682966,-0.037500709295273,1
0.047977328300476,0.218461625278,0.060886971652508,1
-0.19699025154114,0.058522947132587,-0.013049818575382,1
-0.19185793399811,0.019545964896679,-0.092820771038532,1
-0.14287003874779,-0.050978202372789,-0.069279678165913,1
-0.083664149045944,-0.16961036622524,0.05729816108942,1
-0.13981208205223,-0.043332103639841,0.053844474256039,1
-0.092534363269806,-0.020904637873173,0.014756195247173,1
-0.19982960820198,-0.17418819665909,-0.00088804215192795,1
-0.22101816534996,-0.112394887954,0.0209686383605,1
-0.20600265264511,0.080301053822041,-0.088033832609653,1
-0.035845041275024,0.030615575611591,0.0015993788838387,1
-0.17929363250732,-0.075745433568954,-0.02909579873085,1
-0.13741850852966,-0.16244645044208,0.048799760639668,1
-0.019901990890503,0.16549130529165,0.046521924436092,1
0.039690673351288,0.15311624854803,0.0093152150511742,1
-0.070048689842224,-0.10212501930073,0.022399552166462,1
0.0013831257820129,0.077534310519695,0.0004061684012413,1
0.060784041881561,0.070196591317654,0.0048939511179924,1
-0.17928475141525,-0.1509217582643,-0.059625037014484,1
-0.072952628135681,-0.035526037216187,0.014824710786343,1
-0.13796359300613,0.053277708590031,-0.06795246899128,1
-0.16258877515793,-0.14750139042735,-0.050797857344151,1
-0.16724520921707,0.0070487260818481,0.041136913001537,1
-0.21721741557121,-0.013194970786572,-0.045304663479328,1
0.14734774827957,0.26462008804083,0.0075322017073631,1
0.080695450305939,0.1233696565032,-0.029389165341854,1
0.01988023519516,0.24323781579733,-0.090862706303596,1
-0.031008780002594,-0.15447100996971,0.036845505237579,1
0.10447531938553,0.20219960063696,0.085533417761326,1
-0.053697913885117,0.068563230335712,-0.021527506411076,1
0.046373963356018,-0.23527836054564,-0.072839073836803,1
0.02412337064743,0.090259082615376,0.01178377866745,1
-0.041229784488678,0.0084661766886711,-0.0036376789212227,1
0.013734638690948,0.10225696116686,-0.0034415647387505,1
0.15677714347839,-0.2133112847805,0.13069456070662,1
-0.13883191347122,0.1688636764884,0.086271144449711,1
-0.050385117530823,0.083790622651577,-0.019333429634571,1
-0.13622477650642,-0.16648612171412,-0.022448636591434,1
-0.022794842720032,0.095037914812565,-0.047826811671257,1
0.10727775096893,-0.17754582315683,0.030237555503845,1
0.0081562399864197,-0.071420611813664,-0.02014946937561,1
-0.059583395719528,-0.23811361938715,0.1192866936326,1
0.11709076166153,-0.20229447633028,-0.076558910310268,1
0.031119406223297,-0.077185429632664,-0.038896307349205,1
-0.047402083873749,0.20099618285894,0.080601699650288,1
-0.030049383640289,-0.24531256407499,-0.083594910800457,1
0.1782014966011,-0.15580140054226,0.1365657672286,1
-0.16479784250259,-0.1411827467382,0.16075413674116,1
-0.23430982232094,0.062287397682667,-0.070563293993473,1
-0.24224984645844,0.019110910594463,-0.022288739681244,1
0.10279506444931,-0.20078390091658,0.071391470730305,1
-0.13589000701904,-0.22443384677172,0.0017542541027069,1
-0.028721690177917,-0.094444152899086,-0.010594345629215,1
-0.11111891269684,0.066859684884548,0.050133787095547,1
-0.21017900109291,-0.072014214470983,0.15805424004793,1
0.025967419147491,-0.066334079951048,0.0037605464458466,1
0.13822990655899,-0.13691955804825,-0.056164287030697,1
-0.21001237630844,0.08344405144453,-0.040962696075439,1
-0.1990984082222,-0.1665618494153,0.051685400307178,1
0.12645655870438,-0.11334109306335,-0.081384904682636,1
-0.088125795125961,-0.18741885572672,0.11886427551508,1
0.08594685792923,-0.16370761394501,-0.005915030837059,1
-0.12331253290176,0.025441788136959,0.045948944985867,1
0.016915798187256,-0.2298573628068,-0.088750034570694,1
0.063609182834625,-0.26884514838457,-0.020537756383419,1
0.0042757391929626,0.14747758954763,-0.00061759352684021,1
-0.082701653242111,-0.1314496435225,0.049085937440395,1
-0.039654076099396,0.25764902681112,-0.069485731422901,1
-0.062714576721191,0.059277512133121,-0.050103716552258,1
0.04885321855545,0.2754954919219,5.7615339756012e-05,1
0.02227246761322,-0.20501542836428,0.0043180361390114,1
-0.0276859998703,0.22974257916212,0.027697503566742,1
-0.0019779205322266,0.08345403522253,0.020522817969322,1
-0.079000979661942,0.15940066426992,0.006984569132328,1
-0.082191646099091,0.14687382429838,0.01819633692503,1
-0.041589260101318,-0.049529034644365,0.019091971218586,1
-0.17827826738358,-0.04896579682827,0.12525851279497,1
-0.12846618890762,-0.16397845745087,0.05679539591074,1
-0.091208517551422,-0.23739568144083,-0.040807671844959,1
0.083660542964935,-0.22697968035936,0.046409331262112,1
0.0054075121879578,0.08430402725935,-0.0015523731708527,1
-0.037513375282288,0.22813957184553,0.053197726607323,1
-0.14062875509262,-0.065598368644714,-0.092903219163418,1
0.033517062664032,-0.09148087259382,-0.014374941587448,1
-0.088484048843384,0.24070205539465,-0.076500929892063,0
-0.13688522577286,-0.13043952547014,0.17643738538027,1
0.05521959066391,-0.14660437405109,-0.017667189240456,1
-0.059722393751144,-0.022657282650471,-0.013578228652477,1
0.015209376811981,0.25976552814245,-0.041018031537533,1
-0.14962911605835,0.13285062462091,0.11860627681017,1
-0.085066944360733,0.13007845729589,0.027862928807735,1
0.0090500116348267,0.24691715091467,-0.0038266703486443,1
0.12549430131912,-0.25516351312399,-0.0084804892539978,1
-0.19277191162109,-0.030033804476261,0.083005346357822,1
-0.16596451401711,0.0092624127864838,-0.050145216286182,1
-0.033526957035065,-0.030347175896168,-0.02309088408947,1
-0.14683631062508,-0.028325282037258,0.010363407433033,1
-0.093544274568558,-0.26637510210276,0.050945796072483,1
-0.045677840709686,-0.10151508683339,0.023757331073284,1
0.09875613451004,0.14230909198523,-0.053983472287655,1
-0.097378224134445,0.0037024095654488,-0.010336868464947,1
-0.17484021186829,0.028898455202579,-0.066473424434662,1
-0.11065688729286,0.25520756095648,-0.017314068973064,0
0.0062841773033142,-0.073998993262649,-0.00061292201280594,1
-0.0021976232528687,-0.2692920640111,0.12522263079882,1
-0.091708034276962,0.0036940947175026,-0.027675226330757,1
-0.21099206805229,0.14935626834631,0.10445582121611,1
-0.24473518133163,0.055048294365406,0.11437917500734,1
-0.057445406913757,0.024316303431988,-0.033329114317894,1
0.056551873683929,0.12794361263514,-0.04601364582777,1
-0.11726260185242,0.068833999335766,-0.015849210321903,1
0.1096904873848,-0.24198875576258,0.03815371543169,1
-0.085567831993103,0.17454545944929,-0.024048320949078,0
0.096026718616486,0.25124352425337,0.11861918121576,1
-0.14024859666824,-0.1903468593955,0.14125665277243,1
-0.094396650791168,0.1750738248229,0.069815747439861,1
0.10688835382462,0.22825133055449,-0.00949776917696,1
0.0054144263267517,-0.084152737632394,0.017693221569061,1
0.15236335992813,-0.14659055322409,0.035637505352497,1
0.06544041633606,0.10907492786646,-0.045779675245285,1
-0.12245458364487,-0.23107869178057,0.10032217949629,1
0.011195361614227,0.22998561710119,-0.017073154449463,1
-0.17516934871674,0.121357627213,0.094194687902927,1
-0.2278251349926,-0.08519053645432,-0.036661490797997,1
0.10640019178391,-0.19669859111309,0.12363488227129,1
-0.13595753908157,0.11505400389433,-0.0022738501429558,1
0.068990409374237,-0.097886335570365,-0.0083850249648094,1
-0.0086682438850403,-0.081297185271978,0.020248845219612,1
0.18938338756561,0.17096193879843,-0.020468361675739,1
0.099475860595703,0.078285656869411,-0.013446517288685,1
-0.050676763057709,0.17791297286749,0.088756419718266,1
-0.15907979011536,0.14473252743483,0.1727878972888,1
-0.18152841925621,-0.033972091972828,0.17665965110064,1
-0.047009170055389,0.049479879438877,-0.023650802671909,1
0.15948003530502,-0.19289941340685,-0.073032595217228,1
-0.044025063514709,0.2365619763732,-0.086339041590691,1
-0.041676938533783,0.040723912417889,0.0092794075608253,1
0.067822694778442,0.26703076809645,-0.011863671243191,1
-0.068613708019257,-0.038514412939548,-0.0086031779646873,1
-0.0032808184623718,0.083948783576488,-0.0082551464438438,1
0.19184577465057,0.22205352038145,0.015041515231133,1
-0.11913877725601,-0.00027665495872498,-0.048618100583553,1
-0.17685776948929,-0.10347920679487,-0.059401787817478,1
-0.15595069527626,0.1126968935132,-0.0083335861563683,1
-0.063888758420944,0.077888585627079,-0.032260932028294,1
-0.099911600351334,-0.049944307655096,-0.042602904140949,1
-0.11940211057663,-0.064432516694069,-0.096996657550335,1
-0.056911051273346,0.03489076346159,-0.032073818147182,1
-0.22772192955017,0.049377523362637,0.099362902343273,1
-0.084713816642761,0.22879507392645,0.084873773157597,1
-0.033175647258759,-0.1061098552309,-0.0052052736282349,1
0.15783679485321,0.194883428514,-0.046291075646877,1
0.068437516689301,-0.21882493048906,0.020155265927315,1
-0.1552027463913,0.15989693254232,0.053612016141415,1
0.060434341430664,-0.24315647035837,0.026524148881435,1
0.11566472053528,0.11565186828375,-0.019488818943501,1
0.10480779409409,-0.12364220991731,0.044191397726536,1
-0.032439947128296,0.14032699912786,-0.05652279406786,1
-0.11247199773788,0.11475896090269,0.03120095282793,1
0.065921366214752,-0.1460305377841,-0.090209387242794,1
-0.12728056311607,-0.13833677396178,0.13553499430418,1
-0.088856905698776,-0.18195343017578,-0.041225403547287,1
-0.23233333230019,-0.088274889625609,0.12803644686937,1
0.12177437543869,-0.19067300856113,0.0097940266132355,1
-0.0069871544837952,0.090007223188877,-0.033469527959824,1
0.17461937665939,0.21633889526129,0.0093440413475037,1
-0.086647808551788,-0.13740285113454,-0.075661808252335,1
0.16149264574051,0.16003995388746,0.0077578648924828,1
-0.17514649033546,0.099568627774715,0.028575100004673,1
0.016236901283264,0.23957344144583,0.1107709184289,1
-0.068349719047546,0.15203615278006,-0.047342650592327,0
0.18624502420425,-0.20191993564367,0.01281876116991,1
-0.088778257369995,0.06673850864172,-0.022424556314945,1
-0.15363121032715,0.004221573472023,-0.007903479039669,1
0.055331647396088,-0.10066412575543,0.01195764541626,1
0.09990268945694,0.11251189559698,-0.0008462518453598,1
-0.14178943634033,-0.1464217863977,0.018475882709026,1
-0.13986930251122,-0.082496346905828,-0.073390610516071,1
0.066525757312775,-0.050502125173807,-0.022956602275372,1
-0.045760571956635,0.09109016507864,-0.013552077114582,1
-0.051856338977814,0.059038333594799,-0.008026011288166,1
0.084278047084808,-0.23659928888083,0.13492218405008,1
-0.14086416363716,-0.22842604666948,-0.04865126311779,1
0.018960356712341,-0.093628443777561,-0.026820853352547,1
-0.13280835747719,0.13082199543715,0.15779056400061,1
0.060807049274445,0.22608464211226,-0.015810690820217,1
-0.011355757713318,-0.2133674249053,0.18490282446146,1
-0.10574960708618,0.091034658253193,0.038864798843861,1
-0.059810489416122,-0.20205237716436,0.051650270819664,1
-0.034395396709442,-0.10116166982334,-0.073330871760845,1
-0.10106825828552,0.037741236388683,0.020944498479366,1
-0.043627083301544,0.10024894028902,0.033469282090664,1
-0.098621428012848,0.097227416932583,0.0025665983557701,1
-0.17444521188736,-0.16483810544014,0.032988630235195,1
-0.083907306194305,0.16182025521994,0.086011774837971,1
-0.15178567171097,0.081441111862659,-0.06148687005043,1
-0.14661493897438,-0.061966501176357,0.049972601234913,1
-0.11729097366333,0.21031316369772,-0.016503907740116,0
-0.045559585094452,0.077520988881588,-0.026145569980145,1
0.013641178607941,0.11671935766935,-0.037109047174454,1
-0.069829851388931,0.17931451648474,0.0055339634418488,1
-0.10736247897148,-0.01716373115778,-0.01701345294714,1
-0.060346513986588,0.22094901651144,-0.079335205256939,0
0.010792791843414,-0.20199107378721,0.19752890616655,1
-0.13196116685867,-0.2330986186862,0.066394954919815,1
0.12838536500931,0.15798532217741,-0.020119100809097,1
0.0047532916069031,-0.074045842513442,-0.0073487982153893,1
0.13598829507828,0.14633872359991,-0.071583487093449,1
-0.035825610160828,-0.22148208320141,-0.054587431252003,1
0.077507197856903,0.096187107264996,-0.0012670680880547,1
-0.042787492275238,-0.12309684790671,0.0013818368315697,1
-0.17960879206657,-0.026489600539207,0.083079673349857,1
-0.079546868801117,0.042379952967167,0.016882680356503,1
0.11945122480392,0.12741702049971,0.043191187083721,1
-0.05523082613945,-0.078134156763554,-0.029845230281353,1
-0.12595397233963,0.064572729170322,0.0032919868826866,1
0.10273218154907,0.080740846693516,-0.051820911467075,1
-0.20176640152931,-0.065785221755505,0.070005916059017,1
0.14006966352463,-0.1626380905509,0.22096741944551,1
-0.20637112855911,-0.14640838652849,-0.058589659631252,1
-0.11822885274887,0.11668079346418,0.049275569617748,1
-0.079972296953201,-0.080385696142912,-0.027696512639523,1
-0.25823265314102,0.076246775686741,0.04227165132761,1
-0.092836439609528,-0.22607637196779,0.042207635939121,1
-0.098916739225388,0.051520250737667,0.036817245185375,1
-0.0550397336483,0.056785218417645,-0.0525296702981,1
-0.064671963453293,-0.24828699976206,-0.033802643418312,1
-0.13738369941711,0.2258942052722,0.01135840266943,1
0.11591047048569,-0.10880816914141,0.018325351178646,1
0.16232377290726,-0.1598621122539,0.11646171659231,1
-0.18956682085991,-0.15973785892129,-0.073556937277317,1
0.073633193969727,0.050437279045582,-0.026474840939045,1
-0.015307366847992,-0.096951285144314,0.020262084901333,1
0.041264414787292,0.065831653773785,0.0014670416712761,1
0.066598534584045,-0.073016207665205,0.0067435503005981,1
-0.094880312681198,0.17545690387487,-0.071530468761921,0
0.036344885826111,0.14281282573938,9.2990696430206e-05,1
0.12258291244507,0.2436967715621,-0.075851365923882,1
-0.014756262302399,-0.076291866600513,-0.035253673791885,1
-0.11265450716019,-0.064966522157192,-0.057241968810558,1
0.035064995288849,-0.2120613977313,0.13193210214376,1
-0.16227015852928,-0.095993195660412,0.041269190609455,1
-0.22646525502205,-0.0002761110663414,0.047520108520985,1
-0.026276051998138,0.085646279156208,-0.033387668430805,1
-0.10931462049484,0.08349422365427,0.047865264117718,1
0.006705641746521,-0.095320921391249,-0.04172383248806,1
-0.20941418409348,0.11292102187872,0.10176979750395,1
-0.087470710277557,-0.058495234698057,-0.038813799619675,1
-0.12831801176071,-0.10323638818227,0.060885317623615,1
-0.12711727619171,-0.1416609659791,0.094424076378345,1
-0.1133776307106,-0.031765840947628,-0.019736565649509,1
-0.091713756322861,-0.062883250415325,-0.083475179970264,1
0.053042471408844,0.07289170473814,0.0097457841038704,1
-0.058859020471573,0.0091912969946861,0.0053185299038887,1
-0.10410818457603,0.24796315282583,0.10175719112158,1
0.16271013021469,-0.14650673046708,-0.024905316531658,1
-0.14223879575729,-0.068500593304634,0.085698820650578,1
0.10855066776276,-0.21988323330879,0.17097900062799,1
-0.18784669041634,-0.10628330754116,0.12899576872587,1
-0.11926007270813,-0.05556982755661,0.019826807081699,1
-0.021001160144806,-0.093877211213112,-0.04480218142271,1
-0.14520484209061,0.11636333912611,0.21256602555513,1
-0.046507775783539,-0.14651730284095,0.032240800559521,1
0.028644323348999,-0.15405984595418,-0.046817652881145,1
0.048334896564484,0.21295314282179,0.20884454995394,1
-0.18055728077888,0.011255502700806,0.11719902604818,1
-0.086157619953156,-0.17239207029343,-0.087879650294781,1
0.073996245861053,0.28296788781881,0.068955697119236,1
-0.086255848407745,-0.25820083171129,0.024721600115299,1
-0.05206885933876,-0.22160992771387,-0.0092921778559685,1
-0.21921503543854,-0.064841631799936,0.018815271556377,1
-0.17258700728416,0.0030300691723824,0.12478841096163,1
-0.038789212703705,0.25781344622374,-0.02676659822464,1
-0.2263126373291,0.054499112069607,-0.06069028377533,1
0.10896277427673,0.23059727996588,0.032661728560925,1
0.098379552364349,-0.27828342467546,0.0043900534510612,1
-0.0087570548057556,0.24484180659056,0.13500834256411,1
-0.053284972906113,0.26829405874014,0.022469766438007,1
0.092313170433044,0.21828588098288,-0.092491701245308,1
-0.15000829100609,-0.091809895820916,-0.0052073821425438,1
-0.13626611232758,-0.19423976540565,0.15563989430666,1
-0.0010403990745544,-0.10718118585646,-0.040686078369617,1
-0.091505616903305,-0.21622154861689,-0.035986177623272,1
-0.022233664989471,-0.19226652383804,0.095533110201359,1
0.13457846641541,0.1347193941474,0.047204867005348,1
0.01403146982193,0.092273689806461,0.017976887524128,1
-0.12411516904831,0.21680184453726,-0.0066875591874123,1
0.094916045665741,-0.14564804360271,0.04799472540617,1
-0.21738499403,-0.11455808300525,0.1007177606225,1
0.13599902391434,0.1981234177947,0.10343206673861,1
-0.054059594869614,0.04806212335825,-0.013949804008007,1
-0.12769040465355,-0.10698722116649,-0.061803422868252,1
0.030983865261078,-0.061634972691536,0.0036429092288017,1
0.024512588977814,-0.13503909483552,0.025429897010326,1
-0.072380274534225,-0.029162332415581,0.015955708920956,1
-0.21624952554703,0.087344713509083,-0.01026313751936,1
-0.075202971696854,-0.072365801781416,0.03163119405508,1
-0.14840787649155,-0.00045621395111084,0.027831517159939,1
-0.015413582324982,-0.071553830057383,-0.01246515661478,1
0.062487304210663,-0.18705336004496,0.055918052792549,1
-0.036132514476776,0.025384806096554,-0.011174403131008,1
0.093938112258911,0.24777840822935,0.015338554978371,1
0.049002587795258,-0.15708304196596,0.043530203402042,1
-0.055053234100342,-0.12682227604091,-0.048015356063843,1
-0.13576716184616,-0.073396811261773,-0.0043384805321693,1
-0.14098510146141,-0.15735355019569,0.16116125136614,1
0.028565585613251,-0.24413292855024,0.11721993237734,1
0.072374165058136,-0.11365510243922,0.011039882898331,1
-0.0030829906463623,-0.084226790815592,0.012342020869255,1
0.018092930316925,0.27081602066755,0.085262335836887,1
-0.072293281555176,0.049758739769459,0.025253556668758,1
-0.032272517681122,0.11566001921892,0.024497382342815,1
0.143778860569,0.16642766445875,0.19702253490686,1
-0.18503603339195,-0.14196703955531,0.023519031703472,1
0.038289964199066,-0.25664768368006,0.068690441548824,1
-0.085944831371307,0.035989008843899,0.016607321798801,1
-0.00016582012176514,-0.20588905364275,0.15580502897501,1
-0.10640114545822,0.039710022509098,0.023193307220936,1
-0.10043722391129,-0.037705361843109,0.036047361791134,1
0.051944255828857,0.1021476611495,0.017350196838379,1
0.13301128149033,-0.13495256751776,-0.075353093445301,1
0.04250830411911,-0.11110203061253,0.023803897202015,1
-0.029505550861359,-0.08627949282527,-0.036822289228439,1
-0.049979150295258,0.0062822923064232,-0.0052576437592506,1
-0.18439394235611,-0.0090382695198059,0.012466974556446,1
-0.20011448860168,-0.10908881016076,-0.040417969226837,1
0.10191911458969,0.082750253379345,0.0067363604903221,1
-0.049379348754883,-0.21886150538921,-0.089695565402508,1
0.19593173265457,-0.22850734740496,-0.0077538415789604,1
0.039185225963593,-0.092468647751957,-0.019680730998516,1
-0.10844552516937,-0.049252200871706,0.027358986437321,1
0.17155295610428,-0.17934710532427,0.16532938927412,1
0.05648547410965,-0.21324559301138,0.012221582233906,1
0.03095006942749,0.084796361625195,0.017463840544224,1
0.041447579860687,-0.16862221807241,-0.054360933601856,1
-0.18305921554565,-0.040410656481981,0.02910203486681,1
-0.065707415342331,-0.083081901073456,-0.056150205433369,1
0.15516799688339,0.22887053340673,0.10503373295069,1
0.095619142055511,-0.19614756852388,0.0036465302109718,1
-0.020023286342621,0.16136255115271,-0.025155171751976,1
-0.096420228481293,-0.17659875750542,-0.0070470348000526,1
-0.25952586531639,0.040170691907406,-0.027682602405548,1
-0.23149320483208,-0.14161936193705,0.034461669623852,1
0.025767743587494,0.057492084801197,0.0054134204983711,1
-0.049419820308685,0.086200796067715,0.028770320117474,1
-0.11629915237427,-0.04184115678072,-0.064359374344349,1
-0.0035427808761597,0.11831349879503,0.021383821964264,1
-0.012816369533539,-0.069379864260554,-0.030068911612034,1
0.067523777484894,0.093515790998936,-0.022271454334259,1
0.17040568590164,-0.22560118883848,0.024839095771313,1
-0.17140763998032,0.13128911703825,0.055682994425297,1
-0.011541545391083,-0.13935682922602,-0.072220504283905,1
-0.13912498950958,0.22563194483519,-0.055856831371784,0
-0.11955964565277,-0.15678617358208,-0.02689341455698,1
-0.035641431808472,0.08442572504282,0.017703495919704,1
-0.06659522652626,0.09695378690958,0.032827995717525,1
-0.086796075105667,-0.12358861044049,-0.01598846167326,1
0.01635479927063,-0.1734961643815,-0.077915221452713,1
0.14143139123917,0.21781893819571,0.14526958018541,1
0.010634481906891,-0.072004983201623,-0.00038687884807587,1
-0.056827306747437,-0.060009207576513,-0.048727534711361,1
0.13351190090179,-0.14694691449404,-0.092130474746227,1
-0.096223473548889,0.26203139871359,0.052877210080624,1
0.048669755458832,-0.23127532750368,0.031098946928978,1
-0.049175441265106,-0.12755434960127,-0.024221152067184,1
0.001858115196228,-0.21447026729584,0.12217006832361,1
-0.025007665157318,0.02180764824152,-0.0020109340548515,1
0.088197410106659,0.12783115357161,0.020180679857731,1
-0.11540418863297,0.17916645854712,-0.056696437299252,0
-0.23598954081535,-0.10423280671239,0.073585622012615,1
-0.19646197557449,-0.092774115502834,0.10545519739389,1
-0.077235281467438,0.04228799790144,0.0016860291361809,1
0.052397549152374,0.087938211858273,-0.015587233006954,1
-0.03325879573822,0.12972507625818,0.017256774008274,1
-0.016603648662567,-0.083947168663144,0.012311272323132,1
0.12385803461075,-0.13763005286455,-0.0041199550032616,1
-0.15050002932549,-0.22545226663351,0.051462136209011,1
0.035694658756256,0.21289675682783,0.02265727519989,1
-0.12949824333191,-0.18406460434198,0.039236098527908,1
-0.24649488925934,-0.063790023326874,-0.055234581232071,1
0.19004207849503,-0.22321098297834,0.084666393697262,1
0.058530509471893,0.16179677098989,0.029431819915771,1
-0.11684259772301,-0.049793224781752,-0.038966916501522,1
-0.018132090568542,0.067784421145916,-0.0019711777567863,1
-0.060601025819778,-0.01826049387455,-0.048966750502586,1
-0.070263624191284,0.017314098775387,0.018969513475895,1
0.0084382295608521,-0.086816188879311,-0.025982446968555,1
-0.099058628082275,-0.10439311387017,-0.064592204988003,1
0.033717095851898,-0.058639895170927,-0.0064960718154907,1
0.060064852237701,-0.26671370118856,0.052259616553783,1
-0.032402753829956,0.039435364305973,-0.025360710918903,1
-0.19469079375267,-0.17286232858896,0.048235900700092,1
-0.062577903270721,-0.13786945864558,-0.047530710697174,1
0.076076090335846,-0.25334144383669,0.0054868385195732,1
-0.04456353187561,0.029270105063915,-0.012966521084309,1
-0.011384069919586,-0.10256135184318,-0.067158624529839,1
-0.085132509469986,-0.24313969165087,0.01726258546114,1
-0.073537617921829,-0.2063897550106,0.16128755360842,1
0.1542888879776,0.18774374574423,-0.085943810641766,1
-0.099804192781448,0.1838343963027,0.13751501590014,1
0.14075893163681,-0.14260706678033,-0.076685778796673,1
-0.17885512113571,-0.15092280507088,-0.026059679687023,1
-0.15526178479195,0.086785681545734,0.20591218024492,1
-0.051053524017334,0.1588521823287,0.017582453787327,1
-0.21873691678047,0.060144163668156,0.014072321355343,1
-0.16149780154228,-0.14825870841742,0.1531160697341,1
-0.081661313772202,-0.15166426822543,0.05155735462904,1
-0.0021030306816101,0.23101677745581,-0.018619082868099,1
-0.0063827633857727,-0.16658312827349,-0.08417647331953,1
-0.052626311779022,0.17209836095572,0.077978722751141,1
-0.051761031150818,-0.053205605596304,0.022840328514576,1
0.14544230699539,0.23695530742407,-0.039036318659782,1
-0.19637823104858,-0.11144651845098,0.11897636204958,1
0.080393850803375,-0.12290426716208,0.02927490323782,1
-0.03936904668808,0.045001648366451,0.0033258572220802,1
0.012970328330994,-0.089087140746415,-0.027676433324814,1
0.15456706285477,-0.20395474880934,-0.080197222530842,1
0.062158465385437,0.092170365154743,-0.025293327867985,1
0.11786609888077,0.1860573515296,0.010048739612103,1
0.031048357486725,0.064254827797413,-0.00075270980596542,1
-0.064508944749832,-0.18061555922031,0.11448086053133,1
0.12105232477188,0.10039491206408,0.02050144225359,1
0.021743535995483,-0.24487120658159,0.022119097411633,1
-0.092955708503723,-0.065957963466644,-0.033976420760155,1
-0.077970117330551,0.16482719033957,0.076081089675426,1
0.081069767475128,0.10992562025785,0.028174266219139,1
-0.24749073386192,-0.023660406470299,-0.016064889729023,1
0.073193907737732,-0.18566421419382,-0.041009828448296,1
-0.036876738071442,0.10758519917727,-0.046232350170612,1
-0.092545986175537,0.18576838821173,0.12978848069906,1
0.0020979046821594,-0.18077642470598,0.085855789482594,1
0.064253449440002,0.066791854798794,0.012133225798607,1
0.047795236110687,-0.20251953601837,0.045170791447163,1
-0.25967597961426,-0.015521645545959,0.092601306736469,1
0.082721650600433,-0.085146654397249,-0.052740700542927,1
-0.028343379497528,0.19806434959173,0.15640533715487,1
-0.15187752246857,0.077105842530727,0.090830691158772,1
-0.083689779043198,-0.090223899111152,0.013940073549747,1
-0.080527544021606,-0.016254909336567,0.012241713702679,1
-0.026321887969971,-0.11144219525158,-0.0061773285269737,1
-0.075803428888321,-0.047613233327866,-0.051529474556446,1
-0.21695476770401,0.096698395907879,0.15379752963781,1
-0.056708663702011,0.032622419297695,0.011587671935558,1
-0.093005478382111,-0.037088990211487,-0.07777114212513,1
0.043841421604156,0.18110450357199,-0.01224235445261,1
-0.23098081350327,0.0080210343003273,-0.077726997435093,1
-0.14124828577042,-0.17610610276461,0.045785658061504,1
-0.1686684191227,0.20170565694571,0.057735405862331,1
0.1749923825264,-0.15283370390534,0.17638055235147,1
-0.09015679359436,0.17311560362577,0.13676341623068,1
0.053017020225525,-0.14378897100687,0.043876819312572,1
0.025114834308624,0.25978674739599,0.012328013777733,1
0.041608273983002,0.093601651489735,-0.017337739467621,1
-0.13447862863541,-0.096411792561412,0.044806756079197,1
0.091540515422821,-0.081904388964176,-0.038128651678562,1
-0.17264038324356,-0.12983662262559,0.078316725790501,1
0.090019285678864,-0.20164697617292,0.18542439490557,1
-0.060519158840179,0.18393688648939,-0.024226233363152,1
-0.084077477455139,0.17592313140631,0.022618092596531,1
-0.14365148544312,0.16850378364325,-0.036395065486431,0
0.017263233661652,-0.2189037129283,0.028362549841404,1
-0.0033628940582275,0.063648127019405,0.0028938204050064,1
-0.2118085026741,0.020011834800243,0.16590555757284,1
0.093707263469696,0.13562058657408,0.030719645321369,1
-0.0637526512146,0.11645915359259,-0.016075409948826,1
-0.083434998989105,0.14348434656858,0.022662468254566,1
-0.20679879188538,-0.059667620807886,-0.037251383066177,1
-0.013682901859283,-0.05191595852375,-0.019254572689533,1
-0.21757799386978,0.013337261974812,0.017331503331661,1
0.053933441638947,-0.065231863409281,0.0071970000863075,1
-0.0085041522979736,-0.23374787718058,0.13127548247576,1
-0.1376641690731,-0.11711425334215,0.077728159725666,1
-0.045403778553009,0.035617910325527,-0.04416049271822,1
-0.036810636520386,0.13027559965849,-0.030591264367104,1
0.017287313938141,-0.15377787128091,0.044050738215446,1
-0.043829679489136,0.036373637616634,-0.038996271789074,1
-0.012783527374268,-0.11459587141871,-0.012319304049015,1
-0.0092231035232544,0.19345735758543,-0.012563429772854,1
0.14680254459381,0.18598451465368,0.19717345386744,1
-0.062620669603348,-0.20170992612839,0.078388310968876,1
0.044449031352997,-0.12192344851792,-0.027116313576698,1
-0.016712486743927,-0.056122273206711,-0.0075711905956268,1
0.061513602733612,0.19938274472952,-0.07561007142067,1
0.058321893215179,-0.093805282842368,-0.010882638394833,1
-0.095692306756973,0.082682006061077,0.046558685600758,1
-0.016278684139252,0.075564004480839,-0.029731765389442,1
0.021509945392609,0.11966056376696,-0.060796216130257,1
0.082391977310181,0.21482583135366,0.20071167498827,1
-0.042212605476379,0.26237439364195,0.011452294886112,1
0.080518782138824,0.13196738809347,0.0184296220541,1
-0.018899857997894,-0.067740265280008,0.0089956969022751,1
-0.0086948275566101,-0.25761809200048,0.028694823384285,1
-0.084740042686462,-0.091786055825651,0.010132543742657,1
-0.021043241024017,0.16767423599958,0.012174353003502,1
0.0066295266151428,-0.10779692884535,-0.055628143250942,1
-0.10142087936401,0.19855787605047,0.031284220516682,1
0.064564287662506,-0.044296946376562,-0.012402914464474,1
0.14274519681931,0.1216978058219,0.030551142990589,1
0.085227191448212,-0.12965279445052,0.021754167973995,1
-0.046627223491669,0.073108859360218,-0.018804274499416,1
0.2032795548439,-0.22371944785118,-0.0074487999081612,1
-0.044385850429535,0.02929001301527,-0.041471756994724,1
-0.108921200037,-0.13847574219108,0.051281742751598,1
-0.11751234531403,-0.13841050863266,-0.0028674826025963,1
-0.056511104106903,0.11331199854612,-0.080503650009632,1
-0.17504864931107,0.12030198425055,0.055424474179745,1
0.068192481994629,0.079260714352131,-0.031939707696438,1
-0.16064813733101,0.002116970717907,0.077367074787617,1
0.19603019952774,0.1957884952426,-0.010447584092617,1
0.18840485811234,-0.17951298505068,-0.068210415542126,1
0.047287166118622,-0.22131752222776,0.1689435467124,1
-0.23239490389824,-0.01847879588604,-0.055092133581638,1
-0.25883638858795,-0.016583472490311,0.039328463375568,1
-0.059704154729843,-0.0015392750501633,-0.039078682661057,1
-0.051663786172867,-0.077930500730872,-0.064238362014294,1
-0.11626571416855,0.0040268078446388,0.0071878805756569,1
4.5716762542725e-05,-0.12314632721245,-0.016175739467144,1
0.04375022649765,-0.16144607588649,-0.024992235004902,1
-0.06701585650444,-0.072906484827399,0.018121294677258,1
-0.068891435861588,-0.020219840109348,-0.0081809386610985,1
-0.079519093036652,-0.084994045086205,-0.025969676673412,1
-0.060374140739441,0.029671631753445,-0.0013767406344414,1
0.031687080860138,-0.19149826467037,-0.011494718492031,1
-0.18456962704659,-0.07106701284647,0.050728864967823,1
-0.028940975666046,0.10596930235624,-0.066464677453041,1
-0.011368334293365,0.089231096208096,-0.032094962894917,1
0.004604697227478,0.14325616508722,0.0068888738751411,1
-0.10502755641937,-0.034319117665291,-0.037479646503925,1
-0.050728589296341,-0.25829654186964,0.043210625648499,1
-0.043005466461182,0.13382565230131,-0.01232947409153,1
0.11256772279739,0.095429159700871,0.016885630786419,1
0.086758732795715,0.14454629272223,-0.025864005088806,1
0.16011869907379,0.19659393280745,0.023895047605038,1
-0.04230934381485,0.068303130567074,-0.042657874524593,1
0.014929533004761,-0.12544094584882,-0.082186847925186,1
0.14136224985123,0.20215740054846,0.0022785887122154,1
0.018362998962402,-0.088474489748478,-0.043407015502453,1
0.069535911083221,-0.095283369533718,-0.036074437201023,1
0.0072872638702393,-0.11683501675725,0.023932836949825,1
0.044973909854889,0.10833359509706,-0.021558232605457,1
-0.18595910072327,-0.049298636615276,-0.070639975368977,1
-0.12859547138214,-0.13511672616005,-0.051359377801418,1
-0.027534902095795,0.24772491306067,0.055860690772533,1
-0.11017966270447,0.19152393192053,-0.027087710797787,0
-0.16711002588272,0.14569637924433,0.050848238170147,1
-0.042829155921936,0.031175188720226,0.0064238086342812,1
-0.044237911701202,-0.032068520784378,0.0078258588910103,1
-0.015446424484253,0.10379613190889,0.011242121458054,1
0.0682532787323,-0.095520963426679,-0.066343076527119,1
0.036655724048615,-0.18289011716843,-0.05504659563303,1
-0.039922595024109,-0.045681528747082,-0.0080871507525444,1
0.0077414512634277,-0.097105727763847,-0.032529920339584,1
0.081928193569183,-0.078028822317719,-0.053653545677662,1
0.056923091411591,0.068987719714642,-0.0030730590224266,1
-0.13652577996254,0.086832009255886,0.051631696522236,1
0.067276835441589,0.19099255651236,0.21475005894899,1
-0.072989970445633,0.047485314309597,-0.03114091604948,1
-0.17774695158005,0.20444997400045,0.0046196803450584,1
-0.02782279253006,-0.19411501288414,0.21610624343157,1
0.1293209195137,0.16655024141073,0.086559422314167,1
-0.20580789446831,-0.081665130332112,0.014968119561672,1
-0.18496671319008,0.028792388737202,0.092643894255161,1
-0.046328723430634,-0.12281751260161,-0.014365218579769,1
-0.1090067923069,-0.056196179240942,-0.067115537822247,1
0.081159949302673,0.11381085962057,-0.010568268597126,1
-0.034594237804413,0.096389465034008,0.016901306807995,1
-0.030435562133789,0.18631812185049,0.080310441553593,1
0.015084385871887,0.1145971044898,0.017863236367702,1
0.01075679063797,0.087439127266407,-0.01555211097002,1
-0.16175600886345,-0.062612604349852,0.036027126014233,1
-0.22022444009781,0.04805775731802,-0.04160962998867,1
-0.14291661977768,0.066362120211124,-0.030248381197453,1
0.040428161621094,0.085936538875103,-0.028158843517303,1
-0.20057928562164,0.16015692800283,0.0056155100464821,1
-0.067720293998718,-0.029523476958275,-0.011183746159077,1
0.057167232036591,-0.11017426941544,-0.057380549609661,1
0.084322988986969,-0.17078540474176,-0.068559072911739,1
0.14155811071396,0.20270075649023,-0.03230058401823,1
0.068583607673645,0.23041399568319,0.15633098036051,1
0.046079456806183,-0.21538466215134,0.042305745184422,1
-0.11085894703865,-0.044538162648678,-0.058002948760986,1
-0.045267224311829,0.17674829810858,0.098757453262806,1
-0.045877933502197,-0.15373787656426,0.06433916836977,1
0.11377060413361,0.15642290562391,0.021404415369034,1
-0.18676322698593,0.19864191859961,0.060965560376644,1
0.12173712253571,0.23297088593245,0.15421006828547,1
-0.013381123542786,0.20758312195539,0.16393608599901,1
-0.14208444952965,-0.18305870890617,-0.042246036231518,1
-0.14693012833595,-0.070963338017464,-0.01895385235548,1
0.087238192558289,-0.21607287228107,-0.051955319941044,1
-0.18061810731888,0.074547506868839,-0.070471212267876,1
0.052579581737518,0.19985347241163,0.2103970721364,1
0.046776592731476,0.097984947264194,0.016191944479942,1
0.072292983531952,-0.097147972323,0.017310164868832,1
-0.067711740732193,-0.0063019692897797,-0.039303995668888,1
0.11975824832916,0.10635364800692,-0.084787033498287,1
-0.056972593069077,-0.18225596100092,-0.014451414346695,1
-0.091022580862045,-0.068505853414536,-0.0079393610358238,1
0.027174651622772,-0.21786219626665,0.0344113484025,1
0.053975999355316,0.22251334041357,0.1658097282052,1
-0.096538424491882,-0.0027625560760498,0.033694438636303,1
-0.17191916704178,-0.038818292319775,0.058156989514828,1
-0.108294069767,0.24861335009336,0.10906738787889,1
-0.14985224604607,-0.10515218134969,-0.036341711878777,1
-0.17052209377289,0.079720251262188,0.11679490655661,1
-0.065798550844193,0.078363232314587,-0.046956546604633,1
0.0084769129753113,-0.25381749123335,0.11978400498629,1
0.0032636523246765,-0.054123401641846,-0.0044472739100456,1
-0.10261631011963,-0.15162905305624,-0.041427098214626,1
-0.13412708044052,-0.24648229032755,0.054142519831657,1
-0.19118455052376,-0.015702873468399,0.084327571094036,1
0.037326514720917,-0.088881416246295,0.0023836195468903,1
0.021295487880707,0.14319602400064,-0.00145473331213,1
0.012584865093231,0.080458573997021,-0.037085525691509,1
0.19300121068954,0.21162443608046,0.029325813055038,1
0.050783514976501,0.23248421400785,0.097492851316929,1
-0.17266052961349,-0.16757373511791,0.10341339558363,1
-0.071999847888947,-0.07980121485889,-0.061889462172985,1
-0.029610216617584,0.074295215308666,-0.018298335373402,1
0.060402274131775,0.085835061967373,-0.015708267688751,1
-0.05061599612236,-0.17262387275696,0.017166502773762,1
-0.14060932397842,-0.007514514029026,0.02056809514761,1
-0.064751178026199,0.0055955573916435,0.00021185725927353,1
0.10375106334686,0.20707406848669,-0.056694701313972,1
0.086526036262512,-0.10107254865579,0.0065409019589424,1
-0.074864029884338,-0.0055165365338326,-0.042229518294334,1
0.095101475715637,0.26873903721571,0.11486708372831,1
-0.17006593942642,0.059136815369129,-0.0051109120249748,1
-0.022091031074524,0.067042134702206,-0.045500062406063,1
-0.07034957408905,0.19517090171576,0.003817193210125,1
0.09505033493042,0.088605128228664,-0.024832278490067,1
0.060338199138641,-0.09798654797487,-0.054270811378956,1
0.18758505582809,0.17453148216009,0.15837981551886,1
-0.058036476373672,-0.13235340639949,0.0047977417707443,1
-0.017066895961761,0.22099675983191,0.14240457862616,1
0.11012953519821,0.097101919353008,0.025827296078205,1
-0.19867101311684,-0.089373306371272,-0.068526856601238,1
-0.083185613155365,-0.20044159889221,-0.0028341561555862,1
-0.023235142230988,-0.17995999008417,-0.029962874948978,1
0.07682877779007,-0.18495066463947,-0.0044112950563431,1
-0.20089662075043,-0.060170911252499,-0.083397798240185,1
-0.073051869869232,-0.10091250453843,0.043875105679035,1
-0.13193941116333,0.064286760985851,-0.056811593472958,1
0.011161386966705,-0.08648575656116,0.015607967972755,1
-0.20271891355515,-0.12373011372983,-0.074813328683376,1
-0.22467505931854,0.060809619724751,0.067605338990688,1
0.18973690271378,-0.21940781921148,-0.063419960439205,1
-0.15518927574158,0.20126365870237,0.056699775159359,1
0.0016225576400757,-0.11722743697464,-0.010671824216843,1
-0.068094551563263,-0.2342384532094,0.15356872230768,1
-0.034033358097076,-0.037729725241661,0.0065393522381783,1
0.038773894309998,0.11031033843756,0.0091603696346283,1
-0.12330770492554,0.1454189941287,0.20805699378252,1
-0.044410049915314,0.048603914678097,0.003160797059536,1
-0.00080782175064087,0.10448705404997,-0.069055043160915,1
0.04846864938736,-0.1506922878325,0.018103942275047,1
-0.19489881396294,0.13166821748018,0.16064020246267,1
0.18243801593781,0.21993770450354,0.1361596211791,1
0.032474339008331,0.22651120275259,0.12036118656397,1
0.0037369132041931,-0.083687786012888,-0.020495608448982,1
0.016830742359161,-0.2012150734663,-0.071733258664608,1
0.088873863220215,0.11570646613836,-0.080058090388775,1
-0.034490942955017,-0.11836968176067,-0.0059986338019371,1
-0.031530439853668,-0.05596149712801,-0.037654273211956,1
-0.017721951007843,-0.031214244663715,0.0047411099076271,1
-0.19567233324051,0.018930219113827,-0.064692720770836,1
-0.12693580985069,0.20089866966009,-0.057543806731701,0
-0.030286490917206,0.090498559176922,0.025096513330936,1
-0.10382702946663,-0.14047968760133,0.052252493798733,1
-0.13468676805496,-0.13935805484653,-0.0076351091265678,1
0.0066224336624146,0.21101620048285,-0.016085341572762,1
-0.038670241832733,-0.018040053546429,-0.0196867659688,1
0.030709445476532,-0.2258287742734,0.12090087682009,1
-0.077711790800095,-0.24218466132879,0.13302887231112,1
-0.055396318435669,0.017407223582268,-0.025624446570873,1
-0.04356586933136,-0.085033484734595,-0.043138563632965,1
0.034606337547302,0.11207101494074,-0.027560494840145,1
-0.12135201692581,0.20518320053816,0.0094558671116829,1
-0.068330734968185,-0.19846434146166,-0.065940797328949,1
0.082042932510376,-0.26987255364656,-0.036899000406265,1
-0.15673077106476,-0.057719957083464,-0.041381746530533,1
0.14166325330734,-0.25184781104326,-0.045293815433979,1
-0.063149005174637,0.010711453855038,-0.021359004080296,1
-0.014656484127045,0.19405391067266,0.21652085334063,1
0.12161582708359,-0.15211212262511,-0.0086532905697823,1
-0.059112101793289,0.24624558538198,0.06220019608736,1
-0.1967251598835,0.12625212222338,0.13857347518206,1
-0.086563497781754,0.20427974313498,-0.030007921159267,0
-0.19420886039734,0.15946691483259,0.071709863841534,1
-0.19839984178543,0.13604576140642,-0.05829019099474,1
0.023952662944794,0.25364299863577,0.0020812973380089,1
-0.15510493516922,0.19431295245886,0.040032275021076,1
-0.14795476198196,-0.11285619530827,0.084345646202564,1
-0.1823236644268,0.096405677497387,0.040553204715252,1
-0.13063213229179,0.073725439608097,-0.065206743776798,1
0.0087524056434631,-0.19645894318819,0.097360037267208,1
-0.014090776443481,0.15486439317465,0.016256548464298,1
0.033459782600403,0.17104905098677,0.019458569586277,1
-0.026906251907349,-0.025628179311752,0.0045005157589912,1
0.067689657211304,-0.04514241963625,-0.002457894384861,1
-0.096213281154633,0.25178255885839,-0.019503146409988,0
0.043099224567413,-0.084743663668633,-0.026539281010628,1
0.053636431694031,0.1387557014823,-0.076984651386738,1
0.056909501552582,-0.07460474781692,0.015646427869797,1
-0.1785908639431,-0.048792526125908,0.18489702790976,1
-0.059030383825302,-0.20529078692198,0.088451988995075,1
-0.19820913672447,-0.03798883408308,-0.024931013584137,1
-0.10277032852173,0.17295213788748,0.0037379190325737,1
-0.16099154949188,-0.1772166788578,0.062085904181004,1
-0.00041526556015015,-0.17096640169621,0.039728827774525,1
0.025543689727783,-0.1776235923171,-0.028569459915161,1
0.15224289894104,0.12910430878401,0.064766101539135,1
0.15496331453323,0.14017022401094,-0.059946186840534,1
-0.024841606616974,-0.15283259376884,-0.083546448498964,1
0.10582393407822,0.23123552650213,-0.079423852264881,1
-0.14610952138901,0.12594836205244,0.18498869985342,1
0.0011165142059326,-0.20827504247427,0.05523619800806,1
-0.026596188545227,0.070194445550442,-0.016594134271145,1
-0.07318502664566,0.16446199268103,0.053905569016933,1
-0.16695669293404,-0.17514350265265,-0.081447683274746,1
0.16783493757248,0.23103066533804,0.02185133099556,1
-0.08063280582428,-0.20199643820524,-0.070671282708645,1
0.092606008052826,-0.093171528540552,-0.025325782597065,1
-0.0026155710220337,0.061211131513119,-0.022663556039333,1
-0.0653156042099,-0.23162431269884,0.10026565939188,1
-0.029306828975677,-0.14758541062474,0.032553918659687,1
0.060752213001251,-0.16316307336092,0.043978653848171,1
-0.17163699865341,0.13967046886683,0.069220282137394,1
0.024138152599335,0.24547069519758,-0.0032533705234528,1
-0.080285400152206,0.23524834960699,0.067886166274548,1
-0.10090208053589,0.10769668966532,0.059249125421047,1
-0.085800766944885,-0.18070398271084,0.03016410022974,1
-0.014700889587402,-0.23451764136553,0.18269590288401,1
-0.1384953558445,0.013786949217319,-0.05974967032671,1
-0.18576917052269,-0.037885926663876,-0.013753958046436,1
-0.010935306549072,0.22220470756292,0.13745298236609,1
0.042530834674835,-0.26443944126368,0.0050650611519814,1
-0.1260994374752,0.13079931586981,0.1994706466794,1
0.063287317752838,-0.19418551772833,0.072831727564335,1
-0.0030814409255981,0.14492210000753,-0.0082754120230675,1
-0.073887199163437,-0.054853565990925,-0.061895921826363,1
0.077648401260376,-0.13743636384606,-0.0019602403044701,1
0.18591326475143,-0.17866878956556,0.14597897976637,1
-0.1826947927475,0.0053173378109932,-0.035759769380093,1
-0.034916043281555,-0.043497249484062,0.0094605907797813,1
0.081408202648163,-0.10215184418485,-0.017703831195831,1
-0.20519575476646,0.074962429702282,0.061590544879436,1
0.044773161411285,-0.19204694777727,0.053546994924545,1
-0.069192886352539,0.0086706727743149,-0.013899631798267,1
-0.04950624704361,-0.1168325226754,-0.089052863419056,1
-0.099413484334946,-0.036482594907284,-0.055487558245659,1
0.096621751785278,-0.084464293904603,0.0056894794106483,1
-0.1645565032959,0.086625687777996,0.016975231468678,1
0.11132353544235,-0.12718199193478,0.027801640331745,1
0.043654322624207,-0.062269303947687,-0.017374917864799,1
0.16642081737518,0.14908122271299,0.070496447384357,1
-0.082278609275818,0.02359813451767,-0.035189412534237,1
-0.21421927213669,-0.034660123288631,0.061443589627743,1
-0.047225892543793,-0.22136270999908,-0.018304534256458,1
0.06998211145401,-0.23905868083239,-0.051896184682846,1
0.13794904947281,-0.19729105383158,0.15814415365458,1
0.051573216915131,-0.21013491600752,-0.052821539342403,1
0.056399047374725,0.21779432147741,0.15894461423159,1
-0.19834765791893,-0.10160323511809,-0.029075339436531,1
0.095279514789581,-0.095142834354192,-0.036080621182919,1
-0.0052034854888916,0.064149357378483,-0.015006460249424,1
-0.18897920846939,0.073900707066059,0.079043962061405,1
-0.22541037201881,0.076034925878048,-0.055602855980396,1
-0.029403686523438,-0.20088360458612,0.097870267927647,1
-0.074122279882431,-0.067943140864372,-0.04797587543726,1
-0.012372970581055,0.17530011385679,0.030083023011684,1
-0.038376569747925,0.032392956316471,-0.0070666447281837,1
-0.091096818447113,0.055073656141758,0.025123409926891,1
-0.050668656826019,0.0031210109591484,-0.018618188798428,1
0.15993785858154,0.19309907406569,0.18352726846933,1
-0.20123568177223,-0.057442840188742,0.14079942554235,1
-0.11418518424034,0.16859128326178,0.11403013020754,1
-0.2391409277916,-0.084776148200035,0.098840035498142,1
-0.18703997135162,0.023090556263924,-0.063378386199474,1
-0.02585107088089,0.064826168119907,0.010216422379017,1
0.029098689556122,0.25378652662039,0.00069890171289444,1
0.013415098190308,0.18228643387556,0.03211310505867,1
-0.075966060161591,-0.1198305208236,-0.067779846489429,1
0.056398868560791,0.1340794339776,-0.033078752458096,1
0.01328456401825,0.093042708933353,-0.01981183886528,1
-0.15890923142433,-0.10415366245434,0.19657812267542,1
-0.17585304379463,0.17395289987326,-0.066526852548122,1
-0.081443041563034,0.014732770621777,0.01659744232893,1
0.1961652636528,0.22078847140074,0.027183815836906,1
0.021136462688446,-0.15471908077598,-0.021636679768562,1
-0.087700933218002,0.11995481699705,0.024592660367489,1
-0.19676202535629,0.090936325490475,0.035290874540806,1
-0.083829373121262,0.15795250982046,-0.075589798390865,0
0.05233359336853,-0.13837767764926,0.033040963113308,1
-0.05239874124527,0.025777719914913,-0.0025549903512001,1
0.17389613389969,0.21496035903692,0.0035011097788811,1
0.16066229343414,0.21646576374769,0.031435497105122,1
0.17061120271683,0.2103373631835,0.091567791998386,1
-0.11151930689812,-0.16348841041327,-0.023834489285946,1
-0.15365862846375,0.016450181603432,0.030786104500294,1
-0.048296272754669,0.0099494755268097,-0.028029665350914,1
0.11235857009888,0.094461746513844,-0.019069336354733,1
-0.19373440742493,-0.013796374201775,-0.019661195576191,1
-0.098593264818192,0.14357800036669,0.040705926716328,1
0.035731256008148,-0.22762074321508,0.19354642182589,1
0.11832159757614,-0.099437521654181,0.025246523320675,1
-0.013491213321686,0.053682304918766,0.002717487514019,1
0.17240458726883,-0.1942600980401,0.062054954469204,1
-0.039590418338776,0.063217468559742,-0.026289083063602,1
-0.17867305874825,-0.18039836734533,0.11024979501963,1
-0.023120582103729,0.12797305732965,0.038012854754925,1
0.086817979812622,-0.16845192760229,-0.001364454627037,1
-0.11304700374603,-0.19233319908381,-0.04593525826931,1
0.18662881851196,0.1749090179801,-0.042622335255146,1
0.06427413225174,0.093766756355762,0.025271601974964,1
-0.061108410358429,0.062262706458569,-0.039128415286541,1
0.10223543643951,-0.13429626077414,-0.028213262557983,1
-0.13317596912384,0.052800305187702,-0.054246552288532,1
-0.13066926598549,-0.12288662791252,0.042840667068958,1
0.010916531085968,-0.18062050640583,-0.016875214874744,1
0.080399692058563,-0.1107922187075,-0.027921065688133,1
-0.20673716068268,-0.14790298044682,0.12123797088861,1
0.020759642124176,0.10448458045721,-0.066665425896645,1
0.051021158695221,-0.14897388592362,-0.027483552694321,1
0.0096278190612793,-0.24677682667971,0.0084965005517006,1
-0.16354537010193,0.13384742289782,-0.021032355725765,1
-0.11593997478485,0.2160632237792,0.071273498237133,1
-0.22248908877373,0.0072513520717621,-0.073943987488747,1
-0.10518723726273,-0.15698907524347,-0.065072104334831,1
0.098811984062195,-0.20545606315136,0.0052431598305702,1
-0.095304667949677,0.10580208152533,0.010540746152401,1
0.061225354671478,0.07998576015234,-0.0027124956250191,1
-0.16565844416618,-0.14748138189316,0.062616907060146,1
-0.074635714292526,-0.20883263647556,-0.049290016293526,1
-0.076579362154007,-0.17272341251373,0.12879327684641,1
-0.072447180747986,0.066743828356266,-0.00022564083337784,1
0.088614821434021,0.12431637197733,-0.025084108114243,1
-0.14287543296814,-0.051561407744884,0.045452229678631,1
-0.055031448602676,-0.185875877738,0.11341784149408,1
0.14759719371796,-0.1308538466692,-0.040587909519672,1
0.14400380849838,0.14145237952471,-0.071013294160366,1
0.013238787651062,-0.21056665480137,-0.029454752802849,1
-0.059383690357208,0.017240844666958,0.0096906051039696,1
0.13362914323807,0.19619362801313,0.064962655305862,1
-0.076404213905334,0.0475929453969,-0.030091911554337,1
-0.020817756652832,0.1676107570529,-0.062766931951046,1
0.12066620588303,-0.14068403467536,0.048276446759701,1
-0.12899070978165,0.16043653339148,0.068600989878178,1
-0.022850453853607,-0.27770075947046,0.083042241632938,1
-0.087663173675537,0.03192787617445,0.0046350881457329,1
-0.10727268457413,-0.15893410146236,0.007732667028904,1
-0.089091509580612,-0.1880342066288,0.13878700882196,1
-0.087526738643646,0.16370638459921,0.050097487866879,1
-0.021022081375122,0.034727774560452,0.00093469768762589,1
-0.22399163246155,0.10436721891165,-0.052639521658421,1
-0.00074398517608643,0.1373880431056,-0.034061871469021,1
-0.18517357110977,-0.19550984352827,0.0068296268582344,1
-0.03931188583374,0.18946941941977,-0.074935212731361,1
0.10650628805161,-0.14854425936937,-0.082142077386379,1
-0.03041535615921,0.073684193193913,-0.029040895402431,1
-0.16613310575485,0.1196439191699,0.13998024910688,1
-0.16569197177887,0.037559993565083,-0.055332727730274,1
-0.20002225041389,-0.13118335418403,0.12588077038527,1
-0.099491596221924,0.024839781224728,-0.037637919187546,1
-0.0029686093330383,-0.18145123124123,0.079083226621151,1
-0.12259903550148,-0.083976494148374,0.022336222231388,1
-0.081785589456558,-0.071346567943692,-0.027954779565334,1
-0.065358698368073,-0.23774675279856,0.017241664230824,1
-0.13802680373192,-0.12599078938365,0.11309535056353,1
-0.12557771801949,0.24267771095037,0.061552815139294,1
-0.16803258657455,0.10483001917601,0.099807165563107,1
-0.043691456317902,-0.026505410671234,0.004986397922039,1
-0.043002665042877,-0.053217444568872,-0.0048893913626671,1
-0.21974793076515,-0.14312073215842,-0.03696309030056,1
0.049000918865204,-0.15910625457764,0.00046815723180771,1
-0.17267680168152,0.091853298246861,0.080483950674534,1
0.095524966716766,0.24539517611265,0.094671256840229,1
-0.024819910526276,0.01752233505249,0.0043039247393608,1
-0.14300638437271,-0.087289772927761,-0.0019019022583961,1
-0.14974129199982,0.080683089792728,-0.050579704344273,1
-0.059793889522552,0.14911868423223,-0.039431110024452,1
-0.0088751912117004,-0.21016969531775,-0.094579011201859,1
-0.050811290740967,-0.084725826978683,-0.070432461798191,1
-0.03343790769577,-0.10251275263727,0.0168197453022,1
-0.012016713619232,-0.20589274168015,-0.063736118376255,1
-0.0066855549812317,-0.12914497405291,-0.022651351988316,1
-0.18433478474617,-0.018489316105843,0.038592480123043,1
0.004500687122345,0.081263639032841,-0.028641641139984,1
-0.14982202649117,-0.1987249776721,0.1411135867238,1
0.063729703426361,0.10578318685293,0.0014358386397362,1
-0.051556825637817,-0.0045538023114204,-0.037756346166134,1
-0.17482495307922,-0.06347119063139,0.092635326087475,1
-0.098089069128036,0.12153644114733,-0.031449548900127,1
-0.061582714319229,-0.22767526656389,0.012236662209034,1
0.090810239315033,-0.24363962560892,0.037374384701252,1
-0.1363245844841,0.099136658012867,0.10150990635157,1
-0.18679770827293,-0.070224976167083,-0.04711876064539,1
-0.22068965435028,-0.017610289156437,-0.027711190283298,1
-0.19971987605095,-0.064737759530544,0.18618277460337,1
-0.10851490497589,0.21922113746405,-0.053283058106899,0
-0.07112792134285,-0.23274940997362,0.021185599267483,1
-0.00780189037323,-0.064859874546528,-0.0084749236702919,1
0.10027897357941,0.18509750813246,0.097001649439335,1
-0.16652649641037,-0.0036928057670593,-0.079416900873184,1
0.010708153247833,-0.056339081376791,0.0039243474602699,1
-0.07124188542366,-0.048392537981272,0.021294824779034,1
-0.16738951206207,-0.024721533060074,0.043512113392353,1
-0.16045159101486,-0.064533844590187,-0.069032661616802,1
-0.072238475084305,0.0081189274787903,-0.0081067755818367,1
-0.077036947011948,-0.0054115951061249,-0.0032653585076332,1
0.024384617805481,0.084308259189129,-0.0015446990728378,1
-0.096081137657166,0.023015551269054,-0.0023622587323189,1
0.072777390480042,0.092975817620754,-0.0015190094709396,1
-0.076538562774658,-0.2607824280858,0.10176963359118,1
-0.027473032474518,0.024111621081829,0.005167655646801,1
-0.044173538684845,0.031068377196789,-0.026819594204426,1
0.096711218357086,0.21832018345594,-0.016386441886425,1
-0.044962882995605,-0.17535746842623,-0.076210029423237,1
0.16974329948425,-0.17980206012726,0.11047185212374,1
-0.18678557872772,-0.066515929996967,0.18316098302603,1
0.066729187965393,0.13852719217539,-0.028746552765369,1
-0.003547728061676,0.23233564943075,-0.063552565872669,1
-0.021613001823425,0.079238556325436,-0.01306314766407,1
-0.2279686331749,0.10126788169146,-0.031182385981083,1
-0.17743024230003,0.084961138665676,-0.066734857857227,1
0.0043235421180725,0.19965945929289,0.12261242419481,1
0.005045473575592,-0.22786668688059,0.0051828622817993,1
-0.040272772312164,0.066512070596218,-0.049763642251492,1
0.05404144525528,-0.15419187024236,-0.007086955010891,1
0.078602969646454,0.074562139809132,0.018380880355835,1
0.011408269405365,-0.090714457444847,-0.043703123927116,1
0.17611837387085,0.25202061980963,0.042405560612679,1
-0.011492311954498,0.17425229400396,-0.0096205547451973,1
-0.070429116487503,0.19469489902258,0.011774890124798,1
-0.20966535806656,0.049012891948223,-0.032327212393284,1
-0.0635025203228,-0.11453804187477,-0.045000925660133,1
-0.184062063694,-0.037674129009247,-0.02349866181612,1
-0.097845911979675,0.10113745182753,-0.0058940872550011,1
-0.10831096768379,0.2017827257514,-0.017784617841244,0
0.093886196613312,0.26753445714712,0.11064199358225,1
0.0002213716506958,-0.19547180831432,-0.037312917411327,1
-0.16877269744873,-0.10668265679851,-0.0030698552727699,1
0.00044733285903931,-0.14828804135323,0.049437940120697,1
-0.13991597294807,-0.17339792102575,-0.030360423028469,1
-0.12466761469841,-0.18448836356401,-0.0052781254053116,1
-0.08210352063179,-0.27029395848513,0.038842499256134,1
0.1477860212326,0.24063410609961,-0.014390960335732,1
-0.19594696164131,0.16629236191511,0.084048442542553,1
0.11306685209274,-0.18769834190607,0.037536732852459,1
-0.0094456076622009,-0.091644811443985,-0.038005530834198,1
0.092299580574036,0.10732891410589,0.022990219295025,1
0.056035041809082,0.0437868013978,0.0032846555113792,1
0.060657203197479,-0.12960545346141,-0.041079439222813,1
0.11881673336029,0.23097389191389,0.12175876647234,1
0.039657533168793,-0.25593931227922,-0.086814150214195,1
0.018098652362823,-0.2184352055192,-0.033303461968899,1
0.018142759799957,-0.20098407566547,0.11412336677313,1
0.056318998336792,0.10396596044302,0.025842323899269,1
0.20281946659088,0.20946194976568,0.079400606453419,1
-0.10583919286728,-0.13052798621356,0.08398624509573,1
-0.017380595207214,-0.28216881304979,0.091151066124439,1
-0.097622156143188,0.13773491233587,0.0042231753468513,1
-0.020741760730743,-0.082776667550206,0.018407039344311,1
0.044755935668945,-0.23803756386042,0.15510643273592,1
-0.11119225621223,0.043657772243023,0.012653209269047,1
-0.024605095386505,-0.094500076491386,0.0051470026373863,1
0.043448507785797,-0.13963745161891,0.032871939241886,1
0.041498243808746,0.1778923496604,0.060347445309162,1
-0.053362041711807,-0.022878527641296,0.007500909268856,1
-0.04472678899765,-0.039451640099287,0.0094002261757851,1
0.076899588108063,-0.075395250692964,0.00466338545084,1
0.1134267449379,0.13303913921118,-0.068440780043602,1
0.016364097595215,-0.075977012515068,-0.001786045730114,1
-0.032095432281494,0.082099474966526,0.00019336491823196,1
0.048344194889069,-0.10136069334112,-0.014667175710201,1
0.183917760849,0.18147569149733,0.076983697712421,1
-0.18875974416733,0.039013735949993,-0.084864098578691,1
0.04816210269928,0.24456458538771,0.086665563285351,1
-0.040652751922607,0.09771952778101,-0.052117921411991,1
0.069976627826691,-0.05611177533865,0.0066001787781715,1
-0.18785893917084,0.15099620074034,-0.051383666694164,1
-0.020782828330994,0.18072687834501,-0.032449506223202,1
0.059957206249237,0.15111561864614,0.040189914405346,1
-0.098852872848511,-0.16180353984237,0.061479203402996,1
-0.11465674638748,-0.0013198554515839,-0.07007197290659,1
0.060560762882233,-0.27301012724638,0.082636274397373,1
-0.033675670623779,-0.024397030472755,0.0036299452185631,1
-0.19903367757797,0.05081420391798,-0.0048552080988884,1
0.032946944236755,0.15373256057501,-0.037414856255054,1
0.037730157375336,-0.08711508475244,-0.017238028347492,1
0.10863214731216,-0.18805230408907,0.015448287129402,1
-0.19427901506424,0.15117379277945,0.095160521566868,1
0.069537281990051,0.14166288822889,-0.075335331261158,1
-0.070606052875519,0.17513778060675,0.050942085683346,1
-0.04717880487442,-0.20332721620798,0.083931379020214,1
0.07586795091629,-0.24747387319803,0.059234328567982,1
-0.010089695453644,-0.086369277909398,-0.037497818470001,1
-0.15171810984612,0.015217706561089,-0.031184397637844,1
0.036230146884918,-0.091040581464767,-0.014561869204044,1
-0.10581550002098,-0.07792741060257,-0.066817410290241,1
-0.25105619430542,0.023344442248344,0.024439804255962,1
-0.12135502696037,-0.054227944463491,0.024490632116795,1
-0.26128298044205,0.028246007859707,0.039904870092869,1
-0.098247081041336,-0.10060372948647,0.053746409714222,1
-0.14181193709373,0.12729094177485,0.16161664575338,1
0.13424396514893,0.21570935100317,-0.031612515449524,1
-0.039540827274323,-0.065065044909716,-0.026714541018009,1
-0.039346158504486,-0.0036468207836151,0.0020854100584984,1
-0.13140761852264,0.13913355022669,0.044263981282711,1
-0.11820498108864,-0.094018722884357,0.022615529596806,1
-0.046124339103699,0.17365004867315,0.081188298761845,1
0.032855749130249,-0.14275443553925,-0.076496884226799,1
0.10758483409882,-0.1419506072998,-0.061037592589855,1
-0.11939641833305,-0.23073483258486,0.051814399659634,1
-0.13911801576614,-0.014245934784412,0.029795400798321,1
0.053690791130066,0.063760988414288,-0.0030947253108025,1
0.0681072473526,0.08990203589201,0.01639773696661,1
0.15540140867233,-0.21711636334658,0.16596790403128,1
-0.14741933345795,-0.021846503019333,0.026377268135548,1
-0.21070873737335,0.012241259217262,0.13070722669363,1
-0.0033556818962097,0.15344323962927,0.015867047011852,1
-0.18697422742844,-0.065101996064186,0.16352548450232,1
-0.20018154382706,0.024953730404377,0.064476735889912,1
-0.14510607719421,0.1560582742095,0.11321154981852,1
-0.17791053652763,0.1732430383563,0.086570717394352,1
0.10878843069077,-0.15394132211804,0.0083552002906799,1
0.14095044136047,0.24343501776457,-0.0085751637816429,1
-0.091122984886169,-0.04670463129878,-0.019228018820286,1
-0.016311824321747,-0.11608678847551,0.025782652199268,1
0.16174799203873,-0.17597184330225,0.13373277336359,1
-0.081558555364609,-0.26460000127554,0.03589128702879,1
0.068738400936127,-0.062176566570997,-0.033307366073132,1
0.049430727958679,0.059916920959949,0.0025590434670448,1
-0.20257371664047,0.14518310874701,-0.069817803800106,1
-0.0082219243049622,-0.054548159241676,-0.010305218398571,1
-0.21275490522385,0.15855302661657,0.026533015072346,1
0.086322724819183,0.22869517654181,0.11985749751329,1
-0.060654938220978,0.18561901897192,0.055843010544777,1
-0.02415269613266,0.26944717019796,0.034050494432449,1
0.11773127317429,0.098572514951229,-0.027652017772198,1
0.15090972185135,0.17542888969183,-0.064606808125973,1
-0.16064921021461,0.057980589568615,-0.048510730266571,1
-0.060170918703079,0.16492905467749,-0.050722420215607,1
-0.031425058841705,-0.072007123380899,0.0095485746860504,1
0.075277030467987,-0.19482710957527,0.076964683830738,1
0.14147788286209,-0.19946228712797,0.18240905553102,1
-0.11766770482063,0.10785467177629,-0.019228883087635,1
0.055788576602936,-0.093725165817887,-0.059478744864464,1
0.032933831214905,0.28378625959158,0.020821951329708,1
0.031578838825226,-0.13491848111153,0.011486522853374,1
-0.17323151230812,-0.16869411617517,0.032514952123165,1
0.071582436561584,0.28958519548178,0.0085659548640251,1
-0.2364145219326,-0.0037840157747269,-0.00026287883520126,1
0.0025885105133057,-0.23029313236475,0.085983283817768,1
-0.01744943857193,-0.23207653313875,0.18305572122335,1
-0.12186846137047,0.2070372030139,0.07494393736124,1
0.005296528339386,0.26697131246328,0.12898267060518,1
-0.082341641187668,-0.080198708921671,-0.01067503541708,1
0.20260030031204,0.23575808852911,0.044494032859802,1
-0.19864150881767,-0.06109282001853,0.06214315444231,1
-0.068254679441452,0.017770282924175,-0.0092675313353539,1
-0.014821171760559,-0.074922988191247,0.0031600147485733,1
-0.1513466835022,0.12194108217955,0.11699549108744,1
-0.0087411403656006,0.12471541017294,-0.0379973128438,1
-0.044306457042694,-0.053080316632986,0.0015194341540337,1
-0.12028443813324,-0.044681813567877,-0.0083887204527855,1
0.078260123729706,0.055569536983967,-0.03820376843214,1
-0.059207707643509,-0.19651531428099,-0.02383578568697,1
-0.10753861069679,-0.024454869329929,0.004355825483799,1
-0.09713226556778,-0.19264487177134,-0.016439899802208,1
-0.22180017828941,-0.061244208365679,0.10602319985628,1
0.062426626682281,-0.2117872312665,0.15595749765635,1
-0.12503093481064,0.19603049010038,-0.058576695621014,0
-0.016586005687714,-0.12986167520285,-0.027730613946915,1
-0.085138469934464,-0.063373200595379,-0.014359064400196,1
0.054446876049042,-0.21766278892756,-0.040413282811642,1
0.13774091005325,-0.11646674014628,0.056996397674084,1
0.0027291178703308,0.086930505931377,-0.028086960315704,1
0.017069816589355,0.11537455767393,-0.011603839695454,1
0.030999302864075,0.23426245898008,0.057870253920555,1
-0.13441416621208,0.2146560177207,0.1195181235671,1
-0.1306186914444,0.10693081468344,0.012247510254383,1
0.090802669525146,-0.10055157775059,-0.020901165902615,1
0.06926691532135,-0.22459307312965,-0.014552652835846,1
-0.042311549186707,-0.18224984407425,-0.0044878795742989,1
-0.014118134975433,0.24549018591642,-0.022429428994656,1
-0.094235181808472,0.12428792566061,-0.099022261798382,1
0.071138322353363,-0.088916444219649,0.0062729567289352,1
-0.085795700550079,0.074746556580067,-0.010102905333042,1
0.093656778335571,-0.10857210773975,0.022996343672276,1
-0.046762526035309,0.013136640191078,-0.028312020003796,1
-0.0049102306365967,-0.24417654424906,0.13687746971846,1
0.019449651241302,0.054193370044231,0.0010863468050957,1
-0.058798938989639,0.20446225255728,0.001225471496582,1
0.12274724245071,-0.14605915546417,0.051187597215176,1
0.076184451580048,0.10767241567373,-0.070661909878254,1
0.066233694553375,0.1071702465415,-0.015559278428555,1
0.056819021701813,0.076813541352749,0.018794246017933,1
0.15606981515884,0.1517553254962,-0.074551716446877,1
-0.082960188388824,0.068983234465122,0.027055718004704,1
0.084733724594116,0.20801045745611,0.20132387429476,1
-0.10529419779778,-0.21267578005791,-0.027694955468178,1
-0.06037512421608,0.032832853496075,-0.021123491227627,1
0.11264806985855,-0.13215870037675,-0.016893245279789,1
0.089218080043793,0.10790761560202,-0.012131430208683,1
0.057759821414948,-0.098859086516313,0.0083325579762459,1
0.0011598467826843,-0.15038010850549,-0.03971304744482,1
0.12776041030884,0.27106099575758,0.08208516985178,1
0.13134783506393,-0.17823741585016,0.045818366110325,1
0.041796743869781,0.21033381670713,0.079530887305737,1
-0.17815718054771,0.095825783908367,-0.050518736243248,1
-0.084183514118195,0.024034425616264,0.017478473484516,1
0.002305805683136,-0.15215946733952,0.0099969729781151,1
0.045928299427032,-0.12852706946433,-0.061875715851784,1
-0.00042611360549927,-0.049262166023254,0.0022332966327667,1
-0.13034677505493,-0.029855832457542,-0.037609823048115,1
-0.079416900873184,-0.0046273171901703,0.012167923152447,1
-0.091260343790054,-0.11682073771954,-0.097120620310307,1
-0.020786106586456,-0.071326239034534,-0.04909835010767,1
-0.069889843463898,-0.093773155007511,-0.036083273589611,1
0.17646020650864,-0.23200949281454,0.097840629518032,1
-0.1052243411541,0.1736403927207,-0.028543017804623,1
-0.072394728660583,0.072105892002583,-0.040380112826824,1
0.041569292545319,-0.21982976049185,-0.094692647457123,1
-0.21046587824821,0.0021759644150734,0.10036531835794,1
0.08661812543869,-0.21914490312338,0.094270952045918,1
-0.12278056144714,0.087196446955204,-0.078625328838825,1
-0.17833524942398,0.11217125505209,-0.026071563363075,1
0.11430555582047,-0.23656485229731,0.04654698073864,1
-0.039541721343994,0.11272037774324,-0.012732341885567,1
-0.031524121761322,-0.066572908312082,0.0046270862221718,1
0.0033040046691895,-0.25588459521532,0.11648348718882,1
-0.075019180774689,-0.21403083205223,0.18716347962618,1
-0.04706734418869,0.045477084815502,-0.034160055220127,1
-0.048453986644745,0.092658989131451,-5.272775888443e-05,1
0.11627334356308,0.26186054199934,-0.010719820857048,1
0.090279638767242,-0.15138372778893,0.065483666956425,1
-0.17904305458069,-0.069167632609606,0.0020684972405434,1
0.064140737056732,-0.078186053782701,-0.034853108227253,1
0.083449959754944,0.24286415427923,-0.046942196786404,1
-0.11951315402985,-0.0095246359705925,-0.046523787081242,1
-0.17355632781982,0.16605197638273,0.042274259030819,1
-0.14288863539696,-0.10692953923717,0.094191618263721,1
0.20390266180038,0.18539666384459,0.14057672768831,1
0.085753917694092,-0.12650866992772,-0.016707316040993,1
0.078532755374908,0.10192566365004,0.029040925204754,1
-0.11593556404114,0.058948956429958,-0.0877371057868,1
-0.14724123477936,-0.031178280711174,-0.075548104941845,1
-0.09139958024025,-0.17811427265406,0.0086281448602676,1
-0.25990489125252,-0.062356751412153,0.045612938702106,1
-0.078938752412796,0.133514739573,-0.010435648262501,1
-0.073039263486862,-0.23515362292528,-0.017305992543697,1
0.011554539203644,0.19930361956358,0.0063392147421837,1
-0.086438328027725,-0.053723704069853,-0.048385828733444,1
-0.0076172947883606,0.080765210092068,-0.012982599437237,1
-0.1584125161171,0.16593002527952,-0.076376520097256,1
-0.097613394260406,0.084333948791027,0.016029588878155,1
0.11454504728317,-0.20088675618172,0.070976532995701,1
-0.083620578050613,0.2130970582366,-0.02751162648201,0
0.00089287757873535,0.18103864043951,0.088186033070087,1
-0.015960574150085,0.26473128050566,0.035082764923573,1
-0.16559153795242,-0.13055019266903,-0.054642833769321,1
-0.0014610886573792,-0.12819440662861,-0.0026103928685188,1
-0.15508902072906,0.16030629724264,-0.019144661724567,1
0.13644880056381,0.22775649279356,-0.040871880948544,1
0.0015556216239929,-0.22708312422037,0.079708181321621,1
-0.071877390146255,-0.063963480293751,-0.019366465508938,1
-0.06852799654007,-0.10207734303549,0.038184203207493,1
-0.11428564786911,-0.19358216226101,0.039663724601269,1
-0.14410144090652,0.14021148532629,0.019196920096874,1
-0.19289767742157,0.025893799960613,-0.057920195162296,1
0.039147436618805,-0.12065585888922,0.0058766975998878,1
0.017958700656891,-0.073801644146442,-0.0028921589255333,1
-0.037676513195038,-0.031278125941753,-0.0075692757964134,1
0.1308525800705,-0.15863313153386,0.054915569722652,1
0.064522504806519,0.1040320917964,-0.0015377551317215,1
-0.080855935811996,-0.11278431862593,-0.051358439028263,1
-0.060954123735428,0.23014482110739,-0.0013058111071587,1
-0.12321588397026,-0.028605967760086,-0.041169628500938,1
0.032036006450653,-0.11571108363569,-0.012030832469463,1
0.0098185539245605,0.21075179427862,0.18488515168428,1
-0.1368864774704,-0.059051178395748,0.0060689970850945,1
0.04521119594574,0.22482603043318,-0.069590531289577,1
-0.18999695777893,0.12823151797056,0.055179707705975,1
-0.031092286109924,-0.07970855012536,-0.015270359814167,1
-0.039953768253326,0.21157278865576,0.18443707376719,1
0.039423286914825,-0.10913410503417,-0.0016925185918808,1
0.11055159568787,0.17018338292837,0.052754133939743,1
0.19624888896942,-0.2180714905262,0.027559913694859,1
-0.010086834430695,0.063206247985363,-0.0016936287283897,1
-0.10037952661514,-0.16900582611561,0.20424754172564,1
-0.2457400560379,-0.070731835439801,-0.037116147577763,1
-0.054699152708054,-0.17853114008904,0.086825273931026,1
0.034230291843414,-0.054965533316135,0.0012196376919746,1
-0.17521834373474,0.040458701550961,0.0047012940049171,1
-0.080649495124817,-0.084628386422992,-0.041199959814548,1
0.098751366138458,0.19746663421392,0.11139500886202,1
-0.0050004124641418,-0.053318586200476,-0.013141065835953,1
0.021145880222321,-0.19990078359842,0.046772100031376,1
-0.024323165416718,-0.29110165685415,0.010735362768173,1
0.081524431705475,-0.10039935668465,-0.025279767811298,1
0.10696506500244,-0.22707522660494,-0.031905137002468,1
-0.042566239833832,-0.043907184153795,0.012087188661098,1
0.11972945928574,-0.11261309124529,-0.034498102962971,1
0.056091129779816,0.14461977034807,0.050029247999191,1
0.036632359027863,0.27342172712088,0.037514008581638,1
-0.051729023456573,-0.12619099952281,0.032717250287533,1
-0.065213292837143,-0.18488027900457,0.13665438443422,1
0.12578195333481,0.23255171626806,0.16042671352625,1
-0.1218429505825,0.2301210090518,0.028896056115627,1
-0.14710167050362,0.14522222429514,-0.036595068871975,1
-0.1710216999054,-0.15071658417583,0.1545383259654,1
-0.15147316455841,0.19987954944372,-0.0071600750088692,1
0.06108158826828,-0.089791116304696,0.00093779712915421,1
-0.14031305909157,0.15079321712255,0.13117111474276,1
-0.15876722335815,-0.035608015954494,-0.085538931190968,1
0.048674166202545,-0.11784929782152,-0.017038188874722,1
-0.17895185947418,-0.10967959929258,0.078731782734394,1
0.002103328704834,0.063266165554523,-0.011566534638405,1
0.12306505441666,-0.26116297394037,0.081035412847996,1
-0.018931448459625,-0.12919989600778,-0.084733039140701,1
0.022099673748016,-0.25501569360495,0.13776645809412,1
-0.23384439945221,0.019406273961067,-0.018399797379971,1
-0.091223865747452,-0.095179366879165,-0.024774573743343,1
-0.026368081569672,0.09114832431078,0.018044732511044,1
0.05609130859375,-0.23030201345682,0.14889714866877,1
0.078193843364716,-0.23414868861437,0.077344335615635,1
0.017492175102234,0.15344371646643,-0.057724975049496,1
-0.17481127381325,-0.086796605028212,0.049678318202496,1
-0.064616054296494,-0.0086127519607544,0.0061144903302193,1
0.050123453140259,0.1083422228694,-0.0034502297639847,1
0.085765600204468,0.23140975087881,0.041913606226444,1
-0.14826157689095,-0.13875069096684,0.19761324673891,1
-0.092420250177383,0.05918475240469,0.016180358827114,1
0.074652493000031,-0.20763368159533,-0.079539023339748,1
-0.058252215385437,-0.0852828649804,0.0048217102885246,1
-0.026446163654327,-0.082214329391718,-0.042718723416328,1
0.026012003421783,-0.24865033477545,-0.081447273492813,1
-0.11950159072876,0.043079040944576,0.0017549023032188,1
-0.12349161505699,0.15878226608038,0.13369711488485,1
-0.25169476866722,0.060842402279377,0.08001659065485,1
-0.065702348947525,-0.21444837003946,-0.032882519066334,1
-0.17391195893288,0.065378077328205,-0.033229164779186,1
0.098888278007507,0.16240426152945,-0.015750341117382,1
0.11348485946655,0.18910422176123,-0.051751904189587,1
-0.20521968603134,-0.043316718190908,0.18865682929754,1
-0.0019118785858154,0.070606641471386,-0.0092674121260643,1
-0.10080072283745,-0.099374626763165,-0.058286301791668,1
0.10531467199326,0.095174871385098,-0.053129412233829,1
-0.23596701025963,-0.067505318671465,0.097280956804752,1
0.18792110681534,0.17110469192266,0.062581829726696,1
-0.1894069314003,0.064259327948093,0.095275409519672,1
0.023835361003876,0.23218756169081,-0.087182700634003,1
0.11821657419205,0.15601214021444,0.040534697473049,1
-0.19623953104019,-0.092307265847921,0.066216684877872,1
0.15689927339554,-0.23256450146437,-0.077297262847424,1
0.0063225626945496,-0.21401154994965,-0.0081909075379372,1
0.002756655216217,-0.096240597311407,0.0023591741919518,1
-0.074807494878769,0.18387719243765,-0.046090297400951,0
-0.14452189207077,0.096485398709774,0.091143049299717,1
-0.013093948364258,-0.19202481210232,0.0982271656394,1
-0.23465040326118,0.074004553258419,0.068171687424183,1
0.11251139640808,0.14317842572927,-0.095043770968914,1
-0.10985201597214,-0.20505305379629,0.013333596289158,1
-0.01119339466095,-0.20762696117163,0.14752546697855,1
0.017896234989166,0.26805924624205,0.10832627862692,1
0.024787425994873,0.22511296719313,-0.097754791378975,1
0.17077922821045,-0.21130556613207,-0.048528604209423,1
-0.065161675214767,0.14587021619081,0.064755521714687,1
-0.063897222280502,0.031299076974392,-0.0015967413783073,1
0.079151570796967,0.115498714149,-0.065830431878567,1
0.082265794277191,-0.15138236433268,-0.04968785494566,1
-0.12305730581284,-0.0014977976679802,-0.07162594050169,1
-0.19432517886162,0.0079946517944336,0.060377337038517,1
-0.14114278554916,0.13796360045671,-0.07334253937006,0
-0.18149733543396,-0.02476828545332,0.14390975981951,1
-0.074557930231094,-0.2293761447072,0.12521953135729,1
-0.14009809494019,0.024908311665058,-0.06122450530529,1
0.072069346904755,0.20587795227766,0.14476776868105,1
0.18219882249832,-0.18588778376579,0.015494994819164,1
-0.17627239227295,0.06168407946825,0.1418360248208,1
0.093640327453613,0.096305869519711,-0.040466994047165,1
-0.092635720968246,-0.13467930629849,0.056322135031223,1
0.12593227624893,0.26564442366362,-0.04228363931179,1
0.011459052562714,0.2612911388278,-0.025140382349491,1
0.097427010536194,0.1632207557559,-0.0052642971277237,1
0.11001408100128,0.18104746192694,0.037784971296787,1
-0.06887498497963,-0.18007179349661,-0.060423940420151,1
0.10559338331223,0.10752191394567,-0.024762384593487,1
0.058109223842621,0.22720693796873,-0.043629139661789,1
0.031986176967621,0.123560346663,-0.038462951779366,1
0.05798202753067,-0.26946797221899,-0.069546744227409,1
0.16294705867767,0.14259221404791,-0.0052812620997429,1
0.029672741889954,-0.13055597990751,-0.023607462644577,1
0.1122077703476,0.16081317514181,-0.096476547420025,1
0.13305997848511,-0.15676698461175,-0.026674039661884,1
0.057017803192139,-0.16119672730565,0.064250238239765,1
-0.032607793807983,-0.067541621625423,-0.05466915667057,1
-0.090456187725067,-0.019252277910709,-0.054210878908634,1
-0.24377864599228,0.066203139722347,0.045890979468822,1
-0.12514501810074,-0.050899296998978,-0.019053347408772,1
-0.20389002561569,0.0097685009241104,0.071584798395634,1
0.18220829963684,-0.23055245727301,-0.048355273902416,1
0.025741040706635,-0.26906872540712,0.06865394115448,1
-0.16988039016724,0.11146215349436,0.10744253546,1
-0.15830960869789,-0.030935943126678,0.019059784710407,1
-0.0033106803894043,-0.17230171710253,-0.011620990931988,1
0.015104949474335,-0.065559715032578,-0.0015831515192986,1
-0.14921262860298,-0.050218854099512,-0.053036488592625,1
-0.09389066696167,-0.079360298812389,-0.076499052345753,1
0.13646364212036,0.25061892718077,0.031827829778194,1
0.060149550437927,0.12346950918436,0.01632571965456,1
0.087104082107544,0.15923445671797,0.061951972544193,1
-0.088255614042282,-0.059752944856882,0.030387006700039,1
-0.17071408033371,-0.050266567617655,0.10886033624411,1
-0.0043057203292847,0.15579339116812,0.053865723311901,1
-0.082276344299316,0.19458504766226,0.11832506209612,1
-0.070489019155502,-0.010587677359581,-0.028509639203548,1
-0.17780423164368,0.030492909252644,0.19004496186972,1
0.090496838092804,-0.1276986785233,-0.057079918682575,1
-0.069369465112686,0.022158831357956,-0.0047325864434242,1
-0.15460747480392,0.077895276248455,0.013518489897251,1
0.12862676382065,0.2504345998168,0.086349360644817,1
-0.23425650596619,0.11047207564116,-0.014717929065228,1
-0.12831285595894,0.019047535955906,-0.006354920566082,1
-0.11528933048248,-0.19952761381865,-0.062102764844894,1
0.043290793895721,0.13779126852751,0.020411618053913,1
-0.14563304185867,0.064804546535015,0.019921489059925,1
0.033592283725739,-0.20639637112617,-0.054989777505398,1
0.13266432285309,0.17564847320318,-0.011454582214355,1
-0.043590068817139,0.25034572929144,-0.0014477372169495,1
0.065379083156586,-0.17084734886885,0.028618507087231,1
-0.15393161773682,0.039980806410313,0.010826848447323,1
0.029979705810547,0.14743735641241,-0.055500157177448,1
-0.01379007101059,-0.10602800501511,-0.030317239463329,1
-0.12129545211792,0.11340045183897,-0.08174679428339,1
-0.12115472555161,0.072124622762203,-0.025517001748085,1
-0.1505161523819,0.019175484776497,-0.041393227875233,1
-0.13870561122894,-0.089636463671923,-0.037915945053101,1
-0.23751723766327,-0.025317043066025,0.039496667683125,1
-0.091475695371628,0.029602102935314,-0.011974580585957,1
0.071553528308868,0.1220036521554,0.034957818686962,1
-0.2252836227417,0.073600806295872,-0.028338171541691,1
0.11648720502853,-0.1179517172277,0.039928756654263,1
-0.053797483444214,-0.051408812403679,0.0019295737147331,1
-0.076452702283859,-0.16073847189546,-0.096150495111942,1
0.058247983455658,0.19595380872488,0.076248966157436,1
-0.021307647228241,-0.28429128974676,0.051214136183262,1
-0.015587508678436,-0.074819937348366,0.020396627485752,1
0.04346364736557,-0.057726394385099,0.0040937811136246,1
0.056499063968658,0.11899680644274,-0.0080370977520943,1
-0.14196053147316,-0.038685042411089,-0.0094016119837761,1
-0.19879877567291,0.072772346436977,0.074270598590374,1
-0.23373854160309,0.028496511280537,0.14625055342913,1
-0.086117625236511,-0.20870020240545,0.0017851144075394,1
0.05911111831665,-0.077063631266356,0.012407898902893,1
-0.23746705055237,0.049049653112888,0.018480487167835,1
0.090155780315399,-0.27546510845423,-0.045220606029034,1
-0.083546698093414,0.21447279304266,0.018819242715836,1
-0.11201226711273,-0.069235745817423,0.023811675608158,1
-0.17145961523056,0.050610773265362,0.12766060978174,1
-0.13307094573975,0.15175183862448,0.15760692209005,1
0.037520706653595,0.10466497391462,-0.010597571730614,1
-0.10719671845436,-0.12075726315379,-0.034845970571041,1
0.0040416121482849,-0.059539176523685,-0.0015675202012062,1
-0.099470168352127,-0.1641141846776,0.035357736051083,1
-0.15470463037491,0.11771661788225,-0.046003289520741,1
-0.034432947635651,0.16870402544737,-0.044965468347073,1
0.094278633594513,0.13833346217871,0.052243664860725,1
-0.15925571322441,0.16183682531118,-0.0499132797122,1
-0.085321307182312,0.1126561537385,-0.075160287320614,1
0.18701523542404,0.17901118844748,-0.093276970088482,1
-0.058523863554001,0.1217320933938,-0.074526734650135,1
-0.15805199742317,0.15003665536642,0.051926024258137,1
0.13589066267014,-0.16204072535038,-0.032331340014935,1
-0.014417588710785,-0.17458740621805,-0.070962227880955,1
-0.18487310409546,-0.052694849669933,0.14341010898352,1
-0.090997874736786,0.15038641542196,0.061416737735271,1
0.12545555830002,0.1957083567977,-0.076442584395409,1
-0.0034608840942383,-0.23699631541967,-0.051512315869331,1
0.040277540683746,-0.24537303298712,0.11721224337816,1
0.028939366340637,0.16929360479116,-0.085801232606173,1
-0.10600009560585,0.10495743900537,0.025532700121403,1
0.16405111551285,-0.15871120989323,0.019289277493954,1
0.13693571090698,0.12425150722265,0.031696833670139,1
-0.16978248953819,-0.078619575127959,-0.035386219620705,1
0.17784231901169,-0.16295194625854,0.086048699915409,1
-0.074674189090729,0.011217460036278,0.020009450614452,1
-0.21795636415482,0.035184316337109,0.16258288174868,1
0.028935372829437,0.2631536051631,-0.069707907736301,1
0.019391894340515,-0.17819585651159,-0.087941646575928,1
-0.02051842212677,0.194455973804,0.020786099135876,1
0.064545512199402,0.14712303131819,-0.061817310750484,1
-0.03815108537674,0.098909787833691,0.0059492364525795,1
-0.056189149618149,-0.15104567632079,0.00058215111494064,1
-0.1661085486412,0.068790130317211,-0.069739200174809,1
-0.074673175811768,0.16596999019384,0.077959068119526,1
-0.08840349316597,-0.074519731104374,0.014944456517696,1
-0.14308950304985,0.12711944431067,0.19521153718233,1
-0.12289464473724,0.093736253678799,-0.051439322531223,1
0.046348512172699,0.21543132513762,0.075864486396313,1
0.056236922740936,-0.15007343515754,-0.089423514902592,1
0.076637744903564,0.065654151141644,0.0078362002968788,1
-0.080040961503983,-0.090740107931197,-0.047928236424923,1
0.08319765329361,-0.2403601333499,0.040591321885586,1
-0.054910242557526,0.038195945322514,-0.0060290619730949,1
-0.13120749592781,-0.031095333397388,-0.0097942873835564,1
-0.17714580893517,-0.15137817710638,0.15762440115213,1
-0.22625797986984,-0.00067392736673355,-0.065173394978046,1
-0.12671738862991,-0.067548662424088,0.0076630041003227,1
0.054345726966858,0.23088475316763,-0.059398971498013,1
-0.048485279083252,0.023874022066593,-0.0012996718287468,1
0.098736941814423,0.15073659271002,0.02793850004673,1
-0.033744513988495,-0.073085414245725,-0.00033817440271378,1
0.13720840215683,-0.2251006141305,-0.055781796574593,1
-0.027453005313873,0.2223019823432,-0.080096378922462,1
0.0098608136177063,0.22149505466223,0.12226227670908,1
-0.17037686705589,-0.085480432026088,-0.078650988638401,1
0.1744087934494,-0.19970298558474,0.0026868656277657,1
-0.16133159399033,-0.093893489334732,0.16831801086664,1
-0.24042961001396,0.081473357975483,0.027024038136005,1
-0.14323011040688,0.18830632418394,0.13684336096048,1
-0.12828803062439,0.11466164141893,0.020094208419323,1
-0.24775719642639,0.016468346118927,-0.039358988404274,1
-0.077381461858749,-0.11988453753293,0.0037194415926933,1
0.050882399082184,-0.2486986592412,0.046000383794308,1
-0.038803994655609,0.12222994118929,-0.015836447477341,1
-0.14681884646416,0.2154486104846,0.097967617213726,1
0.055925905704498,-0.10175711475313,0.024303205311298,1
-0.021988272666931,0.12481839209795,0.021440856158733,1
-0.11251026391983,-0.079104023054242,0.040034867823124,1
-0.030786097049713,0.075069524347782,-0.017467267811298,1
-0.2480286359787,-0.0055981948971748,0.046188779175282,1
-0.097729057073593,-0.011767320334911,0.0052487030625343,1
-0.20144081115723,0.018441684544086,0.046634711325169,1
0.14537084102631,0.13465029746294,0.049946926534176,1
-0.24292758107185,-0.032943353056908,-0.020895920693874,1
0.048468291759491,-0.20538522303104,0.17173261195421,1
-0.20122623443604,0.085984714329243,0.16507244855165,1
-0.058627963066101,-0.26766934245825,0.02845199406147,1
0.07884806394577,0.12917115539312,0.039063721895218,1
-0.042628467082977,0.12076655775309,-0.039555259048939,1
0.13766115903854,0.26358493417501,0.01695442199707,1
-0.073721945285797,-0.1277147103101,0.038748435676098,1
-0.18385773897171,-0.19956388324499,0.068036891520023,1
-0.085858374834061,0.17433615773916,0.15334738045931,1
0.05533629655838,0.065150789916515,-0.0059304311871529,1
-0.11937746405602,-0.054661393165588,0.0020395293831825,1
-0.1834851205349,0.014644801616669,-0.052574425935745,1
-0.070919573307037,-0.034951731562614,-0.064601570367813,1
-0.117620408535,-0.12711067125201,-0.014206148684025,1
0.080745279788971,0.14320982247591,-0.044858165085316,1
-0.016851365566254,0.051405362784863,-0.015408702194691,1
0.013531088829041,0.14807338267565,-0.065719626843929,1
-0.20287126302719,0.065798170864582,0.02460402995348,1
0.1643933057785,0.18096213787794,0.040183067321777,1
-0.031652987003326,-0.14973022788763,0.051617786288261,1
-0.040145695209503,0.082583196461201,-0.044322408735752,1
0.003847599029541,0.28464057296515,0.088378794491291,1
-0.14277011156082,0.11835447698832,-0.057421423494816,1
-0.17969939112663,-0.1729666441679,-0.036134637892246,1
-0.044060051441193,-0.066414479166269,-0.022225387394428,1
-0.0089030861854553,-0.25748141855001,0.091943867504597,1
-0.20860746502876,-0.15061124041677,0.091437511146069,1
-0.095995008945465,-0.25475687533617,0.076323427259922,1
0.0074706077575684,-0.098903801408596,-0.0078665018081665,1
-0.097512632608414,-0.058312024921179,-0.047194503247738,1
-0.10567772388458,-0.20488908141851,0.053126730024815,1
0.13018214702606,-0.15791853144765,-0.0019543692469597,1
-0.089694619178772,-0.16887906938791,0.040544345974922,1
-0.045669734477997,-0.096552512142807,-0.0422348305583,1
-0.076656877994537,0.080507107079029,-0.031753785908222,1
-0.22970277070999,0.0695885643363,0.087338976562023,1
-0.049051582813263,0.12152422219515,0.029131107032299,1
-0.18510979413986,-0.11949643492699,-0.023420691490173,1
-0.13052555918694,0.0016183778643608,-0.011239551007748,1
0.18111884593964,0.17822095006704,-0.060742549598217,1
-0.058972984552383,-0.13168822601438,0.00384571403265,1
-0.076387196779251,-0.2712534442544,0.059759773313999,1
-0.019749104976654,0.19143792241812,0.075773663818836,1
-0.039360761642456,0.09421693533659,0.018985651433468,1
-0.066099971532822,0.057841829955578,-0.018643088638783,1
-0.05268982052803,0.22228857129812,-0.021938815712929,1
-0.1404532790184,0.10917680710554,-0.085587061941624,1
-0.045396625995636,0.10194087773561,0.021961309015751,1
0.13048142194748,-0.22785653918982,-0.065892331302166,1
0.045084178447723,0.22158213704824,0.12565741688013,1
0.16675037145615,-0.15222140401602,0.11038761585951,1
0.013294696807861,-0.090255461633205,0.0057044550776482,1
-0.22335487604141,0.15687408298254,0.030238755047321,1
-0.076314300298691,-0.18868024647236,0.17038346081972,1
-0.12065291404724,0.032295607030392,0.032977931201458,1
0.066958606243134,-0.22978032380342,0.077459193766117,1
-0.15244081616402,0.02042280882597,0.029939390718937,1
0.06253319978714,-0.27341283112764,-0.057578720152378,1
-0.18565163016319,-0.14326624944806,0.089764602482319,1
-0.17498189210892,0.05056681483984,0.051178015768528,1
-0.070888876914978,0.20227416604757,0.16830856353045,1
-0.026217758655548,-0.28891352564096,0.018928863108158,1
-0.011056005954742,0.21402706950903,-0.0090104565024376,1
0.034424901008606,-0.063775908201933,-0.010452084243298,1
-0.20615082979202,-0.12241874448955,0.13271395117044,1
0.13924986124039,0.24300398677588,0.13966233283281,1
-0.10815554857254,0.18318512290716,-0.082489363849163,0
-0.11488744616508,0.036073319613934,-0.052566379308701,1
0.011096298694611,-0.10247371252626,0.0026687160134315,1
0.034200429916382,-0.22961885482073,0.084248103201389,1
0.12056332826614,0.10480750352144,-0.011281050741673,1
0.023662209510803,0.21964287012815,0.15963453799486,1
-0.1507151722908,0.052910424768925,0.082445614039898,1
0.11208873987198,0.14239262789488,-0.06136517226696,1
0.054406881332397,0.073076359927654,0.011675305664539,1
0.042065143585205,0.061960302293301,-0.017908930778503,1
-0.24194264411926,-0.052424613386393,-0.049619525671005,1
0.020198881626129,-0.25125091522932,0.11498288065195,1
-0.013546943664551,0.19622980803251,0.01461461186409,1
0.038581013679504,-0.18397275358438,0.012875504791737,1
0.02880448102951,0.21718048304319,0.090386219322681,1
-0.017350316047668,0.15117981284857,0.045841306447983,1
0.06736022233963,-0.16560676693916,-0.070217452943325,1
0.011580646038055,0.26698490232229,-0.058015063405037,1
-0.15923520922661,-0.0080234557390213,0.075339622795582,1
-0.13887438178062,-0.14664848893881,0.16444096714258,1
-0.17211669683456,0.1418119892478,-0.071703545749187,1
0.10281854867935,-0.14028728753328,-0.018112272024155,1
0.096379339694977,-0.25136575847864,0.10331056267023,1
0.012656152248383,-0.19371411949396,0.2236647978425,1
-0.046518623828888,0.17165287584066,0.095052041113377,1
0.0048762559890747,0.14341672509909,0.029595956206322,1
0.01555860042572,-0.21421034634113,-0.021904096007347,1
0.050233066082001,-0.22619228810072,-0.0075748115777969,1
-0.16713747382164,0.20150154083967,0.059568800032139,1
-0.071452260017395,0.1065683439374,-0.080849774181843,1
-0.14410519599915,0.06923858076334,0.017547257244587,1
0.086737215518951,0.082141779363155,0.017601847648621,1
-0.038914799690247,0.036439143121243,-0.032831691205502,1
0.10891109704971,0.27363961189985,0.033893086016178,1
-0.16299840807915,0.080985628068447,0.10523971170187,1
-0.098908334970474,0.092689283192158,-0.047930382192135,1
0.062427580356598,-0.05575705319643,0.0028995648026466,1
-0.12314426898956,-0.097368827089667,0.021629638969898,1
0.127017557621,-0.1799044162035,-0.03922414034605,1
-0.16626757383347,0.017395347356796,0.0042251721024513,1
0.069771349430084,-0.22124638408422,0.13827412575483,1
-0.0062276721000671,-0.21637683361769,-0.081963412463665,1
-0.018482804298401,0.16194619983435,-0.010120920836926,1
-0.10835656523705,-0.15258729085326,0.14079105108976,1
0.0052427649497986,-0.086630928330123,-0.024068370461464,1
0.12985992431641,-0.19992634654045,0.051604636013508,1
-0.14835220575333,0.030030019581318,-0.063264019787312,1
0.079773604869843,0.25064083188772,-0.00021017342805862,1
-0.039274036884308,-0.26131930202246,0.11260462552309,1
-0.059104442596436,-0.24247781187296,0.12330540269613,1
0.038889110088348,-0.17153210192919,0.0050285831093788,1
0.069501519203186,0.051611594855785,-0.0061664879322052,1
0.058280646800995,-0.14235384017229,-0.034937538206577,1
0.13455927371979,0.26097591966391,0.093084596097469,1
-0.036946535110474,-0.11778870783746,-0.085718616843224,1
0.058508157730103,0.087761111557484,0.0051672235131264,1
-0.16092905402184,0.015853844583035,0.0024394020438194,1
0.11090868711472,0.12160996347666,0.045181035995483,1
0.044413566589355,-0.086387869901955,0.0040731951594353,1
-0.0018134713172913,-0.07734264805913,0.010068036615849,1
0.077627241611481,0.15772082656622,-0.065843977034092,1
-0.12404978275299,0.026742957532406,0.013708524405956,1
-0.1528157889843,-0.10282261949033,0.064285345375538,1
-0.18537506461143,0.16299449652433,0.0342723056674,1
-0.21471819281578,0.045258767902851,0.00036468356847763,1
-0.081854075193405,-0.15594454854727,-0.094365179538727,1
-0.090737521648407,0.2661851271987,0.0189139097929,1
0.024058997631073,0.091153495013714,-0.015444673597813,1
-0.2198081612587,0.034157492220402,0.11500362306833,1
-0.056198477745056,0.0001387894153595,-0.02429224550724,1
-0.10200390219688,-0.26315224915743,0.070319451391697,1
-0.067229449748993,-0.26489356905222,0.10012216120958,1
0.053133070468903,0.15771745890379,-0.0092429891228676,1
0.15430349111557,0.13647497445345,-0.034065164625645,1
-0.1100839972496,-0.023894630372524,-0.013385660946369,1
0.013885498046875,-0.073086101561785,0.0052753165364265,1
-0.15965187549591,0.16227849572897,0.077986799180508,1
0.077238142490387,-0.15661787241697,0.055577151477337,1
0.086293041706085,-0.07680663280189,-0.041094861924648,1
-0.12997558712959,-0.046279028058052,-0.091433428227901,1
-0.24730661511421,-0.032802112400532,0.047679714858532,1
-0.17153331637383,-0.15843584015965,0.078744731843472,1
0.12229079008102,-0.16373056173325,-0.043867059051991,1
0.17115223407745,0.15982612222433,0.075378470122814,1
0.094632148742676,-0.22541911154985,0.036108329892159,1
0.037335872650146,-0.11679417826235,-0.0018103271722794,1
0.085188567638397,-0.099827777215978,0.0055469572544098,1
-0.055878013372421,0.054940514266491,-0.047091327607632,1
0.074726402759552,-0.062849685549736,-0.014998473227024,1
0.053888022899628,0.11258781701326,-0.064567685127258,1
-0.10641315579414,0.049460120499134,0.01723251491785,1
0.088513314723969,0.082300283014774,-0.054754227399826,1
-0.19648337364197,-0.072892954573035,0.15063983947039,1
-0.047575831413269,0.14137040823698,0.013815939426422,1
-0.15210694074631,0.16641064733267,0.17410003393888,1
0.16702926158905,0.14762619882822,-0.080568097531796,1
0.1031636595726,-0.10542142018676,-0.022943936288357,1
-0.017391979694366,0.071942277252674,0.0042962282896042,1
-0.071012020111084,0.14933817833662,0.050521306693554,1
0.027517139911652,0.21352868527174,0.14679864794016,1
-0.094938039779663,0.013953350484371,0.016341172158718,1
0.016110718250275,-0.093650727532804,-0.059268824756145,1
-0.11855092644691,0.13036762923002,-0.06242049485445,1
-0.11500385403633,-0.022680334746838,-0.028388187289238,1
-0.19389122724533,0.16837855428457,0.069819532334805,1
-0.17794412374496,-0.073489489033818,0.14091164618731,1
0.064332664012909,-0.213105507195,-0.076242469251156,1
-0.13901707530022,-0.1827452108264,0.04782672971487,1
-0.13940122723579,0.21317961066961,-0.050293006002903,0
-0.099616140127182,-0.1865653321147,0.16811031848192,1
-0.067750424146652,-0.091278132051229,-0.047070898115635,1
-0.031449317932129,0.082052148878574,0.022870801389217,1
-0.16596657037735,0.10693792253733,0.0090531334280968,1
0.071868121623993,-0.23453567177057,0.019617341458797,1
0.029649019241333,0.26511808484793,-0.044022306799889,1
0.067822158336639,-0.22456701844931,-0.033572420477867,1
0.13724321126938,-0.23537240177393,-0.043776348233223,1
-0.020090878009796,-0.057132802903652,0.0072058588266373,1
-0.21839374303818,0.041320703923702,0.067209877073765,1
-0.035372197628021,-0.049512181431055,0.010338358581066,1
-0.022788226604462,-0.036652117967606,-0.0049698576331139,1
0.027170836925507,-0.17152217775583,0.026362858712673,1
-0.0034562945365906,-0.21009401232004,0.068326242268085,1
-0.035706520080566,0.10227268189192,-0.066224552690983,1
0.1350811123848,-0.20416969060898,-0.047475218772888,1
0.069521546363831,-0.058681443333626,0.0054380670189857,1
0.064183712005615,0.112134732306,-0.034106217324734,1
-0.042747914791107,-0.13522273302078,-0.039813093841076,1
-0.23478558659554,0.055124379694462,-0.013637565076351,1
-0.072040885686874,0.10619846731424,0.01351659744978,1
-0.1177322268486,-0.19096875935793,-0.0073861479759216,1
0.0067249536514282,0.19109024852514,-0.015792600810528,1
0.10588222742081,0.2266690954566,0.0044155716896057,1
-0.09685480594635,-0.24978000670671,0.051779396831989,1
0.10244876146317,0.096398837864399,-0.074444882571697,1
-0.10451537370682,0.12144104391336,0.00050292164087296,1
-0.067046195268631,0.020702436566353,-0.017927683889866,1
0.09111887216568,0.17462875694036,0.007777564227581,1
0.066124439239502,0.072083257138729,0.015286557376385,1
-0.099891483783722,-0.24302244931459,-0.024062946438789,1
-0.17184388637543,-0.16379389166832,0.0086240097880363,1
-0.19732815027237,-0.12243111245334,-0.04572906345129,1
0.037007510662079,-0.15823840349913,0.05617143958807,1
-0.027247965335846,0.065272472798824,0.0064080730080605,1
-0.0017202496528625,0.14087355881929,-0.020228929817677,1
-0.066583871841431,-0.13439670205116,0.05079597234726,1
0.044263005256653,0.19064971059561,0.0061571970582008,1
0.14357858896255,-0.20120506733656,-0.086457192897797,1
-0.15233847498894,-0.18433122336864,0.080516450107098,1
0.067665934562683,-0.15954995900393,0.021639682352543,1
0.018552124500275,-0.070310026407242,0.0062889978289604,1
-0.12958484888077,0.056302167475224,-0.069873787462711,1
0.14565867185593,-0.15449510142207,0.067535735666752,1
0.030253410339355,-0.093595242127776,-0.050895534455776,1
-0.061973720788956,0.11352150887251,0.025375433266163,1
-0.01091194152832,0.052722670137882,0.0050003454089165,1
0.13077741861343,-0.20549006015062,0.10102365165949,1
0.10258001089096,-0.18021503090858,0.065908767282963,1
-0.1315024793148,-0.080481225624681,-0.026764325797558,1
0.035717248916626,0.081800572574139,-0.03278923779726,1
0.08606481552124,0.073122598230839,-0.021829180419445,1
-0.016322791576385,-0.18511220067739,-0.05902061611414,1
0.1336841583252,-0.16927109658718,0.060316435992718,1
0.13277155160904,0.12069360166788,0.0025963112711906,1
-0.22081130743027,0.10633868724108,-0.079648904502392,1
-0.10867345333099,-0.021288312971592,-0.048937253654003,1
0.12104421854019,-0.21455227583647,-0.087981872260571,1
0.024683594703674,0.077519960701466,-0.0036025568842888,1
0.074709713459015,-0.14626901224256,-0.008399672806263,1
-0.0084842443466187,0.26338725537062,-0.03156890720129,1
0.067922174930573,-0.27636424452066,0.098093025386333,1
0.039895594120026,-0.098751135286875,-0.019075579941273,1
-0.20451185107231,0.083320327103138,-0.035671979188919,1
-0.011489391326904,-0.25297340005636,-0.033766075968742,1
0.12871342897415,0.19342192262411,-0.011332884430885,1
-0.079434335231781,0.16583590954542,-0.016539759933949,1
0.063685417175293,-0.22672040015459,0.14096165448427,1
0.060453832149506,-0.073686668649316,-0.038684658706188,1
0.083192527294159,-0.077083205804229,-0.059867486357689,1
-0.17840790748596,-0.085168516263366,0.062113516032696,1
0.096000134944916,-0.15369163826108,0.061400644481182,1
0.013096153736115,-0.17319019138813,-0.08284280449152,1
-0.17742821574211,-0.062948867678642,0.19049114733934,1
0.091399312019348,0.14974925667048,-0.026435345411301,1
0.036745607852936,0.081792362034321,0.0097149088978767,1
-0.18954846262932,0.010791599750519,0.056528888642788,1
0.011921763420105,0.27827765792608,0.0017438009381294,1
-0.048925220966339,-0.015287347137928,-0.0233363956213,1
-0.056890368461609,-0.071396484971046,-0.060522921383381,1
0.11657696962357,0.22095113247633,0.15957156568766,1
-0.25881195068359,0.0063283890485764,0.0014794245362282,1
-0.19730517268181,-0.036091588437557,-0.085313495248556,1
-0.019500076770782,-0.16274863481522,-0.076608471572399,1
-0.16930747032166,0.098910801112652,0.12033768743277,1
-0.056253463029861,-0.082275327295065,-0.058246619999409,1
-0.047344386577606,0.25535093992949,0.061999723315239,1
-0.23084586858749,-0.03468856215477,-0.013520516455173,1
-0.016480505466461,-0.099614533246495,-0.018902622163296,1
-0.066660314798355,-0.14792831987143,0.045035690069199,1
-0.098760575056076,-0.067996650934219,0.032896690070629,1
-0.064085721969604,0.10378963500261,-0.075703494250774,1
-0.0015372037887573,0.10471098870039,-0.062864013016224,1
-0.16485995054245,0.18998935073614,-0.078500457108021,1
-0.047876954078674,0.19431843608618,0.19002819806337,1
-0.17930328845978,0.082613237202168,0.11534438282251,1
-0.040487051010132,-0.14065160602331,0.036556988954544,1
0.13871937990189,-0.15690101310611,-0.07930713146925,1
0.013206899166107,0.11567925661802,0.02238491922617,1
-0.1666573882103,-0.10330409510061,0.11023599654436,1
-0.15822377800941,0.19062235206366,0.033037386834621,1
-0.012425482273102,-0.10545256966725,0.018784262239933,1
0.0028555989265442,0.12385349720716,-9.879469871521e-06,1
-0.18554762005806,-0.13772483170033,-0.015398763120174,1
-0.061799913644791,-0.024784840643406,-0.050029344856739,1
-0.011307954788208,-0.080182578414679,0.021603859961033,1
0.10266613960266,0.083677686750889,0.014934845268726,1
0.036262452602386,-0.093047306407243,-0.010131068527699,1
-0.035614550113678,-0.056512836366892,0.0086681023240089,1
-0.011313378810883,0.074765153229237,-0.019939012825489,1
0.041947066783905,-0.072256673127413,-0.036251291632652,1
0.15993499755859,0.19250407069921,0.052205421030521,1
-0.053683698177338,-0.026973038911819,0.014508970081806,1
0.038836061954498,-0.1781247779727,-0.065890982747078,1
-0.06265851855278,-0.16299856454134,-0.031585283577442,1
-0.14986455440521,-0.21074461191893,0.0048264339566231,1
0.020430386066437,-0.093926445581019,0.022750116884708,1
0.14182418584824,0.26159005612135,0.078986443579197,1
-0.063187837600708,-0.15881119295955,0.08628686517477,1
-0.013752639293671,-0.046734053641558,-0.016628563404083,1
0.10321789979935,0.16393112391233,-0.0012331381440163,1
0.015038073062897,0.16822891682386,-0.014336831867695,1
-0.021641433238983,0.10871300846338,-0.066197015345097,1
0.054893612861633,0.20305912941694,0.029564440250397,1
0.024763703346252,-0.068225387483835,-0.011660851538181,1
0.059475541114807,0.10925436764956,-0.031986176967621,1
-0.14297023415565,-0.061149526387453,-0.028700150549412,1
-0.12215095758438,-0.091262308880687,0.030642859637737,1
-0.20674180984497,-0.021325148642063,0.091774381697178,1
-0.20354777574539,0.1080761924386,0.12211672216654,1
-0.22027406096458,-0.090277712792158,-0.023382976651192,1
-0.097126305103302,0.23076768964529,-0.058599092066288,0
-0.031096339225769,0.23170807212591,-0.049037538468838,1
0.1479280591011,-0.23170090466738,0.082868583500385,1
0.072275221347809,-0.13310758396983,0.042438440024853,1
-0.09871643781662,0.027894459664822,0.035572104156017,1
0.13464671373367,-0.23388413339853,-0.009391263127327,1
0.030399978160858,0.11776398867369,0.024128675460815,1
-0.027562737464905,0.20969923585653,-0.033235162496567,1
-0.10400068759918,0.21949168294668,0.12824700027704,1
0.039105951786041,-0.17595139890909,0.056417062878609,1
0.013882458209991,-0.14501842856407,-0.028407052159309,1
-0.058279693126678,-0.27639039605856,0.024282284080982,1
0.09537261724472,0.1450445279479,0.021086104214191,1
0.11892062425613,0.1487959548831,-0.086582571268082,1
-0.0071921348571777,-0.1442581564188,0.015445560216904,1
0.14933973550797,-0.23659306019545,0.064264334738255,1
-0.13875934481621,-0.16496381163597,0.094344802200794,1
-0.03524786233902,-0.053129553794861,-0.012389428913593,1
-0.030516505241394,-0.22671066969633,0.14355290681124,1
-0.11764180660248,0.037772960960865,-0.019842587411404,1
-0.049944639205933,-0.25469914823771,-0.023503378033638,1
-0.035581052303314,0.14371096342802,-0.030909202992916,1
0.041673421859741,0.21188669651747,-0.065281674265862,1
0.13672083616257,-0.16952798515558,-0.03564115613699,1
0.039256572723389,0.10636415332556,-0.037490464746952,1
0.10996371507645,-0.18077374249697,0.20920420438051,1
-0.0065965056419373,-0.28284039348364,-0.025661058723927,1
-0.091536611318588,0.033389888703823,-0.054808273911476,1
-0.10734763741493,-0.077934553846717,-0.022045753896236,1
-0.11290234327316,-0.030946753919125,0.015492416918278,1
-0.033391058444977,-0.076184317469597,-0.0061528980731964,1
-0.039028108119965,-0.14642085880041,-0.035423956811428,1
-0.24810492992401,0.053241305053234,0.077378146350384,1
0.020329296588898,-0.063884779810905,-0.0032860860228539,1
-0.02354907989502,0.11215283721685,-0.019544251263142,1
-0.22233864665031,-0.1361144669354,0.016951344907284,1
0.087700307369232,-0.21876268833876,-0.026579335331917,1
0.05361396074295,-0.18255005031824,-0.086155224591494,1
-0.067069619894028,0.060678578913212,0.020558513700962,1
-0.12599810957909,0.15360894054174,0.10520230978727,1
-0.069804251194,0.17821269482374,-0.07819177210331,1
-0.11551633477211,-0.16781314462423,-0.05504297465086,1
-0.12129545211792,0.0087629407644272,0.027358867228031,1
-0.23437225818634,0.078756280243397,-0.0066581442952156,1
0.10387760400772,-0.23324499279261,-0.046284683048725,1
-0.10763069987297,0.11726509779692,0.050349004566669,1
-0.10759425163269,-0.12231251783669,0.069559596478939,1
-0.1441784799099,0.023732051253319,0.023734666407108,1
0.14367711544037,-0.24957669526339,-0.052671611309052,1
0.10328513383865,-0.17238631844521,0.030350513756275,1
0.017311930656433,0.24254646152258,-0.043368220329285,1
-0.050119936466217,-0.12669080682099,0.02686782926321,1
0.059313058853149,-0.20287341624498,-0.027815528213978,1
0.031123042106628,0.23382406681776,0.15616325289011,1
-0.053494215011597,0.056169249117374,-0.0035689547657967,1
-0.010037124156952,-0.062332406640053,0.0037262886762619,1
-0.049914240837097,0.13264589756727,-0.064294144511223,1
0.056688845157623,-0.1507384032011,0.033709235489368,1
0.061263859272003,-0.17963846772909,0.055977553129196,1
-0.17933946847916,-0.18780926615,0.076881654560566,1
-0.13416194915771,0.22195889800787,-0.063615597784519,0
-0.086647391319275,-0.086130766198039,-0.076942183077335,1
-0.019636571407318,0.27603217214346,0.098201595246792,1
-0.1055873632431,-0.14500265568495,0.22370225936174,1
0.1291401386261,-0.20497399568558,0.14169567078352,1
-0.017699420452118,0.11042063683271,-0.016147144138813,1
-0.071784555912018,-0.086360960267484,-0.0064018443226814,1
-0.16098082065582,-0.065047618001699,0.0052303597331047,1
-0.095333367586136,0.016682483255863,-0.044443786144257,1
-0.049726188182831,-0.057998523116112,-0.04276954382658,1
-0.18328166007996,0.082828067243099,0.053342409431934,1
0.17885363101959,0.21629797667265,0.10363154858351,1
-0.16543513536453,-0.060501594096422,0.056977815926075,1
-0.16311827301979,0.15314569324255,-0.035075388848782,1
-0.15750974416733,-0.16007841005921,-0.023221455514431,1
0.15544706583023,-0.18503928184509,0.16248024255037,1
-0.1274034678936,0.11496227234602,-0.020058013498783,1
0.074806034564972,0.15037020295858,-0.016529597342014,1
0.049516618251801,-0.16987168043852,0.0085283741354942,1
-0.24879795312881,0.050883777439594,0.093558914959431,1
-0.096526086330414,-0.22174920141697,-0.0053219273686409,1
-0.028801321983337,0.25383879989386,0.1430099979043,1
-0.055591821670532,0.057701505720615,-0.051876522600651,1
0.061442911624908,-0.21817966550589,-0.065991573035717,1
-0.07693800330162,-0.24885454028845,0.045145057141781,1
0.15735119581223,0.24479343742132,-0.03116375207901,1
-0.19880214333534,0.13182360678911,0.13200812786818,1
0.1259793639183,0.18289478868246,0.022828578948975,1
0.15077787637711,0.13801484555006,0.048932708799839,1
-0.16752445697784,-0.088297803886235,-0.021324850618839,1
-0.023888230323792,0.28311278671026,0.030524678528309,1
0.11373323202133,-0.23690273612738,0.081233613193035,1
-0.23377576470375,-0.0088198930025101,0.12679430097342,1
0.16286891698837,-0.1589187271893,-0.048329494893551,1
-0.12742507457733,0.03250990062952,-0.025428593158722,1
0.075629055500031,-0.077392887324095,-0.042088814079762,1
0.15460538864136,0.15820028632879,-0.0024037286639214,1
-0.095362544059753,0.079284824430943,-0.048667944967747,1
-0.14430242776871,0.10450472682714,-0.011965580284595,1
0.11541706323624,-0.26062662154436,-0.061460122466087,1
0.11175853013992,-0.24736181646585,0.055956661701202,1
-0.13744583725929,-0.033645130693913,-0.03449459373951,1
0.10990965366364,-0.10031317709945,-0.071327857673168,1
-0.063329666852951,0.19777648895979,0.0046893730759621,1
-0.13848924636841,0.080524317920208,-0.096953488886356,1
0.051210820674896,-0.063467655330896,-0.014485880732536,1
-0.065989851951599,0.12024407833815,0.020770199596882,1
-0.01720917224884,0.1457741484046,-0.062296368181705,1
0.053820908069611,-0.11680112592876,-0.034786708652973,1
-0.20585134625435,-0.14715252071619,-0.024697341024876,1
-0.20775669813156,-0.14485545456409,-0.045565225183964,1
0.063294470310211,-0.13554667308927,0.021244674921036,1
0.061798214912415,-0.21418584138155,0.022048436105251,1
-0.090948879718781,-0.20954564213753,0.11656228452921,1
0.16101688146591,-0.14936770871282,0.10292056947947,1
0.12257713079453,-0.14342049136758,0.05481281131506,1
-0.075237274169922,0.071664489805698,-0.016005285084248,1
0.023477911949158,0.19875713437796,0.093512274324894,1
0.13017648458481,-0.19001330435276,-0.0033028870820999,1
0.11700493097305,0.25333946198225,-0.03994657844305,1
0.042848646640778,-0.081528823822737,-0.0054591223597527,1
-0.024284899234772,-0.078523246571422,0.0032714605331421,1
-0.14019119739532,-0.033688880503178,-0.038370192050934,1
-0.0055175423622131,-0.13306321576238,0.015313513576984,1
-0.12384015321732,-0.12712704017758,-0.083835102617741,1
-0.19719192385674,-0.04168152064085,-0.045748017728329,1
-0.1464596092701,-0.093767477665097,0.11846191436052,1
0.0087473392486572,0.060672394931316,-0.012615256011486,1
-0.031456410884857,0.12083072215319,0.039127372205257,1
0.018879234790802,-0.11746859923005,0.01890341937542,1
0.0047156810760498,-0.20131903141737,0.037227615714073,1
-0.0045266151428223,-0.16510288417339,-0.090509288012981,1
0.071443259716034,-0.25634223967791,0.0037877187132835,1
-0.026922345161438,0.21577756851912,0.12116277962923,1
-0.089215368032455,-0.0076107755303383,0.0097619518637657,1
0.099395453929901,0.12069996446371,0.0070192441344261,1
-0.049896836280823,-0.061752073466778,-0.028099305927753,1
-0.065319955348969,-0.23370953649282,-0.017605230212212,1
-0.18852967023849,-0.17799800634384,0.071077100932598,1
-0.2005780339241,-0.041943393647671,-0.043896593153477,1
0.0047659277915955,-0.10481841675937,-0.014754496514797,1
-0.18361976742744,-0.04474588856101,0.13642955571413,1
-0.13282072544098,0.017510242760181,0.048043616116047,1
-0.20185482501984,0.15973880141973,0.1173677816987,1
-0.094584912061691,0.010249830782413,-0.031692557036877,1
-0.25634372234344,0.062587760388851,0.0061846002936363,1
-0.055537313222885,0.11624436825514,-0.070222862064838,1
-0.05606746673584,-0.11753375828266,-0.0040691271424294,1
0.03040224313736,-0.11302331648767,0.022312685847282,1
-0.16814935207367,-0.12039257958531,0.058202512562275,1
-0.048985660076141,-0.048615772277117,-0.035500667989254,1
0.15203613042831,-0.20943297445774,0.11190136522055,1
0.044045865535736,-0.074609698727727,-0.0092030763626099,1
-0.0301313996315,-0.1914836242795,0.094709224998951,1
-0.06920513510704,-0.16388916969299,0.090692110359669,1
0.16664123535156,0.20617013424635,-0.085699506103992,1
0.098246335983276,0.2109328135848,0.1064915433526,1
-0.031653344631195,0.028644971549511,0.0013574585318565,1
-0.0064260363578796,-0.060571901500225,-0.028750292956829,1
0.095469355583191,0.27079530805349,0.023189999163151,1
0.026337325572968,-0.24981389194727,0.032449193298817,1
-0.085964143276215,0.09630761295557,0.042710803449154,1
0.035211980342865,0.10873170942068,0.006685346364975,1
-0.053549081087112,-0.10422167135403,-0.023056760430336,1
-0.028861045837402,-0.20755198597908,0.070147581398487,1
-0.025281488895416,0.16656013578176,0.01756663620472,1
0.0059365034103394,0.088960759341717,-0.049546964466572,1
-0.033502995967865,-0.059238567948341,0.00052798539400101,1
0.090023219585419,0.075891070067883,-0.026240199804306,1
0.11628443002701,-0.19071743637323,0.1418803408742,1
-0.22875282168388,-0.037089675664902,0.15617217868567,1
0.10739761590958,0.20076479762793,-0.093030907213688,1
0.13652366399765,0.17549016326666,-0.079018697142601,1
-0.052756547927856,0.0063145905733109,-0.0053419545292854,1
0.014217019081116,-0.075908754020929,0.0080553740262985,1
-0.1283263862133,-0.19026228040457,-0.091212183237076,1
-0.047214090824127,-0.031876482069492,0.012805260717869,1
-0.19503909349442,-0.011714667081833,0.033952824771404,1
-2.4974346160889e-05,0.069253899157047,-0.019629679620266,1
0.062037110328674,0.13102681189775,-0.033696092665195,1
-0.13534417748451,-0.10993657447398,0.01143204420805,1
0.12340581417084,-0.14469005540013,-0.027126900851727,1
-0.056895464658737,-0.03169146925211,0.011573828756809,1
0.12232559919357,0.10024749487638,-0.066931270062923,1
0.07102507352829,-0.1362832300365,0.042450696229935,1
-0.10498741269112,-0.0018381178379059,0.019152782857418,1
-0.08644038438797,-0.19008338451385,0.030304871499538,1
0.073825061321259,0.07685961574316,-0.0047717392444611,1
-0.20698153972626,-0.15198747441173,-0.031039036810398,1
-0.010054528713226,0.073856584727764,-0.039330333471298,1
-0.027580320835114,0.12045981734991,0.008454367518425,1
-0.2117181122303,0.033130802214146,-0.033308692276478,1
0.20122212171555,-0.19869466871023,0.12528035789728,1
0.01054573059082,0.092992909252644,0.015369169414043,1
-0.19305399060249,-0.15442060679197,0.13801810890436,1
-0.10452744364738,-0.060945868492126,0.0039531067013741,1
0.11889183521271,0.18490799516439,0.013938829302788,1
-0.10060194134712,-0.0093005746603012,0.0020771995186806,1
-0.067466348409653,0.019984677433968,-0.0015518888831139,1
0.055564403533936,0.09782562404871,0.012717805802822,1
0.027015507221222,0.12852745503187,-0.003572978079319,1
0.015848159790039,-0.21671058982611,-0.094582613557577,1
-0.1587730050087,0.078852973878384,-0.094655908644199,1
0.081243455410004,-0.23980282992125,0.038200102746487,1
-0.12007039785385,-0.063704449683428,-0.017562665045261,1
0.099520087242126,-0.12232795357704,-0.020782120525837,1
0.093925297260284,0.13917472213507,0.042765416204929,1
-0.068566024303436,-0.19661451131105,0.20036778599024,1
-0.079004526138306,-0.03354661911726,-0.045587591826916,1
0.098725140094757,0.26730801910162,0.022884353995323,1
-0.24424806237221,-0.031177759170532,-0.074450545012951,1
-0.11414632201195,-0.14572842791677,0.040036924183369,1
-0.020771026611328,0.055483840405941,0.0031948611140251,1
0.17591911554337,-0.17667587846518,0.14552766829729,1
0.032922327518463,0.091889955103397,-0.011167325079441,1
0.18393290042877,-0.22973462194204,0.064912475645542,1
-0.0019123554229736,-0.20911405235529,-0.06584295630455,1
-0.032740592956543,0.025361709296703,0.0011812523007393,1
0.12578958272934,-0.20586472004652,0.15891384333372,1
-0.15423050522804,0.18370267003775,-0.016203530132771,1
0.071870088577271,-0.049335040152073,-0.0028095170855522,1
-0.043770730495453,-0.077745229005814,-0.0043727979063988,1
-0.01301771402359,-0.062873143702745,-0.028205022215843,1
0.023757457733154,-0.092485326342285,0.015549823641777,1
-0.073922514915466,0.20788266509771,-0.056043386459351,0
-0.060958087444305,-0.14226637780666,-0.037486910820007,1
-0.061275988817215,0.16554268449545,-0.097320690751076,1
0.0034224987030029,0.064206592738628,-0.020622208714485,1
-0.062436819076538,-0.12647072970867,-0.082761727273464,1
-0.036192715167999,0.21616008132696,-0.030881784856319,1
0.052458941936493,-0.092720350250602,-0.028839252889156,1
0.0062965154647827,-0.22830211371183,-0.039904698729515,1
0.19525390863419,0.20065077394247,-0.058034621179104,1
0.043525755405426,-0.11730764806271,-0.038430482149124,1
0.054308831691742,0.16893126815557,-0.051728345453739,1
-0.13050025701523,-0.12976649217308,-0.050126545131207,1
0.055898487567902,0.19929828494787,0.21937496215105,1
-0.10568001866341,-0.029298514127731,-0.027777068316936,1
-0.17529478669167,0.081228204071522,0.05278604477644,1
-0.079208880662918,-0.13251687586308,0.057676680386066,1
-0.035863161087036,0.15287806838751,-0.092556156218052,1
0.10087811946869,0.25056072324514,0.06328284740448,1
0.043749392032623,-0.078312302008271,-0.017793655395508,1
0.047079980373383,-0.26165517419577,0.093724735081196,1
-0.027134358882904,-0.20566041767597,-0.046513564884663,1
0.12825828790665,-0.22969049960375,-0.067520946264267,1
-0.10367906093597,0.1478314474225,-0.093960203230381,0
0.14521282911301,-0.13053901866078,0.044366128742695,1
-0.034453272819519,0.061911605298519,-0.049357704818249,1
-0.14735373854637,0.13576576858759,0.032421909272671,1
0.0076788663864136,0.17680444568396,-0.094063531607389,1
-0.011168539524078,0.15640097111464,0.047443576157093,1
-0.17205467820168,-0.14463500678539,0.031403712928295,1
0.1785626411438,0.17252548784018,0.17621908336878,1
0.037558734416962,0.18985217064619,-0.025551505386829,1
-0.12513116002083,-0.12957464903593,0.090452261269093,1
0.091804802417755,0.097832672297955,-0.080199584364891,1
-0.108064442873,-0.10733945481479,-0.055319435894489,1
0.012691617012024,0.074174486100674,-0.025869511067867,1
-0.030003547668457,0.081380821764469,-0.060486130416393,1
-0.01977813243866,-0.13384103402495,0.021888114511967,1
-0.085200905799866,0.16750516742468,0.12557043880224,1
0.1481346487999,-0.23144643753767,-0.064440324902534,1
-0.1067082285881,-0.092545866034925,-0.0074546113610268,1
-0.045212209224701,-0.05113922804594,-0.043255485594273,1
0.035422444343567,0.12024787813425,0.015805386006832,1
-0.22441083192825,-0.080499803647399,0.14787749201059,1
0.082508504390717,0.21014093607664,0.198133058846,1
0.069922149181366,-0.067824855446815,0.012468136847019,1
0.10345488786697,-0.10524427425116,-0.0844946205616,1
-0.013151705265045,-0.2408410385251,-0.015174262225628,1
0.079274356365204,-0.12180587463081,0.012631639838219,1
0.17427867650986,-0.22223673015833,-0.0052924677729607,1
-0.0082582831382751,-0.17419979721308,0.039128147065639,1
0.072341978549957,-0.1991480588913,0.091294951736927,1
-0.1245544552803,-0.16316643357277,-0.082547210156918,1
-0.09552589058876,0.14382953196764,-0.0060096606612206,1
-0.053260922431946,-0.10337907401845,-0.037621758878231,1
0.017357289791107,0.077893130481243,-0.0031807199120522,1
-0.060692965984344,-0.092801570892334,-0.014571331441402,1
-0.12671631574631,0.173434458673,-0.063061200082302,0
-0.067885041236877,0.23674770444632,0.10795081406832,1
0.063268303871155,-0.29079631716013,0.026141948997974,1
0.09728342294693,0.1527983173728,-0.05807127058506,1
-0.031453132629395,0.06476441770792,-0.038687355816364,1
-0.14387822151184,-0.028366431593895,0.059041224420071,1
0.010048866271973,0.2795110270381,-0.035127498209476,1
0.057538866996765,0.21451842039824,0.18112964183092,1
-0.10090038180351,-0.075728734955192,-0.04859321564436,1
0.048495590686798,-0.10034890001407,0.025442361831665,1
-0.10774481296539,0.053244568407536,0.039973817765713,1
-0.0025647282600403,-0.1618414260447,-0.011937856674194,1
-0.13396507501602,0.19082017987967,0.1273807361722,1
0.066720128059387,-0.062990881502628,-0.034946389496326,1
0.072417736053467,-0.12761287018657,0.023474223911762,1
-0.028290987014771,0.062979094684124,0.012384481728077,1
-0.0096933245658875,0.068927265703678,-0.039086066186428,1
-0.021112680435181,0.14528725296259,0.033605203032494,1
0.14325296878815,-0.11944140866399,-0.0833904966712,1
0.04974377155304,0.11405158787966,-0.053299926221371,1
-0.12907430529594,-0.031343877315521,0.010291762650013,1
-0.073013186454773,-0.26704628020525,0.0037859156727791,1
-0.15992337465286,-0.12535639666021,-0.024364568293095,1
0.094742059707642,0.19639509171247,0.061053447425365,1
0.19390696287155,-0.1798300370574,0.15110193938017,1
-0.02555900812149,0.20261087268591,0.19862050563097,1
-0.13257485628128,-0.042071979492903,0.063813455402851,1
-0.063462108373642,-0.024592973291874,0.011845089495182,1
0.11467927694321,-0.17461320757866,-0.026724636554718,1
0.050914824008942,0.077645741403103,-0.02251660078764,1
-0.13994958996773,0.17819117754698,0.086566276848316,1
0.058856308460236,-0.10540197044611,-0.0050321370363235,1
-0.18994876742363,-0.12068841420114,0.14524059742689,1
-0.1801110804081,0.012981079518795,0.17091061919928,1
-0.16198155283928,0.14330118149519,0.13753787428141,1
-0.10773038864136,0.01727768778801,0.027347974479198,1
-0.16722837090492,0.078475154936314,-0.058146931231022,1
-0.19751167297363,-0.083860876038671,-0.0040505602955818,1
0.073015511035919,0.059805773198605,0.0019418969750404,1
-0.052316248416901,-0.18891824781895,0.065251052379608,1
-0.017510592937469,-0.12478033266962,-0.013129733502865,1
0.07323807477951,-0.1209023874253,-0.013894125819206,1
0.064226567745209,-0.19749826192856,-0.021410226821899,1
-0.023978173732758,0.087783835828304,0.0020750313997269,1
-0.23156416416168,-0.071281630545855,0.026291482150555,1
0.061442136764526,-0.16577918082476,-0.01253791898489,1
0.15734791755676,-0.19743078202009,-0.062697939574718,1
-0.12062638998032,0.10322437435389,0.039830066263676,1
-0.12997841835022,-0.21786458790302,0.02797969430685,1
0.014395952224731,-0.22788911312819,-0.090358309447765,1
-0.25361111760139,0.076424397528172,0.065643303096294,1
-0.1013480424881,0.1793106123805,-0.0052267238497734,1
0.04399448633194,-0.11634207330644,-0.0079675242304802,1
-0.11721989512444,-0.24881640821695,0.074439890682697,1
0.090198695659637,0.077439837157726,0.003855936229229,1
-0.1361155807972,0.015482120215893,-0.033623673021793,1
-0.24947026371956,0.0018061473965645,-0.0010021850466728,1
0.084526836872101,-0.080862898379564,-0.043389476835728,1
-0.016399204730988,0.11310424655676,-0.017596744000912,1
-0.068461865186691,-0.033880271017551,-0.02903713285923,1
-0.015970766544342,-0.035183355212212,0.005583368241787,1
0.027321577072144,-0.059629965573549,-0.010228998959064,1
-0.045478522777557,-0.0029882714152336,-0.0072879269719124,1
-0.042738139629364,0.081667102873325,-0.033736549317837,1
-0.12053593993187,0.13853461295366,0.05973906069994,1
-0.12637507915497,0.12854296714067,-0.10020030289888,1
0.042749047279358,-0.065887179225683,-0.010240755975246,1
-0.12954691052437,0.18050565570593,0.12524440139532,1
-0.099607586860657,0.16746809333563,-0.017026491463184,0
-0.063994169235229,-0.040764484554529,0.012677617371082,1
-0.065573006868362,-0.012003503739834,-0.0046863183379173,1
-0.070024222135544,-0.21762324869633,-0.0049003139138222,1
-0.13558810949326,0.013820149004459,-0.053735174238682,1
-0.16174936294556,0.14222947508097,0.11437208205462,1
-0.1592498421669,-0.16220914945006,0.17069425433874,1
0.040454745292664,0.23587145656347,0.060301445424557,1
-0.18781319260597,0.067272700369358,0.15760832279921,1
0.046294093132019,-0.10836240462959,-0.074655875563622,1
-0.059923738241196,-0.042040407657623,-0.010022692382336,1
-0.06960791349411,-0.21958396583796,0.048796072602272,1
0.002072274684906,-0.19791236519814,0.0028416588902473,1
-0.17745071649551,0.12708678096533,0.073922924697399,1
0.071341812610626,0.25374870747328,0.092832066118717,1
-0.079185396432877,-0.21839534491301,0.037902019917965,1
0.034952521324158,0.12337566167116,-0.015509150922298,1
0.19589853286743,0.17903395742178,0.015531815588474,1
-0.039903938770294,0.0092712715268135,-0.0058195814490318,1
0.015119075775146,-0.10116402397398,-0.004803404211998,1
-0.13739803433418,-0.18854799121618,0.014806568622589,1
-0.083459317684174,0.2060779556632,0.070587404072285,1
0.096267879009247,-0.19184718281031,0.19232638925314,1
-0.095934718847275,-0.099890665209386,0.043553955852985,1
0.16884016990662,-0.17329880595207,0.0086249783635139,1
-0.047532260417938,-0.13706793636084,0.010131403803825,1
-0.073032081127167,-0.15080635249615,0.026597514748573,1
0.082643330097198,0.079948984086514,0.018329784274101,1
-0.2267878651619,-0.027551591396332,0.070913247764111,1
-0.10619953274727,0.077501468360424,-0.055920235812664,1
0.049696981906891,-0.10817054845393,0.0029824152588844,1
0.16500467061996,-0.24249804764986,0.099792964756489,1
-0.18020316958427,-0.11395556293428,0.14891811460257,1
0.14534491300583,-0.16231660544872,-0.086028553545475,1
-0.089051812887192,0.14508847147226,-0.057786516845226,0
0.18472790718079,0.18431972712278,0.16482851654291,1
-0.16920459270477,-0.19306246191263,0.12244804948568,1
-0.13995370268822,0.042820401489735,0.048034869134426,1
0.042924702167511,0.12876415997744,-0.040281116962433,1
-0.15602022409439,0.094264142215252,-0.062290273606777,1
-0.1068734228611,0.15122949331999,-0.016262240707874,1
-0.067819565534592,0.19203158468008,-0.06276772916317,0
-0.21259713172913,0.016015961766243,0.14879161864519,1
0.1017672419548,-0.16249030083418,-0.097307197749615,1
-0.028736412525177,0.023699127137661,-0.00099515169858932,1
-0.028269112110138,-0.19852878153324,0.11151752620935,1
-0.19816437363625,0.035272978246212,-0.0726478099823,1
0.0094009637832642,0.062319777905941,-0.010400198400021,1
-0.065192103385925,0.12197685986757,0.03864311426878,1
-0.032348811626434,-0.043405771255493,0.0064392313361168,1
0.10293424129486,0.24855830520391,-0.072388134896755,1
0.070374310016632,0.064426682889462,-0.012289278209209,1
-0.21974146366119,-0.087410763837397,0.11079559475183,1
0.0720534324646,0.2298785969615,-0.068109482526779,1
-0.08729812502861,0.0031119585037231,-0.0070137605071068,1
-0.18490391969681,0.056761331856251,-0.057338103652,1
0.11191916465759,0.25071858614683,-0.037173360586166,1
0.094735205173492,0.24263455718756,0.13905870169401,1
-0.019927442073822,-0.27370762079954,0.058824069797993,1
0.026991426944733,-0.071648973971605,-0.0010930225253105,1
-0.10819804668427,0.13658986240625,-0.026384107768536,1
0.059929966926575,0.090654127299786,-0.027008503675461,1
-0.11060664057732,0.20120014995337,0.075598917901516,1
0.0128173828125,-0.054484188556671,0.0044348761439323,1
-0.052692145109177,-0.010712005198002,-0.0067187026143074,1
-0.074189424514771,-0.054163627326488,-0.0068430975079536,1
0.066241025924683,-0.089497846551239,-0.0061374232172966,1
-0.019468545913696,0.17328291386366,0.03848685324192,1
-0.14253017306328,-0.11961845681071,0.010652028024197,1
-0.18118685483932,0.11780468374491,0.17360962182283,1
0.10695540904999,0.17217960208654,-0.076198138296604,1
0.13647294044495,-0.12114431895316,-0.087685383856297,1
0.054612755775452,0.056836806237698,-0.017999909818172,1
-0.061904817819595,-0.085194509476423,0.016365520656109,1
0.060855627059937,0.21838807314634,-0.045384168624878,1
-0.0052618980407715,0.11430101841688,-0.069960862398148,1
0.10925275087357,0.12324246019125,0.041825160384178,1
-0.015781939029694,0.22586902230978,0.0011273249983788,1
-0.15622791647911,-0.10964682791382,0.056516461074352,1
-0.0040441155433655,0.12089812010527,0.0027795359492302,1
-0.16331544518471,-0.12446947395802,0.092747859656811,1
-0.15503591299057,0.012189403176308,0.025137610733509,1
0.061693489551544,0.045609466731548,-0.0030970722436905,1
0.039714276790619,-0.094639303162694,0.012515835464001,1
-0.028611123561859,0.074774362146854,0.016390986740589,1
-0.093442052602768,0.074686877429485,0.031055726110935,1
-0.1816962659359,0.019436806440353,-0.075202383100986,1
0.077362239360809,0.095656596124172,-0.032011061906815,1
0.065283358097076,0.27609210461378,0.040407933294773,1
-0.10988339781761,0.19257035106421,0.0015042498707771,1
0.054270803928375,-0.2349469140172,-0.045231007039547,1
-0.075821995735168,0.14130199700594,0.063308916985989,1
0.066818296909332,-0.12897017970681,0.031075529754162,1
0.10323077440262,-0.085900778882205,-0.011738784611225,1
0.1021346449852,-0.24498323351145,0.12169272452593,1
-0.23621726036072,0.11962632089853,0.042106382548809,1
-0.066820681095123,0.20902033895254,0.1905527189374,1
0.11251944303513,0.11390330642462,-0.087515264749527,1
-0.01084840297699,-0.053794279694557,-0.018683612346649,1
-0.060057997703552,0.21175458282232,-0.081657022237778,1
-0.24901020526886,-0.039350088685751,0.089756317436695,1
-0.054247230291367,-0.022378407418728,0.013039059937,1
-0.0059277415275574,-0.1055253772065,-0.022085271775723,1
0.093427002429962,0.19580488651991,-0.037484854459763,1
0.026673257350922,-0.09734447626397,0.01972109824419,1
-0.17964404821396,0.073062069714069,-0.016177736222744,1
0.16785234212875,-0.15717666223645,0.13417775183916,1
-0.032547175884247,-0.24116194993258,0.17156783491373,1
-0.069908022880554,0.018313713371754,-0.039145484566689,1
-0.14537245035172,-0.17428629100323,-0.054901503026485,1
0.17168396711349,-0.1701071485877,0.11875761300325,1
0.14598405361176,0.17425467818975,-0.013806730508804,1
-0.005739688873291,-0.2829137519002,-0.031608179211617,1
-0.23372814059258,0.010981991887093,0.14813838154078,1
-0.0435751080513,-0.038286190479994,-0.008699394762516,1
0.13155549764633,-0.25300741940737,0.055437408387661,1
0.02317613363266,-0.17327101528645,0.073415629565716,1
-0.17070850729942,-0.036271877586842,-0.023237802088261,1
0.042672634124756,-0.095624557696283,0.011926181614399,1
-0.2212815284729,0.054894916713238,0.0098379328846931,1
0.062792360782623,-0.20298761874437,-0.080058589577675,1
-0.020013272762299,-0.066524095833302,-0.0077193006873131,1
-0.18539190292358,0.12672262638807,-0.016056083142757,1
-0.20137250423431,0.12653265148401,-0.0096995010972023,1
0.12802755832672,0.2443827316165,-0.023247458040714,1
-0.083413124084473,0.17983769625425,-0.097598038613796,0
0.027345240116119,0.17689128965139,-0.0024858862161636,1
0.060846388339996,-0.12285533174872,0.013375304639339,1
0.17498123645782,0.16761740297079,0.10300674289465,1
0.060161828994751,0.058546312153339,-0.013084791600704,1
0.067165732383728,-0.13402700051665,-0.03960907459259,1
0.092279613018036,-0.15550238639116,0.013383351266384,1
-0.16694891452789,-0.095228585414588,-0.011304073035717,1
0.07367479801178,0.08824285119772,0.019758954644203,1
0.073632299900055,-0.051079094409943,-0.0012915804982185,1
0.12072169780731,0.16487666219473,-0.049534603953362,1
0.13483285903931,0.24551119655371,0.1221567466855,1
-0.13605844974518,-0.1390886567533,-0.069667927920818,1
-0.11884519457817,0.17831351608038,0.078458018600941,1
0.1673498749733,-0.18419219553471,0.038135521113873,1
-0.11026751995087,0.1799726113677,0.11933692544699,1
-0.10349872708321,-0.01587700098753,0.018976517021656,1
0.018957734107971,0.22171499580145,0.10621187835932,1
0.074216663837433,0.20545767992735,0.042968049645424,1
-0.24703294038773,-0.011147759854794,0.072990022599697,1
-0.21319913864136,0.047036193311214,0.023272790014744,1
-0.242546916008,0.059718884527683,0.11304266005754,1
-0.011362731456757,-0.24378671497107,0.0083715319633484,1
0.13239747285843,0.2410753890872,0.035030581057072,1
-0.16899964213371,-0.066963110119104,-0.10005038976669,1
-0.049888491630554,-0.10291808936745,-0.07062678784132,1
-0.16719645261765,-0.092301523312926,-0.091668330132961,1
-0.061172366142273,0.039621017873287,-0.052219115197659,1
0.027339518070221,0.072350956499577,-0.030634425580502,1
-0.13141930103302,0.075927741825581,-0.045830510556698,1
0.092330753803253,-0.16503385454416,-0.084786146879196,1
-0.17441922426224,-0.12887633033097,-0.087348856031895,1
-0.24722841382027,0.064894504845142,-0.01487473398447,1
0.11552220582962,-0.21888580918312,0.071387566626072,1
-0.10759028792381,-0.023812405765057,0.021540276706219,1
-0.073543906211853,0.0093340277671814,0.024413578212261,1
-0.084182620048523,0.053076736629009,-0.033502176403999,1
0.17698550224304,-0.16045530885458,0.14313407987356,1
0.061672747135162,-0.18921925872564,0.012937255203724,1
0.009781539440155,-0.091686048544943,0.011791385710239,1
0.013327896595001,-0.060126733034849,-0.0071487948298454,1
-0.19494551420212,0.16818314045668,0.1068267300725,1
-0.066962122917175,-0.12232477217913,-0.0070508792996407,1
-0.17946410179138,-0.03751964867115,0.0087202861905098,1
-0.053310483694077,-0.10092468606308,0.019693225622177,1
-0.063683807849884,0.029335834085941,-0.0065343305468559,1
-0.02439022064209,-0.030897885560989,0.0024001523852348,1
0.054137408733368,0.19491758197546,0.21580589562654,1
-0.1242987215519,0.056360565125942,0.00048821419477463,1
-0.099998742341995,-0.23342750221491,0.10087335854769,1
-0.087754786014557,0.030185289680958,-0.071684710681438,1
0.0060237646102905,0.28964909166098,0.077252574265003,1
0.10460990667343,-0.23243276029825,0.13343477994204,1
-0.00052952766418457,0.13832157105207,-0.043595470488071,1
0.14156001806259,-0.16445209085941,0.05244230479002,1
-0.16059273481369,0.14080157130957,0.12610467523336,1
0.039987087249756,0.065787009894848,-1.9289553165436e-05,1
-0.045666635036469,0.028253637254238,-0.0061674788594246,1
-0.18616703152657,-0.11500011757016,0.12354580312967,1
-0.1728635430336,-0.20959563553333,0.0870456174016,1
0.042829811573029,-0.15651683881879,-0.093579094856977,1
-0.040388882160187,-0.17439907044172,-0.068556107580662,1
-0.063151895999908,0.047739170491695,0.0073978081345558,1
0.1139280796051,0.19902672618628,0.048649676144123,1
0.017249524593353,0.085900940001011,0.017251648008823,1
-0.1402208507061,0.041570208966732,-0.051730044186115,1
0.071729481220245,0.13625111430883,-0.013270907104015,1
-0.075594991445541,-0.083591766655445,0.016970954835415,1
0.10669058561325,-0.20159620791674,0.19200474768877,1
-0.095765441656113,-0.12659715861082,0.062026388943195,1
-0.068014919757843,0.19858434051275,-0.090397253632545,0
-0.20914942026138,0.17711820453405,-0.0015428140759468,1
0.06732976436615,0.19957184046507,0.14998511224985,1
-0.056784689426422,-0.17963799089193,-0.084219008684158,1
-0.096890032291412,0.0034231841564178,-0.015754543244839,1
-0.079330712556839,0.16441109031439,0.011622421443462,1
-0.084081828594208,-0.011241249740124,-0.051217593252659,1
-0.22663253545761,0.029216878116131,0.043972425162792,1
0.071354568004608,-0.081445280462503,-0.018774509429932,1
-0.041724860668182,0.064197398722172,-0.058857560157776,1
-0.1880050599575,-0.081237874925137,-0.037634834647179,1
0.078744173049927,0.17415689677,0.0034778565168381,1
0.14362758398056,0.15117844194174,-0.085534296929836,1
-0.052029371261597,0.011745139956474,0.0027990415692329,1
-0.05632209777832,0.14114112406969,-0.08289211243391,1
-0.11494621634483,0.18419160693884,0.081619642674923,1
0.024902880191803,-0.08048533834517,-0.02012325078249,1
-0.046346366405487,0.011730775237083,-0.0033249333500862,1
-0.033083617687225,-0.06404335796833,-0.017576180398464,1
-0.05121698975563,-0.014130085706711,0.0075132772326469,1
-0.17774793505669,0.20527621358633,-0.025974236428738,1
-0.15242817997932,-0.1666195243597,-0.065150387585163,1
0.040156602859497,0.10701485723257,-0.0046648681163788,1
-0.19442322850227,-0.00085819512605667,0.07501345127821,1
0.036751091480255,0.15004348009825,-0.094806518405676,1
0.033410668373108,0.13748269528151,0.018656045198441,1
-0.12482479214668,0.18262838572264,-0.043717540800571,0
0.11503911018372,0.130968503654,0.043307691812515,1
-0.17007046937943,0.093702383339405,0.11145394295454,1
-0.06011688709259,0.27399566024542,-0.023583516478539,1
-0.083823829889297,0.20512273162603,-0.055813521146774,0
0.067730963230133,-0.093307552393526,0.0069219395518303,1
-0.17097648978233,-0.083531752228737,0.087214820086956,1
0.010404467582703,-0.14631929993629,0.0030376240611076,1
0.089038729667664,0.18150409311056,0.223189689219,1
-0.20942401885986,-0.10281999479048,-0.086672261357307,1
0.037507653236389,-0.10280351457186,-0.065890081226826,1
0.0060848593711853,0.087974958121777,-0.044832468032837,1
-0.24882990121841,0.025898866355419,0.06388296931982,1
0.14408105611801,-0.23990691453218,-0.0029940605163574,1
-0.047144591808319,-0.020621083676815,0.0038066133856773,1
-0.066924184560776,0.10084720700979,-0.0038908794522285,1
-0.21753564476967,0.055638588964939,-0.022623546421528,1
-0.011063098907471,-0.2425134703517,-0.0086651891469955,1
-0.019354462623596,0.11725673824549,0.0027020052075386,1
0.090742170810699,-0.19600465893745,-0.04084425419569,1
0.038658082485199,-0.12051561661065,0.0040993168950081,1
-0.1018397808075,-0.1937081515789,-0.07601510733366,1
-0.21473875641823,0.02569866925478,0.075394310057163,1
0.10624170303345,0.13924973458052,0.044487655162811,1
-0.015486478805542,0.10770747810602,-0.060028955340385,1
-0.055258601903915,0.14399629086256,0.055889219045639,1
-0.054179906845093,-0.14979301765561,0.036593481898308,1
-0.16959020495415,-0.046853624284267,0.034775026142597,1
0.031169295310974,0.24127718061209,0.086740858852863,1
-0.046965301036835,-0.010445959866047,-0.0011486634612083,1
-0.0018535852432251,0.15462594479322,0.012934751808643,1
0.046069979667664,-0.067449823021889,0.001325823366642,1
-0.081576347351074,0.2313214763999,-0.054224975407124,0
-0.066392242908478,0.22093149274588,0.053661093115807,1
-0.25341662764549,-0.063340909779072,0.099289663136005,1
-0.19072836637497,-0.14643638581038,0.026291437447071,1
0.073496282100677,0.13709706813097,0.044326968491077,1
-0.10798594355583,0.020659171044827,-0.033914931118488,1
-0.16250339150429,-0.016578689217567,-0.0037244781851768,1
-0.036199748516083,0.031551368534565,-0.0099828913807869,1
0.098113000392914,-0.25526536256075,0.064921520650387,1
-0.1415673494339,0.14700166136026,0.16016390174627,1
0.0027247667312622,0.20712321251631,0.2103965356946,1
-0.22601720690727,-0.091564843431115,-0.048301972448826,1
-0.068006992340088,0.15265753120184,0.052991814911366,1
-0.078306883573532,0.10400197654963,-0.090568765997887,1
0.0824334025383,-0.10873436182737,0.024889916181564,1
0.083297729492188,0.20795430988073,0.0096635222434998,1
-0.13849520683289,0.17314257472754,0.073892377316952,1
-0.041625142097473,0.17733343690634,0.0053478255867958,1
0.093752324581146,-0.11231662984937,0.038025923073292,1
-0.060143649578094,0.20216955989599,0.10810411721468,1
-0.20631808042526,0.044776298105717,-0.046619787812233,1
-0.12571048736572,0.034972332417965,0.033099927008152,1
-0.16860020160675,0.039032690227032,0.012745939195156,1
-0.08052197098732,-0.18517560511827,0.046940229833126,1
0.082210123538971,-0.23729778081179,0.15072379261255,1
-0.034113883972168,0.16085761040449,-0.092394091188908,1
0.13213437795639,-0.10890813544393,-0.056104756891727,1
-0.089550256729126,-0.13002931326628,0.068398110568523,1
0.12921315431595,-0.16823799908161,-0.033254407346249,1
-0.20158433914185,0.064190559089184,0.062785692512989,1
0.050180494785309,0.18244852870703,-0.086035348474979,1
-0.075275838375092,0.2035156711936,0.029275201261044,1
-0.051032066345215,0.08770377188921,-0.026817686855793,1
0.026627361774445,-0.12388972565532,0.032843597233295,1
0.10026913881302,0.16130074113607,0.068597108125687,1
-0.10773399472237,-0.23501837998629,-0.0081270113587379,1
-0.066102623939514,0.13946711272001,0.0135532990098,1
0.11538487672806,0.15096005052328,0.064444467425346,1
-0.092434108257294,0.14920415729284,-0.080823831260204,0
-0.075792104005814,-0.18440295010805,0.18373388797045,1
0.016644954681396,-0.23982205241919,0.12963560968637,1
-0.091607660055161,0.22213753312826,-0.0019756183028221,1
0.053573966026306,-0.26346004754305,0.094510741531849,1
0.13675171136856,-0.22305124998093,-0.006524883210659,1
-0.10214710235596,0.16608675569296,0.063923589885235,1
-0.15118852257729,0.13560404628515,0.14650870114565,1
-0.10848772525787,0.064331002533436,0.017882145941257,1
-0.25065818428993,0.051394276320934,0.10000608116388,1
0.15560507774353,-0.18958028405905,0.1211880967021,1
0.017332911491394,0.12341443449259,-0.042254559695721,1
0.064735949039459,0.085558675229549,-0.015974678099155,1
0.10802590847015,0.19750114530325,-0.038658805191517,1
-0.23321834206581,0.03823471814394,0.05942340940237,1
0.058317124843597,0.27262067049742,0.051933012902737,1
-0.0085041522979736,-0.21230059117079,0.087909795343876,1
-0.11931300163269,0.19874193519354,0.0032632425427437,1
0.0032350420951843,-0.059127327054739,-0.0099050477147102,1
0.14555692672729,0.22026523202658,0.11771225184202,1
0.00031417608261108,-0.1676228120923,0.04519310593605,1
0.059482276439667,-0.2374926880002,-0.034967742860317,1
0.074877083301544,0.074316047132015,0.0082636252045631,1
-0.064894109964371,0.018315657973289,-0.035517372190952,1
0.066114604473114,-0.087214518338442,-0.049636214971542,1
-0.0046098232269287,-0.084282293915749,-0.019377738237381,1
-0.043901324272156,-0.25302443653345,0.13368869572878,1
-0.021351337432861,-0.093299081083387,0.014110811054707,1
0.073542535305023,-0.050066232681274,0.00095485895872116,1
0.18054682016373,-0.20925302058458,-0.058827914297581,1
-0.034456551074982,-0.031831301748753,0.0023866817355156,1
-0.06750762462616,0.10556260496378,-0.034114740788937,1
0.12151002883911,-0.15848103538156,0.022621311247349,1
0.028833746910095,-0.20791281759739,0.094703264534473,1
-0.088502734899521,0.26840456575155,0.057245634496212,1
-0.13340970873833,0.23243051022291,0.017096526920795,1
0.03452605009079,-0.15601669996977,-0.015575394034386,1
-0.060832262039185,-0.10924677830189,0.00054499506950378,1
-0.05252081155777,0.22670026868582,0.094622619450092,1
-0.0086033344268799,-0.081045839935541,-0.017098419368267,1
-0.081580340862274,0.021948218345642,0.022601269185543,1
0.09650856256485,-0.13852942362428,0.026526883244514,1
0.15252375602722,0.26339068263769,0.067901819944382,1
0.099479615688324,0.20970454066992,0.18319130688906,1
0.14048558473587,-0.2256433442235,0.06602081656456,1
0.015890002250671,0.15576090663671,0.035610817372799,1
-0.19359594583511,-0.096162654459476,0.019022680819035,1
-0.11269229650497,-0.038073934614658,-0.032854430377483,1
-0.031031310558319,-0.011133708059788,-0.0049575790762901,1
-0.083712548017502,0.13802663236856,-0.09947357326746,0
-0.1124125123024,-0.018456563353539,0.028492026031017,1
0.058417737483978,0.17569916695356,-0.064498752355576,1
-0.15599316358566,-0.14637783914804,0.18405429273844,1
-0.015222012996674,0.22611498087645,-0.084021881222725,1
-0.099295020103455,0.018790870904922,0.0046779289841652,1
0.12532240152359,-0.23736622184515,-0.0057524219155312,1
-0.00727778673172,-0.077868849039078,0.0039704293012619,1
0.026462197303772,0.14014550298452,0.037939578294754,1
0.0066567659378052,0.1034911647439,-0.011847369372845,1
0.11804056167603,0.097376234829426,-0.069557197391987,1
-0.022081971168518,0.11482752114534,-0.037088520824909,1
-0.015739619731903,0.16281219571829,0.025119908154011,1
0.0058037638664246,-0.2223062068224,-0.082646556198597,1
0.061942875385284,-0.19198133051395,-0.06947386264801,1
0.087623417377472,-0.2658758237958,0.020976208150387,1
-0.17333018779755,-0.20000571012497,0.0054124221205711,1
-0.11643669009209,-0.15161093696952,0.039224378764629,1
-0.040778040885925,-0.13467349484563,-0.083590798079967,1
0.17241507768631,-0.15787138789892,-0.032142408192158,1
0.12170904874802,-0.13413202390075,0.054729945957661,1
-0.16074767708778,-0.11109730042517,0.082358501851559,1
-0.21960827708244,0.0058255568146706,0.017749853432178,1
-0.001413106918335,-0.23998769372702,0.029684968292713,1
0.076435565948486,-0.16970883309841,-0.048166908323765,1
0.12272733449936,-0.1449420787394,0.075065933167934,1
-0.15843436121941,-0.077023113146424,0.061440922319889,1
0.0029526352882385,0.060198791325092,0.0054746121168137,1
-0.028792798519135,-0.046351317316294,-0.027157001197338,1
-0.043908357620239,-0.18777550756931,0.04037394374609,1
-0.13757193088531,-0.1601409688592,0.037271104753017,1
-0.09356027841568,0.062922783195972,0.030421353876591,1
0.07736611366272,0.11021561175585,-0.055709525942802,1
-0.050797820091248,0.23434358090162,-0.064377523958683,1
-0.043235599994659,0.11033371835947,0.036273099482059,1
-0.10848453640938,0.097225807607174,0.017864964902401,1
-0.053405314683914,-0.10895628668368,0.029786802828312,1
-0.13687306642532,0.081562958657742,0.075779281556606,1
-0.085552036762238,-0.25436673313379,0.056808173656464,1
-0.14243137836456,-0.007111944258213,-0.09646912664175,1
-0.057868510484695,0.10027503222227,0.021800808608532,1
-0.0062045454978943,0.17640357464552,0.07521203905344,1
0.12158787250519,0.21791719645262,-0.020860940217972,1
0.052972197532654,-0.25815329700708,-0.055502973496914,1
-0.09758248925209,-0.21954151988029,-0.08445168286562,1
-0.019473493099213,-0.1695531308651,-0.0073561146855354,1
0.19694286584854,0.20023977011442,-0.046670101583004,1
0.10216683149338,-0.14930779114366,-0.035116463899612,1
-0.089851349592209,-0.003215603530407,0.012924008071423,1
-0.14738667011261,0.081990070641041,-0.058345139026642,1
-0.024358928203583,-0.27244157344103,-0.030147865414619,1
0.045623898506165,0.2280041500926,0.12801075726748,1
0.16469752788544,0.1614875420928,0.08040276914835,1
-0.050159156322479,0.064166970551014,-0.023284338414669,1
-0.072823464870453,-0.098617708077654,-0.037334240972996,1
-0.076447278261185,-0.18731387704611,0.13119178265333,1
-0.22027063369751,-0.06376139819622,0.1391768231988,1
0.087363719940186,-0.11692552268505,0.021193951368332,1
0.083626985549927,0.11164458841085,-0.055694930255413,1
0.13052195310593,-0.13754018396139,0.036047346889973,1
-0.16114944219589,-0.11690210364759,-0.091211661696434,1
0.093381762504578,-0.16191052645445,-0.046680398285389,1
-0.21287268400192,0.015036761760712,-0.048670299351215,1
0.053970038890839,-0.11151152011007,-0.056250832974911,1
-0.099770307540894,0.16753505915403,0.0038680657744408,1
-0.036811411380768,-0.18931692093611,0.075819201767445,1
-0.0138298869133,-0.094890057574958,0.0027667060494423,1
-0.18944725394249,-0.030617766082287,0.12896820157766,1
-0.098013877868652,0.093242757022381,0.024994350969791,1
0.050307750701904,0.15027364343405,0.042984984815121,1
0.066117107868195,-0.24222926050425,-0.016232021152973,1
-0.1930183172226,0.11644374579191,-0.047108612954617,1
-0.17250645160675,0.10777410119772,-0.053299054503441,1
-0.1971877515316,-0.1638592928648,0.095165722072124,1
0.10344439744949,-0.19114774465561,0.10675508528948,1
-0.089405834674835,-0.17306527495384,0.044648870825768,1
-0.17226520180702,-0.069263715296984,0.13647236675024,1
-0.18828985095024,0.15804799646139,0.090914689004421,1
0.20263934135437,-0.18389178812504,0.10647120326757,1
-0.23749521374702,0.063053004443645,-0.070986792445183,1
0.079601645469666,-0.24236085265875,0.010477878153324,1
0.023779511451721,-0.077938174828887,0.010122768580914,1
-0.11313790082932,-0.055268928408623,0.030816905200481,1
0.088171064853668,0.20712139457464,-0.069076165556908,1
-0.09615495800972,0.18239521235228,-0.064623408019543,0
-0.11801463365555,0.0059579759836197,0.0017927512526512,1
-0.073777765035629,-0.091157431714237,-0.032051108777523,1
-0.13012534379959,0.089368499815464,-0.071756310760975,1
-0.044117033481598,0.04277379065752,0.01778332144022,1
-0.10761135816574,0.22436448186636,0.11040204018354,1
-0.13419610261917,-0.16458830982447,-0.014583982527256,1
-0.042567253112793,-0.17400808632374,-0.040182419121265,1
-0.14617970585823,0.13428334146738,0.18446794897318,1
0.00022739171981812,-0.09319054428488,-0.0075762644410133,1
-0.16822898387909,0.012614630162716,-0.024376533925533,1
0.10943812131882,-0.15376655012369,0.072498418390751,1
-0.20558059215546,0.14389691501856,0.096596322953701,1
0.051639318466187,-0.073430905118585,-0.025064632296562,1
0.011521339416504,0.24991958588362,0.079681225121021,1
0.10628265142441,0.22481881827116,-0.055513300001621,1
-0.032282412052155,-0.041104011237621,-0.0094326660037041,1
-0.12885102629662,0.12687512487173,0.12954790145159,1
-0.083858877420425,-0.07315475307405,-0.06091221421957,1
-0.2378878891468,-0.11848187632859,0.048512600362301,1
0.019072711467743,0.17478533834219,-0.094973132014275,1
-0.21657407283783,0.079437933862209,0.14137277752161,1
0.069914996623993,-0.045843951404095,-0.0043735727667809,1
-0.12711608409882,0.17218365520239,0.0061061307787895,1
0.0088130831718445,0.19292172044516,-0.0015158802270889,1
0.090321123600006,-0.22563890367746,0.0097030773758888,1
0.093370974063873,-0.13278139010072,0.016001515090466,1
-0.10512062907219,-0.036196067929268,0.027199201285839,1
-0.085309445858002,-0.019928313791752,0.018801517784595,1
-0.065183013677597,-0.048456519842148,-0.036675207316875,1
0.13990527391434,-0.15438877418637,0.051692552864552,1
-0.17843255400658,0.1720751747489,-0.021828658878803,1
-0.012680113315582,-0.078914742916822,0.0099501982331276,1
-0.22402304410934,0.06561391800642,0.10867016762495,1
-0.10137802362442,0.13221114128828,0.041200794279575,1
-0.10633811354637,-0.1265079844743,-0.00011765211820602,1
-0.15320861339569,-0.16343906521797,0.071383662521839,1
-0.039227247238159,0.15152709931135,-0.052516140043736,1
-0.10246720910072,-0.21763911098242,-0.019233301281929,1
-0.16385406255722,0.016241788864136,0.042944215238094,1
-0.21555012464523,0.064976759254932,0.040631227195263,1
0.020805478096008,-0.10826354846358,-0.0026160553097725,1
-0.076369792222977,-0.045347835868597,-0.012835569679737,1
0.12450224161148,0.12890193611383,-0.074633754789829,1
-0.11800208687782,0.057428233325481,0.0064394846558571,1
-0.018209159374237,-0.035581856966019,-0.0015854462981224,1
-0.20115253329277,0.1034180149436,0.072400532662868,1
-0.16495227813721,0.050865106284618,0.011845745146275,1
0.0092193484306335,0.16302829235792,0.0062462314963341,1
-0.13932999968529,-0.062228105962276,-0.00063449889421463,1
-0.15995079278946,-0.045956648886204,-0.067958049476147,1
-0.099954545497894,-0.22437307238579,0.12707752734423,1
0.028097748756409,0.071479432284832,-0.02623775601387,1
-0.19115361571312,-0.15457792952657,0.04969846457243,1
-0.064130932092667,0.1353512480855,-0.07363236695528,1
0.10431450605392,-0.18109201639891,-0.088272266089916,1
-0.045217514038086,0.24204655736685,0.055989012122154,1
-0.044859230518341,-0.0083262994885445,0.0025824531912804,1
0.00022870302200317,0.083182029426098,0.0074374303221703,1
-0.21683156490326,-0.1156202647835,0.11717440932989,1
-0.052102863788605,0.051977150142193,-0.051370956003666,1
-0.1005477309227,0.032450251281261,0.035938657820225,1
0.089912891387939,0.084777168929577,-0.0161467269063,1
0.099432349205017,0.19174792617559,-0.051710166037083,1
-0.02817040681839,-0.19288483262062,0.0048368573188782,1
-0.18008452653885,-0.18132898956537,0.12993460148573,1
0.073783040046692,0.23647286742926,0.058980993926525,1
-0.16525906324387,0.16071035712957,0.011341698467731,1
-0.073540568351746,0.037614412605762,0.023354046046734,1
0.041524648666382,0.18404465168715,-0.088710777461529,1
0.016697585582733,0.087452404201031,-0.027194865047932,1
-0.14186716079712,0.12525451928377,0.059068255126476,1
-0.16831505298615,0.012927949428558,-0.062795795500278,1
0.089325606822968,0.15870120376348,-0.079174146056175,1
0.085681736469269,-0.27500525861979,0.030873686075211,1
0.093789398670197,-0.098444008966908,0.025231547653675,1
0.1210760474205,0.11999770253897,-0.018504537642002,1
-0.045500636100769,0.091351993381977,-0.052361391484737,1
0.16578537225723,-0.19110123813152,-0.049789048731327,1
0.1091216802597,0.23333521932364,-0.038975708186626,1
0.058883905410767,0.26545371860266,0.076387219130993,1
-0.20439755916595,0.017619498074055,-0.0069962218403816,1
0.06997686624527,-0.080699553713202,-0.019177421927452,1
-0.15091919898987,0.10635764151812,-0.059232227504253,1
0.12395650148392,-0.12959385290742,-0.069868303835392,1
0.16592919826508,0.15616404265165,0.089921288192272,1
-0.17258334159851,0.12419297546148,0.049346499145031,1
-0.039054572582245,-0.23576483875513,0.16034222394228,1
-0.037730753421783,0.23786210268736,-0.085132926702499,1
0.13696992397308,0.19639744609594,0.035921864211559,1
0.18079125881195,-0.20720579475164,0.016725070774555,1
-0.21764197945595,0.10364306718111,0.041972123086452,1
-0.19515538215637,0.14834203571081,0.054794378578663,1
0.031792342662811,-0.22156523913145,-0.062780417501926,1
-0.17486250400543,0.086879707872868,0.17616564780474,1
-0.17011299729347,0.036303482949734,0.066640354692936,1
0.010961592197418,-0.10236664209515,0.010011836886406,1
-0.1788692176342,-0.087716724723577,-0.048863463103771,1
-0.14273852109909,-0.11332633532584,-0.056248851120472,1
0.1503284573555,-0.178292542696,0.010621778666973,1
0.060656487941742,-0.17845917493105,-0.083308391273022,1
-0.20986720919609,-0.0009770393371582,0.086595930159092,1
-0.16097700595856,0.063063658773899,-0.0028425380587578,1
-0.03445965051651,0.076485656201839,0.020754836499691,1
0.095410645008087,-0.2019581720233,0.033611036837101,1
-0.175278455019,-0.17714423686266,0.0034773424267769,1
-0.18459713459015,0.094322331249714,0.1036449894309,1
0.023662269115448,0.15926118940115,-0.026552237570286,1
0.16983360052109,-0.15941065177321,-0.0059139505028725,1
-0.022870182991028,-0.18192297965288,0.049628473818302,1
-0.059656858444214,-0.18491990119219,0.036384738981724,1
-0.22229835391045,-0.00027360022068024,0.14866235107183,1
-0.20172327756882,-0.1411112062633,0.041801042854786,1
-0.14586865901947,0.094661228358746,-0.059161521494389,1
0.033471405506134,0.078982762992382,-0.015565469861031,1
0.12738740444183,0.1258160546422,0.058543898165226,1
-0.17703288793564,0.13843851536512,0.11715602129698,1
-0.24007964134216,-0.10674742935225,-0.017958737909794,1
-0.081989347934723,0.23685278743505,-0.046919636428356,0
0.12236362695694,-0.11764122731984,-0.062689192593098,1
-0.16588562726974,-0.076446184888482,-0.045681536197662,1
-0.11310943961143,-0.17975293844938,-0.077779665589333,1
-0.16998159885406,0.068790636956692,0.07981201261282,1
-0.16648092865944,0.094985462725163,0.026750050485134,1
0.014276087284088,-0.21996659040451,-0.093773983418941,1
-0.065879106521606,0.2089167162776,0.14287603646517,1
-0.17781725525856,-0.14113612473011,0.053406976163387,1
-0.18616408109665,-0.044430460780859,0.13937722891569,1
0.080297648906708,0.11756128817797,0.012101329863071,1
-0.10787639021873,0.23693277686834,0.01924505084753,1
-0.16063514351845,-0.084794744849205,-0.0138985440135,1
-0.19839921593666,-0.074520723894238,-0.0041667446494102,1
-0.068561524152756,-0.18381953239441,0.11575604230165,1
-0.021266758441925,-0.048135526478291,-0.0042712762951851,1
0.11631453037262,-0.17415147274733,0.009607344865799,1
-0.036336481571198,-0.069997573271394,-0.0076398923993111,1
0.15962171554565,0.22845800966024,0.13392031937838,1
0.011269986629486,-0.18873316049576,0.041308484971523,1
-0.042136907577515,-0.074631035327911,0.022016160190105,1
0.013382434844971,-0.084584245458245,0.006661057472229,1
0.035991013050079,-0.12857298925519,-0.056700117886066,1
-0.068420350551605,-0.010977312922478,-0.041848413646221,1
-0.067308515310287,-0.023397400975227,-0.024860620498657,1
-0.13561716675758,-0.11097451299429,-0.017654217779636,1
0.11759036779404,-0.18323454260826,0.067334167659283,1
-0.19239297509193,-0.069751884788275,-0.014035858213902,1
-0.065350145101547,-0.15050882101059,-0.05650207400322,1
-0.10096144676208,0.036189518868923,-0.058870933949947,1
-0.11773064732552,-0.20573464035988,0.078810967504978,1
-0.10049837827682,-0.079733701422811,-0.072389297187328,1
0.097029983997345,0.12206017225981,0.038028098642826,1
-0.013553202152252,-0.15164244547486,-0.058329373598099,1
-0.24338260293007,-0.092009889893234,0.080316044390202,1
0.066159844398499,0.21596210449934,0.17554575949907,1
-0.10313874483109,0.052603758871555,-0.010213576257229,1
-0.094614744186401,-0.16292721778154,0.11075089126825,1
0.074214339256287,-0.18434551358223,-0.040803737938404,1
-0.013680577278137,0.094239391386509,-0.042339727282524,1
0.054125726222992,-0.12025042995811,-0.019962690770626,1
0.059948921203613,0.067622728645802,0.0053946822881699,1
-0.039618015289307,-0.048105798661709,0.010998986661434,1
-0.22037300467491,-0.012691214680672,0.076199136674404,1
0.050976276397705,0.26562424749136,-0.033160619437695,1
-0.087777972221375,-0.16002136841416,0.1047402843833,1
-0.0012402534484863,-0.085614245384932,-0.024322733283043,1
-0.1986488699913,0.026971615850925,0.16527383774519,1
-0.064000338315964,-0.20053160190582,-0.038488708436489,1
0.095416188240051,0.23876833170652,0.090279050171375,1
0.087323606014252,0.071904085576534,-0.0067762434482574,1
-0.027239859104156,-0.045002225786448,0.004992239177227,1
0.14550459384918,0.21448694914579,-0.03346461802721,1
0.14413458108902,-0.26735378056765,0.035160578787327,1
-0.020260155200958,-0.25587306171656,-0.078168079257011,1
0.012431025505066,0.1180060133338,0.0029547512531281,1
-0.17141717672348,0.16912826150656,0.031714282929897,1
0.022724509239197,-0.095022778958082,-0.0049061626195908,1
-0.11814177036285,-0.14648636430502,-0.0046752318739891,1
-0.010422170162201,-0.24994204193354,0.059751398861408,1
0.074126362800598,0.26412688940763,0.10784257203341,1
-0.071543365716934,-0.17464528977871,0.19772431999445,1
0.0008995532989502,0.057033605873585,-0.004493273794651,1
0.073083817958832,-0.2860841229558,0.028793506324291,1
0.13855916261673,-0.21314805746078,0.16391045600176,1
-0.011258542537689,-0.23576108366251,0.06124871969223,1
-0.036628127098083,-0.032444901764393,0.0031639263033867,1
-0.20302486419678,0.093081705272198,0.12406388670206,1
-0.069651663303375,-0.012549489736557,0.012538738548756,1
-0.10422852635384,-0.16670094430447,0.033587008714676,1
-0.034227728843689,-0.081930495798588,0.018091090023518,1
-0.10737124085426,0.11926179379225,-0.039622433483601,1
0.085808336734772,-0.071907477453351,-0.059357583522797,1
0.074040174484253,-0.11395820230246,-0.012687869369984,1
-0.12554460763931,0.12328151613474,-0.067403964698315,1
-0.090718924999237,0.074638821184635,-0.02030660957098,1
-0.17308124899864,-0.12176071479917,0.048461385071278,1
-0.12798967957497,-0.1625786498189,0.16163908690214,1
-0.14498507976532,-0.078089103102684,-0.050825208425522,1
-0.082764059305191,0.083404533565044,-0.0019400343298912,1
-0.033085763454437,-0.16452523320913,0.023371443152428,1
0.046803951263428,0.22824304550886,-0.056635290384293,1
0.15845119953156,-0.14535731822252,-0.021969206631184,1
-0.16862869262695,0.027286268770695,-0.042512074112892,1
-0.10646712779999,-0.0064906552433968,-0.04742219299078,1
0.075012922286987,-0.19685887545347,-0.088707726448774,1
0.052311480045319,-0.20590057969093,0.12479900568724,1
-0.003160297870636,0.26106747239828,0.065602749586105,1
0.0024540424346924,-0.068847086280584,-0.016271218657494,1
0.16797059774399,0.18644764274359,-0.026048272848129,1
-0.10167142748833,-0.16002162918448,0.069534838199615,1
-0.10247564315796,-0.20802687853575,0.13398467749357,1
-0.10913783311844,0.042487792670727,0.001365564763546,1
0.08311539888382,-0.18650858849287,0.008314348757267,1
0.051188409328461,0.12750387936831,-0.081515528261662,1
0.12483906745911,-0.23348671942949,0.1443852558732,1
-0.2029795050621,0.096026368439198,0.16218379884958,1
-0.17892763018608,-0.090152864344418,0.027355514466763,1
0.017379403114319,0.13405229896307,0.011243477463722,1
0.043367087841034,-0.16847918182611,-0.00034981966018677,1
-0.019097864627838,-0.10139411082491,-0.024152971804142,1
-0.064747333526611,0.048685900866985,0.0037625506520271,1
-0.038335740566254,-0.032660074532032,0.006744809448719,1
-0.17797493934631,0.046249754726887,-0.067868873476982,1
-0.067284196615219,0.092080302536488,-0.042368642985821,1
-0.023058116436005,0.17876198142767,-0.090566597878933,1
0.20120686292648,-0.18844006210566,0.023912914097309,1
0.08517187833786,-0.075881641358137,0.02076717466116,1
-0.15216666460037,0.08448076993227,0.098826475441456,1
-0.049998641014099,0.11129290610552,0.010530181229115,1
0.070864379405975,0.26227330416441,-0.039717935025692,1
0.18958473205566,-0.24336043745279,0.0018779560923576,1
-0.098804444074631,0.22647850960493,0.14332885295153,1
0.11252611875534,0.21165850013494,-0.055160872638226,1
0.056110799312592,-0.21260198205709,0.10617343336344,1
-0.065944731235504,-0.22472655028105,0.14328632503748,1
-0.097875684499741,-0.045817695558071,-0.0080260410904884,1
0.057309150695801,0.17492853850126,0.077729098498821,1
-0.0018181204795837,-0.25938280671835,0.15302140265703,1
0.083085477352142,-0.18746291100979,0.010247774422169,1
-0.0072769522666931,-0.21806421130896,0.082022376358509,1
-0.17405197024345,-0.014471277594566,0.104043148458,1
0.12842226028442,-0.20282878726721,0.19012320786715,1
-0.041341722011566,0.05719443410635,0.015649177134037,1
-0.14318513870239,-0.18500626832247,-0.0087403729557991,1
-0.21793863177299,0.0096738785505295,0.080176942050457,1
-0.071543455123901,-0.10327405971475,-0.024256639182568,1
-0.1446373462677,0.090810604393482,0.077019698917866,1
-0.12970393896103,-0.013505898416042,-0.0066219344735146,1
-0.12642312049866,-0.05723949894309,-0.034738339483738,1
-0.027753412723541,-0.050621941685677,-0.011812098324299,1
-0.018303215503693,-0.045612726360559,-0.0091172978281975,1
0.12097203731537,0.11473774164915,-0.0018951743841171,1
-0.053800374269485,0.17088171094656,0.077108837664127,1
-0.050033986568451,0.09192518144846,-0.059640325605869,1
0.020672738552094,0.068914286792278,0.0010217279195786,1
-0.030572712421417,0.11176144331694,-0.0053753778338432,1
0.21333080530167,-0.22531724721193,0.020432569086552,1
0.096294462680817,-0.15574980154634,0.021482728421688,1
-0.12092924118042,0.20421912521124,-0.035494722425938,0
-0.12199506163597,-0.13065208494663,-0.032030008733273,1
-0.18373483419418,0.15425761789083,0.081170000135899,1
-0.13602685928345,0.016458459198475,0.058171682059765,1
-0.10962724685669,-0.007149301469326,-0.062728218734264,1
-0.20300084352493,0.058915205299854,-0.085357286036015,1
-0.14130365848541,-0.079942967742682,0.012520112097263,1
-0.070863962173462,0.069847576320171,-0.072063691914082,1
0.047550976276398,-0.093798158690333,0.0013365522027016,1
-0.11499774456024,-0.10485972231254,0.076907359063625,1
-0.18836548924446,-0.082927107810974,-0.02751687169075,1
-0.084483325481415,-0.10395650472492,0.051825352013111,1
-0.12151584029198,-0.15712283924222,0.025121442973614,1
-0.037484109401703,-0.042282491922379,-0.0019671693444252,1
0.026638567447662,-0.21121416985989,0.06677869707346,1
0.070510149002075,0.22001796215773,0.1622162386775,1
0.074943661689758,0.21189381927252,0.081714741885662,1
-0.011792719364166,-0.1104199718684,-0.037391595542431,1
-0.019593298435211,0.19504981487989,0.040926769375801,1
0.032060563564301,0.26697897166014,0.047739073634148,1
-0.013097643852234,-0.060845799744129,-0.010289691388607,1
-0.10989186167717,0.070833094418049,-0.03386614471674,1
0.056603372097015,-0.24495662003756,0.063979990780354,1
-0.0010923147201538,0.13664681464434,-0.076426759362221,1
0.12664389610291,0.19199987500906,-0.051539234817028,1
-0.044952154159546,0.038071237504482,-0.016531981527805,1
-0.20668077468872,0.092168398201466,0.074459813535213,1
-0.011061668395996,0.08628735691309,0.0018265396356583,1
0.062202930450439,-0.25918897241354,0.14056307822466,1
-0.0028771162033081,0.069080732762814,-0.021131187677383,1
-0.076888352632523,0.24662014096975,0.11602554470301,1
0.080003499984741,0.063415862619877,-0.011537685990334,1
-0.0054085850715637,-0.26036121696234,0.018831349909306,1
0.001911461353302,-0.20275636017323,0.063439033925533,1
-0.13695606589317,-0.00027133524417877,0.060513742268085,1
0.089603006839752,-0.22558394819498,0.17834734171629,1
-0.048677742481232,0.16864570230246,0.032802924513817,1
-0.0099408626556396,0.060630954802036,0.0031256228685379,1
0.034537434577942,0.16999565809965,-0.0099535137414932,1
-0.22023829817772,0.11402563005686,0.05328094214201,1
-0.072128355503082,-0.049679879099131,-0.063234031200409,1
-0.15780076384544,0.15769328922033,-0.024183876812458,1
0.18221181631088,-0.18997095525265,0.16860613971949,1
-0.087129712104797,0.18544184416533,0.080340825021267,1
-0.14801898598671,0.012537620961666,0.043438248336315,1
0.029473602771759,-0.14937330409884,0.0039009302854538,1
-0.12129521369934,0.0083182156085968,0.00036335736513138,1
0.052675545215607,-0.14144938066602,-0.064566217362881,1
-0.036698818206787,0.17133300751448,0.057666659355164,1
-0.16570022702217,-0.14356410875916,-0.076234303414822,1
-0.19687503576279,0.096633918583393,-0.04438704252243,1
-0.19194880127907,0.072902776300907,0.10149358958006,1
0.10149496793747,-0.10456622112542,-0.056254081428051,1
0.13194435834885,-0.11663609743118,0.058659739792347,1
-0.17491441965103,0.096418060362339,-0.040547490119934,1
0.11566144227982,-0.2303567007184,0.029742136597633,1
0.0048030018806458,0.076545305550098,-0.0046769231557846,1
0.047201156616211,0.20748787373304,0.21307525783777,1
-0.014073729515076,0.24498980492353,-0.086767256259918,1
-0.10274019837379,0.12033357471228,0.037605918943882,1
0.14183014631271,-0.18919943273067,0.029461093246937,1
0.044222414493561,-0.23437093943357,0.1059587225318,1
0.019125521183014,-0.11761545389891,0.02146639674902,1
0.0083962678909302,-0.25285644084215,-0.039696551859379,1
0.10203981399536,-0.13548791408539,-0.032974749803543,1
-0.074766516685486,0.18679770082235,0.10122714191675,1
-0.020451009273529,0.19995560497046,0.12661538273096,1
-0.006255030632019,-0.07401374541223,-0.031306862831116,1
0.036382257938385,0.086048178374767,0.0062722191214561,1
0.13438075780869,0.23902489989996,0.049694873392582,1
-0.15698778629303,0.18243684619665,0.02261333912611,1
0.00086933374404907,0.079974673688412,-0.018539540469646,1
0.032498598098755,0.20318626612425,0.20973671227694,1
-0.21623775362968,-0.097295484505594,0.035166718065739,1
-0.14444482326508,-0.1668858602643,0.068840019404888,1
-0.22612065076828,0.054192222654819,-0.045817352831364,1
-0.21776279807091,-0.011576056480408,0.15425009280443,1
-0.0072912573814392,-0.10018369992031,-0.055185459554195,1
0.1027016043663,-0.24371392279863,-0.087257042527199,1
0.032809555530548,-0.19056984782219,-0.053120695054531,1
0.089379131793976,0.27230810374022,-0.020906217396259,1
0.030944645404816,-0.089612927287817,-0.03302326798439,1
-0.17140701413155,-0.015391357243061,0.079927124083042,1
0.014666557312012,0.22063788026571,-0.089365195482969,1
0.1753723025322,0.24060877412558,-0.034421339631081,1
-0.073753386735916,-0.010885886847973,-0.02352050691843,1
-0.22792735695839,-0.030407086014748,-0.0097091421484947,1
-0.089777618646622,-0.080092331394553,0.010609082877636,1
-0.12550801038742,0.081559367477894,-0.099263153970242,1
-0.2047244310379,0.068742416799068,-0.019945792853832,1
0.10199052095413,-0.081345019862056,-0.00021252781152725,1
-0.19459581375122,-0.12495731562376,0.10508557409048,1
0.042380928993225,-0.20677225291729,0.055438637733459,1
-0.022624790668488,-0.057507634162903,-0.0051627159118652,1
-0.18297058343887,0.084548957645893,0.19627172499895,1
-0.12136968970299,0.17531641572714,-0.022138200700283,0
-0.141581594944,0.017684832215309,0.0017770603299141,1
-0.049426734447479,0.031783051788807,-0.031798608601093,1
0.13893014192581,-0.1730052754283,-0.097668327391148,1
-0.11795836687088,-0.15978218987584,0.035704232752323,1
-0.08040463924408,-0.059520192444324,-0.065839618444443,1
-0.004058301448822,0.10910940915346,-0.0089868828654289,1
-0.042320549488068,-0.063483487814665,0.0062854215502739,1
0.045066654682159,0.086993418633938,0.0013036504387856,1
-0.16994428634644,-0.048784680664539,-0.070518374443054,1
0.026834726333618,-0.10118980484549,0.013754911720753,1
-0.064922660589218,-0.12632855959237,-0.04484935104847,1
-0.028965473175049,-0.2536943629384,0.058174297213554,1
-0.11514675617218,0.071183554828167,0.046853236854076,1
0.056471168994904,0.050802998244762,-0.0027102455496788,1
-0.012011349201202,0.25504448264837,0.14889381080866,1
0.17177039384842,-0.23270108550787,0.073173217475414,1
-0.017544329166412,-0.079264583066106,0.018668487668037,1
0.088312923908234,-0.15090930089355,-0.040578551590443,1
-0.19739553332329,0.099078617990017,0.10850129276514,1
-0.1555483341217,0.098359681665897,-0.055857598781586,1
0.0084310173988342,0.10474597662687,0.010334670543671,1
0.10552513599396,0.092016808688641,-0.053692318499088,1
0.12420409917831,-0.1507740020752,0.026627622544765,1
0.091506123542786,0.2077481970191,0.08785804361105,1
-0.19970270991325,-0.012933887541294,0.069339223206043,1
0.020445644855499,0.26169117540121,0.0061280056834221,1
0.049058437347412,-0.19536618888378,-0.0061452761292458,1
-0.027979791164398,-0.24034381657839,-0.010658279061317,1
0.033900022506714,-0.26881865411997,0.017235361039639,1
0.072896540164948,0.2194397971034,0.12994039803743,1
0.079423248767853,-0.11793864332139,-0.012683093547821,1
0.08178699016571,-0.080981865525246,-0.044614695012569,1
0.071357667446136,0.13618638366461,0.0063932463526726,1
-0.12103864550591,-0.0056526064872742,-0.078335337340832,1
-0.19353646039963,-0.070812445133924,-0.0014790520071983,1
0.13807559013367,-0.19910536706448,-0.068751215934753,1
-0.16014170646667,-0.037397414445877,0.080035977065563,1
-0.14453911781311,-0.1556051261723,0.16666462272406,1
-0.063760340213776,-0.098970032180659,0.0047075524926186,1
-0.051800340414047,-0.0045456364750862,-0.039440460503101,1
0.061158537864685,0.14438494294882,-0.038442097604275,1
0.12743681669235,0.13889303058386,-0.095747895538807,1
-0.059017986059189,0.00082827359437943,-0.00023556500673294,1
0.15923458337784,0.21604435890913,0.016636811196804,1
0.12894326448441,0.20131125301123,-0.017146699130535,1
0.02679181098938,0.086786352097988,0.011874310672283,1
0.14752024412155,-0.24211332947016,-0.034412510693073,1
-0.14571210741997,-0.11104845814407,0.048661522567272,1
0.084318280220032,-0.094774350058287,-0.015281774103642,1
-0.1109376847744,0.041917197406292,0.0026651993393898,1
-0.1836169064045,0.11780146509409,-0.0095826908946037,1
-0.10824057459831,0.099538154900074,-0.052251853048801,1
0.10573214292526,-0.24758467823267,0.11874791234732,1
-0.15384015440941,0.13012886792421,0.058511503040791,1
-0.07097601890564,-0.053159531205893,-0.021869532763958,1
-0.090054839849472,-0.052904076874256,-0.050403602421284,1
-0.16856178641319,-0.20724982768297,0.035012476146221,1
-0.11100360751152,-0.17282549291849,-0.054714195430279,1
-0.0099225640296936,0.21658634394407,0.090865232050419,1
-0.0057238340377808,-0.046816572546959,-0.0031170696020126,1
0.040613412857056,0.26789047569036,0.066094629466534,1
0.11864179372787,-0.19153567403555,-0.026350058615208,1
-0.035449206829071,0.10699059814215,-0.021417111158371,1
0.18702840805054,0.18578790873289,-0.067576870322227,1
-0.16238594055176,0.009682223200798,0.028098158538342,1
-0.24317368865013,-0.038555841892958,-0.065709494054317,1
-0.024089515209198,-0.044085439294577,-0.0069560185074806,1
-0.13055846095085,0.24538328498602,-0.017510436475277,0
-0.18674269318581,0.11121987551451,-0.023272424936295,1
0.085920989513397,0.12360604852438,-0.074828162789345,1
0.0012351274490356,0.2216659411788,0.15555635839701,1
-0.14348784089088,-0.12796453759074,0.014985822141171,1
0.109803378582,-0.1876303255558,0.1354461684823,1
0.095009386539459,-0.080364499241114,0.023912347853184,1
0.080891907215118,0.27376823872328,0.048397965729237,1
-0.076595574617386,-0.13298171013594,-0.054760433733463,1
0.016105055809021,0.271952919662,0.093659542500973,1
0.10400170087814,0.1476491317153,0.011350713670254,1
-0.21278297901154,0.016717202961445,-0.014892809092999,1
-0.053521156311035,-0.12119504436851,-0.046135306358337,1
-0.16284865140915,-0.07731475122273,-0.060854479670525,1
-0.24383211135864,-0.086149092763662,0.058453224599361,1
-0.10183334350586,-0.16872008144855,-0.044781900942326,1
0.039576411247253,-0.11834276281297,-0.0660500228405,1
0.035227715969086,0.10329724103212,0.0022945031523705,1
0.065101981163025,0.14181076735258,-0.020474493503571,1
-0.071525901556015,0.27307315915823,-0.010356105864048,1
-0.031833231449127,-0.14164742454886,-0.024880640208721,1
-0.05532294511795,0.023211628198624,0.018315099179745,1
0.049425005912781,-0.15606765449047,-0.095266152173281,1
0.0035385489463806,-0.16095193848014,-0.092439115047455,1
-0.13111343979836,0.18642007559538,-0.073570065200329,0
-0.072622328996658,-0.22102975845337,0.15507239848375,1
-0.13499376177788,-0.068908877670765,-0.051352523267269,1
-0.12388318777084,-0.18662741035223,-0.041501827538013,1
-0.0040767788887024,0.17665403336287,-0.043727219104767,1
0.099182188510895,-0.090717958286405,-0.043689377605915,1
-0.036418795585632,0.14119846373796,-0.019464060664177,1
-0.046685695648193,-0.22740779072046,0.02650710195303,1
0.0018987655639648,-0.060834877192974,-0.017731286585331,1
-0.20120215415955,0.11166947335005,0.10397206991911,1
-0.26881378889084,0.013928428292274,0.042518950998783,1
-0.14999353885651,-0.013223737478256,0.054168500006199,1
0.057543754577637,-0.12351927533746,-0.035724490880966,1
-0.096937298774719,0.0873848721385,-0.013601742684841,1
0.050172626972198,-0.1021235215012,0.021354086697102,1
0.012714266777039,0.13776893168688,-0.012788914144039,1
-0.010506153106689,-0.13307728618383,-0.082165122032166,1
-0.23209196329117,-0.016448259353638,-0.06333576887846,1
0.058790802955627,0.12050522118807,-0.073840118944645,1
0.084870636463165,-0.093193062581122,0.026526011526585,1
-0.094227761030197,-0.077907817438245,0.03862901777029,1
0.049037635326385,-0.11676608398557,0.020178012549877,1
-0.023767828941345,0.083397798240185,0.0092752873897552,1
-0.17770773172379,-0.12084811553359,0.077300287783146,1
0.16389101743698,-0.18750055134296,-0.0019362196326256,1
-0.17286682128906,-0.076335711404681,0.1171330884099,1
-0.25055661797523,-0.065034192055464,-0.042968206107616,1
0.084115445613861,-0.19269110262394,-0.071223050355911,1
-0.087106823921204,0.068949244916439,0.022683791816235,1
0.06217223405838,-0.14341581240296,0.019132882356644,1
-0.20772585272789,0.08555056899786,0.085210911929607,1
-0.21014899015427,0.025376461446285,0.07807432860136,1
0.087537348270416,0.1832764968276,0.033882662653923,1
-0.028026819229126,0.1654465124011,-0.07830498367548,1
-0.076708346605301,0.19580336660147,0.19901502877474,1
-0.11735919117928,0.13752212375402,-0.034228213131428,0
-0.25450441241264,-0.022967576980591,0.050737924873829,1
0.13414776325226,0.19773744791746,0.0061805322766304,1
-0.087669491767883,-0.21108922362328,-0.00055858492851257,1
-0.13782325387001,-0.030868709087372,0.05407353490591,1
-0.17172464728355,-0.032980784773827,0.04018821567297,1
0.090556859970093,0.23193147033453,-0.00040700286626816,1
0.044892489910126,-0.26073987036943,-0.070858836174011,1
-0.10310488939285,0.028496958315372,-0.029534004628658,1
-0.13936588168144,-0.031454026699066,-0.095834691077471,1
0.065510094165802,-0.23631457239389,0.025319613516331,1
0.063854157924652,0.18253388255835,-0.060675479471684,1
-0.21293449401855,0.11071460694075,0.065484903752804,1
-0.16647601127625,0.050505392253399,-0.076522395014763,1
-0.076253354549408,0.019890516996384,-0.061166442930698,1
-0.023595690727234,0.095968060195446,0.021012365818024,1
-0.054998099803925,-0.18348034471273,0.22038126736879,1
0.090587377548218,0.10864683240652,0.015268512070179,1
-0.16162467002869,-0.051138337701559,-0.0091035440564156,1
-0.07129380106926,0.2020009085536,0.084597654640675,1
-0.03587007522583,0.11410915106535,-0.056663483381271,1
0.0025351643562317,0.22094585746527,-0.055459469556808,1
-0.042536616325378,0.031944446265697,-0.029453843832016,1
-0.065289616584778,-0.01660567522049,0.020592235028744,1
-0.10538256168365,-0.088652255013585,0.021404765546322,1
-0.075401425361633,0.061722077429295,-0.079941347241402,1
-0.15775296092033,-0.1194877140224,0.028586097061634,1
-0.075191825628281,0.069002188742161,0.028844468295574,1
0.095682442188263,-0.071188878268003,0.011673726141453,1
0.18681663274765,0.22834979742765,0.036839321255684,1
-0.18810778856277,0.12037584930658,0.057495586574078,1
-0.10419362783432,0.11212786287069,0.027004756033421,1
-0.025160670280457,0.18955423682928,0.097798623144627,1
0.069902002811432,-0.19834568351507,-0.061924442648888,1
-0.2644918859005,-0.0041339322924614,0.081697769463062,1
-0.18101334571838,0.11322198063135,-0.028636530041695,1
-0.12800401449203,-0.16495253890753,0.18559467047453,1
-0.0478515625,0.1136377081275,-0.0045136585831642,1
0.091831564903259,-0.10026262776228,-0.017379991710186,1
-0.12837612628937,-0.12342835403979,0.11552069336176,1
-0.078988134860992,0.0077673345804214,-0.059108383953571,1
-0.0014287829399109,-0.23765618354082,0.1382085159421,1
-0.13150098919868,-0.050764255225658,0.025983802974224,1
-0.17931845784187,-0.060449257493019,-0.0067682042717934,1
-0.080663710832596,-0.12629038468003,0.01033490896225,1
-0.091037631034851,-0.21149191260338,0.11542002111673,1
0.085628688335419,0.27992375940084,0.01482966542244,1
0.025666475296021,-0.21059221029282,-0.060167081654072,1
0.073419272899628,0.17033662647009,0.059299394488335,1
0.10684877634048,-0.13970131799579,-0.043545663356781,1
0.099720299243927,0.25076010078192,0.018695347011089,1
-0.061759799718857,0.12694036215544,-0.060987092554569,1
-0.25546869635582,0.011671580374241,0.014611579477787,1
-0.1264645755291,-0.14488411322236,0.15455801039934,1
0.0078505277633667,-0.25281927734613,0.056025914847851,1
-0.096477925777435,-0.035228662192822,0.021258749067783,1
-0.17072552442551,0.04347039014101,-0.072670362889767,1
-0.17258697748184,0.12530974298716,0.051417611539364,1
-0.021089136600494,0.15975799411535,-0.035715095698833,1
-0.06428137421608,0.19760968536139,0.13730833679438,1
-0.062194526195526,-0.17279168218374,-0.0095279663801193,1
0.10978728532791,0.27952712029219,0.073643811047077,1
0.004508376121521,-0.12429077737033,0.0050045251846313,1
-0.038149058818817,-0.047505173832178,-0.012668110430241,1
0.097756445407867,0.23350866883993,-0.034297905862331,1
-0.20162317156792,-0.052012838423252,0.13156396895647,1
-0.066018313169479,0.25348325818777,0.055834345519543,1
-0.06844687461853,-0.040398590266705,-0.0029922649264336,1
-0.20419156551361,0.076465509831905,0.04539705067873,1
-0.029987275600433,-0.2259634360671,0.17724280804396,1
0.033406972885132,0.14195243269205,0.024165891110897,1
0.065959930419922,0.083037741482258,0.0039596036076546,1
-0.030678987503052,0.11676581948996,-0.020763412117958,1
-0.22923010587692,0.048684678971767,-0.029627300798893,1
0.003032386302948,0.12618576735258,-0.020923316478729,1
-0.050924628973007,0.21400039643049,0.0068987011909485,1
-0.013639152050018,-0.11637553572655,-0.01058254390955,1
-0.037280738353729,-0.07970861159265,-0.0012891888618469,1
-0.12223690748215,-0.20212896168232,-0.065040938556194,1
-0.0092377066612244,0.18102266639471,-0.039164289832115,1
-0.06334775686264,0.018425591289997,-0.023922815918922,1
0.05364602804184,-0.050425499677658,-0.0063153058290482,1
-0.034439921379089,-0.20058560371399,0.15953502804041,1
-0.18111735582352,0.16684504598379,0.080811254680157,1
-0.17654117941856,-0.10134690720588,0.0144247636199,1
-0.097817778587341,0.059631176292896,0.02276835590601,1
0.071692109107971,0.19968681782484,-0.0066288933157921,1
0.045418083667755,-0.13270127028227,0.024002872407436,1
-0.14218127727509,0.12235713750124,-0.008199580013752,1
0.13246876001358,-0.17543604969978,-0.049916692078114,1
-0.078516125679016,-0.0059226229786873,-0.02088525891304,1
-0.077303856611252,-0.18438271433115,-0.040185660123825,1
0.022577941417694,-0.23999450355768,0.099901668727398,1
-0.055491268634796,0.098326183855534,-0.043645747005939,1
-0.1859934926033,-0.19734833389521,0.012757934629917,1
0.043318688869476,-0.1722811087966,0.058203540742397,1
-0.087903916835785,0.065636910498142,-0.05884525924921,1
0.078920423984528,-0.27146480232477,0.10647011548281,1
0.12865704298019,0.16204275935888,-0.085550881922245,1
0.063067734241486,-0.16468066722155,0.018066175282001,1
-0.23071384429932,0.018429666757584,0.10152355581522,1
-0.1446345448494,0.15272828191519,0.16926924139261,1
-0.17452812194824,0.065262474119663,0.044135875999928,1
-0.049775540828705,0.18914421647787,0.072267912328243,1
-0.080362915992737,-0.17853423207998,0.17720354348421,1
0.0065271258354187,-0.10810578148812,-0.019055090844631,1
-0.095259755849838,-0.24089140444994,0.030663169920444,1
-0.25264716148376,0.065173365175724,0.023819707334042,1
0.12754672765732,-0.12043771520257,-0.053027622401714,1
0.052561342716217,-0.14737187325954,-0.050949580967426,1
-0.12226715683937,0.055472828447819,0.035844765603542,1
0.064741194248199,-0.1484738625586,-0.062122203409672,1
-0.084976702928543,0.058008141815662,-0.030951753258705,1
0.047091901302338,0.1974486336112,-0.076591275632381,1
0.065275371074677,-0.068797804415226,-0.0066007003188133,1
-0.19182080030441,0.19379960745573,0.0050806626677513,1
0.017714977264404,0.22165658324957,-0.053023301064968,1
-0.052660226821899,0.1535042449832,-0.02296207100153,1
-0.045783162117004,0.19749983400106,-0.075647249817848,1
-0.11624765396118,-0.15565876662731,0.017166785895824,1
-0.031206429004669,0.016698658466339,0.0024967417120934,1
-0.13682663440704,0.13344240933657,-0.041807390749454,1
0.038142800331116,0.17995046824217,-0.0019572153687477,1
-0.15757194161415,0.075149111449718,0.093397535383701,1
-0.022451937198639,-0.18035211414099,-0.028090864419937,1
0.092719495296478,0.25834199041128,0.1328941360116,1
0.099624752998352,0.099348552525043,0.008197233080864,1
-0.19432187080383,0.049744762480259,0.1497665271163,1
0.1085792183876,-0.13938127830625,0.046045877039433,1
-0.1029965877533,0.14055082947016,-0.011893473565578,1
0.10854625701904,0.10340865701437,-0.017571620643139,1
-0.091259509325027,0.18562387675047,0.1439219340682,1
0.10179191827774,-0.17801669985056,-0.0094622746109962,1
-0.14482885599136,-0.17711126059294,0.019080303609371,1
-0.14151886105537,0.19480433315039,0.061836175620556,1
-0.14893388748169,-0.020179621875286,-0.050482399761677,1
0.090408265590668,0.20655842870474,-0.032964453101158,1
0.09859973192215,0.19645272940397,0.026817113161087,1
-0.17216259241104,0.16575797647238,0.014448069036007,1
-0.11979380249977,-0.21948798745871,0.12901843339205,1
-0.096116751432419,-0.17023254185915,0.01617793738842,1
0.01263165473938,0.17994641512632,0.066961221396923,1
-0.030227303504944,-0.080978203564882,0.017668589949608,1
-0.12347295880318,0.058681301772594,-0.074506260454655,1
-0.018212139606476,-0.11460048239678,-0.059332460165024,1
-0.15824934840202,0.19787170737982,-0.023402623832226,1
0.15942686796188,-0.18096033483744,0.16534874588251,1
-0.08156943321228,-0.19196226447821,0.038711704313755,1
0.02059543132782,-0.10843361355364,-0.072497315704823,1
0.014049470424652,-0.24136421829462,0.16001314669847,1
-0.22642761468887,-0.09269973821938,-0.045227594673634,1
-0.098049640655518,0.031633697450161,-0.06744097918272,1
0.0067649483680725,0.1039174720645,-0.069698117673397,1
-0.11290901899338,0.037201099097729,-0.019772969186306,1
0.086565315723419,-0.086632281541824,-0.029773615300655,1
0.043804109096527,-0.099303512601182,-0.0095850452780724,1
0.0024065375328064,-0.1948511376977,0.037274740636349,1
-0.031737625598907,-0.084802474826574,0.025410331785679,1
-0.012862801551819,0.23026891797781,-0.089959688484669,1
-0.017752408981323,0.077527590095997,0.0043303519487381,1
-0.036753594875336,-0.065454676747322,-0.0017143711447716,1
0.081576406955719,-0.19402896612883,0.18972340971231,1
-0.11660552024841,-0.0062629729509354,-0.032164238393307,1
0.12465542554855,0.17219027131796,0.11799208074808,1
0.052656888961792,0.1726880595088,0.00028901547193527,1
-0.21188151836395,-0.056768365204334,0.11762281507254,1
-0.14085498452187,-0.10090282559395,0.11477506905794,1
-0.085447490215302,0.17732917517424,0.064092017710209,1
-0.094623386859894,-0.16942717134953,-0.011200226843357,1
0.078295886516571,-0.14780019596219,-0.012012809514999,1
0.055624961853027,-0.24369526654482,0.040452308952808,1
-0.072113364934921,-0.2308022454381,-0.051149092614651,1
0.12655502557755,-0.11292694602162,-0.060754455626011,1
-0.069452673196793,-0.18991372734308,0.10079892724752,1
-0.017874777317047,0.18371301144361,0.026362143456936,1
0.14823919534683,-0.14499748125672,0.0241883918643,1
-0.11248019337654,-0.016792617738247,-0.045766286551952,1
0.11975759267807,-0.10197245073505,0.0064433291554451,1
0.12124460935593,-0.23656887561083,0.095855094492435,1
-0.065027296543121,0.061901651322842,-0.03477094322443,1
0.10629194974899,0.23662980645895,0.089748717844486,1
0.17172694206238,0.21214803308249,0.059244617819786,1
-0.066807389259338,0.082423962652683,-0.073601834475994,1
-0.14902487397194,0.088594056665897,0.00030282884836197,1
0.056824266910553,0.12446437031031,0.031394980847836,1
-0.079552590847015,0.0040833577513695,0.001870222389698,1
0.049523115158081,-0.08573358040303,-0.037923492491245,1
0.19456404447556,-0.17131356149912,-0.011671908199787,1
-0.086827576160431,0.2126087769866,0.074730165302753,1
0.065721333026886,-0.059629019349813,-0.014784820377827,1
0.053485453128815,-0.21936174482107,0.0011735558509827,1
0.13530391454697,0.26694869250059,0.033073358237743,1
0.090161859989166,-0.17366816103458,0.093068413436413,1
0.014651775360107,0.087412439286709,-0.0026276484131813,1
-0.043027937412262,-0.058205455541611,-0.013880528509617,1
0.052249312400818,-0.093249153345823,-0.055415742099285,1
0.091528832912445,-0.148307710886,-0.074560336768627,1
-0.054081529378891,0.19701131433249,-0.084610097110271,1
-0.22759991884232,-0.10313356295228,0.056006453931332,1
-0.069012403488159,-0.090045461431146,-0.051612533628941,1
-0.03053343296051,0.078772701323032,-0.039749406278133,1
-0.080391705036163,-0.17343152314425,-0.027123495936394,1
-0.028031527996063,-0.17141085118055,-0.037504725158215,1
0.079969525337219,-0.07321247830987,0.0044363662600517,1
-0.010574460029602,-0.24922219663858,0.016015738248825,1
-0.1062930226326,0.013977810740471,0.015842728316784,1
-0.023351728916168,0.031688325107098,-0.0068261250853539,1
-0.072100758552551,0.035483740270138,-0.0042732283473015,1
-0.17538630962372,0.095828510820866,-0.041239887475967,1
-0.1671724319458,-0.049243338406086,0.21357426792383,1
0.18134552240372,-0.23149649053812,0.0045896545052528,1
0.058866798877716,-0.25458385795355,0.019746363162994,1
0.027683079242706,-0.17925005406141,-0.015361435711384,1
-0.19319865107536,0.020872548222542,-0.016275636851788,1
-0.10621881484985,-0.097755648661405,0.01092042773962,1
-0.11894723773003,-0.050341244786978,0.0016847476363182,1
0.16388112306595,-0.21674136072397,0.071224980056286,1
-0.12521848082542,-0.18034831434488,0.1289209201932,1
0.086866319179535,-0.084785370156169,-0.063688687980175,1
-0.03180605173111,0.090993620455265,-0.023494772613049,1
0.011132478713989,-0.22193838655949,0.1812012270093,1
0.04964804649353,-0.17535477131605,0.022003225982189,1
-0.11459636688232,-0.13890492916107,0.0087873265147209,1
0.18673700094223,0.23203780502081,0.0099818482995033,1
0.017924308776855,0.081882752478123,0.01050578057766,1
-0.16762948036194,0.082946695387363,-0.05074966698885,1
0.045109331607819,0.13160455971956,-0.0031759664416313,1
0.13640058040619,0.15691854804754,-0.027259275317192,1
0.049440324306488,0.12554699927568,0.027096949517727,1
-0.23440071940422,-0.042195122689009,0.087795563042164,1
0.02051967382431,-0.078179543837905,-0.014072380959988,1
-0.088452100753784,0.24389480799437,-0.039010562002659,0
-0.13801494240761,-0.01334660500288,-0.00077343732118607,1
0.040736079216003,0.26733385771513,-0.0003821924328804,1
0.089182198047638,-0.19058473408222,0.063549980521202,1
-0.063809037208557,0.019407629966736,-0.019052498042583,1
-0.035928666591644,-0.21711432188749,-0.013188593089581,1
-0.17604741454124,0.032929934561253,-0.071531489491463,1
-0.13611096143723,0.13489181548357,0.10701473802328,1
-0.062358170747757,-0.023381426930428,-0.026412531733513,1
0.069435119628906,0.25317554920912,-0.059305615723133,1
-0.06744372844696,0.22883858531713,0.1391888037324,1
0.013389408588409,0.058723144233227,-0.0016345903277397,1
-0.084977328777313,0.067751057446003,-0.0008154883980751,1
-0.16048413515091,-0.081486962735653,0.10898736864328,1
-0.040487945079803,0.082623444497585,-0.02998661249876,1
0.062457144260406,-0.057676430791616,-0.027025483548641,1
-0.034695565700531,-0.26958514004946,0.055444873869419,1
0.16636729240417,-0.14980734139681,-0.033168219029903,1
-0.10634726285934,0.17608203738928,0.033203102648258,1
-0.17534133791924,-0.10845204722136,0.065033875405788,1
0.11925321817398,0.12904139608145,0.054043389856815,1
-0.15222638845444,-0.17070078849792,-0.046108491718769,1
0.10982441902161,-0.23014179617167,0.046009711921215,1
-0.13689151406288,-0.052374437451363,0.026027955114841,1
-0.056944131851196,-0.0012802258133888,0.0032523646950722,1
2.1100044250488e-05,0.05036599189043,-0.001331128180027,1
-0.1892628967762,-0.093233688268811,0.15855634957552,1
0.0046602487564087,0.23201470822096,0.064412452280521,1
-0.04304826259613,0.041155196726322,-0.0020381584763527,1
-0.16337084770203,0.097743503749371,0.070816181600094,1
-0.049725472927094,0.014958366751671,-0.0090108141303062,1
0.064963579177856,0.052546285092831,-0.02494228631258,1
0.016148507595062,0.098222427070141,0.00068406015634537,1
-0.24375477433205,-0.095000344794244,-0.036571972072124,1
-0.19823732972145,-0.043776877224445,0.15079621225595,1
0.18166124820709,0.16151531785727,0.030671007931232,1
0.044908940792084,0.28360303491354,0.043199501931667,1
-0.070755273103714,-0.10485504753888,0.00020382553339005,1
-0.063735663890839,-0.0045590773224831,-0.025400765240192,1
0.011594533920288,0.13291987031698,0.039697356522083,1
-0.1121501326561,-0.17904105037451,-0.048617534339428,1
-0.01340925693512,-0.19504021853209,0.11534164100885,1
0.1371266245842,-0.17666828632355,-0.032373316586018,1
-0.11110651493073,0.15329136699438,0.12297607213259,1
0.063055336475372,-0.20197058469057,0.090385742485523,1
-0.0093185305595398,-0.25070556253195,0.058962278068066,1
-0.034742891788483,0.23947717994452,0.12592033296824,1
-0.080700755119324,-0.26280646771193,0.082993142306805,1
0.13382393121719,-0.25269142538309,0.013779148459435,1
0.13551193475723,-0.25211069732904,-0.054126478731632,1
-0.12546715140343,-0.10965444240719,0.095298387110233,1
-0.015249788761139,-0.10184894897975,-0.015721142292023,1
0.021017849445343,0.15707644075155,-0.009510837495327,1
-0.036974430084229,0.075694091618061,0.010717950761318,1
0.022910058498383,-0.088328779675066,0.003893718123436,1
-0.014433205127716,0.11921533197165,0.033115267753601,1
-0.076342940330505,0.025581680238247,0.00014948099851608,1
-0.20929923653603,-0.072706898674369,-0.016902811825275,1
0.12803167104721,-0.12965371645987,-0.024644501507282,1
-0.05801996588707,-0.20152187347412,-0.030279435217381,1
-0.1663284599781,-0.0386110432446,0.051945798099041,1
0.022295236587524,0.14174523204565,-0.019465088844299,1
-0.20978140830994,0.11052616685629,0.14140482991934,1
-0.16254955530167,-0.15540070831776,0.10654085129499,1
0.012062788009644,0.16772343963385,-0.022503137588501,1
-0.12848293781281,-0.090703900903463,-0.042060472071171,1
0.022619128227234,-0.13639983162284,-0.0095638781785965,1
-0.012145161628723,-0.21001571416855,-0.041016072034836,1
-0.12926650047302,0.080033250153065,0.060988985002041,1
-0.1632522046566,-0.10383098875172,-0.050283424556255,1
-0.025556683540344,0.21722870320082,0.10864020138979,1
0.041179418563843,-0.12596523761749,-0.016021557152271,1
-0.14912733435631,-0.096003577578813,0.054033122956753,1
-0.10217547416687,-0.14416178315878,0.032757706940174,1
-0.1994466483593,-0.089269708842039,0.097746722400188,1
-0.13688218593597,0.024660520255566,-0.058317296206951,1
0.15742009878159,-0.1760143712163,0.18557403236628,1
0.10108989477158,-0.12351480685174,0.034172095358372,1
-0.040228843688965,-0.079869788140059,-0.018526472151279,1
-0.053257763385773,0.17003130167723,-0.059316828846931,1
0.057305634021759,-0.085717640817165,-0.025057964026928,1
0.1728213429451,-0.25204599648714,0.028319448232651,1
0.048891663551331,0.25082039088011,0.0097521021962166,1
-0.16718676686287,0.16224160045385,-0.0033635273575783,1
-0.028179883956909,-0.24778256565332,0.059455253183842,1
-0.14879116415977,0.0057589933276176,-0.033994562923908,1
0.093144714832306,-0.24919534474611,0.02740541100502,1
0.12494111061096,0.18393950909376,-0.059626743197441,1
0.09054571390152,0.10198669880629,0.010103136301041,1
-0.12956565618515,-0.22252064943314,0.032079420983791,1
-0.11223697662354,0.19085764139891,-0.088237471878529,0
-0.1642037332058,0.10854413360357,-0.03325966745615,1
0.12547582387924,0.1938213929534,0.20448566228151,1
-0.18948861956596,-0.028482802212238,-0.042021460831165,1
0.099894046783447,0.27372165769339,-0.015550427138805,1
-0.085357993841171,0.0068564042448997,-0.068724848330021,1
0.10885310173035,-0.11676758900285,0.0079818591475487,1
-0.14390939474106,-0.12464401125908,-0.088536165654659,1
-0.015989720821381,0.18142827600241,-0.052709639072418,1
-0.023769080638885,-0.14298225939274,0.010155029594898,1
-0.046388447284698,-0.033845044672489,0.0073958858847618,1
-0.17598617076874,-0.0065927952528,0.12557654827833,1
-0.24131560325623,-0.078545175492764,-0.041979119181633,1
-0.17237049341202,-0.027412079274654,0.037197448313236,1
0.063787341117859,0.25892098993063,0.092773087322712,1
-0.1262192428112,0.20345788449049,-0.012275256216526,0
0.073939859867096,-0.082641374319792,0.019278146326542,1
0.10352236032486,0.11231099814177,-0.018774598836899,1
0.12041747570038,-0.16917099058628,0.22393674403429,1
0.10285741090775,0.15543224662542,-0.057052418589592,1
0.13420784473419,-0.19573146849871,-0.091005116701126,1
0.039485037326813,-0.24145203083754,-0.017056524753571,1
-0.22639715671539,-0.12696367874742,-0.045981407165527,1
0.048854172229767,0.049920193850994,0.0036830455064774,1
-0.025059521198273,-0.078640280291438,-0.010293081402779,1
-0.19127082824707,0.014600679278374,0.057885505259037,1
-0.029887497425079,0.041759632527828,-0.0025586113333702,1
-0.088287949562073,0.072680555284023,0.02980849891901,1
-0.087996512651443,-0.24201012402773,0.0077855512499809,1
0.072380602359772,0.10569550842047,-0.041799120604992,1
-0.070954620838165,-0.21635293215513,0.080142922699451,1
-0.065204679965973,0.19195612519979,0.18044171482325,1
-0.093407332897186,-0.11643018387258,-0.078431777656078,1
-0.021911561489105,0.077060528099537,0.019116021692753,1
0.070490539073944,0.072401933372021,-0.0050014704465866,1
-0.086784780025482,0.18004678934813,0.065365739166737,1
-0.0094966888427734,0.20940487831831,0.20618311315775,1
-0.016898930072784,0.23276736587286,0.027088664472103,1
-0.03433758020401,0.11171311885118,-0.049597695469856,1
0.015843093395233,0.12124466150999,-0.0076002776622772,1
0.010067105293274,-0.10560110397637,-0.008135549724102,1
0.064785838127136,0.054263703525066,-0.027325496077538,1
-0.047215163707733,0.16648169606924,0.047902971506119,1
0.018445134162903,0.19625090807676,0.21256903558969,1
0.022655248641968,0.21679147332907,0.10112597793341,1
0.043799817562103,-0.21761698275805,0.14340326935053,1
-0.048320770263672,0.12044624239206,0.030934192240238,1
-0.11596754193306,-0.17117703706026,-0.060055248439312,1
0.089665532112122,0.22564547508955,-0.064359903335571,1
-0.041493594646454,0.14922509342432,-0.03817131370306,1
-0.18098908662796,0.14430712908506,0.12921871989965,1
-0.22658348083496,-0.11475476995111,0.084223039448261,1
-0.12403646111488,-0.1832292675972,-0.094963043928146,1
-0.055055052042007,0.27773844450712,0.075448341667652,1
0.022066235542297,-0.20677554607391,-0.091542087495327,1
0.10272532701492,-0.16765780746937,-0.001203715801239,1
-0.072373241186142,0.15445747226477,-0.073327742516994,0
-0.20223194360733,-0.041335482150316,0.1894031688571,1
0.073291838169098,-0.23672553151846,0.11274845153093,1
0.026871025562286,-0.23038124293089,0.05859737098217,1
-0.12015119194984,-0.20634996145964,0.14026596397161,1
-0.062374442815781,-0.048940878361464,-0.011774532496929,1
-0.18092802166939,0.011990681290627,0.01484439522028,1
0.10444676876068,0.19866784662008,0.17382057756186,1
0.053037226200104,-0.14211947843432,-0.0428716391325,1
-0.0027035474777222,0.073797695338726,-0.041701458394527,1
-0.023075938224792,0.17601176351309,0.0054600611329079,1
0.0411736369133,0.24110495299101,0.03013800829649,1
-0.1645493209362,-0.074270810931921,-0.011646799743176,1
-0.043423116207123,-0.045303866267204,0.0096758380532265,1
-0.047100365161896,0.054688073694706,-0.015873305499554,1
0.019859850406647,0.22799932211637,0.13141433149576,1
-0.14064916968346,0.096220649778843,0.037165991961956,1
-0.030321061611176,-0.15259325504303,0.0018712282180786,1
-0.06935852766037,0.23540928214788,0.091579742729664,1
-0.070147961378098,0.25908660143614,-0.02151296287775,1
-0.044594466686249,-0.14482885226607,-0.031321488320827,1
0.20762491226196,-0.19736491143703,0.13318517059088,1
0.046290338039398,-0.19772416353226,0.0094831883907318,1
0.021755635738373,0.17522295564413,0.061817176640034,1
0.035114824771881,0.16980045288801,-0.060572527348995,1
-0.055118352174759,0.26560821384192,-0.049856163561344,1
-0.094968378543854,-0.046681307256222,-0.018481187522411,1
-0.027486324310303,0.036845453083515,0.0019627287983894,1
-0.1042532324791,-0.19762509316206,-0.0912976115942,1
-0.00074446201324463,-0.14794946461916,0.021617442369461,1
-0.24131608009338,0.12112603336573,0.05175743252039,1
-0.24902564287186,0.026275686919689,0.002016969025135,1
0.12363404035568,0.10218610614538,0.029228173196316,1
-0.01308399438858,-0.25004970282316,0.10344687849283,1
0.10329884290695,-0.16452328115702,0.049904197454453,1
-0.026814222335815,0.036610670387745,0.0037961080670357,1
0.11355590820312,-0.090652581304312,0.020969815552235,1
-0.090265035629272,0.22442059963942,-0.0058339983224869,1
-0.24356433749199,-0.037467256188393,0.13277510553598,1
-0.018603503704071,0.27852105349302,0.032902486622334,1
-0.20678067207336,0.07337898761034,0.11380387097597,1
0.06617671251297,-0.045728027820587,-0.0018025413155556,1
-0.0030918121337891,0.059180460870266,0.0054100155830383,1
0.045813620090485,0.061450384557247,0.0044901594519615,1
-0.12829148769379,0.24320300668478,0.0655552521348,1
0.0046906471252441,0.07745411247015,0.007167786359787,1
0.041717886924744,-0.097986946813762,0.010249368846416,1
0.093204259872437,0.17661245912313,-0.092420741915703,1
0.10997718572617,0.20102589577436,0.15784157067537,1
-0.18256637454033,0.053250052034855,0.091302864253521,1
-0.11364498734474,-0.24421095103025,-0.028026923537254,1
-0.080781996250153,0.16953169554472,0.059412993490696,1
0.05801397562027,-0.18318239599466,-0.010319404304028,1
-0.11260524392128,-0.19477310776711,-0.043622523546219,1
-0.14093133807182,-0.13522911444306,0.11255925148726,1
0.0082327127456665,-0.11204950418323,0.015600688755512,1
0.02848345041275,-0.13457527384162,-0.03581415116787,1
0.014400720596313,-0.17998939752579,0.081346817314625,1
0.038458347320557,-0.086853570304811,0.020462512969971,1
-0.036671459674835,0.17234122008085,0.0089267864823341,1
-0.21338027715683,-0.041617427021265,-0.019389681518078,1
-0.21758455038071,0.11840812116861,0.087886668741703,1
-0.059840530157089,-0.27030158787966,0.10333346575499,1
-0.16500362753868,0.15895386785269,0.14271100610495,1
-0.0012496709823608,0.16676863282919,-0.095692064613104,1
0.022300064563751,-0.079571470618248,-0.00067181140184402,1
0.059750378131866,-0.14445805549622,-0.0089984536170959,1
-0.011312425136566,0.11150995641947,0.026753142476082,1
-0.017045319080353,-0.24376470595598,0.13208995014429,1
-0.03052806854248,-0.0049477592110634,-0.0034076347947121,1
-0.23568630218506,0.03450383991003,-0.068653017282486,1
0.051276445388794,0.18947707861662,-0.029146775603294,1
-0.22265037894249,0.0033653974533081,-0.089454330503941,1
-0.15644213557243,0.13019096106291,-0.045980609953403,1
-0.2585716843605,0.057236470282078,0.084394924342632,1
0.069458186626434,-0.1323489844799,-0.02402650564909,1
-0.034453153610229,0.024145469069481,-0.021224670112133,1
-0.080641806125641,-0.014372885227203,-0.023759610950947,1
-0.083608657121658,0.1822263225913,0.087654612958431,1
0.030652046203613,0.099600918591022,-0.015840843319893,1
0.13102906942368,-0.22039622813463,0.17688592523336,1
0.00026988983154297,0.1689403578639,0.0036565288901329,1
0.078309059143066,0.24221899360418,0.028923191130161,1
-0.058771163225174,-0.12511285766959,0.029410116374493,1
0.037695407867432,0.23325445502996,-0.04021505266428,1
-0.22159084677696,-0.094609814696014,-0.062543444335461,1
-0.039040088653564,0.10622104257345,0.014379255473614,1
-0.019808232784271,0.15593286603689,0.011504597961903,1
0.011828064918518,0.11001896113157,-0.064870595932007,1
-0.18109396100044,0.19111230224371,0.060872487723827,1
-0.15263998508453,0.078506775200367,-0.092540986835957,1
0.040410816669464,0.23949655145407,0.081195719540119,1
0.03249180316925,-0.2277931496501,0.12722835689783,1
0.026524901390076,0.20150142163038,-0.090119250118732,1
-0.10964941978455,-0.078632092103362,-0.04770502448082,1
-0.13656517863274,0.15889861434698,0.038926161825657,1
-0.19796419143677,0.01899828761816,0.063076235353947,1
-0.10205495357513,0.22118058055639,0.0049268379807472,1
-0.14531743526459,-0.13230890408158,0.076146252453327,1
-0.14899429678917,-0.014789953827858,-0.097375717014074,1
-0.08172196149826,0.093337036669254,-0.011260770261288,1
-0.029295802116394,0.088542439043522,-0.0032813176512718,1
0.012061417102814,0.11408521980047,0.005121998488903,1
-0.11177170276642,-0.1852346137166,0.095116682350636,1
-0.17776328325272,-0.086034381762147,-0.088299609720707,1
-0.00033342838287354,0.11589490622282,-0.042723588645458,1
-0.048055469989777,-0.13227004930377,0.044679500162601,1
0.030778586864471,0.25380527228117,0.015993379056454,1
0.034636557102203,-0.1075210692361,0.0079407170414925,1
-0.082936704158783,-0.016749292612076,0.0020570531487465,1
-0.15481707453728,-0.010329581797123,-0.036579929292202,1
-0.054031819105148,0.16152276843786,-0.021161049604416,1
-0.034600794315338,0.23920499533415,-0.080021627247334,1
0.068859755992889,-0.23739082366228,0.054348550736904,1
0.047205805778503,0.085011281073093,-0.013777919113636,1
0.11222416162491,0.14340303093195,0.051107630133629,1
0.0646151304245,0.16778116673231,0.011852718889713,1
0.069270610809326,0.2084980532527,0.11544609814882,1
-0.093569576740265,0.031321726739407,0.0084512904286385,1
-0.028718531131744,-0.27666755765676,-0.032126389443874,1
0.12209266424179,0.25673168152571,-0.025138519704342,1
0.08032101392746,-0.174954675138,-0.019472256302834,1
-0.01624459028244,-0.12512322328985,-0.038265272974968,1
0.01125955581665,0.094547741115093,0.0022134184837341,1
0.14444607496262,-0.14413459599018,-0.013213418424129,1
-0.096245259046555,0.090700753033161,-0.086733676493168,1
-0.12480467557907,0.05495323985815,0.022854842245579,1
-0.047580659389496,-0.0065636038780212,-0.024123854935169,1
-0.14591506123543,0.1572076305747,0.073143891990185,1
0.1055696606636,0.1197110041976,-0.085631057620049,1
-0.11898353695869,-0.013607546687126,-0.010861746966839,1
0.13436710834503,0.15149091929197,-0.095422506332397,1
0.043569147586823,-0.066897545009851,-0.0020516142249107,1
0.11763089895248,0.18754272907972,0.15153507143259,1
-0.00023478269577026,-0.17330227047205,0.022198654711246,1
-0.084674656391144,0.016054734587669,-0.048774659633636,1
-0.060574769973755,0.082264952361584,-0.070271484553814,1
0.083231389522552,-0.12348897568882,-0.08949138969183,1
0.059954345226288,-0.11808721721172,0.0084974393248558,1
-0.031043171882629,-0.16277915984392,-0.054070264101028,1
0.040695250034332,0.13617818802595,0.041559644043446,1
-0.22538843750954,-0.076930610463023,0.13131477683783,1
0.0093787312507629,0.20277442783117,0.16183967143297,1
-0.19195777177811,-0.071270797401667,-0.096484161913395,1
-0.08447077870369,-0.25579170137644,-0.0022103562951088,1
-0.22294738888741,0.13095214217901,0.10157359391451,1
0.14035660028458,0.17262446135283,0.087424345314503,1
-0.046400487422943,-0.049187365919352,-0.012130029499531,1
-0.0066918730735779,-0.15751043334603,0.017316214740276,1
-0.17553162574768,0.17438294738531,0.041301392018795,1
0.1027027964592,-0.15338193997741,0.064259685575962,1
0.16269415616989,-0.21224653720856,0.041642688214779,1
-0.013000190258026,-0.11129492521286,-0.019558541476727,1
0.016413927078247,0.15844213217497,0.0088453888893127,1
0.032629251480103,0.14949279278517,-0.011083655059338,1
-0.15869048237801,0.11333914846182,0.08042036741972,1
0.054780244827271,-0.066809002310038,-0.03762149810791,1
-0.1537991464138,-0.050253059715033,-0.034383244812489,1
-0.067193448543549,0.018799066543579,-0.028853297233582,1
0.010031819343567,-0.12406801618636,-0.068455472588539,1
-0.23456427454948,-0.058281734585762,0.094103373587132,1
-0.10726615786552,-0.015408299863338,-0.066752284765244,1
0.031222999095917,-0.079893980175257,-0.026490792632103,1
-0.15038421750069,0.14082927256823,-0.051172815263271,1
-0.12598687410355,-0.2102222815156,0.085719905793667,1
0.072663486003876,0.15377911180258,-0.013820797204971,1
-0.2158587872982,0.15516801923513,-0.027398131787777,1
0.020630359649658,0.16854145377874,0.038497753441334,1
0.020392537117004,0.25854753702879,0.1044412329793,1
-0.048269629478455,0.21114870160818,-0.018990658223629,1
-0.078841090202332,-0.098543973406777,0.045767940580845,1
-0.14548572897911,0.12769880145788,0.0017607733607292,1
-0.022251069545746,0.10347070544958,-0.053342781960964,1
-0.2011359333992,0.052354566752911,-0.092056192457676,1
-0.24834203720093,0.0012468248605728,-0.017787896096706,1
-0.068230509757996,0.010664269328117,0.013767994940281,1
-0.19161263108253,-0.01749150454998,0.1291990801692,1
0.080101430416107,-0.26041419059038,-0.054515846073627,1
-0.051763355731964,0.030585698783398,0.008015401661396,1
-0.0086550712585449,-0.11527393944561,-0.065701089799404,1
-0.07519805431366,-0.13116280734539,-0.061720535159111,1
0.070965766906738,0.10091184824705,0.020643711090088,1
-0.079416960477829,0.15953459590673,0.016254611313343,1
-0.11605268716812,-0.21390600502491,0.15807249397039,1
0.10959619283676,0.10097401589155,-0.062552452087402,1
-0.0079777836799622,0.092391185462475,0.017742678523064,1
0.031927704811096,0.13553427904844,-0.022655479609966,1
0.09732061624527,-0.07580503821373,0.0073879286646843,1
0.18416148424149,-0.18728602677584,0.16476645320654,1
0.064735770225525,-0.20071312785149,0.16436929255724,1
-0.0011759996414185,0.10417338460684,-0.025744274258614,1
-0.12202921509743,-0.13420437648892,0.092832036316395,1
0.11216998100281,-0.10603075381368,0.04224955290556,1
-0.055217415094376,0.052025310695171,0.0099483206868172,1
0.029999554157257,-0.059573076665401,-0.0067609697580338,1
-0.099101424217224,-0.02302248030901,-0.072197824716568,1
-0.08294665813446,-0.088904997333884,-0.00041020661592484,1
-0.053136050701141,-0.046266339719296,0.0057277455925941,1
-0.052115380764008,0.23025312274694,0.17251320928335,1
0.078421056270599,-0.18631456792355,0.036206364631653,1
0.04433935880661,-0.087250052019954,0.013834610581398,1
0.033535361289978,-0.14202619716525,-0.01593654602766,1
0.13540297746658,0.15946348756552,0.073585607111454,1
-0.03283566236496,-0.19013341516256,0.028391093015671,1
0.066617667675018,-0.061225295066833,0.0066993162035942,1
-0.063892871141434,0.076521970331669,-0.04826258867979,1
-0.070310235023499,-0.11785022541881,-0.0084048211574554,1
0.07778126001358,-0.069974323734641,-0.0017185136675835,1
-0.067208230495453,-0.053919345140457,0.015473075211048,1
-0.18090614676476,0.079761229455471,0.20193714648485,1
-0.2036190032959,0.079730994999409,0.0055344477295876,1
0.12210422754288,-0.23176191002131,0.14359948784113,1
-0.030366241931915,0.01712341606617,-0.0041496679186821,1
0.15904116630554,0.20942571014166,0.1653166487813,1
0.063837051391602,-0.087771258316934,-0.059308603405952,1
-0.081344306468964,0.040485642850399,0.01882465928793,1
0.0011623501777649,0.20732846111059,0.17508030682802,1
-0.023657143115997,0.041261456906796,-0.018146701157093,1
-0.049489378929138,0.095644183456898,0.00076759606599808,1
0.09346878528595,0.097334079444408,-0.0046985223889351,1
0.01609081029892,0.25505547970533,-0.080729484558105,1
-0.13135966658592,-0.17031452804804,0.18553731590509,1
-0.0146524310112,0.059483297169209,0.0077207908034325,1
-0.011384785175323,-0.1051152641885,-0.031385339796543,1
-0.083177536725998,-0.035036787390709,-0.038196600973606,1
-0.019010961055756,0.13912376016378,-0.008796401321888,1
0.089531421661377,0.1344755962491,-0.084318943321705,1
-0.19042992591858,-0.11233766097575,-0.016806162893772,1
-0.10466328263283,0.13856526464224,-0.046618156135082,0
-0.1984800696373,-0.18637743592262,0.060930348932743,1
0.015314280986786,0.0587203130126,-0.002907820045948,1
0.12213665246964,0.20565234869719,0.070061631500721,1
-0.15517118573189,0.097582526504993,0.028095491230488,1
0.15717357397079,-0.17102539539337,0.1255114749074,1
-0.10893571376801,0.09185279160738,-0.086925350129604,1
-0.10861983895302,-0.00090230256319046,0.0269470885396,1
-0.07598203420639,-0.13151634857059,0.011047460138798,1
-0.14016979932785,-0.054482877254486,0.067722640931606,1
-0.13499456644058,-0.13315103203058,0.027789361774921,1
-0.1076220870018,0.1675117239356,-0.015041999518871,1
-0.0052549839019775,0.10958697646856,-0.023117654025555,1
-0.18672639131546,0.039841346442699,0.18332845717669,1
-0.15753668546677,0.091668717563152,0.15108601003885,1
-0.18349242210388,0.03452192991972,-0.033188380300999,1
0.046481430530548,-0.10422236612067,-0.041590481996536,1
-0.089487493038177,0.09145338088274,-0.083823747932911,1
0.057441413402557,-0.089505210518837,0.00028508901596069,1
0.06083881855011,-0.28727703541517,-0.019784085452557,1
-0.065577536821365,-0.0063315406441689,-0.025258742272854,1
0.1315296292305,0.20352213829756,-0.064929977059364,1
0.15231603384018,0.18613093346357,-0.036760650575161,1
0.1405376791954,-0.11810516193509,-0.0070211812853813,1
0.031682550907135,0.25937628000975,-0.065202832221985,1
0.057485818862915,0.12148001044989,-0.021128542721272,1
-0.19296500086784,-0.087282850407064,0.086379520595074,1
0.044986128807068,0.068306632339954,-0.012521296739578,1
-0.10171654820442,0.08446191996336,-0.061553798615932,1
-0.067734509706497,-0.19949791580439,0.079466052353382,1
0.11213874816895,0.26030012220144,0.079490594565868,1
0.062122583389282,-0.28038559108973,-0.0096328482031822,1
-0.10436129570007,-0.087906965054572,-0.067136771976948,1
-0.10585701465607,-0.067686740309,-0.0061138048768044,1
0.025417685508728,0.27152516692877,0.0034954398870468,1
0.027865707874298,-0.14175780490041,0.0031686052680016,1
0.17109221220016,-0.23088488727808,0.088441707193851,1
-0.10304591059685,-0.10095992009155,-0.015693254768848,1
0.043449223041534,-0.065000168979168,-0.016792595386505,1
0.054753482341766,0.20904936641455,-0.026494577527046,1
-0.12300851941109,-0.039418708533049,-0.067537873983383,1
-0.09078848361969,-0.17835430800915,0.12543047219515,1
-0.26302397251129,0.063900597393513,0.030934564769268,1
-0.2016593515873,0.17869808524847,0.021854065358639,1
0.068395733833313,0.21126159280539,0.028539106249809,1
0.095136106014252,0.091223947703838,-0.045007906854153,1
-0.029325067996979,0.086486540734768,-0.013962112367153,1
-0.0011418461799622,0.19154336303473,-0.020270593464375,1
-0.10557642579079,-0.20414828509092,0.15288183838129,1
-0.036595106124878,-0.2189866527915,0.099757172167301,1
-0.25909003615379,-0.059611991047859,0.078746251761913,1
-0.051211953163147,0.050329066812992,0.021908022463322,1
-0.18284577131271,0.18573274463415,-0.035350240767002,1
-0.027003467082977,-0.12108628451824,0.035167448222637,1
-0.044207811355591,0.17622705549002,-0.017843648791313,1
-0.17509946227074,-0.13268671929836,-0.084648050367832,1
0.00020378828048706,0.15242110937834,-0.033963941037655,1
-0.044750154018402,0.16555040329695,0.017921395599842,1
-0.12599593400955,0.01369121670723,-0.034664526581764,1
0.064554572105408,0.13863015919924,-0.082042768597603,1
0.16338926553726,-0.20154619216919,-0.01591070741415,1
-0.13481464982033,-0.17989104241133,0.1493523940444,1
-0.025682628154755,0.044372044503689,-0.01111751049757,1
-0.12143415212631,0.2417926415801,0.10068964213133,1
0.13729321956635,0.27034195512533,0.05935613065958,1
-0.081058621406555,0.17457636445761,0.090536721050739,1
-0.048675358295441,-0.22295900434256,-0.053520403802395,1
-0.048673212528229,-0.15229877829552,-0.018629394471645,1
0.020194590091705,-0.089048696681857,0.0049176588654518,1
0.19389283657074,-0.21053306758404,-0.01656236499548,1
-0.098751902580261,0.083834834396839,-0.024053506553173,1
-0.058385252952576,0.028374411165714,-0.038449309766293,1
-0.1135521531105,-0.01917814463377,0.042206324636936,1
-0.0086438059806824,0.27142884582281,-0.032761849462986,1
-0.13884103298187,0.23077621310949,0.040822558104992,1
0.15953522920609,-0.20058328658342,0.099738888442516,1
-0.12393075227737,0.1213540956378,0.025716789066792,1
-0.079728960990906,-0.011441916227341,-0.045779064297676,1
0.078671455383301,0.11078587919474,-0.01503486931324,1
0.11487394571304,-0.18581952899694,-0.054077066481113,1
-0.14044019579887,-0.18194453418255,0.093586064875126,1
-0.079089015722275,0.099521957337856,0.0048539265990257,1
-0.1686125099659,0.19956793636084,0.11345424503088,1
-0.0030144453048706,0.14647751301527,-0.028736971318722,1
0.18818229436874,-0.19265016168356,-0.054245628416538,1
0.051141679286957,-0.17156762629747,0.026681654155254,1
-0.17637288570404,0.19770296663046,0.10506009310484,1
-0.10199618339539,-0.01884713023901,-0.076403833925724,1
0.045182645320892,0.1787126287818,-0.030023366212845,1
0.025723159313202,-0.08011612854898,0.006368488073349,1
-0.14949598908424,0.13093418627977,-0.024034090340137,1
-0.089288145303726,-0.064764082431793,-0.010147221386433,1
0.097304403781891,-0.11147882975638,-0.08253537863493,1
-0.022536277770996,-0.22455690056086,0.086834140121937,1
-0.040000677108765,-0.26904743164778,0.0050906911492348,1
0.093826174736023,0.13417168706656,0.047525562345982,1
-0.055374413728714,0.040680728852749,-0.025690667331219,1
-0.10185453295708,-0.15196421742439,-0.042329378426075,1
-0.18889623880386,0.020334549248219,-0.028840981423855,1
-0.094453513622284,0.13837625831366,-0.0038702711462975,1
-0.10793191194534,0.042042605578899,-0.018216766417027,1
-0.1064113676548,-0.0095898732542992,-0.012607656419277,1
0.079410552978516,-0.25438226014376,-0.072407729923725,1
-0.16347080469131,0.15069981664419,-0.0068537220358849,1
-0.20104002952576,0.044362105429173,0.15831155329943,1
-0.020679116249084,-0.059427507221699,-0.032822594046593,1
-0.066420406103134,0.18984194844961,-0.054790303111076,0
0.09620064496994,-0.081861209124327,-0.044472552835941,1
0.14586234092712,0.19384714215994,0.07672280818224,1
0.062653124332428,0.23260586708784,0.066055737435818,1
-0.064408183097839,0.23024525493383,0.036996722221375,1
-0.18853005766869,-0.1169615034014,-0.021884582936764,1
-0.038011610507965,0.0047869086265564,-0.015338234603405,1
0.16763180494308,0.1462628915906,-0.069555573165417,1
0.10928022861481,0.1647357866168,0.080626465380192,1
0.095207691192627,0.090452156960964,-0.042450971901417,1
0.057856798171997,-0.22589152306318,0.019410021603107,1
-0.050655394792557,-0.25282023102045,0.10512713342905,1
-0.040170013904572,0.22901146858931,0.040710709989071,1
0.043845295906067,0.28873836249113,0.037053376436234,1
-0.025152027606964,-0.200797714293,0.20174861699343,1
-0.013028383255005,-0.20299581438303,-0.036799184978008,1
-0.24741443991661,-0.054840687662363,-0.035358980298042,1
0.15462309122086,-0.15307674556971,0.023196436464787,1
-0.16822138428688,-0.11676248349249,0.010570742189884,1
0.01033216714859,0.25172808021307,-0.029228717088699,1
-0.11734759807587,0.053339295089245,0.038023374974728,1
0.14088177680969,0.19069414585829,-0.038891449570656,1
0.017165899276733,0.15501453727484,0.024440765380859,1
0.077155828475952,-0.17998347431421,0.0030354335904121,1
-0.053614497184753,-0.034429118037224,-0.049253933131695,1
-0.054326057434082,0.015715539455414,-0.028217688202858,1
-0.089725524187088,0.18341549485922,-0.0032677873969078,1
-0.041959881782532,-0.054586235433817,-0.011521585285664,1
-0.081433355808258,0.11914103478193,0.019443519413471,1
-0.075086206197739,-0.18034625053406,0.016578629612923,1
-0.05171063542366,-0.036464676260948,-0.025816202163696,1
-0.014294922351837,-0.050400573760271,-0.013415411114693,1
-0.10203909873962,0.18927793949842,-0.020985193550587,0
-0.098237723112106,0.14530842751265,0.033146984875202,1
-0.099288105964661,0.039328552782536,0.012673862278461,1
-0.10068014264107,0.074612431228161,-0.03968783468008,1
0.0075193047523499,0.059315793216228,0.0042839795351028,1
-0.12399289011955,0.16801994293928,0.14319228380919,1
-0.08591690659523,0.015257157385349,-0.050489202141762,1
-0.13238945603371,-0.10570299858227,-0.07093807309866,1
0.066279590129852,0.18194609135389,-0.064608916640282,1
-0.050474017858505,0.050865940749645,-0.043361388146877,1
0.073729455471039,-0.26088658720255,0.094088353216648,1
0.018672347068787,-0.17756513506174,-0.0037174001336098,1
0.010610282421112,-0.066561207175255,-0.0076469108462334,1
-0.03493195772171,0.13312538713217,-0.027632959187031,1
0.15939021110535,0.20156376808882,0.042672455310822,1
-0.09363466501236,-0.059056047350168,-0.0059561654925346,1
-0.066851705312729,-0.13675932586193,0.048458017408848,1
-0.062015235424042,-0.087712776847184,-0.024043224751949,1
-0.004564106464386,0.069773651659489,-0.00013849139213562,1
0.090323269367218,-0.26501486450434,0.059005029499531,1
0.030079901218414,-0.2204916626215,0.058745436370373,1
-0.20290240645409,-0.0024626925587654,0.044886268675327,1
0.049746096134186,-0.21997493505478,0.039598368108273,1
-0.16938468813896,-0.15437116101384,-0.064348585903645,1
-0.15073150396347,0.079669825732708,0.01999943703413,1
-0.13085690140724,0.17478211969137,0.101094417274,1
-0.12679120898247,0.044800080358982,0.030929498374462,1
-0.07426443696022,0.21631338447332,-0.028027705848217,0
0.16971999406815,-0.19323968887329,0.16601445525885,1
0.046353042125702,-0.18595387041569,0.052679337561131,1
0.13460886478424,0.18481060117483,0.14730913192034,1
-0.19122219085693,0.011376418173313,0.050592951476574,1
-0.0252725481987,0.054082579910755,0.0079248324036598,1
-0.091054916381836,0.21833541244268,0.078216977417469,1
0.088850438594818,-0.25114841014147,0.0074680224061012,1
0.18587023019791,-0.18360678851604,0.031762488186359,1
-0.13371017575264,0.17927115410566,-0.080477274954319,0
-0.075323879718781,-0.1075715967454,0.010874725878239,1
0.17512065172195,-0.20017787069082,0.16192864626646,1
0.016737639904022,-0.20002097636461,0.13405714184046,1
-0.18087574839592,-0.066463869065046,-0.026936948299408,1
0.080254852771759,-0.20734091103077,-0.070407442748547,1
0.095190644264221,0.13111276179552,-0.071979649364948,1
-0.065777480602264,-0.010419405996799,-0.014068268239498,1
0.097093224525452,0.24978899210691,0.020260825753212,1
-0.037138700485229,-0.16558725386858,-0.054019346833229,1
-0.21355426311493,0.023279249668121,0.069228507578373,1
-0.063321739435196,-0.21783723682165,0.0040176585316658,1
0.01135265827179,-0.157735042274,-0.078308157622814,1
-0.061588853597641,0.20493128150702,0.044640630483627,1
-0.13529843091965,-0.0060281008481979,-0.0076707676053047,1
0.023966908454895,-0.24961335211992,0.1632959023118,1
-0.05936136841774,-0.077241636812687,-0.038872189819813,1
-0.038112759590149,0.074614949524403,-0.036381967365742,1
0.15671634674072,-0.24289750307798,0.094662941992283,1
-0.12755534052849,-0.11636031419039,0.076423846185207,1
-0.011817812919617,-0.2836162224412,0.015022456645966,1
-0.088566601276398,0.13408678025007,0.056030906736851,1
-0.20991215109825,-0.11499293521047,-0.025254651904106,1
0.090512871742249,0.10941154509783,0.018009282648563,1
-0.07278448343277,-0.089339489117265,-0.050606064498425,1
0.020030319690704,-0.21421970427036,0.019968636333942,1
0.089519262313843,0.20854034274817,-0.0026930794119835,1
0.0086726546287537,-0.10567612061277,-0.01630761474371,1
0.077148139476776,0.064170144498348,-0.005639985203743,1
-0.12399366497993,0.18392445892096,0.10775246471167,1
0.028425872325897,-0.17131212353706,-0.098250862210989,1
0.15371388196945,-0.12834677472711,-0.069439776241779,1
-0.091223061084747,-0.063031245023012,0.030487678945065,1
-0.11473077535629,0.1939057931304,0.10736814886332,1
0.11772245168686,-0.16353657096624,0.041867807507515,1
0.1073397397995,-0.15820849314332,-0.033839166164398,1
-0.00042873620986938,0.14967259019613,0.036309003829956,1
-0.044256806373596,-0.15889298543334,-0.033599868416786,1
-0.0517318546772,0.082996048033237,-0.025445245206356,1
-0.16238936781883,0.18446873873472,0.077896736562252,1
-0.10606318712234,0.016771361231804,-0.05915567278862,1
-0.062982350587845,-0.27125983685255,-0.0052791312336922,1
-0.14705029129982,-0.21321928501129,0.017147988080978,1
-0.15384778380394,0.12562038749456,-0.090470723807812,1
-0.14447659254074,0.12209653109312,0.11192766577005,1
0.0045099854469299,-0.10085403558332,0.02252396941185,1
-0.014397799968719,-0.15228806808591,0.050526075065136,1
-0.15686762332916,-0.060398485511541,0.22429288178682,1
0.11578851938248,0.14736523479223,-0.063042111694813,1
0.087796747684479,-0.15543680638075,-0.0044996365904808,1
0.069140791893005,0.1697489246726,0.025639705359936,1
-0.027787387371063,-0.056123543530703,-0.013813443481922,1
0.15476071834564,-0.19771664589643,0.046398349106312,1
-0.054705828428268,0.099983029067516,-0.082181602716446,1
0.10031276941299,-0.090715108439326,-0.079492524266243,1
-0.059492886066437,0.074521921575069,0.009625218808651,1
0.05442214012146,0.22218858450651,0.014262363314629,1
-0.001703679561615,-0.12788725458086,0.021138474345207,1
0.16331321001053,-0.198969848454,0.15679774433374,1
-0.045568585395813,-0.010319754481316,-0.033638916909695,1
-0.013230621814728,0.067539356648922,-0.004076711833477,1
-0.17236363887787,-0.037725389003754,-0.048494473099709,1
-0.013881623744965,0.16705375164747,-0.028350979089737,1
-0.060997754335403,0.02216748893261,0.0015944465994835,1
0.10984033346176,-0.09200493991375,-0.041776947677135,1
-0.15013122558594,0.21279396861792,-0.011982254683971,1
-0.063359826803207,-0.065962247550488,0.0047686174511909,1
-0.12495571374893,-0.013663321733475,-0.0033582225441933,1
0.0020790696144104,-0.062055192887783,-0.018967010080814,1
0.074701726436615,-0.08798648789525,-0.022626675665379,1
-0.095298945903778,0.090372957289219,-0.084312133491039,1
0.09030681848526,-0.067185889929533,0.0061407312750816,1
0.07658725976944,-0.083890844136477,-0.040267892181873,1
-0.088334321975708,-0.21709874272346,0.17407583445311,1
-0.082191467285156,0.067906834185123,-0.016079105436802,1
-0.031611621379852,-0.012994699180126,-0.0081295594573021,1
0.054482281208038,-0.060055442154408,-0.0035188496112823,1
-0.050557225942612,-0.1518187224865,-0.0077405944466591,1
0.090985357761383,-0.12806695327163,0.017637237906456,1
0.024107277393341,0.20342855900526,0.01302731782198,1
0.040729701519012,-0.22625783830881,0.073916412889957,1
-0.10311454534531,-0.084130836650729,-0.030866734683514,1
-0.14444908499718,-0.086769435554743,0.22609198838472,1
0.032232701778412,-0.14714401960373,-0.054072566330433,1
0.17031091451645,-0.22026104480028,-0.081909038126469,1
-0.10010358691216,0.17140456289053,-0.046578146517277,0
0.030848443508148,-0.10599876241758,-0.0200240239501,1
0.069513738155365,-0.070882169529796,-0.0056035444140434,1
-0.080211311578751,-0.032597318291664,0.017190717160702,1
0.058502793312073,-0.082894120365381,-0.0060375556349754,1
-0.0033478736877441,-0.23805905133486,-0.064424529671669,1
0.072618007659912,0.10306229442358,0.01586490124464,1
0.0016193389892578,0.18197476118803,-0.050622947514057,1
-0.026349246501923,-0.20985928922892,0.064264625310898,1
-0.058918535709381,-0.027321666479111,0.018910251557827,1
0.023243367671967,0.12413936108351,-0.052225142717361,1
-0.10867312550545,-0.22848828881979,0.1330713108182,1
0.033561229705811,0.20195358246565,-0.074386224150658,1
0.0044459104537964,0.19498797506094,0.22318578511477,1
0.026287317276001,0.21316318958998,0.0049626901745796,1
-0.19240164756775,0.064338557422161,-0.066724002361298,1
-0.031262457370758,-0.11649367585778,-0.041810594499111,1
0.11755293607712,0.24309765547514,0.15020763128996,1
0.12789183855057,0.23799895495176,-0.030860051512718,1
0.12209886312485,-0.24504361301661,0.098501913249493,1
0.019845962524414,0.2652236148715,-0.06160244345665,1
-0.065305143594742,-0.08513456210494,-0.032471649348736,1
-0.0019437074661255,0.24533428996801,0.045292764902115,1
-0.13377857208252,0.029604397714138,-0.053694568574429,1
0.044188678264618,-0.071145344525576,0.0033882558345795,1
-0.065065979957581,-0.11242457386106,0.024790182709694,1
-0.073074579238892,0.20043864101171,0.074958927929401,1
0.03105217218399,0.18226896971464,0.082638747990131,1
0.061419427394867,-0.049952156841755,-0.014026828110218,1
0.2031877040863,0.23199351876974,0.057878509163857,1
-0.24503198266029,-0.020786009728909,-0.069476209580898,1
-0.13318526744843,0.071061827242374,-0.012598998844624,1
-0.091975718736649,-0.20744376629591,0.012769348919392,1
0.070553362369537,-0.15452963858843,-0.054447896778584,1
0.15973591804504,0.13523928076029,0.0088048949837685,1
0.14069110155106,-0.24490792304277,0.12720573693514,1
-0.057216674089432,-0.075596760958433,-0.023397825658321,1
-0.043630123138428,-0.036253675818443,-0.033193863928318,1
0.044537901878357,0.09744343906641,0.012258298695087,1
-0.11734116077423,0.17681696265936,0.011937089264393,1
-0.21674212813377,-0.0137629956007,0.12408658117056,1
0.13306504487991,0.16305016726255,0.015350289642811,1
0.071786224842072,-0.14644396677613,-0.032264120876789,1
-0.13422605395317,0.044089086353779,0.060521222651005,1
-0.19469884037971,0.012513630092144,-0.014956153929234,1
0.073514342308044,0.1369591280818,-0.066699415445328,1
-0.063639879226685,0.15008448809385,0.0048807412385941,1
-0.12989476323128,0.10795163363218,0.017048932611942,1
-0.028552830219269,-0.096122870221734,-0.0016278997063637,1
-0.12120273709297,-0.19932763278484,0.075084544718266,1
-0.1201354265213,0.0273811891675,-0.076124280691147,1
0.094729244709015,0.1300670132041,0.027901992201805,1
-0.085118532180786,-0.032596789300442,-0.037942714989185,1
-0.066850930452347,-0.19657620787621,0.10660120099783,1
-0.038924634456635,-0.043542817234993,-0.032165892422199,1
-0.037595450878143,-0.017135322093964,-0.024884611368179,1
-0.006438136100769,-0.049328338354826,-0.0065207332372665,1
-0.0015720129013062,0.078229434788227,-0.026187568902969,1
-0.12457400560379,-0.10574606247246,-0.051858521997929,1
0.080974757671356,-0.082392135635018,0.022816948592663,1
0.022736668586731,0.082679770886898,0.016763269901276,1
0.062927067279816,-0.17832735925913,-0.030299551784992,1
0.04177451133728,0.12191490083933,-0.04039341956377,1
-0.12557917833328,-0.15970546379685,0.033403418958187,1
-0.17005404829979,0.18351467698812,0.096633024513721,1
0.20060235261917,0.17737098783255,0.069817028939724,1
-0.17537385225296,-0.020035624504089,0.0075929686427116,1
0.12322533130646,0.17193134874105,0.21326435357332,1
-0.21917885541916,0.092162601649761,0.14483565837145,1
0.091626167297363,0.23100902885199,-0.062901340425014,1
-0.11300161480904,-0.067576371133327,-0.031853020191193,1
0.081985712051392,-0.23091518133879,0.17318848520517,1
0.052274286746979,0.15775438398123,0.038056261837482,1
0.023643970489502,-0.16507072001696,0.049099765717983,1
0.22253555059433,0.20385714620352,0.0031993761658669,1
-0.15340811014175,-0.094176609069109,0.071374632418156,1
-0.12152597308159,-0.15996765717864,-0.062117867171764,1
0.030283153057098,0.062246315181255,0.0037860348820686,1
-0.18637928366661,0.099032305181026,0.010955609381199,1
0.11076802015305,-0.13857403025031,-0.065533958375454,1
0.086452782154083,0.10313550382853,-0.065911650657654,1
0.00843745470047,0.17272134870291,-0.058033749461174,1
-0.02210259437561,0.11735970526934,-0.0083506628870964,1
0.093714654445648,-0.18193225562572,-0.055899158120155,1
-0.1271185874939,0.038691677153111,-0.017166770994663,1
-0.17835003137589,0.13491102308035,-0.027000315487385,1
-0.19731786847115,-0.068826898932457,0.16443472355604,1
0.086131691932678,0.17466645687819,0.022931918501854,1
0.039620459079742,-0.21434632688761,-0.07982874661684,1
-0.003051221370697,-0.072606794536114,-0.011055395007133,1
0.092585623264313,-0.11842622049153,0.029309719800949,1
0.069804906845093,-0.084571002982557,-0.038188889622688,1
0.070933759212494,0.21999048441648,-0.011815391480923,1
-0.037243247032166,0.10457483679056,0.0025483444333076,1
0.073161900043488,-0.20185320824385,0.06103902310133,1
-0.018597066402435,0.15697856992483,0.021122820675373,1
-0.037611365318298,-0.053053699433804,0.0016172453761101,1
-0.08266544342041,0.037747018039227,-0.026872552931309,1
-0.04127436876297,-0.22320511937141,0.071828030049801,1
0.068798840045929,0.060990370810032,-0.0062195211648941,1
-0.0521479845047,0.0802116766572,-0.015221290290356,1
-0.089893579483032,0.17777471989393,0.024997599422932,1
-0.047691404819489,-0.11936872638762,0.039145521819592,1
0.12367004156113,0.19794072955847,-0.063955366611481,1
-0.084609925746918,-0.034556314349174,0.0047199800610542,1
0.11665004491806,0.13916332274675,-0.086893901228905,1
-0.046787202358246,-0.16382015496492,-0.073217317461967,1
0.002102792263031,-0.059125330299139,-0.013674356043339,1
-0.035922944545746,0.16538768261671,-0.0070407465100288,1
-0.21080532670021,0.018934741616249,0.01316461712122,1
0.089191198348999,0.26039489358664,-0.049135856330395,1
0.1317942738533,0.11269243806601,0.019648112356663,1
-0.11654743552208,0.20518728345633,0.095481164753437,1
0.04254138469696,-0.24277935177088,-0.064642809331417,1
-0.17701214551926,0.14559493213892,-0.0033669397234917,1
-0.25469380617142,0.054234676063061,-0.031075812876225,1
0.072245657444,-0.10215332824737,-0.0050010085105896,1
0.045558869838715,-0.19591403007507,0.092398501932621,1
0.10849422216415,0.083711169660091,-0.074126370251179,1
0.1305325627327,-0.1074570370838,-0.0014047399163246,1
-0.18678170442581,0.045058123767376,-0.026547007262707,1
-0.053865820169449,-0.076418260112405,-0.0056976452469826,1
0.040653765201569,0.22290345281363,-0.029904551804066,1
0.031788051128387,-0.11958444863558,-0.049972034990788,1
-0.20198091864586,-0.082270259037614,-0.038784436881542,1
-0.15301668643951,0.0050284862518311,-0.027863673865795,1
0.15749734640121,0.19041403383017,0.085332222282887,1
-0.11990910768509,-0.23581909388304,-0.0017253458499908,1
-0.045645475387573,-0.01162825524807,-0.034293405711651,1
0.056376099586487,0.07056101411581,-0.0015020743012428,1
-0.038673341274261,-0.076225884258747,-0.017051257193089,1
-0.26420906186104,0.016506530344486,0.014210499823093,1
0.0056547522544861,-0.081135852262378,0.0065216720104218,1
-0.10644906759262,0.1684589907527,-0.05393048375845,0
0.15441220998764,-0.18395791202784,-0.01666321605444,1
-0.17156273126602,0.02165699750185,0.0249248072505,1
0.044014036655426,-0.10068865702488,0.020574443042278,1
0.090963542461395,-0.2469088062644,0.087652303278446,1
-0.056740790605545,-0.19659760594368,-0.045058235526085,1
0.031586170196533,-0.16033994406462,-0.0057599619030952,1
-0.034469842910767,0.22347997874022,0.080562211573124,1
0.023112416267395,-0.25657155364752,-0.066079169511795,1
0.16812580823898,-0.23370929807425,-0.0022481456398964,1
0.026985585689545,-0.11043515615165,-0.062805719673634,1
0.063800036907196,0.068735174834728,0.01355616748333,1
-0.1325199007988,-0.14684107899666,0.07443318516016,1
0.057786166667938,-0.070964010432363,0.011865645647049,1
0.063936173915863,-0.09265150455758,-0.035348445177078,1
0.048645973205566,-0.17554085701704,-0.025125451385975,1
-0.12744507193565,-0.17423128336668,-0.00038721412420273,1
-0.0072890520095825,-0.11725313216448,-0.02529139071703,1
-0.029546499252319,0.12879567593336,0.040621340274811,1
-0.059809654951096,0.068821795284748,-0.064646951854229,1
0.020713925361633,-0.15836023911834,0.027405999600887,1
-0.16530340909958,-0.15892495214939,0.17289627343416,1
0.13503926992416,0.14820455759764,-0.052945598959923,1
0.0040319561958313,-0.16310591250658,-0.0049145594239235,1
-0.0168417096138,-0.23579799383879,-0.026554144918919,1
-0.13607156276703,0.078155063092709,0.055820129811764,1
-0.033493220806122,-0.17125260829926,0.059989131987095,1
-0.11827307939529,0.073734037578106,0.00080776959657669,1
-0.22010540962219,-0.033743552863598,0.13725978881121,1
0.0040439367294312,0.20430245250463,-0.058924324810505,1
0.088471472263336,-0.06695856153965,-0.0040706321597099,1
-0.045737087726593,0.19343235343695,-0.037873394787312,1
-0.010361850261688,0.25159918516874,0.098388649523258,1
-0.0050778985023499,0.21042542904615,0.051588259637356,1
-0.12641870975494,0.16545038670301,0.030116014182568,1
-0.083110719919205,0.20867999643087,-0.022287331521511,0
0.17119818925858,0.19388117641211,-0.024145655333996,1
0.0086051821708679,0.27802588790655,-0.025964058935642,1
-0.055946111679077,-0.012371018528938,-0.00043124705553055,1
-0.1850953400135,-0.041841439902782,0.054309315979481,1
0.067547678947449,0.1015659943223,0.0035116747021675,1
-0.090343832969666,-0.076837699860334,-0.011553682386875,1
0.065840065479279,-0.094542574603111,-0.012623474001884,1
0.071410119533539,0.046874456107616,-0.0088870599865913,1
-0.10506352782249,-0.05663513019681,-0.022417910397053,1
-0.067526459693909,-0.17571527510881,0.00079710781574249,1
-0.19912967085838,-0.1126655433327,0.072310917079449,1
-0.082396060228348,-0.10006592993159,-0.020212836563587,1
-0.044316589832306,-0.097921080654487,0.024095289409161,1
0.018972098827362,0.09988259524107,-0.059518925845623,1
0.013386130332947,-0.07469517365098,0.0069483146071434,1
-0.23552089929581,-0.084280531853437,0.037812761962414,1
0.067804217338562,-0.043076056987047,-0.011315815150738,1
-0.053513526916504,0.037571094930172,0.013555817306042,1
-0.16183194518089,-0.081852324306965,-0.015004806220531,1
-0.12246626615524,-0.20158932358027,0.025246292352676,1
-0.12578326463699,-0.16426409780979,0.074558727443218,1
-0.10852292180061,-0.15084249153733,0.062800817191601,1
0.074259579181671,-0.26719421893358,-0.022576861083508,1
-0.049617290496826,0.14092025905848,0.046190358698368,1
-0.083181321620941,0.033563189208508,-0.065152645111084,1
-0.020692944526672,0.055698923766613,0.0069125071167946,1
0.0061594843864441,-0.10694769024849,-0.002874456346035,1
0.12182682752609,-0.099658441962674,-0.068478457629681,1
0.1998136639595,-0.18506814539433,-0.052914015948772,1
-0.15413725376129,-0.11961340345442,-0.082280419766903,1
-0.19955760240555,-0.11675309762359,-0.041246525943279,1
0.066523611545563,0.10085742920637,-0.022416420280933,1
-0.062337636947632,-0.18704554438591,0.033835306763649,1
-0.0042862296104431,-0.14726512879133,-0.013257458806038,1
0.19420373439789,0.19917889684439,0.13082555681467,1
-0.16421777009964,0.061347536742687,-0.06380270421505,1
-0.10551446676254,-0.19626942276955,0.01724511384964,1
-0.16598731279373,-0.052831128239632,-0.019156344234943,1
0.064571499824524,0.15498744696379,-0.013222515583038,1
-0.089973449707031,-0.019360259175301,-0.039545722305775,1
-0.0406374335289,0.11659745126963,-0.068085066974163,1
-0.035187959671021,0.045393414795399,0.0069655254483223,1
0.13289177417755,-0.16236277669668,0.08372738212347,1
-0.05489918589592,-0.057377472519875,-0.011305846273899,1
-0.062006533145905,-0.21612156182528,0.11525917798281,1
-0.072556346654892,0.042582266032696,-0.037193812429905,1
0.061473548412323,0.067625023424625,-0.012445405125618,1
0.087868571281433,0.13305448740721,0.03766804933548,1
-0.15259373188019,0.095263235270977,0.10503693670034,1
0.04703027009964,-0.079734595492482,-0.027414180338383,1
0.18945330381393,0.22926934808493,0.10074955970049,1
-0.025784254074097,0.12141417711973,-0.082050450146198,1
-0.12414702773094,0.0051196739077568,-0.02903900295496,1
-0.21931558847427,-0.12445841543376,0.032960809767246,1
0.13687694072723,0.18704607337713,-0.013489581644535,1
-0.0085915327072144,0.065513454377651,0.0088704824447632,1
0.16100859642029,0.16918896883726,-0.056832820177078,1
-0.18274465203285,-0.17795226722956,-0.01115769892931,1
-0.1756763458252,-0.15511288493872,-0.0031409040093422,1
-0.076772034168243,0.026253573596478,-0.017137698829174,1
-0.096496313810349,-0.24511221796274,0.12916290014982,1
-0.098864942789078,0.24061068147421,0.043398380279541,1
0.066228270530701,-0.15277067944407,0.01937261223793,1
-0.16201633214951,-0.11076013650745,-0.058098874986172,1
0.11370128393173,-0.19691313803196,-0.026839576661587,1
-0.049388408660889,-0.15415967255831,0.064020365476608,1
0.078853785991669,-0.10484922165051,-0.065427519381046,1
-0.14098697900772,-0.14635457843542,0.17029287666082,1
-0.025383174419403,-0.067185118794441,-0.0057499632239342,1
-0.010714173316956,0.21615438908339,-0.016817882657051,1
-0.19486474990845,-0.12149146385491,-0.024215340614319,1
0.050024628639221,0.084218494594097,0.017988078296185,1
0.007854163646698,-0.080247217789292,0.016311846673489,1
0.09936136007309,-0.19478184729815,0.18926224857569,1
-0.13690179586411,-0.093469369690865,-0.039483688771725,1
-0.021079301834106,-0.090927995741367,-0.042757995426655,1
0.10798025131226,-0.12765845656395,-0.010708473622799,1
0.020347774028778,-0.078560596331954,-0.0013353452086449,1
-0.039518713951111,-0.17954898625612,0.058978699147701,1
-0.062750339508057,-0.10393351269886,-0.081352323293686,1
0.081501543521881,-0.10912140551955,-0.05140682309866,1
0.13919752836227,-0.13801501318812,0.08070369809866,1
-0.052691131830215,0.19840075820684,0.044254012405872,1
0.057044923305511,-0.11981944553554,0.0039486959576607,1
-0.22338882088661,0.10114095360041,-0.055937990546227,1
0.032853364944458,0.21765454858541,0.024621888995171,1
0.0094718337059021,-0.071156825870275,-0.010480433702469,1
0.14689981937408,0.23371490091085,0.091865696012974,1
-0.010178864002228,0.18169119209051,0.038046158850193,1
0.028846800327301,-0.22504048794508,-0.0064133703708649,1
-0.12072923779488,0.10251098126173,-0.040580041706562,1
0.061863541603088,0.12778592854738,-0.044466368854046,1
0.065192401409149,0.089237533509731,0.023738592863083,1
-0.038372278213501,0.16218458861113,0.055406577885151,1
0.0068644881248474,0.18993803113699,0.014585398137569,1
-0.033593475818634,-0.0069011002779007,-0.0066255554556847,1
0.12399739027023,0.215855948627,0.12046628445387,1
-0.14789086580276,-0.19940853863955,-0.074863582849503,1
-0.0038660764694214,-0.23747088760138,0.14950601011515,1
-0.22513529658318,0.012960955500603,0.15269012004137,1
0.054174184799194,0.18987157195807,-0.09552463889122,1
-0.051266998052597,-0.031217314302921,-0.039503328502178,1
0.095580756664276,-0.19506578892469,-0.01730715483427,1
0.073565900325775,0.086094938218594,0.0017035230994225,1
-0.039669334888458,0.25055118650198,0.0062074586749077,1
-0.18466639518738,0.15133529156446,0.032235153019428,1
0.1926663517952,-0.1983086168766,-0.085466928780079,1
0.027636587619781,0.056439496576786,-0.0022383406758308,1
-0.1040500998497,0.14019910246134,-0.089093171060085,0
-0.08872389793396,0.18428351730108,-0.08518797904253,0
0.036794066429138,0.14482786506414,-0.074789933860302,1
0.025000810623169,0.21262126415968,-0.090670838952065,1
0.15708667039871,0.14185167104006,0.11122763901949,1
-0.054888010025024,-0.23222327977419,0.055132754147053,1
-0.023352682590485,0.22339483350515,-0.00021181255578995,1
-0.01745593547821,0.093284510076046,-0.022029459476471,1
0.027968168258667,0.12133132666349,0.005884125828743,1
0.044685423374176,-0.088855441659689,-0.012851841747761,1
-0.10526925325394,0.14961066097021,0.044909693300724,1
0.028495967388153,-0.20324698090553,0.20302189141512,1
0.084523141384125,-0.072381900623441,-0.026500381529331,1
-0.090772956609726,-0.20979711413383,0.13016261905432,1
0.15614974498749,-0.18632419407368,0.0097106322646141,1
-0.025592982769012,-0.20205851644278,-0.055055163800716,1
0.041389405727386,0.12838787585497,-0.019257232546806,1
-0.17563092708588,-0.17172644287348,0.073136158287525,1
0.049825489521027,-0.20803524553776,0.059302769601345,1
-0.056584984064102,-0.20639734715223,0.051147736608982,1
-0.072140663862228,-0.028953783214092,-0.030694290995598,1
-0.086530238389969,-0.0054809972643852,-0.07519156485796,1
-0.17974802851677,0.07900757342577,-0.019686006009579,1
-0.10902458429337,0.1709396764636,0.04405864328146,1
-0.14792740345001,0.17059548944235,-0.056481517851353,0
-0.096863597631454,0.0033695250749588,-0.014518640935421,1
-0.068855464458466,0.099798984825611,-0.039844863116741,1
0.082341253757477,-0.17182513326406,-0.09152690321207,1
-0.027887582778931,-0.060711201280355,-0.018279276788235,1
0.0099661350250244,-0.084694990888238,-0.027686357498169,1
-0.21525409817696,-0.13750097155571,0.023803658783436,1
0.088984429836273,-0.1800272911787,0.044701784849167,1
-0.01965469121933,0.07340046018362,-0.027891628444195,1
-0.022015631198883,0.15985163301229,0.019297040998936,1
-0.080315053462982,0.10858231037855,-0.0052632465958595,1
-0.11190277338028,0.10938762873411,-0.072742752730846,1
0.012708723545074,-0.067595507949591,-0.01801485568285,1
-0.022067844867706,-0.072999140247703,-0.021668426692486,1
0.11790353059769,-0.18625664710999,0.15783200412989,1
0.024287819862366,0.066444583237171,-0.0088280737400055,1
-0.018351137638092,0.12506244331598,-0.0059014186263084,1
-0.089303195476532,-0.18596856296062,-0.093781903386116,1
-0.10474425554276,-0.19862094521523,0.0060588195919991,1
-0.031873166561127,-0.047805592417717,-0.0084260478615761,1
0.10095518827438,0.084150619804859,-0.040937371551991,1
0.0556281208992,0.07675451785326,0.017176367342472,1
-0.21397852897644,0.024433471262455,-0.0048367008566856,1
0.099419414997101,0.12721336632967,-0.087063588202,1
0.10853099822998,-0.19766470044851,0.16590525954962,1
-0.21082869172096,-0.093702778220177,0.0051062628626823,1
0.046927750110626,0.1259044483304,0.032444037497044,1
0.1736706495285,0.16447585076094,-0.045562870800495,1
0.042465388774872,-0.058560948818922,0.00073748826980591,1
-0.12949293851852,0.15884094685316,0.19280930608511,1
-0.2010754942894,-0.028222978115082,-0.012963376939297,1
-0.074000537395477,0.015362940728664,-0.059109076857567,1
0.05066043138504,0.078158132731915,0.012465782463551,1
-0.15975096821785,0.086434237658978,0.086850561201572,1
-0.20621913671494,0.0016011893749237,0.09728280454874,1
-0.094904184341431,0.078439362347126,-0.089314684271812,1
-0.24210986495018,-0.081965979188681,0.074855245649815,1
-0.15801137685776,0.089444153010845,0.19052714854479,1
-0.2284728884697,0.11304796487093,0.10372639447451,1
0.0073179602622986,-0.17641175538301,-0.032426752150059,1
0.10484105348587,0.15849523991346,0.07109073549509,1
0.04507976770401,-0.083649033680558,-0.051381140947342,1
0.031506836414337,-0.14860370755196,0.017210975289345,1
-0.087614566087723,-0.088957944884896,-0.023850776255131,1
-0.081417143344879,-0.089413275010884,-0.087287940084934,1
-0.077299267053604,-0.19470356404781,-0.028574287891388,1
0.0068454146385193,0.20781504362822,0.13542234152555,1
0.079269826412201,-0.10133611352649,-0.03259652107954,1
-0.068092584609985,0.18939187377691,-0.052906922996044,1
-0.042852103710175,0.021254844963551,-0.034912876784801,1
0.024202346801758,-0.12416326999664,-0.045591615140438,1
0.068067610263824,0.12784346193075,-0.050738789141178,1
-0.060767471790314,-0.10273213800974,-0.053833708167076,1
0.0069592595100403,-0.17166682332754,0.0039876475930214,1
0.095915198326111,0.10433333367109,0.018990911543369,1
0.074354529380798,0.094283871352673,-0.065510161221027,1
-0.10536035895348,0.20525147765875,-0.025803126394749,0
-0.036732017993927,0.095604382455349,-0.042618773877621,1
-0.12695813179016,0.17441787570715,-0.069741941988468,0
-0.10340368747711,-0.064421579241753,-0.035800635814667,1
0.036734163761139,0.096818931400776,-0.027800433337688,1
0.058397054672241,0.092124216258526,0.016164161264896,1
0.11108261346817,-0.25975958257914,-0.062911376357079,1
-0.035805881023407,-0.14682304486632,0.019042998552322,1
-0.096920967102051,-0.042248707264662,-0.051453940570354,1
0.082849144935608,0.24081399291754,-0.012032493948936,1
0.070628821849823,-0.06194157525897,0.006006620824337,1
0.054267883300781,0.060258470475674,0.0024647042155266,1
-0.16673955321312,0.10480933636427,-0.08153609931469,1
-0.019383370876312,-0.27458370476961,0.085317544639111,1
-0.14716589450836,-0.21722985804081,-0.0073389858007431,1
-0.035806119441986,-0.011051990091801,-0.017471365630627,1
-0.26453745365143,-0.00029806047677994,0.012929998338223,1
-0.15999242663383,-0.00021114945411682,-0.0068267956376076,1
-0.070545315742493,-0.26743970066309,0.026848182082176,1
-0.19493454694748,-0.080155460163951,-0.053997881710529,1
0.15085238218307,0.24543669074774,0.098155297338963,1
0.084045231342316,0.20283447951078,0.18865419179201,1
0.021152853965759,-0.11011181678623,0.019336007535458,1
0.086906135082245,-0.19558784365654,-0.024036891758442,1
-0.13168618083,-0.0072085857391357,-0.065976500511169,1
0.14088588953018,0.13562413305044,0.0050657168030739,1
-0.16382145881653,0.098218835890293,0.18594302982092,1
0.1088599562645,0.25215967744589,0.11892197281122,1
-0.10907405614853,-0.17514558881521,0.16870332509279,1
0.063241541385651,0.060957066714764,-0.020885929465294,1
0.074889183044434,0.092595361173153,-0.053888447582722,1
-0.092809408903122,-0.053875003010035,-0.045251443982124,1
-0.11351406574249,0.013398543000221,-0.05701894313097,1
-0.19929188489914,-0.042340774089098,0.062421090900898,1
0.060320317745209,0.15758376568556,-0.03978393226862,1
-0.089598417282104,-0.15989699959755,-0.036700703203678,1
-0.12284350395203,0.026922322809696,0.024171106517315,1
-0.13614174723625,-0.21504835039377,0.073691509664059,1
-0.035465657711029,0.16101553291082,-0.0669861510396,1
0.05777496099472,0.21011730283499,0.034374825656414,1
-0.061210095882416,-0.033002629876137,-0.046135559678078,1
-0.020930588245392,0.24020954221487,0.048706091940403,1
0.11504691839218,-0.15127359703183,0.011152014136314,1
-0.13061884045601,-0.025463789701462,-0.019192658364773,1
0.027752995491028,0.20741935819387,0.094776578247547,1
0.0016142129898071,0.085964970290661,0.01276183873415,1
-0.064398884773254,0.045288942754269,-0.018024750053883,1
-0.12804055213928,0.12609670311213,0.079613201320171,1
0.061339557170868,-0.26603702455759,0.095422334969044,1
0.054194986820221,0.12877058237791,-0.056793741881847,1
-0.039071381092072,0.21780251711607,-0.043886616826057,1
0.13385504484177,0.18014916032553,0.15371946245432,1
-0.1122579574585,-0.15868078917265,-0.080014884471893,1
0.042731821537018,-0.28690398484468,0.07041459530592,1
-0.005075216293335,-0.12062365189195,-0.020835496485233,1
-0.039530336856842,-0.046938799321651,-0.005700908601284,1
0.047758817672729,-0.14271392673254,-0.035534232854843,1
-0.022228479385376,0.059735961258411,0.0085716620087624,1
-0.029923379421234,0.0087632164359093,0.0012347623705864,1
-0.0046358704566956,-0.13424694165587,-0.080854095518589,1
-0.085489720106125,0.036813281476498,-0.010769210755825,1
-0.01683247089386,0.2104325518012,0.084648974239826,1
-0.14914405345917,-0.092544301413,0.070190332829952,1
-0.10402953624725,-0.099641703302041,-0.059536896646023,1
-0.0010105967521667,-0.082139257341623,0.016844123601913,1
-0.022809863090515,-0.056678883731365,-0.01889281719923,1
0.16530412435532,0.24185123294592,0.071545250713825,1
-0.025670766830444,0.17147191613913,0.020786091685295,1
-0.23828735947609,-0.061908680945635,0.076762326061726,1
0.062130272388458,-0.19146455079317,-0.011161409318447,1
-0.10804951190948,0.26181914657354,0.011926248669624,1
-0.055178612470627,0.21075990051031,-0.029992774128914,1
-0.16521137952805,0.1325723901391,-0.023285262286663,1
-0.15774470567703,0.015792988240719,0.055541299283504,1
0.11115366220474,-0.0908596040681,-0.014346458017826,1
-0.068098187446594,-0.014694415032864,0.0091625675559044,1
-0.01409238576889,0.10794775933027,-0.03636509925127,1
-0.065821290016174,0.22117211669683,-0.033364377915859,1
-0.049914717674255,0.12830720096827,0.043969437479973,1
-0.10520723462105,-0.015685357153416,-0.053267933428288,1
-0.039387345314026,0.088967345654964,0.0090697333216667,1
-0.099510997533798,-0.049993321299553,0.030708841979504,1
-0.15291833877563,0.16881950944662,-0.085345052182674,0
-0.09455019235611,0.10263235121965,-0.092521242797375,1
-0.023522794246674,-0.13978591188788,0.046196274459362,1
0.02177357673645,0.11610864847898,0.02913736552,1
-0.14066714048386,0.1761482283473,0.15350937098265,1
0.012049496173859,-0.076578248292208,0.0056884959340096,1
0.19965142011642,-0.19708840548992,-0.0076406672596931,1
-0.04753851890564,0.14235221594572,0.053064808249474,1
-0.056589126586914,0.098356686532497,-0.0096822455525398,1
0.01515132188797,0.089527644217014,-0.010719545185566,1
-0.14384007453918,0.091892190277576,-0.072224296629429,1
-0.0010527372360229,0.16207941621542,-0.058905802667141,1
0.13357615470886,0.24486672133207,0.00057666748762131,1
0.12043434381485,-0.2279389873147,0.11228715628386,1
-0.0050874352455139,-0.17153437435627,0.065239645540714,1
-0.10686498880386,0.11427577584982,-0.049602560698986,1
-0.072455704212189,0.12750137597322,-0.083775095641613,1
0.061382651329041,0.08726517111063,-0.04213585704565,1
-0.064939051866531,-0.0057791769504547,-0.012621410191059,1
0.0040673613548279,-0.28292778879404,-0.043627709150314,1
0.047194242477417,0.061891607940197,-0.0095336362719536,1
0.047320544719696,-0.26045478135347,0.083523668348789,1
-0.12968519330025,0.064643241465092,0.047757036983967,1
-0.095112711191177,-0.25160326808691,0.086030788719654,1
-0.016384661197662,0.23106583207846,0.068074189126492,1
-0.014397501945496,0.12794502824545,-0.005235992372036,1
0.18010646104813,-0.15883807092905,-0.079974494874477,1
-0.01527339220047,0.067504711449146,0.011892952024937,1
-0.23426425457001,0.067794032394886,0.073959551751614,1
-0.022999048233032,0.21521239727736,0.10978611558676,1
-0.066078245639801,0.12526958435774,-0.090273834764957,1
0.10522019863129,-0.18939650058746,-0.089529536664486,1
-0.14309212565422,-0.055710598826408,0.024203978478909,1
0.14612549543381,-0.14068368449807,0.034962095320225,1
-0.052516639232635,0.013789229094982,0.00076160579919815,1
-0.031077444553375,0.017780229449272,-0.0026767775416374,1
-0.13453251123428,0.15753623098135,0.046126924455166,1
-0.051516503095627,0.10388300567865,-0.061926938593388,1
0.069004237651825,0.15790622681379,-0.046696081757545,1
-0.074854612350464,-0.19631894677877,0.017293199896812,1
0.02557384967804,0.084529735147953,0.017995677888393,1
-0.041848719120026,-0.21959833800793,-0.093003578484058,1
0.1373325586319,-0.15938245505095,0.036674506962299,1
-0.19009807705879,-0.0049982592463493,0.11835660785437,1
-0.056751668453217,-0.16167090460658,0.043280944228172,1
-0.075612843036652,0.21427180618048,-0.041832275688648,1
-0.14672496914864,-0.10300954338163,-0.099261216819286,1
0.044282853603363,0.13245069235563,0.014171786606312,1
-0.17437556385994,0.1469047293067,0.14312542229891,1
-0.22972983121872,0.041362456977367,0.021880187094212,1
0.12022393941879,-0.24841935187578,0.088379718363285,1
-0.15093857049942,-0.09216692019254,-0.031424701213837,1
0.039467513561249,-0.081097004935145,0.017615668475628,1
0.11628317832947,0.12133035808802,-0.012441538274288,1
-0.061121135950089,0.23099499195814,-0.088104166090488,1
0.042179048061371,0.12291062623262,-0.065094880759716,1
0.13436913490295,0.26620005816221,-0.019964821636677,1
0.096685469150543,-0.26803188771009,-0.01928448677063,1
0.071943998336792,0.21355997771025,0.069642134010792,1
-0.21561253070831,-0.10851256363094,0.051749639213085,1
-0.070367693901062,-0.19340722262859,0.12166396528482,1
-0.074091732501984,0.21002196520567,-0.018460378050804,1
-0.17673528194427,-0.087974396534264,0.1971103027463,1
-0.044865667819977,-0.018944419920444,-0.019714154303074,1
-0.14374661445618,-0.075822157785296,0.084484286606312,1
-0.12636804580688,-0.089312361553311,0.055705495178699,1
-0.098348379135132,-0.060526378452778,0.015132509171963,1
0.16826635599136,-0.17748893797398,0.06121451407671,1
0.1297435760498,-0.17433398216963,0.19108938425779,1
-0.18777936697006,-0.18098259717226,0.087899200618267,1
0.068977057933807,-0.2623098269105,0.053161285817623,1
0.071826994419098,-0.23884011059999,0.039376355707645,1
-0.050623267889023,0.08498477190733,-0.043853752315044,1
-0.089852631092072,0.078494228422642,-0.089428521692753,1
0.11652398109436,-0.22077961266041,0.0090486034750938,1
0.16012442111969,0.17556431144476,0.01587937772274,1
0.10880082845688,-0.090008659288287,-0.028768084943295,1
-0.17121276259422,-0.19657258689404,0.02458094805479,1
0.04558914899826,0.23138117045164,0.018468640744686,1
0.00097888708114624,0.20917042344809,-0.030840024352074,1
-0.010632276535034,0.20880540460348,-0.045968376100063,1
-0.0086446404457092,-0.16903219372034,0.0096923410892487,1
-0.01277083158493,-0.068389985710382,-0.013621665537357,1
-0.12618136405945,-0.14904806762934,0.030160672962666,1
0.13941925764084,-0.20616574585438,0.16874735802412,1
-0.028654634952545,0.034236900508404,-0.0060010626912117,1
-0.049195110797882,0.056728340685368,0.022656984627247,1
-0.19242089986801,-0.041959159076214,0.18677186220884,1
0.025046467781067,0.25426625460386,0.026042141020298,1
-0.20201545953751,0.004219651222229,0.13587000221014,1
-0.021715581417084,-0.11247150041163,0.013543106615543,1
-0.046907484531403,0.10386394709349,0.021271161735058,1
-0.024652063846588,-0.1455424465239,-0.046044081449509,1
-0.074704170227051,0.19938903301954,-0.038033001124859,0
0.15817421674728,-0.18880721926689,-0.050486691296101,1
-0.037084758281708,-0.044187396764755,-0.023055844008923,1
0.050988793373108,-0.2589645460248,-0.03958635032177,1
-0.051325976848602,0.0818937048316,-0.027287401258945,1
0.13731318712234,0.15123068541288,-0.044524855911732,1
-0.13499981164932,0.027498714625835,0.022334314882755,1
-0.0051616430282593,0.23376625031233,0.14820367842913,1
-0.046767354011536,-0.0080017596483231,0.00035899132490158,1
0.045075178146362,0.25408049672842,-0.05727281421423,1
0.12599146366119,0.11620260030031,-0.026876054704189,1
-0.17145693302155,0.057985179126263,0.18361514061689,1
-0.014277756214142,-0.26304284483194,-0.027601160109043,1
0.10694319009781,-0.19095206260681,0.072975285351276,1
0.10015910863876,0.1963953897357,0.062178939580917,1
0.16539776325226,0.18819158524275,-0.052980050444603,1
0.067258775234222,-0.065054222941399,0.00039149075746536,1
0.021076381206512,0.065895043313503,-0.0051478073000908,1
-0.12503096461296,-0.013233736157417,-0.012131027877331,1
0.15129858255386,0.26191028207541,-0.012829907238483,1
0.13791799545288,0.19115784019232,-0.054292812943459,1
-0.033628225326538,0.17954107373953,0.069440625607967,1
0.033086001873016,0.29102765768766,-0.00074256211519241,1
-0.24119186401367,-0.011987045407295,0.07162394374609,1
0.092412710189819,0.079848848283291,0.0071792080998421,1
0.1495121717453,0.25924461334944,-0.031615175306797,1
-0.058321267366409,-0.17756975442171,0.033861763775349,1
0.014277696609497,0.12484347075224,-0.017446868121624,1
-0.1644991338253,-0.19534972310066,-0.061242289841175,1
-0.1053426861763,-0.10577454511076,0.03362562507391,1
-0.088459491729736,-0.13779176399112,0.070759423077106,1
-0.060773134231567,-0.028399519622326,-0.029184848070145,1
-0.042232096195221,0.083622105419636,-0.021987445652485,1
-0.0050684809684753,0.20213650912046,-0.086813680827618,1
-0.018310904502869,-0.077931270003319,0.014933533966541,1
0.0093725323677063,-0.06137428432703,0.0043969452381134,1
0.10497969388962,0.11820553988218,-0.053179539740086,1
0.077283084392548,-0.11017942149192,-0.026687517762184,1
0.10953438282013,-0.13879605382681,0.019012056291103,1
0.11714333295822,-0.18749334663153,0.12164021283388,1
-0.24161171913147,-0.077590057626367,0.069334141910076,1
0.07444953918457,0.2843789383769,0.063671745359898,1
0.11244839429855,-0.25802405923605,-0.013581827282906,1
0.050997793674469,-0.19557852298021,0.042279474437237,1
0.010676801204681,-0.18794845789671,0.038636676967144,1
0.017834544181824,0.093528337776661,0.007520355284214,1
-0.11661219596863,-0.1322985291481,-0.070401512086391,1
-0.11482399702072,0.16286500543356,0.077734343707561,1
-0.045208692550659,0.16941305249929,-0.089356750249863,1
0.10558432340622,0.16655739396811,0.033305540680885,1
-0.0029364824295044,0.09019198268652,5.2608549594879e-05,1
-0.046733558177948,-0.2385668233037,0.10449726134539,1
0.049536108970642,-0.090265647508204,-0.026519134640694,1
-0.1243788599968,0.07791056483984,-0.05623234808445,1
-0.20183062553406,-0.11549517698586,-0.076247625052929,1
0.094524919986725,-0.20307623594999,-0.046422526240349,1
-0.16646751761436,-0.13159340620041,0.13388971239328,1
0.052462995052338,-0.13683225214481,-0.010715521872044,1
-0.10824421048164,0.22639810293913,-0.016661733388901,0
0.15076833963394,-0.13743017986417,-0.049938701093197,1
0.11635422706604,-0.20205902308226,0.066397115588188,1
-0.010086953639984,-0.22976887971163,0.17686230689287,1
0.03842967748642,0.057970724999905,-0.0044365450739861,1
-0.021340310573578,-0.19725103676319,0.14677733927965,1
-0.020196735858917,0.033214800059795,0.0044608488678932,1
0.071467399597168,-0.2318038418889,-0.05197835713625,1
-0.10473853349686,-0.22966057807207,-0.079164631664753,1
-0.062043040990829,0.21631773561239,0.07763359695673,1
-0.0878826379776,0.24580623954535,-0.060115069150925,0
0.083451569080353,-0.15280555933714,-0.028294429183006,1
0.011546671390533,0.1415501460433,-0.020604245364666,1
-0.013907611370087,0.14021598547697,-0.080130212008953,1
0.039433479309082,-0.21674963086843,0.12637809664011,1
0.067786037921906,-0.074624445289373,0.005106195807457,1
-0.033081293106079,-0.18347860127687,0.22592256218195,1
-0.22449538111687,0.011738553643227,-0.064753614366055,1
-0.045423746109009,0.24146004766226,0.12839261442423,1
-0.233638048172,0.010604977607727,-0.082797415554523,1
-0.13603350520134,-0.018155567348003,-0.037249587476254,1
0.12636661529541,-0.1676959618926,-0.034337617456913,1
-0.11185199022293,-0.074790233746171,-0.00092031806707382,1
-0.10867017507553,0.032481230795383,-0.059509232640266,1
-0.11748841404915,-0.21976291388273,-0.079394482076168,1
0.042699158191681,-0.21803254634142,0.0052206143736839,1
-0.080385029315948,0.04923652857542,-0.04330974817276,1
-0.16505891084671,0.097371347248554,0.1935026422143,1
-0.0071750283241272,0.223124794662,0.038879297673702,1
-0.081034570932388,0.0048484280705452,-0.0034164711833,1
0.08419281244278,0.16481026262045,0.069859512150288,1
-0.013732254505157,-0.20588784664869,0.20085836201906,1
-0.15182185173035,0.15183349698782,-0.058896951377392,1
-0.15028804540634,0.14968708902597,0.065851263701916,1
-0.12122571468353,-0.19941885024309,0.054843343794346,1
0.028454959392548,-0.10779929393902,-0.036052256822586,1
0.020100951194763,-0.10678993910551,-0.037861123681068,1
-0.014249920845032,0.045970223844051,-0.0027299448847771,1
0.11106884479523,0.10211060196161,0.031683318316936,1
-0.14583712816238,0.061912722885609,-0.084083154797554,1
-0.14932659268379,-0.11597795039415,0.13106965273619,1
-0.0092669129371643,-0.19857204705477,-0.05788566172123,1
0.10519850254059,-0.17764921486378,-0.088706664741039,1
-0.086494266986847,-0.19067500531673,0.16293179243803,1
0.030201137065887,0.10505969077349,0.018153093755245,1
0.13286304473877,0.22877936810255,-0.028135135769844,1
0.22020214796066,-0.20265300571918,0.012631364166737,1
-0.14915153384209,0.043871931731701,-0.013083182275295,1
-0.03047913312912,0.02196504175663,-0.0021793618798256,1
0.094818711280823,0.23034407943487,0.083033598959446,1
-0.040033996105194,0.065096370875835,-0.0069673731923103,1
0.092767238616943,0.068001858890057,0.0060480460524559,1
-0.10076266527176,0.23242744058371,0.03014075756073,1
-0.089046597480774,0.21987345069647,0.069781921803951,1
-0.1047138273716,0.067165650427341,0.0039955452084541,1
0.077727496623993,0.075218074023724,0.011101298034191,1
0.097369909286499,0.23285331577063,-0.087170299142599,1
0.098059475421906,-0.13286671042442,-0.019003197550774,1
-0.058547645807266,0.0066097527742386,-0.011225782334805,1
-0.10781982541084,-0.11793449148536,0.040243051946163,1
0.0083886981010437,0.18801348656416,-0.05770069360733,1
0.064720332622528,-0.2268790230155,-0.063870452344418,1
-0.19000244140625,0.063258059322834,0.17476514726877,1
-0.061043232679367,0.1637179479003,-0.026606798171997,1
-0.16463100910187,-0.14830890670419,0.036855213344097,1
-0.14780575037003,0.15126492828131,0.14607625454664,1
-0.092088460922241,0.23727818578482,-0.023768112063408,0
-0.0071829557418823,-0.27294347435236,0.033277824521065,1
-0.11339086294174,-0.12986163794994,0.037907339632511,1
-0.26204296946526,-0.045440521091223,0.052565641701221,1
0.16322880983353,-0.18699664622545,-0.038790218532085,1
0.07845664024353,0.24339743703604,0.069652177393436,1
-0.103938549757,-0.095662106759846,-0.051908992230892,1
-0.15667876601219,-0.16120979934931,0.079464487731457,1
-0.14983034133911,-0.22687201946974,0.044157616794109,1
-0.013915061950684,0.25769906491041,-0.026078090071678,1
-0.10279631614685,0.13756252080202,0.064942054450512,1
0.12802773714066,-0.2551261857152,-0.045195035636425,1
0.16978812217712,0.25009550899267,-0.0038176327943802,1
-0.22632199525833,0.037952102720737,0.16211465746164,1
0.14653760194778,-0.23059154301882,-0.011266514658928,1
0.17865252494812,0.23408367484808,-0.039483293890953,1
-0.17019963264465,0.078051410615444,0.011665649712086,1
0.059455752372742,-0.22771849483252,0.0862672701478,1
0.033757507801056,-0.057186346501112,0.0023952275514603,1
0.15535819530487,0.19586827605963,0.072086460888386,1
0.028195798397064,-0.069984596222639,-0.011584170162678,1
0.12164294719696,0.17115014046431,0.21816474944353,1
0.064919233322144,0.26136457175016,0.063668355345726,1
-0.063810735940933,-0.052308447659016,0.0098965838551521,1
0.042477071285248,-0.069702727720141,2.0213425159454e-05,1
0.11952584981918,-0.14498697966337,0.064958728849888,1
0.039704918861389,0.2236760482192,0.13314420729876,1
0.065543591976166,0.044962592422962,0.0046266689896584,1
-0.03689044713974,-0.065035171806812,0.019700966775417,1
-0.0033408403396606,-0.10168891074136,0.017303757369518,1
0.10510951280594,-0.22423450648785,0.17491761595011,1
0.012991845607758,0.11888947337866,0.026369906961918,1
0.0213702917099,0.11519151180983,0.026486732065678,1
0.12287646532059,0.13548689335585,0.030619435012341,1
-0.078457325696945,0.039609901607037,-0.019075311720371,1
0.1786807179451,0.17971520870924,-0.08086284250021,1
-0.039742171764374,0.096220664680004,0.023198463022709,1
0.066496253013611,0.10337149351835,-0.0078252181410789,1
-0.063732087612152,0.1546213850379,0.067869089543819,1
0.19310373067856,-0.21744941920042,0.092489711940289,1
0.031387627124786,-0.27809789031744,-0.013893790543079,1
-0.035663604736328,-0.084050046280026,-0.044304832816124,1
0.013521373271942,0.27838134020567,0.11155261844397,1
0.060347259044647,0.14296106249094,0.024072982370853,1
-0.068825423717499,0.11269540339708,-0.071483425796032,1
-0.17395454645157,-0.19327275454998,0.013063617050648,1
-0.13584208488464,-0.14979679882526,0.0057169422507286,1
-0.10103699564934,-0.038162101060152,-0.077666699886322,1
-0.01459538936615,0.2629262432456,0.099862240254879,1
0.14540868997574,-0.15840991586447,0.050864957273006,1
-0.0021645426750183,-0.076067700982094,0.0087440088391304,1
-0.027055621147156,-0.14477053657174,-0.045615762472153,1
-0.05164623260498,-0.071454148739576,-0.046106733381748,1
0.12308287620544,-0.11076503433287,0.0073205456137657,1
-0.1398152410984,-0.07655967399478,-0.0083411261439323,1
0.12370544672012,-0.10788410063833,-0.056448601186275,1
0.054907917976379,0.24414958804846,-0.060724310576916,1
-0.095063120126724,-0.064810737967491,0.0011633113026619,1
0.154132604599,0.20828076452017,0.14518148452044,1
0.13746517896652,-0.16015907004476,-0.015931002795696,1
-0.14115518331528,-0.052427619695663,-0.040854349732399,1
-0.03452730178833,-0.065505791455507,-0.013724468648434,1
-0.068381875753403,0.23750986903906,0.0068154484033585,1
-0.12683793902397,-0.10971581656486,0.026876889169216,1
-0.047508120536804,0.080814532935619,-0.040652699768543,1
0.067589342594147,0.18890883773565,0.083458535373211,1
-0.078902870416641,-0.24294408410788,-0.076011307537556,1
-0.0034480690956116,-0.221057087183,-0.055681459605694,1
0.027361452579498,-0.11944721080363,-0.044252477586269,1
0.093566477298737,-0.10076211462729,0.030975751578808,1
0.05429881811142,-0.21096569299698,-0.079734213650227,1
0.021260380744934,0.12198270112276,-0.020601823925972,1
0.024539411067963,-0.19418305158615,-0.092431213706732,1
-0.072310596704483,0.23653431981802,0.14191008359194,1
-0.047104477882385,0.25161822885275,0.080897800624371,1
0.17953324317932,-0.18347343802452,0.012472219765186,1
-0.18975844979286,-0.064939815551043,-0.056723199784756,1
-0.20700064301491,-0.037313640117645,0.15468724817038,1
-0.11042404174805,0.086720578372478,-0.081715114414692,1
-0.084091365337372,0.034658439457417,-0.0060482397675514,1
0.14475113153458,0.22576417773962,0.061706967651844,1
0.13022989034653,0.11607994884253,0.044172458350658,1
0.09311580657959,0.14756714552641,0.050719238817692,1
0.083392798900604,0.15391849726439,-0.049214094877243,1
-0.17789766192436,-0.11386738158762,-0.074140600860119,1
-0.085872322320938,-0.17419168353081,0.079415030777454,1
-0.028702437877655,0.18043234199286,-0.070817142724991,1
0.085087478160858,-0.10255143395625,0.017066664993763,1
0.12400621175766,0.1547988280654,-0.07195221632719,1
-0.11113712191582,-0.035668164491653,0.025940425693989,1
-0.14935427904129,0.071064241230488,-0.035734452307224,1
0.11179774999619,0.23734989017248,0.14313990622759,1
0.12684339284897,-0.12747089192271,0.036165632307529,1
-0.013629734516144,-0.16957526654005,0.027513980865479,1
-0.03778338432312,0.21333106607199,0.090784288942814,1
0.057914197444916,-0.08026902936399,-0.01413682103157,1
-0.03515237569809,0.061509303748608,0.010857753455639,1
0.060149252414703,0.15941040962934,-0.076287977397442,1
-0.12409830093384,-0.20467384159565,0.047573536634445,1
0.040642023086548,-0.13459417596459,-0.087375279515982,1
0.12557286024094,-0.23095683008432,-0.035774774849415,1
-0.035252451896667,0.03307618945837,-0.021946728229523,1
-0.23324072360992,-0.094612604938447,0.076154462993145,1
-0.14339798688889,-0.066801980137825,0.079832591116428,1
-0.025359451770782,-0.27566561847925,-0.053696475923061,1
0.063344895839691,0.20845215767622,0.089153595268726,1
0.1514031291008,-0.18430675566196,0.074749372899532,1
-0.23040682077408,0.025189958512783,-0.065029345452785,1
-0.074902892112732,0.036001063883305,0.016556061804295,1
-0.14082592725754,-0.054407138377428,0.0068570151925087,1
-0.17601272463799,-0.013040348887444,-0.031634218990803,1
-0.11827394366264,0.038981877267361,-0.089300408959389,1
-0.086237549781799,-0.05077238380909,-0.046048045158386,1
-0.00027763843536377,0.22275101393461,0.10659760981798,1
-0.16938397288322,0.0087561905384064,0.070581041276455,1
-0.095311254262924,0.18473558872938,-0.0016511008143425,1
-0.035599887371063,0.072881780564785,0.015576861798763,1
-0.098416864871979,0.17813505977392,0.021037869155407,1
-0.052542120218277,-0.078703163191676,-0.036441437900066,1
-0.087242960929871,0.044650875031948,-0.013692654669285,1
-0.20672670006752,-0.15006391331553,-0.02632225304842,1
-0.21762877702713,-0.13216830044985,-0.045247711241245,1
-0.13816940784454,0.097792647778988,0.028096236288548,1
-0.061535835266113,0.19414790719748,-0.02105950564146,1
-0.12548959255219,0.066023163497448,0.055313758552074,1
-0.025677621364594,-0.061740554869175,0.0099609270691872,1
-0.17749673128128,0.067430533468723,0.18502829223871,1
-0.18326252698898,-0.13790926337242,0.098074294626713,1
0.0043714046478271,-0.19932708889246,-0.046694025397301,1
-0.015375256538391,-0.058468621224165,-0.0058903843164444,1
0.025338590145111,0.06344848126173,-0.0031330659985542,1
0.044444024562836,-0.1078265234828,0.0044309571385384,1
-0.14696553349495,0.013632766902447,-0.053314708173275,1
-0.12295910716057,0.20914425700903,0.124203376472,1
0.14404386281967,-0.22583941370249,0.042900376021862,1
-0.005607545375824,-0.13250270858407,-0.027844481170177,1
-0.038800597190857,0.012170374393463,-0.025287225842476,1
0.11125826835632,0.13846299797297,-0.033520735800266,1
-0.23494249582291,0.032767944037914,0.027397625148296,1
0.13005739450455,-0.23050425201654,0.003008171916008,1
0.17168313264847,-0.22241912782192,-0.062733896076679,1
0.15934097766876,0.25133027881384,0.039759330451488,1
-0.17323911190033,-0.054766148328781,-0.064749285578728,1
-0.13999775052071,0.19903697818518,0.09697101265192,1
-0.10816162824631,-0.063750624656677,0.010803781449795,1
0.021096527576447,0.10661741346121,0.012216955423355,1
-0.078011065721512,-0.028996348381042,-0.01539085060358,1
-0.19220024347305,-0.037003740668297,-0.0049630776047707,1
0.0072191953659058,0.052795611321926,0.0057926177978516,1
0.14062231779099,-0.19877787679434,-0.019268363714218,1
-0.0013644099235535,0.18139841407537,0.073897071182728,1
-0.044608414173126,-0.10934832133353,-0.0067669078707695,1
0.16190820932388,0.16317205876112,-0.022999010980129,1
-0.034846484661102,-0.033575378358364,-0.030520893633366,1
-0.12020507454872,0.11225476115942,0.089972294867039,1
-0.065385699272156,-0.077973147854209,-0.013677708804607,1
-0.15185084939003,-0.02809976041317,0.040810145437717,1
-0.017257571220398,-0.27866403013468,0.054058723151684,1
0.046518087387085,0.13241232186556,-0.087783228605986,1
0.035011231899261,0.075547270476818,-0.03966473788023,1
0.10129541158676,-0.25949309021235,0.12802795320749,1
0.056959569454193,0.21901469677687,-0.046263754367828,1
-0.0073686838150024,0.19504817575216,0.081475473940372,1
-0.18885228037834,-0.02196292579174,-0.00941351801157,1
-0.19317728281021,-0.069240964949131,0.028052486479282,1
0.046956896781921,-0.089929477311671,-0.027870409190655,1
-0.15281355381012,0.13968769460917,0.15308286994696,1
-0.14548572897911,0.21441169828176,0.055230252444744,1
0.13846898078918,0.24453227967024,0.059773631393909,1
-0.18903762102127,0.15109129995108,0.051678664982319,1
-0.070517092943192,-0.085830640979111,-0.050489835441113,1
-0.078126102685928,0.10049646347761,-0.030381835997105,1
0.081057846546173,-0.18599437922239,0.058044381439686,1
0.014256417751312,-0.15578529238701,0.025616340339184,1
-0.19687774777412,0.012927643954754,0.053872399032116,1
0.079278886318207,0.12357490509748,0.0033643469214439,1
-0.02140086889267,-0.12990670651197,-0.075048349797726,1
-0.11144503951073,-0.20343530923128,-0.069828905165195,1
0.11566817760468,0.13184618204832,-0.032293908298016,1
-0.032469093799591,-0.12330074049532,0.031166143715382,1
-0.045718371868134,-0.20033565163612,-0.078772664070129,1
-0.019512832164764,-0.15887620300055,0.059427179396152,1
-0.079949647188187,0.20782848447561,0.16180633753538,1
-0.053723573684692,0.082507275044918,0.010768197476864,1
-0.16309610009193,-0.17138467729092,-0.040166921913624,1
-0.2215017080307,0.013590283691883,0.0067829862236977,1
0.0028951168060303,-0.21005799621344,0.19364384561777,1
-0.093311846256256,-0.16530162841082,0.15440637618303,1
-0.10492345690727,-0.21098329126835,0.13114158064127,1
0.017982006072998,-0.073263084515929,0.0019445046782494,1
0.025362014770508,0.18344037979841,-0.073616623878479,1
-0.24968385696411,0.065982185304165,-0.029616020619869,1
-0.052624702453613,0.079597316682339,-0.018839053809643,1
0.19625467061996,-0.18055863678455,-0.043037392199039,1
-0.044418632984161,-0.22383365780115,0.085673995316029,1
-0.14245340228081,-0.21921404451132,-0.053903803229332,1
-0.14889404177666,0.13411992043257,-0.020431660115719,1
-0.092555671930313,0.15820195525885,-0.019357956945896,1
0.1348095536232,-0.20026411861181,0.17191732674837,1
-0.12910786271095,-0.020110674202442,0.012552581727505,1
-0.053045719861984,-0.21238449215889,-0.082599602639675,1
0.042995393276215,-0.10744822910056,-0.063666321337223,1
0.018454730510712,-0.060043003410101,0.0008586198091507,1
0.069010138511658,0.14731758087873,-0.051517397165298,1
0.06607323884964,-0.2724059894681,-0.029395200312138,1
0.15314525365829,0.13968791812658,-0.031862519681454,1
0.11603420972824,-0.18549217283726,-0.094060346484184,1
-0.012762546539307,0.12101485580206,-0.01455207914114,1
0.17505663633347,-0.19629639387131,-0.038114212453365,1
-0.10453191399574,0.17102213948965,0.029796548187733,1
-0.19736003875732,-0.11181874200702,0.043900094926357,1
0.010759294033051,0.063019745051861,0.0047033056616783,1
0.154092669487,0.21919616311789,0.032964758574963,1
0.054628014564514,0.19101064652205,-0.014676474034786,1
0.063378691673279,-0.090862353332341,-0.020835883915424,1
-0.00019866228103638,-0.10527570173144,0.0061014220118523,1
-0.13760140538216,0.1237863227725,-0.0017659291625023,1
0.047001361846924,-0.094254389405251,-0.040560446679592,1
-0.027474582195282,0.20535635203123,0.049323491752148,1
-0.12048521637917,-0.16549014300108,0.094470255076885,1
-0.14912706613541,-0.096559713594615,0.055454321205616,1
0.16590392589569,0.18369200080633,0.028983615338802,1
-0.20500081777573,0.096643768250942,0.15140186995268,1
-0.1811603307724,0.15309240669012,0.050159029662609,1
-0.19110271334648,-0.12550001591444,-0.0070959255099297,1
0.021419823169708,0.088789068162441,-0.018550679087639,1
0.00012695789337158,-0.23385251313448,-0.047986656427383,1
-0.09685605764389,-0.24887625128031,0.086755312979221,1
0.11312651634216,0.20317243784666,-0.080198027193546,1
-0.15465012192726,0.091422744095325,0.092799626290798,1
-0.037837564945221,-0.066880252212286,0.021822296082973,1
-0.14573150873184,-0.13464909419417,0.057959415018559,1
-0.0056942105293274,0.22787895053625,0.0070155635476112,1
-0.05709969997406,0.0097540989518166,-0.044999375939369,1
-0.063110858201981,0.074316434562206,-0.034272499382496,1
0.064666867256165,-0.24211568385363,0.14952261000872,1
-0.063404232263565,-0.20502695441246,-0.0092111304402351,1
-0.15772095322609,0.094347424805164,-0.084455437958241,1
-0.025028169155121,0.073555342853069,0.017716281116009,1
0.11137938499451,0.2481155321002,0.099085755646229,1
-0.1238431930542,-0.059627532958984,-0.025373011827469,1
-0.059959053993225,-0.2410216704011,0.10037267953157,1
-0.027333319187164,-0.25593776255846,-0.051892161369324,1
-0.04066926240921,-0.16937464475632,0.0094187334179878,1
0.086651504039764,-0.22335821390152,0.13746351748705,1
0.077766358852386,0.14510034769773,-0.055404186248779,1
0.10523700714111,0.23983456939459,0.065577112138271,1
-0.050164401531219,-0.27772245556116,-0.032084807753563,1
-0.12980872392654,-0.11472545564175,0.10873662680387,1
-0.033365190029144,-0.22394747287035,-0.059769675135612,1
0.037504494190216,-0.088274556212127,0.013270176947117,1
0.026392698287964,0.12082830816507,-0.023460067808628,1
-0.1902329325676,0.061275623738766,0.00037273019552231,1
-0.099058508872986,-0.063420981168747,0.011741973459721,1
0.032179415225983,0.25291424244642,-0.066554568707943,1
-0.15494829416275,0.12022330611944,-0.062032110989094,1
0.076605975627899,-0.16559331864119,-0.044955864548683,1
0.10434573888779,0.15750851482153,0.068221360445023,1
-0.032851219177246,0.24805488437414,0.075878478586674,1
-0.035009324550629,-0.072532825171947,-0.014497749507427,1
-0.081675469875336,0.0028269663453102,-0.0026951059699059,1
0.11748725175858,-0.27481109648943,0.07662420719862,1
0.083914041519165,0.20108019560575,0.093550942838192,1
-0.20061579346657,0.077518843114376,0.16173132508993,1
-0.091337621212006,0.15100540965796,0.00096157938241959,1
0.055252134799957,0.15484722703695,0.039952121675014,1
-0.013598740100861,0.25341733545065,-0.029311366379261,1
-0.026273131370544,-0.20573592931032,0.17533437162638,1
0.03405088186264,0.27646156400442,-0.015406332910061,1
-0.21996080875397,-0.10587476100773,0.036772988736629,1
-0.051055788993835,-0.029176011681557,-0.00057645887136459,1
0.014533162117004,-0.15600875765085,0.0040949955582619,1
0.14764130115509,0.25309383124113,0.016668654978275,1
-0.065024048089981,-0.21726176142693,0.022979266941547,1
0.048063695430756,-0.25988490134478,-0.016069263219833,1
0.18605357408524,-0.19485656917095,-0.023041941225529,1
-0.12422329187393,-0.015922576189041,0.031283564865589,1
-0.074338614940643,0.16742517799139,0.0047440752387047,1
-0.15268349647522,-0.19929545372725,0.055946744978428,1
-0.10909110307693,0.22449969500303,0.025251291692257,1
-0.088757246732712,0.17602058500051,0.10713665932417,1
-0.1068831384182,-0.0069111734628677,0.027020327746868,1
0.10918325185776,-0.21682526171207,-0.069250337779522,1
-0.16680771112442,0.021690852940083,0.102135412395,1
-0.061532914638519,-0.013019315898418,-0.043571509420872,1
0.0045250058174133,-0.10667833872139,0.0058529525995255,1
0.010567843914032,-0.08031826838851,0.0084026828408241,1
0.055716097354889,-0.19985663145781,0.20883835107088,1
0.021593868732452,-0.27775651961565,0.028137698769569,1
0.19250029325485,-0.18801054358482,0.009202279150486,1
0.079535126686096,0.23733644932508,-0.068402051925659,1
-0.086558073759079,-0.15287863090634,0.021007694303989,1
-0.1630662381649,-0.11101422924548,-0.0053697600960732,1
-0.072284579277039,0.067107491195202,-0.022472985088825,1
-0.0079057216644287,0.09775760024786,0.022404208779335,1
-0.099538326263428,0.057519294321537,-0.071281351149082,1
-0.035373747348785,0.0059307664632797,-0.015482984483242,1
-0.13906294107437,0.062879420816898,-0.039702534675598,1
0.098816335201263,-0.092393738217652,-0.055158339440823,1
0.17269396781921,0.244140855968,-0.029248520731926,1
0.077602207660675,0.099132589995861,-0.02511690557003,1
0.071431457996368,-0.073101574555039,0.020685322582722,1
-0.20088744163513,0.027374349534512,0.12596852332354,1
0.11149847507477,-0.19522230327129,0.010859690606594,1
0.051693558692932,0.10703235119581,0.022011198103428,1
0.0027090907096863,-0.29084525257349,0.027518503367901,1
0.16192406415939,-0.24383030086756,0.029522411525249,1
0.069814383983612,0.092459373176098,0.014348722994328,1
-0.13885104656219,-0.068307623267174,-0.020867057144642,1
0.0014112591743469,-0.29126522690058,0.054933778941631,1
-0.068125128746033,0.11201997846365,0.033223144710064,1
0.0090481638908386,-0.078081484884024,-0.0032418146729469,1
0.021257400512695,-0.15849692746997,-0.027102939784527,1
-0.1890917122364,0.087252356112003,0.083260081708431,1
0.05632621049881,0.14035827666521,-0.033931404352188,1
0.074991405010223,-0.21613299101591,0.067044802010059,1
0.024717092514038,-0.2305981144309,0.015281103551388,1
0.11492812633514,0.19903462380171,0.017203383147717,1
-0.054973244667053,-0.14421027898788,0.044862896203995,1
-0.21812430024147,-0.025830216705799,0.12842687219381,1
-0.16124230623245,0.19247909635305,0.12654518336058,1
-0.14611676335335,-0.13479191064835,0.16365576535463,1
-0.1946322619915,-0.10989732947201,0.088507868349552,1
0.052889168262482,-0.11065689660609,0.018256299197674,1
0.10649520158768,-0.21997443586588,0.10546714812517,1
-0.10142701864243,0.18331291526556,0.10718143731356,1
-0.12842300534248,-0.094159420114011,-0.075912952423096,1
-0.040689945220947,0.16604819148779,-0.047590307891369,1
-0.091852158308029,-0.22720757871866,0.10042347759008,1
0.1494078040123,-0.16374397277832,0.13093233853579,1
0.061981976032257,0.11298009008169,-0.013541869819164,1
-0.11570623517036,0.20117371529341,-0.055648989975452,0
-0.1205108165741,0.023148782551289,-0.036699391901493,1
-0.041152954101562,0.065510131418705,0.0087292119860649,1
0.023981928825378,-0.12909500487149,0.007446326315403,1
0.12056052684784,-0.13663805276155,-0.054126299917698,1
-0.039370596408844,-0.099231628584675,-0.033731728792191,1
0.0021228790283203,0.13853671401739,0.028062902390957,1
0.19753044843674,0.19148128479719,0.14590311795473,1
-0.092508435249329,-0.016726523637772,-0.0093135461211205,1
-0.12837490439415,0.14623611420393,0.12039790302515,1
0.097921788692474,-0.18423460423946,-0.031924553215504,1
0.042521953582764,-0.14640318974853,0.017037227749825,1
0.0078306198120117,-0.18926978111267,-0.0015676990151405,1
-0.033533096313477,-0.085565067827702,0.0012352243065834,1
-0.15394082665443,-0.078746885061264,0.088268168270588,1
-0.082098424434662,0.064940981566906,0.019107528030872,1
-0.025611579418182,-0.087111433967948,0.0036494731903076,1
-0.0052286386489868,0.26449321955442,-0.050196453928947,1
-0.04725855588913,0.16612442582846,0.03222630918026,1
-0.19175100326538,-0.040892079472542,0.18152668327093,1
0.11687427759171,0.14680384844542,-0.042454823851585,1
0.038243532180786,-0.12668569758534,-0.017164781689644,1
-0.11733847856522,-0.049115233123302,0.050201006233692,1
0.12523239850998,0.2144648656249,-0.02040933072567,1
0.10573559999466,0.15755521506071,-0.09114783257246,1
-0.017444849014282,0.083183921873569,0.016487315297127,1
0.0070063471794128,0.087117649614811,0.019958481192589,1
0.10392510890961,0.22217395156622,0.054329611361027,1
0.040461480617523,-0.15009767562151,0.035693541169167,1
-0.064142227172852,0.2097774669528,-0.049112282693386,1
0.03134161233902,0.18551658838987,-0.091328114271164,1
-0.019736707210541,-0.071111809462309,-0.046563260257244,1
-0.1911016702652,0.026216514408588,-0.024846531450748,1
-0.06348329782486,-0.24490516632795,0.091949082911015,1
-0.076019406318665,-0.2490623369813,-0.029841542243958,1
-0.090488880872726,0.22249098867178,0.0071652829647064,1
-0.015226662158966,-0.21190572530031,0.014264740049839,1
0.084680318832397,0.073820821940899,-0.0074000582098961,1
-0.10342705249786,0.11030206829309,-0.084451578557491,1
0.13738518953323,-0.18314649909735,0.020815543830395,1
-0.044933378696442,0.030538402497768,-0.0059931054711342,1
0.13225311040878,-0.27253133803606,0.007419154047966,1
0.13574850559235,-0.25565702468157,-0.01274435967207,1
-0.24031940102577,-0.10817731171846,0.060070790350437,1
-0.055223315954208,0.059153147041798,-0.038601480424404,1
0.069848001003265,-0.080657800659537,0.011624984443188,1
0.14776712656021,-0.26528691500425,0.07203184813261,1
-0.034043788909912,-0.099457435077056,-0.03954453766346,1
-0.022056043148041,0.14520714432001,0.016183592379093,1
0.044453322887421,-0.1732624694705,-0.05585603415966,1
0.089765727519989,0.18762295693159,0.021948866546154,1
-0.061613768339157,0.19305445998907,-0.0078993588685989,1
-0.10477560758591,0.028476558625698,-0.024527437984943,1
-0.098752170801163,0.1962388381362,-0.034275449812412,0
-0.19435283541679,-0.11381462216377,0.087175764143467,1
-0.050612151622772,-0.15565195307136,-0.089321866631508,1
0.029353678226471,-0.070136945694685,0.0076460465788841,1
-0.16037690639496,0.059718675911427,-0.055643774569035,1
0.026183664798737,0.19639345258474,-0.056188710033894,1
-0.041695177555084,0.075008668005466,-0.005312941968441,1
0.096492171287537,0.24729632586241,0.084748543798923,1
0.016264140605927,0.057698301970959,0.0023088231682777,1
-0.14564847946167,0.19800760596991,0.060152120888233,1
0.15637058019638,-0.20226969569921,0.035548694431782,1
0.074571430683136,-0.11659904383123,0.011880464851856,1
-0.14465698599815,0.15795623511076,-0.053441427648067,0
0.034496545791626,-0.28405142575502,0.10292505472898,1
-0.05853483080864,0.15996401757002,0.0036928653717041,1
-0.13860499858856,0.19840302318335,0.067134194076061,1
0.18247807025909,-0.16546201705933,-0.06164812296629,1
-0.044565320014954,0.16999944299459,-0.090356931090355,1
0.032841742038727,0.14987058192492,0.025533817708492,1
0.065833449363708,0.095959164202213,-0.052742645144463,1
0.078523516654968,0.088131539523602,-0.039297752082348,1
-0.058628141880035,0.2601063773036,0.09239936619997,1
0.0012561082839966,0.19929253309965,0.027970261871815,1
-0.14405608177185,-0.031260289251804,0.04465002566576,1
-0.18772125244141,0.16856607049704,-0.0079574808478355,1
0.1789186000824,0.2063575014472,0.11412296444178,1
0.0091482996940613,0.079074703156948,-0.04707145690918,1
0.16906803846359,0.15859200805426,-0.022919423878193,1
0.062425076961517,0.16361286491156,-0.043139986693859,1
0.081910312175751,-0.066127307713032,-0.046700768172741,1
0.061041593551636,0.14356089383364,0.038030415773392,1
-0.00068038702011108,-0.1399823538959,0.018996052443981,1
0.081157445907593,0.083267413079739,-0.0223293825984,1
0.16969710588455,-0.19756154716015,0.10869776457548,1
-0.091193974018097,-0.26843944936991,0.020310312509537,1
0.15633672475815,0.22419502586126,-0.0040790364146233,1
0.084390699863434,0.13370832055807,0.047106966376305,1
0.0025275349617004,-0.09477597521618,0.022182002663612,1
-0.097703218460083,-0.23381251841784,0.039036780595779,1
0.18077403306961,-0.18153160065413,0.052479855716228,1
0.16857385635376,0.23824363201857,0.041410706937313,1
-0.095551699399948,-0.13051567040384,0.042427010834217,1
0.083688974380493,-0.14530372619629,-0.024628877639771,1
0.099750638008118,-0.12399459443986,0.038234613835812,1
0.080237448215485,-0.089947904460132,0.016159452497959,1
-0.14401945471764,0.074175871908665,-0.019747041165829,1
0.095340549945831,-0.085356097668409,-0.038088284432888,1
0.017408907413483,-0.2308746650815,0.051839835941792,1
0.028390288352966,0.10956466943026,-0.017136096954346,1
-0.026160955429077,-0.15444057807326,-0.048113562166691,1
-0.075986981391907,-0.22536603361368,0.10393408685923,1
0.077080428600311,-0.1733072027564,-0.050383180379868,1
0.0064239501953125,0.27017249912024,0.017468981444836,1
0.15124386548996,0.26530411094427,0.024287268519402,1
0.047800838947296,-0.10611833399162,-0.068385221064091,1
-0.07674440741539,0.25579472631216,-0.032331518828869,0
-0.12586298584938,0.19163348525763,-0.055726192891598,0
-0.057849526405334,0.035956494510174,-0.011238418519497,1
-0.026141941547394,0.054554291069508,-0.024764098227024,1
-0.08160987496376,-0.032320767641068,-0.04310068488121,1
-0.21897548437119,0.077239863574505,-0.080697283148766,1
0.024826884269714,0.10639006644487,-0.025620751082897,1
-0.22700700163841,-0.058195061981678,-0.083689771592617,1
0.1525564789772,-0.21235983818769,0.15660167485476,1
-0.062930136919022,0.11842770129442,0.013538725674152,1
-0.19185572862625,-0.085250329226255,0.071600459516048,1
-0.17475074529648,-0.14541739970446,-0.047785632312298,1
-0.081470429897308,-0.17206782102585,0.092740066349506,1
0.04596734046936,0.13188850134611,-0.077662415802479,1
-0.2148317694664,-0.093931464944035,-0.019427813589573,1
-0.076544225215912,-0.23210496455431,0.10637968033552,1
-0.019602239131927,0.084051497280598,0.0044677704572678,1
-0.083032578229904,-0.02888946980238,-0.026363499462605,1
0.069727003574371,-0.24393162876368,0.15228522568941,1
0.032605946063995,0.19065728038549,0.080456860363483,1
0.11049449443817,-0.12701438553631,0.045916505157948,1
-0.034118473529816,-0.15076380595565,-0.066461496055126,1
-0.028995335102081,0.14055729657412,-0.029298879206181,1
-0.16931319236755,-0.10563448583707,0.14675172418356,1
-0.13432422280312,0.013687454164028,0.013209916651249,1
-0.023537039756775,0.16973390430212,0.017258189618587,1
0.10697501897812,0.12207301706076,-0.021150022745132,1
0.20084589719772,-0.19564484804869,0.14961756020784,1
0.14549440145493,-0.23690450936556,-0.052052766084671,1
-0.036149561405182,0.17743667215109,-0.081735499203205,1
0.059321343898773,-0.08552410826087,-0.019899219274521,1
-0.18185588717461,-0.011410661041737,0.063446827232838,1
-0.037052392959595,-0.16819985955954,0.040480367839336,1
-0.10165995359421,0.074086554348469,-0.027832008898258,1
-0.01466578245163,-0.069782510399818,0.013313494622707,1
0.097405016422272,-0.10978660732508,-0.074079550802708,1
0.13981908559799,-0.11562382243574,-0.027434132993221,1
0.14648914337158,0.15351232141256,-0.014684438705444,1
0.049372553825378,-0.062705792486668,-0.023773021996021,1
0.08635938167572,0.13443434983492,0.023571208119392,1
0.071291029453278,-0.26721370965242,0.085531182587147,1
-0.040769457817078,0.22787832468748,0.18436551839113,1
-0.19614472985268,0.080499581992626,0.17122334986925,1
-0.06499645113945,0.2522399649024,-0.080762431025505,0
0.01294869184494,-0.18031914532185,-0.012665525078773,1
0.17751580476761,-0.22920706123114,0.076335586607456,1
-0.060748189687729,-0.038292296230793,-0.018631644546986,1
-0.10898625850677,-0.025579787790775,-0.0081798955798149,1
0.086989879608154,0.13197182863951,-0.085555732250214,1
0.054006159305573,0.048902221024036,-0.0028253495693207,1
-0.058801293373108,0.05856104940176,-0.0037581995129585,1
0.04783171415329,-0.18930914252996,0.091533251106739,1
-0.089029997587204,0.05768433958292,-0.025055095553398,1
-0.037199079990387,0.056942038238049,-0.043925516307354,1
-0.094403952360153,0.24398606270552,-0.028007686138153,0
-0.032356858253479,-0.090202323161066,0.027092128992081,1
0.11481314897537,0.19318606704473,0.18599867075682,1
-0.0053955316543579,-0.17211652547121,0.023661829531193,1
-0.082217127084732,0.19006296247244,0.017013423144817,1
-0.042098820209503,0.21190693229437,0.14186593145132,1
-0.12510108947754,0.056910909712315,-0.02851564437151,1
-0.03576648235321,-0.058828745037317,0.015311919152737,1
-0.049378395080566,0.023098677396774,0.0069641247391701,1
0.0093456506729126,-0.11910713091493,-0.037718899548054,1
0.14535361528397,0.18261682242155,0.13020993024111,1
-0.00860995054245,0.10039927810431,-0.049809761345387,1
-0.060251742601395,-0.08091321028769,-0.069111086428165,1
-0.044800698757172,-0.037291653454304,-0.010164760053158,1
0.19946318864822,-0.1775019839406,0.15998388081789,1
-0.055820971727371,-0.018982149660587,-0.026116341352463,1
-0.14906746149063,-0.18531748652458,-0.066023863852024,1
-0.14799019694328,-0.047528021037579,0.071664579212666,1
-0.14410004019737,-0.11963662132621,0.040414281189442,1
-0.13543570041656,0.039113365113735,-0.059530451893806,1
-0.11196172237396,-0.1268703378737,0.028752125799656,1
-0.020221412181854,0.03281182795763,0.0029604062438011,1
0.1838247179985,-0.16558960825205,0.10174899548292,1
-0.018670618534088,0.17411752790213,0.050281710922718,1
0.027768194675446,-0.28587070852518,0.070376314222813,1
-0.054145663976669,-0.13157585635781,0.052587620913982,1
0.13817244768143,-0.14938150346279,-0.018098004162312,1
-0.22608572244644,0.070079319179058,0.043771125376225,1
0.029399216175079,0.14641655236483,0.0237737596035,1
-0.10389664769173,0.0084365978837013,-0.086378607898951,1
0.020776987075806,-0.21960382908583,-0.091087628155947,1
0.054266393184662,0.23972123116255,-0.012172155082226,1
0.046034932136536,0.23923813551664,-0.080301441252232,1
-0.052069544792175,-0.26880287379026,0.10653097182512,1
-0.21042656898499,0.052046604454517,-0.078201897442341,1
-0.043427228927612,-0.030174933373928,-0.0011557713150978,1
0.070639848709106,0.24022158235312,-0.024496726691723,1
-0.023022055625916,0.10930674523115,-0.015251398086548,1
-0.018052279949188,0.11717126518488,-0.0059533640742302,1
-0.068005710840225,0.14179233461618,-0.039494015276432,1
-0.13447368144989,-0.12979542091489,0.092520736157894,1
0.066366970539093,-0.10763845127076,-0.058077678084373,1
-0.12671238183975,0.090103857219219,-0.065090216696262,1
-0.1547874212265,-0.085601466707885,-0.023737236857414,1
-0.082049548625946,0.23491462320089,0.038329921662807,1
-0.045119762420654,-0.14067061245441,0.018995478749275,1
-0.15693306922913,-0.0099756047129631,-5.5201351642609e-05,1
-0.22473275661469,-0.088054260239005,0.04805438965559,1
-0.24410384893417,0.033453218638897,0.075880087912083,1
0.018695473670959,0.058035336434841,0.0034044310450554,1
0.0018441081047058,-0.085681584663689,0.011061333119869,1
-0.23549890518188,-0.057585176080465,0.10461697727442,1
0.032601952552795,-0.18798597157001,0.097222022712231,1
0.02155727148056,0.23895325511694,0.042674720287323,1
-0.10354372859001,-0.23481441289186,0.0062531903386116,1
-0.084176570177078,0.1984953507781,-0.067283816635609,0
-0.20904242992401,-0.15809383243322,0.019497103989124,1
-0.10477358102798,0.044049791991711,-0.031000852584839,1
0.039464175701141,-0.068699054419994,-0.023188345134258,1
0.066153943538666,0.19509746879339,0.0020110532641411,1
0.06224513053894,-0.28548491746187,0.0217005610466,1
-0.12548637390137,-0.20832664519548,0.020574159920216,1
-0.086503058671951,0.20770152658224,0.069278441369534,1
-0.11286652088165,-0.11145675182343,-0.012289322912693,1
0.029383480548859,-0.24478707462549,0.088153384625912,1
-0.051453799009323,0.080228857696056,-0.0591876283288,1
0.11189556121826,-0.17496221512556,0.0097763612866402,1
0.18695789575577,-0.16950058192015,-0.040080703794956,1
0.10156959295273,0.082610405981541,-0.022670216858387,1
-0.09484013915062,-0.046811044216156,-0.069226182997227,1
0.16550177335739,-0.15656059235334,0.066054113209248,1
0.072625458240509,-0.065672639757395,0.0015792474150658,1
-0.043260514736176,0.064189396798611,0.016435198485851,1
-0.023739635944366,-0.10857540089637,-0.0054010301828384,1
0.050564229488373,-0.11320035345852,-6.4760446548462e-05,1
-0.12459298968315,-0.20936518907547,0.14318636804819,1
0.17982214689255,0.18505849689245,0.11070013791323,1
-0.17659115791321,-0.10751825850457,0.18792069703341,1
-0.075089126825333,-0.1679910197854,0.11528945714235,1
0.045390486717224,0.20591770857573,0.081699840724468,1
-0.05093577504158,0.024730630218983,-0.0083697512745857,1
-0.085148215293884,0.054353453218937,-0.014605782926083,1
-0.15253311395645,-0.14249489456415,0.049769677221775,1
-0.16156575083733,0.12616065889597,-0.081436164677143,1
0.02030873298645,-0.27601305395365,-0.0083405002951622,1
-0.029531002044678,-0.054034173488617,-0.023803748190403,1
0.011350512504578,0.2633349224925,0.021317817270756,1
-0.0030190348625183,0.2450515255332,0.1207524612546,1
-0.14383527636528,-0.21544685214758,0.05142442882061,1
-0.069033175706863,0.27453973144293,-0.002904012799263,1
-0.21222746372223,-0.01015117764473,0.054668329656124,1
0.086122751235962,0.22228633612394,0.011612966656685,1
-0.05644616484642,-0.10450193285942,-0.034083016216755,1
-0.0733902156353,-0.048597808927298,-0.022689811885357,1
0.1576115489006,-0.17282577604055,0.18246480077505,1
0.062879860401154,0.27628245204687,0.068399347364902,1
0.05992990732193,0.1352649256587,-0.051968649029732,1
0.061078608036041,-0.12474310770631,0.0083134397864342,1
0.028907895088196,0.080949135124683,-0.00099772959947586,1
-0.16752991080284,-0.089409760199487,0.10385271161795,1
0.050799489021301,0.29040303081274,0.069843299686909,1
-0.0021852254867554,-0.17069887369871,0.07356209307909,1
-0.19148033857346,0.062035910785198,-0.066525995731354,1
-0.059979230165482,-0.013833239674568,-0.047449246048927,1
0.17662984132767,-0.16667830944061,0.056309811770916,1
0.094716727733612,-0.25792401283979,0.067337580025196,1
-0.21517154574394,-0.11440460942686,0.060228563845158,1
0.13129687309265,0.13237573951483,-0.048726826906204,1
0.022583961486816,-0.11053209193051,0.010113649070263,1
-0.012427747249603,0.13530071824789,-0.065078653395176,1
-0.097151905298233,-0.16433008760214,0.15705392509699,1
-0.050111204385757,0.037086226046085,-0.038847662508488,1
-0.17120584845543,0.028833858668804,-0.070586457848549,1
-0.068336874246597,-0.070722805336118,0.013309173285961,1
0.13834244012833,0.14776680618525,-0.0037500932812691,1
0.12452560663223,-0.18373631685972,0.19158590584993,1
-0.04394942522049,0.11954621225595,-0.027026236057281,1
-0.075982570648193,0.0076278522610664,-0.0061612948775291,1
-0.036737740039825,-0.058300230652094,-0.0065692439675331,1
-0.17986956238747,0.20879896730185,0.0063030645251274,1
-0.096064388751984,0.21635486930609,-0.026681281626225,0
0.11820125579834,0.1896635517478,0.14123875647783,1
0.0046055912971497,0.050992049276829,0.0035936459898949,1
0.014429807662964,0.097250215709209,-0.057983316481113,1
-0.14821380376816,0.13559555262327,0.072407312691212,1
-0.066589117050171,0.045800037682056,0.0096247121691704,1
0.13912218809128,-0.15122879296541,-0.01304542273283,1
-0.14066377282143,0.17158629745245,0.1688164845109,1
-0.035458445549011,-0.00036773830652237,-0.0054408088326454,1
-0.10412311553955,0.039082489907742,-0.00088579207658768,1
0.15392243862152,-0.19736339151859,0.17001151293516,1
0.048877954483032,-0.13024094887078,-0.051650688052177,1
-0.083064168691635,-6.8932771682739e-05,-0.032340459525585,1
-0.10025042295456,0.18801724165678,0.027082033455372,1
-0.04198682308197,0.061289764940739,0.0168392136693,1
-0.073084026575089,-0.039136577397585,0.026568107306957,1
0.12190645933151,-0.16190815344453,-0.066173434257507,1
-0.04716545343399,-0.020615696907043,-0.00056891888380051,1
-0.016205310821533,-0.17553602159023,0.079690001904964,1
-0.026297748088837,-0.048930551856756,-0.01260132342577,1
-0.24972841143608,0.092845626175404,0.036698691546917,1
0.072019696235657,0.082003317773342,-0.014388352632523,1
-0.079508572816849,-0.25149457901716,0.072914563119411,1
0.15540558099747,-0.23574525862932,-0.01131433993578,1
0.063645780086517,0.16843538731337,0.048401705920696,1
0.0038167238235474,0.089654795825481,0.0040164366364479,1
-0.2179896235466,0.13466892391443,-0.039478585124016,1
-0.064501166343689,-0.088278385810554,-0.021316014230251,1
-0.14937445521355,0.045858226716518,-0.008753813803196,1
-0.17453020811081,0.12864585965872,0.014878638088703,1
0.068244755268097,-0.063610296696424,0.0065195336937904,1
-0.11375552415848,-0.12250469438732,-0.028522573411465,1
0.081044733524323,-0.2219391092658,0.19163054972887,1
0.0077607035636902,-0.14358086138964,-0.08642216771841,1
0.003963828086853,0.073466412723064,0.0034807398915291,1
-0.083371698856354,0.18569185584784,-0.0087282136082649,1
-0.097357988357544,0.18351342529058,0.099775604903698,1
0.11300253868103,0.26163562387228,0.041100151836872,1
0.057489216327667,-0.27162782102823,-0.0018538609147072,1
-0.050727248191833,0.1467053219676,-0.0012134090065956,1
0.036179006099701,0.27192451804876,-0.064157530665398,1
-0.0030958652496338,0.23363413661718,0.10744217783213,1
-0.043457806110382,0.10012631863356,-0.0070003941655159,1
-0.062473505735397,0.057312779128551,0.018740393221378,1
-0.10363492369652,-0.11010156385601,-0.071275226771832,1
-0.044386088848114,0.10448008030653,-0.027449212968349,1
-0.15616443753242,-0.10405694087967,-0.0010648295283318,1
0.093214333057404,-0.1010218791198,-0.011104576289654,1
0.1728355884552,0.23443391174078,-0.0090702399611473,1
-0.24065214395523,0.020650617778301,0.11600833386183,1
0.04931378364563,0.14770656079054,-0.044146478176117,1
-0.053448915481567,-0.049635119736195,-0.023301564157009,1
-0.20957815647125,-0.044517874717712,0.011645682156086,1
-0.024543821811676,-0.05387868732214,-0.004808746278286,1
0.084682703018188,-0.14299483597279,-0.042995281517506,1
-0.044682741165161,0.26797714084387,-0.00095650553703308,1
-0.15535175800323,-0.181251950562,-0.0083281919360161,1
-0.15573251247406,0.17307367175817,0.09127951413393,1
-0.22706553339958,-0.044219419360161,0.041764728724957,1
-0.20247852802277,0.037637509405613,-0.032577812671661,1
0.041434586048126,-0.061874944716692,-0.00054280459880829,1
0.14431411027908,0.21279361099005,0.11483121663332,1
-0.042521476745605,0.11603883653879,0.027860194444656,1
0.1382742524147,0.24200844019651,0.11962775141001,1
0.066688418388367,0.21271439641714,0.0076290145516396,1
-0.10473251342773,-0.17158236354589,0.053173407912254,1
-0.10023814439774,-0.095411958172917,-0.018937088549137,1
-0.16915437579155,-0.034511871635914,-0.033437252044678,1
0.0096182227134705,-0.12888169288635,-0.0039707496762276,1
-0.064280420541763,-0.23371798545122,-0.026333771646023,1
0.035735309123993,-0.10550388367847,-0.017936982214451,1
-0.089978754520416,-0.055174604058266,0.017260752618313,1
-0.014642536640167,-0.19780788570642,0.073287345468998,1
-0.041708171367645,0.24627553671598,0.066529504954815,1
0.12294012308121,0.17907529324293,0.1203902438283,1
0.1884104013443,0.200210981071,-0.026302590966225,1
-0.14687472581863,-0.17496017366648,-0.047584541141987,1
-0.11177748441696,-0.23830042034388,-0.06311272084713,1
0.14235073328018,0.16963281482458,0.18723244220018,1
0.11819410324097,-0.20011984556913,0.16287673264742,1
0.077556133270264,-0.20097672194242,0.0060862824320793,1
-0.12570697069168,-0.1019906566944,0.039447106420994,1
-0.041759192943573,-0.19987893849611,0.090553231537342,1
0.035651087760925,-0.21608620882034,0.0045840814709663,1
-0.14082628488541,-0.061511628329754,0.053487993776798,1
0.019020855426788,0.21732848137617,0.10815765708685,1
-0.019721686840057,-0.090090148150921,0.017696283757687,1
-0.05342435836792,0.039298124611378,-0.0013114437460899,1
-0.076701134443283,-0.15905077382922,-0.093854278326035,1
-0.060890853404999,0.12345089763403,-0.051056601107121,1
0.07881498336792,-0.087836126796901,-0.00937470048666,1
-0.038375794887543,-0.15402914583683,-0.067461870610714,1
-0.14714974164963,0.027093030512333,-0.013309933245182,1
0.057086884975433,-0.13494224101305,-0.082513645291328,1
-0.13466817140579,-0.15025803819299,-0.0012856498360634,1
-0.048772692680359,0.1407950296998,-0.027252309024334,1
-0.10156714916229,0.11526934057474,0.069549240171909,1
-0.23755916953087,-0.0891337050125,-0.042404025793076,1
0.032309353351593,-0.21086969971657,-0.037034593522549,1
-0.061548590660095,0.03601049631834,0.01660580188036,1
0.051553785800934,0.077811621129513,0.00040421634912491,1
0.068400323390961,0.077764622867107,-0.00026179105043411,1
0.079997360706329,-0.067459661513567,0.016759730875492,1
-0.12842389941216,-0.13087303750217,0.067773558199406,1
0.027549505233765,0.066194765269756,0.0045934021472931,1
0.097284972667694,-0.076008051633835,-0.011394567787647,1
0.043608784675598,0.084796048700809,0.011688254773617,1
-0.10750019550323,0.18020611256361,0.12865953892469,1
0.042253434658051,-0.11769624426961,0.004542239010334,1
0.15533757209778,-0.14650014787912,0.11283535510302,1
-0.11516267061234,-0.069632966071367,-0.03064002841711,1
-0.032941520214081,0.12506676465273,-0.072038076817989,1
0.012182116508484,-0.17599284648895,0.018441177904606,1
-0.14116966724396,0.13899924606085,0.13930446654558,1
-0.072480082511902,0.065759234130383,0.016893677413464,1
0.083857834339142,0.12309264391661,-0.071328476071358,1
-0.12211161851883,0.16691564768553,-0.028142370283604,0
0.0025090575218201,-0.086112655699253,0.013136819005013,1
-0.051067590713501,-0.12371016293764,0.022018350660801,1
0.15256470441818,-0.1577758602798,-0.026793517172337,1
-0.16235882043839,0.19553681463003,-0.0087937638163567,1
-0.036806762218475,-0.013527773320675,-0.017430104315281,1
0.081981360912323,0.20099564641714,0.023605860769749,1
0.11042124032974,-0.14617807790637,0.047149650752544,1
-0.12217113375664,-0.065915931016207,0.014416120946407,1
-0.02744048833847,0.093353323638439,0.0036690831184387,1
-0.21676000952721,-0.11066603008658,0.017103798687458,1
0.013253271579742,0.057234965264797,0.0053097605705261,1
-0.0014869570732117,-0.12642307393253,0.010754227638245,1
0.15197390317917,-0.18014745414257,0.19238217920065,1
0.15025967359543,-0.17597698420286,0.18731357902288,1
0.05414229631424,-0.08465126529336,-0.037739001214504,1
0.19949191808701,-0.18203254044056,0.018467120826244,1
0.040935277938843,-0.15809059888124,0.023296467959881,1
0.16161835193634,0.16498225182295,-0.086812660098076,1
-0.12858504056931,0.13186828047037,0.21752739697695,1
-0.064395755529404,-0.0094662308692932,-0.01804805546999,1
0.025764763355255,-0.11143424455076,0.0040673837065697,1
0.048993349075317,-0.064950831234455,-0.0018562003970146,1
0.036766350269318,-0.10273428889923,-0.0074978247284889,1
0.17883086204529,0.22645952552557,0.063095897436142,1
0.091833651065826,-0.13239395990968,0.010671138763428,1
-0.15653714537621,-0.16968106478453,-0.03274991363287,1
-0.11252883076668,0.13210064917803,0.089369349181652,1
0.067229390144348,0.071922086179256,-0.0073823630809784,1
0.043911039829254,-0.091164777055383,0.0096575915813446,1
-0.040436267852783,0.17335321754217,-0.058662980794907,1
0.10059183835983,0.25957303494215,-0.064057916402817,1
-0.021677136421204,0.097664721310139,-0.029212564229965,1
0.096473872661591,-0.081796512007713,-0.027749307453632,1
-0.095873266458511,-0.13570934906602,0.054064609110355,1
0.089800477027893,0.089577190577984,0.0021853521466255,1
-0.041676163673401,-0.0086213350296021,-0.0022043213248253,1
-0.0100217461586,0.13006597012281,0.028571210801601,1
-0.03855162858963,-0.02336048334837,-0.020482815802097,1
0.18070024251938,0.19743790477514,-0.011347748339176,1
-0.024102926254272,-0.094272987917066,-0.047592803835869,1
0.11494958400726,0.21534081548452,0.083234570920467,1
-0.16677889227867,-0.075204789638519,-0.094914257526398,1
0.10037106275558,0.12637048214674,-0.0049975365400314,1
-0.18140149116516,0.1353974416852,0.12119857221842,1
-0.14660516381264,-0.036433160305023,0.020096637308598,1
-0.14811170101166,-0.16272061318159,-0.070268698036671,1
-0.13217553496361,0.091849692165852,0.027558423578739,1
-0.02008181810379,-0.095093116629869,-0.022978119552135,1
-0.051773756742477,0.016574651002884,-0.0019313767552376,1
-0.13235914707184,-0.025909222662449,0.026930920779705,1
-0.021368026733398,-0.24232333153486,0.014584712684155,1
0.11258459091187,-0.18172762542963,0.044216923415661,1
0.1427413225174,-0.21538922935724,0.17590285092592,1
0.080905854701996,-0.075033627450466,-0.049637697637081,1
-0.11204093694687,0.0738610252738,0.044405780732632,1
-0.23725858330727,-0.043550029397011,0.11715693026781,1
-0.10347217321396,0.053022153675556,0.020530588924885,1
-0.066542118787766,0.23304130882025,0.1068057641387,1
0.021340370178223,-0.16416504234076,0.048273593187332,1
0.037506520748138,-0.18379720300436,-0.020097576081753,1
-0.16401618719101,0.13125558942556,0.18658078461885,1
0.0026041865348816,-0.2428696975112,0.097664572298527,1
-0.18718618154526,0.078940100967884,-0.029032789170742,1
-0.18967393040657,-0.1237654723227,0.033510260283947,1
0.025827825069427,-0.21845904737711,0.12609393149614,1
0.076617062091827,-0.2537715062499,0.11555691808462,1
0.10458129644394,-0.20411146432161,0.06700138002634,1
0.018843412399292,-0.20798446238041,0.098802037537098,1
-0.073460072278976,-0.216921672225,-0.01284047961235,1
0.085324883460999,-0.18743018805981,0.019271314144135,1
-0.080393671989441,-0.037653483450413,-0.0066291019320488,1
-0.064057230949402,-0.23065818101168,0.024299822747707,1
0.079813897609711,0.094142489135265,0.02407293766737,1
-0.19562944769859,-0.13631884753704,0.00081782788038254,1
-0.079135090112686,-0.020115703344345,-0.047355063259602,1
-0.19436502456665,-0.065603636205196,-0.0045532956719398,1
-0.054300636053085,0.095579080283642,-0.0095193460583687,1
-0.0067598223686218,0.069211952388287,0.007391631603241,1
0.099282562732697,-0.12899639457464,0.0046695321798325,1
-0.068788081407547,-0.21003340929747,0.072353817522526,1
0.11611080169678,0.21848376840353,-0.011137075722218,1
-0.068791598081589,-0.25247453898191,0.066312156617641,1
-0.0095987319946289,0.17380132526159,-0.0039396658539772,1
-0.042027115821838,-0.15862358361483,0.042977161705494,1
-0.040735125541687,0.22874476760626,0.075436659157276,1
0.0012099742889404,0.14514487236738,-0.066937416791916,1
0.13923913240433,-0.18588075786829,-0.028621159493923,1
-0.19660496711731,0.050095073878765,0.11577496677637,1
-0.0034652948379517,0.23386927694082,-0.041488669812679,1
-0.037004113197327,0.017817981541157,-0.0095758214592934,1
-0.038988530635834,-0.20878028124571,-0.060295522212982,1
-0.041638195514679,-0.13255186378956,-0.020134426653385,1
-0.093049079179764,-0.0033863857388496,-0.027622237801552,1
-0.18545573949814,0.12454123049974,-0.061426661908627,1
-0.019326210021973,-0.20093793421984,0.13558293133974,1
-0.056187689304352,-0.081480223685503,0.0076429918408394,1
-0.038996458053589,0.18863301724195,-0.050959773361683,1
-0.060435682535172,-0.021831028163433,-0.033766113221645,1
-0.20557826757431,-0.1116461660713,-0.020858936011791,1
-0.052388876676559,0.053116537630558,-0.041670925915241,1
-0.16544017195702,0.13668099790812,0.12086436897516,1
0.088737070560455,-0.14620417356491,0.033207543194294,1
0.0040591955184937,0.061958499252796,-0.010100357234478,1
-0.06816691160202,-0.21018595993519,-0.092308796942234,1
0.025453805923462,0.16566821187735,-0.028060130774975,1
-0.093159824609756,-0.042910289019346,-0.083030484616756,1
-0.13861632347107,-0.07917982712388,-0.067737981677055,1
-0.17175057530403,-0.091672495938838,-0.00079027563333511,1
-0.083449929952621,-0.22226619720459,0.11942780762911,1
0.076331317424774,-0.20039909332991,0.079657278954983,1
0.17719155550003,0.22733288258314,-0.04090329259634,1
0.071591317653656,0.19492053240538,-0.036087833344936,1
-0.20266863703728,-0.14024801552296,-0.067952439188957,1
0.011481404304504,0.23760082572699,0.1476871445775,1
0.17005175352097,0.18239166587591,0.10613537579775,1
-0.17439693212509,0.026374004781246,0.20100516825914,1
0.19049459695816,-0.19942873716354,0.0062067583203316,1
0.04997730255127,0.15234588831663,-0.042379014194012,1
-0.18365606665611,-0.11950795724988,0.17910351604223,1
-0.028767049312592,-0.26911959797144,0.074014000594616,1
0.091442286968231,-0.22598529607058,-0.027165606617928,1
-0.19121170043945,-0.032969228923321,-0.057712957262993,1
0.14009302854538,-0.15288716927171,-0.048508621752262,1
0.013518631458282,-0.25800704210997,-0.068071685731411,1
-0.088238954544067,-0.069000165909529,0.020445473492146,1
-0.061940729618073,-0.013980150222778,0.017029576003551,1
0.18514055013657,0.209138892591,0.10834231227636,1
-0.21267256140709,-0.065941158682108,0.00025396794080734,1
-0.053108900785446,0.04918497055769,-0.054352529346943,1
0.042869865894318,0.066844694316387,-0.030112452805042,1
-0.071966201066971,-0.069683080539107,0.016835935413837,1
-0.035947740077972,0.17017545551062,0.017762005329132,1
-0.049149632453918,0.18197103589773,0.087748534977436,1
0.066050410270691,-0.10859006550163,-0.0082948058843613,1
0.014016509056091,-0.16069992259145,-0.018365107476711,1
0.023295402526855,0.07034457474947,-0.02815218269825,1
-0.19775241613388,0.17002262920141,0.046711720526218,1
-0.041040897369385,0.21120920032263,-0.069459475576878,1
-0.037415266036987,0.1157483831048,-0.073903732001781,1
0.088378190994263,-0.078672580420971,0.012010015547276,1
0.19655162096024,0.17497476190329,0.076213590800762,1
-0.034982144832611,-0.10826899949461,-0.045889548957348,1
-0.13422223925591,0.13374239951372,0.023228324949741,1
0.007052481174469,0.07793965190649,-0.0046764388680458,1
0.051886141300201,-0.049096200615168,-0.00088238716125488,1
-0.051426976919174,0.11053615063429,0.001785896718502,1
-0.034990131855011,-0.26272694021463,0.105996273458,1
-0.095716506242752,-0.20381061732769,0.031799592077732,1
-0.058636575937271,-0.031350024044514,0.0048361495137215,1
-0.20478934049606,0.11442860215902,0.12652417272329,1
0.046750724315643,-0.27609435468912,0.11263149231672,1
0.019037187099457,-0.15755874291062,0.0057711526751518,1
-0.17071151733398,0.086420871317387,0.016819424927235,1
-0.059560924768448,-0.068881943821907,-0.053146116435528,1
-0.033990859985352,0.26814147084951,-0.029548712074757,1
0.024612426757812,0.25250937789679,-0.012617409229279,1
-0.1208781003952,0.14461437612772,-0.0018285289406776,1
0.03341805934906,0.06692873686552,-0.00053541362285614,1
-0.14809802174568,0.14251401275396,0.18185698240995,1
0.088489234447479,-0.12585089914501,0.0013744086027145,1
-0.0084566473960876,-0.20429015904665,0.15085058659315,1
0.06151294708252,0.18667107075453,0.049218438565731,1
-0.029287278652191,0.22697328776121,0.12183237820864,1
-0.10856646299362,0.014240741729736,-0.074064061045647,1
0.069300413131714,-0.12792307324708,-0.059256702661514,1
0.11501741409302,0.091372780501842,0.0099882706999779,1
0.073039472103119,-0.12261469662189,-0.024272039532661,1
-0.15125972032547,-0.15278534591198,0.17114696651697,1
0.041850507259369,-0.19884649664164,-0.077692233026028,1
0.1834454536438,0.22047521919012,0.05867412686348,1
0.090140104293823,0.26877158135176,0.037159256637096,1
-0.22441872954369,0.058581881225109,0.033200077712536,1
-0.034043729305267,-0.14808075502515,0.037620551884174,1
-0.18103021383286,0.11826718598604,0.039954535663128,1
0.20793527364731,0.19377645105124,0.12542567402124,1
0.023892879486084,0.067934446036816,0.0040887221693993,1
0.045703113079071,-0.20220326632261,-0.077368810772896,1
-0.14300948381424,-0.048387359827757,0.067573614418507,1
0.017842769622803,0.079346500337124,-0.0083237737417221,1
0.042383253574371,0.1077650859952,-0.0029295012354851,1
-0.036785662174225,0.063446275889874,-0.038378052413464,1
0.049896776676178,0.19235327094793,-0.015400983393192,1
-0.10045126080513,-0.061709519475698,-0.067548707127571,1
-0.12418109178543,-0.030691526830196,0.042733944952488,1
-0.0024397969245911,0.047691754996777,0.0013930052518845,1
0.030933558940887,0.15381007641554,0.032709397375584,1
-0.1812247633934,-0.15056894347072,0.1038226261735,1
0.18879264593124,-0.22950392216444,0.07514526695013,1
-0.029761850833893,0.19515939801931,0.026474371552467,1
-0.012931764125824,0.14799036830664,0.017333559691906,1
0.032493233680725,0.21076714247465,0.1222418025136,1
-0.071271598339081,-0.086955390870571,-0.0011237040162086,1
-0.18967571854591,-0.030839584767818,0.18263603001833,1
-0.065937787294388,0.034609250724316,-0.0096336826682091,1
0.14031165838242,-0.19088875502348,-0.054948158562183,1
0.012968778610229,-0.10523801250383,0.00078250467777252,1
-0.033371031284332,0.20829056948423,0.1404981687665,1
-0.14862760901451,0.21227314323187,0.12927732616663,1
-0.068023025989532,0.065509267151356,0.022681720554829,1
-0.011498332023621,-0.11236266884953,0.0052087232470512,1
0.071304976940155,-0.1192053835839,0.015397056937218,1
0.070924460887909,-0.14095962420106,0.015721678733826,1
-0.1542295217514,-0.026861660182476,-0.0039382949471474,1
0.11553961038589,-0.19321796298027,0.035699926316738,1
-0.11300477385521,-0.22426573187113,0.12040214985609,1
-0.045209407806396,-0.054571099579334,0.0061417296528816,1
-0.19496676325798,-0.11932578496635,0.085249327123165,1
0.093940854072571,0.087921179831028,0.0058836564421654,1
-0.041177809238434,-0.046356733888388,0.010041691362858,1
0.091819822788239,-0.15333558246493,0.065928123891354,1
-0.11117315292358,0.11498039215803,0.063397534191608,1
-0.060429334640503,-0.035376757383347,-0.051128454506397,1
-0.19406980276108,-0.10477055888623,0.10058445483446,1
0.022611141204834,-0.081758204847574,-0.021085888147354,1
0.068839251995087,-0.055195536464453,-0.010243497788906,1
-0.23215994238853,-0.0037617683410645,-0.0054348930716515,1
0.073260247707367,0.06371483951807,-0.03065549582243,1
-0.026467502117157,0.097611598670483,-0.023048646748066,1
-0.12282881140709,-0.024965733289719,-0.0018141493201256,1
-0.16982319951057,0.13495103269815,0.1702114418149,1
-0.034602463245392,-0.057464823126793,0.014138899743557,1
0.069307506084442,0.050146572291851,0.0045867636799812,1
-0.093384951353073,0.12080112844706,0.013885222375393,1
-0.010890662670135,0.14254369586706,0.043463006615639,1
0.11205220222473,0.18011336773634,0.077051974833012,1
0.020994961261749,-0.16910951584578,0.032519452273846,1
-0.042697489261627,-0.17375207692385,-0.082454897463322,1
-0.026835322380066,0.19813438504934,0.025447584688663,1
-0.014250576496124,0.21604164689779,-0.025130473077297,1
-0.2197000682354,-0.0016116872429848,0.12354720383883,1
-0.032076179981232,0.038800753653049,-0.0091835334897041,1
-0.011599838733673,0.20642631500959,-0.088891956955194,1
-0.045065104961395,0.22594758123159,0.1717206761241,1
0.10126310586929,-0.11792624182999,-0.017966918647289,1
-0.071365624666214,0.23348244279623,0.12938783317804,1
-0.043826282024384,0.196124099195,0.088548995554447,1
0.090595662593842,-0.080046039074659,0.0043791756033897,1
-0.09096485376358,-0.18679064512253,0.044757984578609,1
-0.20944169163704,-0.11155919823796,0.13108605891466,1
-0.075483709573746,0.051864318549633,0.021591059863567,1
-0.18258672952652,0.074348516762257,-0.017398275434971,1
0.12644797563553,0.11290244013071,-0.085781581699848,1
0.034151613712311,-0.19612591713667,-0.031348533928394,1
-0.19931960105896,0.059344716370106,-0.014861233532429,1
-0.17566794157028,-0.018692970275879,-0.033565171062946,1
-0.08607405424118,-0.0025209486484528,-0.047952361404896,1
0.0095354914665222,-0.095332927536219,0.0054045021533966,1
0.093694150447845,-0.088627463206649,-0.0028115287423134,1
0.027582168579102,0.12817897647619,0.013422407209873,1
-0.006013810634613,-0.22693867236376,0.065072141587734,1
-0.06553316116333,0.071040488779545,-0.012814112007618,1
-0.062418192625046,0.12483327835798,-0.0053695365786552,1
-0.031528532505035,-0.13187417387962,0.037151515483856,1
-0.22997710108757,-0.035656623542309,-0.041012793779373,1
-0.051442623138428,0.10415825992823,0.03226725012064,1
0.17145168781281,0.17518609017134,0.02614314109087,1
-0.17234897613525,0.15506099909544,-5.7242810726166e-05,1
-0.25967928767204,0.0097542777657509,0.069296978414059,1
0.025571823120117,-0.19361544400454,0.078212194144726,1
0.11363977193832,-0.15202249959111,0.057573802769184,1
0.10006409883499,0.20269077271223,0.04349335283041,1
0.15850114822388,0.15417372435331,0.057730443775654,1
-0.091192364692688,-0.025952592492104,0.020226068794727,1
-0.18240097165108,-0.059477783739567,-0.078606218099594,1
-0.11718887090683,0.16868426650763,-0.057977639138699,0
-0.05807301402092,-0.065986268222332,0.02305293828249,1
0.1630374789238,0.2322755381465,-0.073010414838791,1
-0.17892229557037,0.03910169750452,-0.064743719995022,1
-0.11324340105057,-0.068857915699482,0.031234554946423,1
-0.22495871782303,0.02942331880331,-0.0041592642664909,1
-0.15537875890732,-0.0051768496632576,0.023357294499874,1
-0.13770619034767,-0.18144684284925,0.15682292729616,1
-0.065383046865463,0.10578759759665,0.04231534153223,1
-0.13910564780235,-0.23831514269114,0.071726582944393,1
-0.047179996967316,0.068274267017841,-0.066635526716709,1
0.019514679908752,-0.23167408257723,0.11910543590784,1
-0.15655705332756,0.11105217784643,-0.017011664807796,1
-0.12502607703209,-0.13621824607253,0.11433514207602,1
-0.07819265127182,-0.2158474996686,0.021647222340107,1
-0.10883596539497,-0.1954707056284,0.10710293799639,1
0.10766834020615,-0.22987026721239,0.14053250104189,1
-0.056013137102127,-0.097019472159445,-0.036130115389824,1
0.12944287061691,-0.14691727980971,-0.0095273032784462,1
-0.0002436637878418,0.23495840281248,0.17974650114775,1
0.12063592672348,-0.12108361534774,0.014996968209743,1
-0.18756210803986,0.012872248888016,0.026640959084034,1
-0.22815722227097,0.10037166625261,-0.058467157185078,1
-0.034441590309143,-0.094460667576641,-0.066783256828785,1
-0.075422286987305,-0.010978668928146,-0.033957488834858,1
-0.22367742657661,-0.10443087574095,-0.065771467983723,1
0.089113652706146,-0.064912252128124,-0.036133669316769,1
0.04208904504776,0.2214268669486,-0.084015186876059,1
0.066792130470276,0.094160057604313,-0.035256795585155,1
-0.16730913519859,0.068284399807453,0.2083387747407,1
-0.23916593194008,0.017894878983498,-0.005642481148243,1
0.069864332675934,-0.066166885197163,0.0018108412623405,1
6.5445899963379e-05,-0.20793064683676,-0.026400722563267,1
0.19447314739227,-0.24143835157156,0.051768101751804,1
-0.063109964132309,0.034689627587795,-0.028909884393215,1
0.023593068122864,-0.066975105553865,-0.019130423665047,1
-0.039035320281982,0.11943558603525,-0.07288520783186,1
-0.0095902681350708,-0.19957242161036,-0.02645518630743,1
-0.049699544906616,0.10941994935274,-0.0018568858504295,1
-0.14670020341873,-0.12106202542782,-0.044658340513706,1
-0.168920814991,0.062470935285091,0.152847237885,1
0.094919323921204,0.14717423170805,-0.0042311176657677,1
-0.01732462644577,0.19681426137686,0.037499792873859,1
-0.038331925868988,0.24729501456022,0.15236682444811,1
-0.026627004146576,0.15064623206854,-0.088127948343754,1
-0.21404993534088,0.12136619538069,0.058321245014668,1
-0.17865067720413,0.041733957827091,-0.013565100729465,1
-0.11299270391464,0.040791817009449,-0.075555495917797,1
0.01227468252182,-0.059950310736895,-0.0070433393120766,1
0.10985392332077,-0.26275480538607,0.08312926441431,1
0.027025938034058,-0.2934512719512,0.012573681771755,1
-0.030814051628113,0.27590449899435,0.049583740532398,1
-0.072567611932755,0.027998723089695,-0.010532073676586,1
0.036946058273315,-0.10382192954421,-0.045363061130047,1
-0.059102714061737,0.2200840935111,0.099435664713383,1
-0.1021968126297,-0.20690684765577,0.17583627253771,1
-0.060860931873322,-0.19470343738794,-0.0035446360707283,1
-0.20808988809586,0.020880624651909,0.017468594014645,1
-0.018216550350189,-0.10653860773891,0.0065186098217964,1
-0.034693777561188,0.025797106325626,-0.0075339302420616,1
0.010587394237518,0.12321095913649,0.02562603354454,1
-0.093286454677582,0.026632644236088,0.021530367434025,1
0.045568525791168,-0.068994402885437,0.00012075901031494,1
-0.041806757450104,-0.11486565135419,-0.020557589828968,1
0.074766755104065,0.097808830440044,-0.053691551089287,1
0.11075079441071,0.14361407607794,-0.034054026007652,1
0.024268984794617,-0.085800436325371,-0.044399060308933,1
-0.075811624526978,-0.159120477736,0.095729894936085,1
0.046223104000092,-0.074311926960945,0.0076988637447357,1
0.0038945078849792,-0.12432842887938,0.031961910426617,1
-0.17062816023827,0.17788954824209,0.073125518858433,1
0.10930889844894,-0.23193065077066,0.042453289031982,1
-0.12239786982536,0.18265505880117,0.1513803973794,1
-0.002152144908905,-0.13251318782568,0.031491830945015,1
-0.11759039759636,-0.030354127287865,-0.072027377784252,1
-0.033769547939301,0.14618013054132,-0.042386554181576,1
0.02326774597168,-0.1216099653393,-0.080520391464233,1
-0.041403114795685,-0.083593815565109,-0.05451986938715,1
-0.054332196712494,0.089319042861462,-0.022729240357876,1
0.13571310043335,0.1130688264966,-0.0037061795592308,1
-0.19621843099594,0.03961993008852,-0.091391414403915,1
0.090760231018066,0.22373928874731,-0.0027846917510033,1
-0.095978260040283,0.10577724128962,-0.074645288288593,1
-0.0095065832138062,0.085717581212521,-0.060757108032703,1
-0.2211936712265,0.044611804187298,0.031734801828861,1
0.096592128276825,-0.22099257260561,0.04598867893219,1
0.068462073802948,0.11641288548708,-0.019701816141605,1
0.090577661991119,-0.093065761495382,-0.003759004175663,1
0.037792980670929,-0.108932107687,-0.042248167097569,1
0.097077250480652,0.15022560209036,-0.058715775609016,1
-0.2520187497139,-0.093404549174011,0.013987697660923,1
-0.13388827443123,-0.035501219332218,-0.023066349327564,1
-0.19844451546669,0.0020261108875275,0.18260136991739,1
0.1869221329689,0.19322269409895,-0.012859366834164,1
0.13770073652267,-0.12323076277971,0.0047298446297646,1
0.039892971515656,0.16688220947981,0.0053811743855476,1
-0.082884579896927,-0.074435628950596,-0.038961000740528,1
0.068044304847717,-0.08930523507297,-0.0061285048723221,1
-0.15274494886398,0.11768228560686,-0.046052418649197,1
-0.20271724462509,0.14412375539541,0.042559079825878,1
0.044188380241394,0.24312978237867,0.17286307364702,1
0.044044315814972,0.14996350556612,0.0089290738105774,1
-0.022911906242371,0.052458189427853,-0.011275090277195,1
0.040500223636627,-0.10906571894884,-0.066970832645893,1
-0.21767249703407,0.094078831374645,0.015123255550861,1
0.0027380585670471,-0.088510026223958,0.0095369219779968,1
-0.058654189109802,0.040488339960575,-0.021290607750416,1
-0.17982399463654,0.11318404227495,0.15302822738886,1
-0.09799537062645,0.20636650174856,0.17974913865328,1
0.078100860118866,0.06223288923502,0.0009133517742157,1
0.057018458843231,0.06774877756834,-0.021182335913181,1
0.12648564577103,0.27350088208914,0.05783561617136,1
-0.17393577098846,0.077953435480595,0.035334877669811,1
0.17710834741592,0.17103590816259,-0.0048471018671989,1
-0.057243138551712,-0.13807302713394,-0.0062519460916519,1
-0.14600020647049,0.069324485957623,0.033023096621037,1
-0.1079393029213,0.23529823869467,-0.025123059749603,0
0.098312854766846,0.27847116440535,0.076933540403843,1
-0.16272470355034,-0.1781435534358,0.0095709785819054,1
0.076479375362396,-0.11794251017272,-0.042177818715572,1
0.039793074131012,-0.071481630206108,-0.0034014508128166,1
-0.089472621679306,0.0038361698389053,-0.044603653252125,1
-0.11513623595238,0.24414362758398,-0.012802928686142,0
-0.069738328456879,0.2035424336791,0.054198764264584,1
0.034975647926331,0.14426090568304,0.01288952678442,1
-0.055584907531738,-0.19266732037067,0.1414859816432,1
-0.0058218240737915,-0.25031947344542,-0.080015547573566,1
0.034113824367523,-0.19785742461681,-0.075912475585938,1
0.020342648029327,0.23149188607931,-0.023974567651749,1
-0.12865871191025,0.089115180075169,0.046427272260189,1
0.090647995471954,-0.11609211936593,-0.026079714298248,1
0.00091642141342163,-0.10065259237308,-0.015712670981884,1
0.034949123859406,0.1351053789258,-0.0049814358353615,1
-0.011828362941742,-0.075546225532889,-0.019308663904667,1
0.00015813112258911,-0.15321015194058,-0.053784847259521,1
-0.026525437831879,-0.13269307091832,-0.028017342090607,1
-0.22688388824463,-0.026828028261662,-0.05087672919035,1
-0.0085899829864502,-0.083757609128952,0.005732037127018,1
-0.076981276273727,-0.18025500327349,-0.0015608444809914,1
-0.069306194782257,0.12017261236906,-0.0085982754826546,1
-0.097437828779221,0.14978871494532,-0.021773271262646,0
-0.038113415241241,-0.091491025872529,0.0019012093544006,1
-0.16702765226364,-0.035536371171474,-0.017821110785007,1
0.0010346174240112,-0.069515103474259,-0.0018591955304146,1
-0.016682267189026,-0.25622383505106,0.082943625748158,1
0.069736301898956,-0.074356745928526,0.0083245187997818,1
0.019308149814606,-0.24645680934191,1.5713274478912e-05,1
0.15113162994385,-0.17527562379837,0.11275943368673,1
0.021344125270844,-0.077951369807124,-0.01472170650959,1
-0.2138255238533,0.067138962447643,0.14619966596365,1
0.047840893268585,-0.081389313563704,0.00040442496538162,1
-0.21454006433487,0.12917401641607,-0.065436311066151,1
0.18652212619781,0.21508347243071,0.079773016273975,1
-0.12173753976822,0.10164730995893,0.056251101195812,1
-0.071844846010208,0.20930960029364,-0.02733613550663,0
-0.016088247299194,0.08448401838541,0.021040380001068,1
-0.062807261943817,0.24780785292387,-0.029563628137112,1
-0.10589474439621,0.19142054766417,0.022830419242382,1
-0.093485236167908,0.22351571172476,0.081004865467548,1
0.14381456375122,-0.22714645415545,0.085348330438137,1
0.023061871528625,-0.10509850038216,-0.051316447556019,1
-0.039643704891205,-0.11597756296396,-0.02449443936348,1
0.046535551548004,-0.10736565524712,-0.036495923995972,1
0.098429262638092,0.085875235497952,0.01800612360239,1
-0.063920944929123,-0.047915644943714,-0.0087259486317635,1
-0.21246314048767,0.04133365303278,0.094292692840099,1
0.15320062637329,0.17685066908598,0.085054434835911,1
0.11659413576126,0.21389474719763,-0.079298809170723,1
-0.12063851952553,0.046454332768917,-0.023040913045406,1
-0.16873601078987,0.084450460970402,-0.036612287163734,1
0.032009422779083,-0.27730152755976,-0.0028147920966148,1
0.040393590927124,-0.11894182860851,0.010144092142582,1
0.14825105667114,0.18406971544027,0.13731602579355,1
-0.15241748094559,0.1039739921689,0.070063315331936,1
0.07377427816391,-0.18005426973104,-0.0879872366786,1
-0.012952566146851,0.086531199514866,0.010152481496334,1
0.015189230442047,-0.12257667072117,-0.015711136162281,1
0.037706673145294,0.20308306068182,0.12203327566385,1
-0.12063765525818,-0.081346144899726,0.067272983491421,1
-0.25327822566032,0.055125169456005,0.037694565951824,1
0.073548913002014,-0.17478334158659,0.071772433817387,1
0.058021485805511,0.051568634808064,-0.001062698662281,1
-0.087264567613602,-0.175811201334,-0.0023042485117912,1
-0.18694669008255,0.16318758577108,0.10999462753534,1
0.024982452392578,-0.12541587464511,-0.069523178040981,1
0.11411076784134,0.1285400763154,-0.070483587682247,1
-0.003436267375946,0.046224005520344,0.0010405853390694,1
-0.1808834373951,-0.054639920592308,-0.061212562024593,1
-0.10063654184341,-0.16723430901766,0.17216289788485,1
-0.16592937707901,0.017170317471027,-0.015896998345852,1
0.08547580242157,-0.082387834787369,-0.0097822323441505,1
-0.0094035267829895,0.052167691290379,-0.0055096819996834,1
0.070222914218903,0.089233838021755,0.018832698464394,1
-0.14936524629593,0.01701657474041,0.059791631996632,1
0.12078565359116,-0.23670593649149,0.022560641169548,1
-0.048682332038879,0.12119474261999,0.01151666790247,1
-0.20101645588875,-0.016180336475372,0.18977979570627,1
-0.1470832824707,-0.022686965763569,0.042683906853199,1
-0.21445602178574,0.080887742340565,0.10447178035975,1
0.14720374345779,-0.13255744054914,0.020573951303959,1
0.15650069713593,-0.16156778857112,-0.05408988147974,1
0.059302628040314,-0.17463079839945,0.078714184463024,1
-0.13029855489731,-0.03957924246788,0.026902295649052,1
-0.10180276632309,0.19443430751562,0.17765507847071,1
-0.12986114621162,-0.11514457315207,0.0098308399319649,1
-0.13119143247604,0.0065624490380287,-0.014995314180851,1
-0.025805115699768,0.11116083711386,0.0053580701351166,1
-0.12211775779724,-0.22278879582882,-0.047545984387398,1
-0.064352840185165,-0.03466809540987,0.0031633004546165,1
0.026947557926178,-0.23772754520178,0.083119966089725,1
-0.0062467455863953,-0.16221059858799,0.040210336446762,1
0.040288507938385,-0.20975631475449,-0.056307204067707,1
-0.090189814567566,-0.08139318972826,0.020059876143932,1
-0.13981276750565,0.046328254044056,-0.091214291751385,1
0.099007964134216,0.21204962581396,0.0345793440938,1
0.022816717624664,-0.085286320187151,-0.039710782468319,1
0.030361235141754,-0.1345581188798,0.0089409872889519,1
0.047296106815338,0.093390055000782,0.012330234050751,1
-0.16860926151276,-0.027547672390938,0.024493597447872,1
0.019071698188782,-0.18746615946293,0.07696671038866,1
0.030323803424835,0.21668078750372,0.17629463225603,1
-0.021726906299591,-0.073812896385789,-0.0067999288439751,1
-0.036633312702179,-0.047313559800386,0.013039492070675,1
-0.15564686059952,0.11160705238581,0.097287215292454,1
-0.043621897697449,0.0050620064139366,-0.025687552988529,1
0.018398225307465,0.073005847632885,-0.001609206199646,1
-0.24755907058716,0.042249523103237,0.022888548672199,1
-0.11282807588577,-0.03881786391139,0.018146209418774,1
-0.084194004535675,0.14817380160093,0.0065936520695686,1
0.079692423343658,0.066028885543346,0.0042204186320305,1
-0.079125046730042,-0.14633029326797,0.061874687671661,1
-0.18643057346344,-0.15764636546373,-0.082387141883373,1
-0.020575761795044,0.040061913430691,-0.011042200028896,1
-0.18705815076828,-0.062695663422346,0.17850112169981,1
0.066845238208771,0.25992619246244,0.091772772371769,1
-0.014664530754089,0.10498864203691,-0.024024307727814,1
-0.068247258663177,0.022435791790485,0.022222019731998,1
-0.19470149278641,0.039739929139614,0.050317071378231,1
0.18395245075226,0.22388955205679,-0.0068875551223755,1
0.059258997440338,-0.068473324179649,-0.010192148387432,1
0.078106820583344,-0.054748896509409,-0.036562316119671,1
-0.092351675033569,-0.073122911155224,-0.013367332518101,1
0.052758038043976,0.13655468076468,-0.055349670350552,1
0.16986554861069,0.24580269306898,-0.023519203066826,1
0.097484648227692,0.2126843854785,0.073324434459209,1
-0.16826900839806,-0.11172390915453,0.15280333906412,1
-0.089869737625122,0.058859758079052,-0.023508504033089,1
-0.083554953336716,-0.20490073412657,0.13097528368235,1
0.077797472476959,0.1643031463027,-0.06806405633688,1
0.032485544681549,0.13536804169416,0.031689286231995,1
-0.090590745210648,-0.014910809695721,-0.076188050210476,1
0.026094198226929,0.061098538339138,-0.0079041868448257,1
0.10637718439102,0.25841074436903,0.015224263072014,1
0.0074131488800049,-0.19077652692795,-0.045083001255989,1
0.06164962053299,-0.089528327807784,-0.045674964785576,1
0.032512605190277,0.15585928410292,0.033544279634953,1
0.042756915092468,-0.063054386526346,-0.012336023151875,1
0.006952166557312,0.15121006220579,0.016491748392582,1
-0.078250825405121,-0.21935115754604,0.03310901671648,1
-0.10768890380859,-0.19536270946264,0.036512963473797,1
-0.18004938960075,-0.01312118768692,-0.0099950209259987,1
-0.07435467839241,-0.043101854622364,0.0086950287222862,1
-0.072430580854416,0.13035856932402,0.01436073333025,1
-0.14715182781219,-0.20882555097342,0.012342944741249,1
-0.11484926939011,0.17609997838736,-0.017082624137402,0
-0.10124415159225,0.03432647138834,0.0018391087651253,1
0.07584547996521,0.14391588419676,-0.038637973368168,1
-0.075146108865738,0.20555617660284,-0.035597562789917,0
0.064715027809143,-0.044313728809357,-0.0088017359375954,1
-0.13117408752441,0.15799900144339,0.079773522913456,1
-0.019928097724915,0.17844804376364,-0.0091573521494865,1
-0.037961661815643,0.15565034002066,-0.091672852635384,1
0.14821416139603,-0.15675589814782,0.12595119327307,1
-0.19425448775291,-0.035274967551231,-0.033562876284122,1
-0.11129400134087,0.11055126041174,0.051137067377567,1
0.18568646907806,-0.22561755031347,-0.062361173331738,1
-0.19743466377258,-0.0093027278780937,0.077696584165096,1
-0.16656056046486,0.1771906837821,-0.05371106415987,1
-0.10054513812065,-0.044980850070715,0.0036067441105843,1
-0.15925577282906,0.18076308816671,-0.019991107285023,1
-0.14295566082001,-0.12916933558881,-0.042880363762379,1
-0.017569661140442,-0.13927634432912,-0.0070125535130501,1
0.071151554584503,-0.085996812209487,0.021311573684216,1
0.076385498046875,-0.11086799576879,-0.077121913433075,1
0.077677369117737,-0.06242449209094,-0.0056901797652245,1
-0.019598364830017,-0.27391854673624,0.076818563044071,1
0.06939560174942,0.19981395453215,0.030811846256256,1
0.15905714035034,0.20720987766981,0.081440754234791,1
0.026377141475677,0.12740182131529,0.013924427330494,1
-0.0059446692466736,0.081874467432499,-0.039913035929203,1
0.038650989532471,-0.16570008546114,-0.026430539786816,1
0.15694636106491,-0.2277273312211,-0.054284878075123,1
0.005761981010437,0.22364266961813,0.18896768242121,1
-0.075276404619217,0.11624553054571,-0.077833779156208,1
0.02655690908432,0.14919277280569,-0.022585660219193,1
0.17937529087067,0.17802729457617,0.18115554004908,1
-0.043865740299225,-0.073849426582456,0.0028592273592949,1
0.0003737211227417,0.20340581983328,-0.060027696192265,1
-0.06434890627861,-0.12590927258134,-0.0015974789857864,1
-0.21962705254555,-0.04510285705328,0.044179238379002,1
-0.022749602794647,-0.092735470738262,-0.029181577265263,1
-0.095678955316544,0.082647360861301,-0.053395099937916,1
-0.18539482355118,0.039276488125324,0.071718253195286,1
0.15178567171097,0.16747834533453,-0.028772994875908,1
-0.17782917618752,0.13894108682871,-0.027806006371975,1
-0.084269404411316,-0.14971368759871,-0.071439281105995,1
-0.030237793922424,0.091925941407681,0.0013327971100807,1
-0.18870389461517,0.067520804703236,-0.02128417044878,1
-0.047444760799408,-0.10678237210959,-0.040288276970387,1
-0.037896752357483,-0.034472435712814,0.0013179257512093,1
-0.13452124595642,0.22004463523626,-0.062955506145954,0
-0.12689813971519,-0.13178151473403,-0.041687019169331,1
0.12887400388718,-0.16586633771658,0.075424261391163,1
-0.10158875584602,-0.044571850448847,-0.0083431527018547,1
0.15288203954697,0.21152477711439,0.024101160466671,1
-0.093349874019623,-0.06292625144124,-0.075126454234123,1
-0.031883656978607,-0.1002453911351,-0.063129641115665,1
-0.17057937383652,-0.01507181674242,0.21402824670076,1
-0.02785050868988,-0.13307962939143,-0.047422461211681,1
0.059067130088806,0.052629940211773,0.0050968676805496,1
-0.15819650888443,0.18008752912283,0.087102152407169,1
-0.0098620653152466,0.23041232675314,-0.06036863476038,1
-0.029865384101868,-0.26228659600019,-0.067038312554359,1
0.092301845550537,-0.20662961155176,-0.013464167714119,1
-0.066399484872818,-0.22828436642885,-0.021693959832191,1
0.085317075252533,0.27256938070059,0.10373990982771,1
0.1833536028862,0.22661777585745,-0.046124510467052,1
0.11704707145691,0.1065267547965,-0.035391889512539,1
-0.26861944794655,0.0084133148193359,0.054498292505741,1
-0.076257675886154,0.016299337148666,0.010763220489025,1
-0.19117254018784,0.070430479943752,-0.030497744679451,1
0.091240763664246,-0.14282296225429,0.055088028311729,1
0.096921980381012,-0.10001490620198,-0.027438350021839,1
-0.072676002979279,0.023025535047054,-0.0082590952515602,1
-0.077472984790802,-0.021599218249321,-0.050591737031937,1
-0.027627825737,0.090914465487003,-0.030067607760429,1
-0.084945499897003,0.22470655292273,0.12109590321779,1
0.01061075925827,-0.092591738328338,0.01935138553381,1
-0.14861285686493,0.20727994292974,0.0088530108332634,1
-0.017733931541443,0.074262402951717,-0.020257890224457,1
0.12719410657883,0.14889635890722,0.078335799276829,1
0.051045179367065,-0.22293159365654,0.033305488526821,1
-0.093501627445221,-0.24597366899252,0.064654901623726,1
-0.067949801683426,-0.25366313010454,0.098878212273121,1
-0.078568965196609,0.15969114750624,0.090834520757198,1
-0.028532207012177,0.19389214366674,0.014137774705887,1
-0.045577228069305,-0.17607928067446,0.029077857732773,1
0.1792967915535,0.25138901919127,0.046915531158447,1
-0.16537261009216,-0.14538765326142,0.17594262212515,1
-0.091103464365005,-0.037454269826412,-0.051608927547932,1
0.059508442878723,0.21863376349211,0.084429658949375,1
-0.13965663313866,-0.063411135226488,-0.078127533197403,1
0.0089788436889648,0.14422207325697,0.033730402588844,1
-0.094300210475922,0.14417173713446,0.064956374466419,1
-0.15424114465714,0.11841171234846,0.13111283630133,1
0.089035153388977,-0.14014629274607,0.05374389141798,1
-0.071437537670135,-0.090850632637739,-0.060041628777981,1
-0.19941613078117,0.1580233797431,0.054591007530689,1
-0.064824342727661,0.090331770479679,-0.034449063241482,1
-0.039282619953156,-0.08325045928359,-0.047017499804497,1
-0.043784856796265,0.04721225053072,-0.028406508266926,1
0.084829270839691,-0.20718728005886,0.093087889254093,1
-0.09270703792572,-0.12907884456217,-0.064449988305569,1
-0.12356060743332,0.15266438573599,-0.054656632244587,0
-0.17417019605637,0.018465146422386,-0.037590943276882,1
-0.061832308769226,0.017507292330265,0.0093320533633232,1
-0.2322798371315,0.090806908905506,0.030203156173229,1
-0.066711217164993,0.018963031470776,-0.031803674995899,1
-0.053156226873398,-0.12128204293549,0.014140740036964,1
-0.10428649187088,-0.15848356112838,0.13007823377848,1
-0.029844701290131,0.018728002905846,-0.006308950483799,1
0.061612188816071,-0.13686475157738,-0.067935615777969,1
-0.039578020572662,0.017922259867191,-0.028913348913193,1
0.073683321475983,-0.06817827001214,-0.025217942893505,1
-0.056330323219299,0.12412517517805,-0.024952344596386,1
-0.075703769922256,-0.075426915660501,-0.016861625015736,1
0.017195045948029,-0.14793979749084,0.0090286135673523,1
0.11672383546829,0.21066620200872,0.11940487474203,1
0.0075717568397522,0.12399969249964,-0.036396108567715,1
0.017587721347809,-0.10436376277357,-0.030257627367973,1
-0.18919593095779,0.065949134528637,-0.067626036703587,1
-0.21095612645149,-0.15584843978286,-0.023171745240688,1
-0.080749690532684,0.16797169297934,0.049492187798023,1
0.21066588163376,-0.21059267222881,0.034729279577732,1
0.074075758457184,-0.060407899320126,0.0033797547221184,1
-0.10856711864471,-0.19725885242224,0.063059791922569,1
-0.10440135002136,-0.099186562933028,-0.0012750998139381,1
-0.21430599689484,0.12639115005732,0.11992465704679,1
0.037700176239014,0.078907437622547,-0.0093253329396248,1
0.11867660284042,0.20632969588041,-0.040100015699863,1
0.045049130916595,-0.12041455879807,-0.039062649011612,1
-0.16870039701462,-0.18090723454952,-0.041042603552341,1
-0.17693567276001,-0.097820572089404,0.14190668612719,1
-0.10284504294395,0.047571294009686,-0.055143266916275,1
-0.23742273449898,0.12104775756598,0.039651803672314,1
0.15421265363693,-0.25018111616373,-0.040056899189949,1
-0.21506693959236,-0.058699730783701,0.14490250498056,1
-0.048080623149872,0.040982149541378,0.010879807174206,1
0.17540019750595,-0.17519593983889,-0.03070654720068,1
-0.14054629206657,-0.21939165890217,0.027527071535587,1
-0.14683431386948,-0.032719328999519,0.00062897056341171,1
-0.030958235263824,-0.048027914017439,0.0069602951407433,1
0.13394325971603,-0.11442013084888,0.028943441808224,1
-0.099555343389511,0.1428125873208,0.036773256957531,1
0.0073280930519104,0.11230706423521,-0.048998385667801,1
-0.12636142969131,0.07173029333353,-0.0041330382227898,1
-0.0095563530921936,-0.058392968028784,-0.0010460987687111,1
0.12387079000473,-0.23523811250925,0.12507010251284,1
-0.051450103521347,-0.066206585615873,-0.064044691622257,1
0.098841428756714,0.08128047734499,-0.015042431652546,1
-0.047518968582153,0.2261286303401,0.018013998866081,1
0.081836521625519,-0.087341574952006,-0.055586032569408,1
-0.14262712001801,-0.17242646962404,0.048204027116299,1
-0.11365905404091,-0.081927945837379,0.035557441413403,1
-0.074092358350754,-0.19135577976704,-0.049824312329292,1
-0.20479446649551,0.034966416656971,0.083592094480991,1
-0.10675942897797,-0.18321970105171,0.19684541970491,1
0.035446524620056,-0.068233512341976,-0.0065076574683189,1
0.054946959018707,0.21108438819647,0.05260755866766,1
-0.085277944803238,0.16385176032782,0.056025363504887,1
-0.05660155415535,-0.25480961054564,0.045442529022694,1
0.078848421573639,-0.14847122505307,0.020237810909748,1
-0.21825191378593,-0.124491751194,0.090961985290051,1
-0.084033966064453,0.014932803809643,0.016905479133129,1
0.064894556999207,0.11302887648344,-0.066151417791843,1
-0.031684398651123,-0.22571433335543,0.14426402002573,1
0.015799999237061,-0.20458891242743,0.071823678910732,1
-0.2397626042366,0.060821183025837,0.12911229580641,1
0.084497392177582,0.15014170855284,0.06060828268528,1
-0.041175544261932,0.0099141076207161,-0.006742887198925,1
-0.072714567184448,-0.15593659132719,0.0055129900574684,1
-0.045343101024628,-0.017833486199379,0.0038243010640144,1
0.12277609109879,-0.23975908011198,0.01706687361002,1
0.07612681388855,-0.28944344073534,0.015121199190617,1
-0.095555394887924,0.092536590993404,0.020905055105686,1
0.22385478019714,0.20873551815748,0.031512729823589,1
-0.018872618675232,-0.064959395676851,0.01165484637022,1
-0.16872605681419,-0.16646325588226,0.096680425107479,1
-0.14886081218719,-0.038036428391933,0.025747574865818,1
0.080987632274628,-0.10124426730908,-0.062945134937763,1
0.0054477453231812,0.088445775210857,0.020249061286449,1
-0.13890454173088,-0.17253645509481,0.01393573731184,1
-0.049519777297974,0.051771678030491,-0.020944453775883,1
0.14367038011551,-0.18012461811304,-0.037092931568623,1
-0.18222162127495,-0.062898099422455,0.13716193288565,1
0.051167726516724,0.096265964210033,-0.044070616364479,1
0.052898347377777,0.079564608633518,-0.0014108940958977,1
-0.054674863815308,-0.13344246149063,-0.007625587284565,1
-0.083308845758438,-0.19016681611538,0.05283247679472,1
0.030821621417999,-0.27570491284132,0.070933394134045,1
-0.046771228313446,-0.25249712914228,-0.041713431477547,1
-0.079881936311722,0.064742587506771,-0.020147077739239,1
0.13433450460434,-0.15862501040101,-0.031877495348454,1
-0.14749068021774,-0.057492360472679,-0.075339548289776,1
-0.21670091152191,-0.059984002262354,-0.073747605085373,1
-0.042858898639679,0.086059145629406,-0.061102397739887,1
-0.013350307941437,-0.22664871066809,0.17924825102091,1
0.044480621814728,-0.094339371658862,-0.0146349593997,1
-0.15424430370331,-0.035836949944496,-0.027412571012974,1
0.011047899723053,-0.28143035620451,0.089130572974682,1
0.0092260837554932,0.26963224261999,0.11929065734148,1
0.049176096916199,0.081760235130787,-0.0071536302566528,1
-0.10975673794746,-0.10528585454449,-0.040683783590794,1
0.030401885509491,0.29079961031675,0.077965386211872,1
0.01631486415863,-0.22672038525343,-0.019743181765079,1
-0.10175842046738,-0.07263420894742,0.031709469854832,1
-0.12627014517784,-0.07114515453577,0.060357145965099,1
0.096761584281921,0.19476758688688,-0.024498634040356,1
-0.17447093129158,-0.20400660485029,-0.029109500348568,1
-0.13762164115906,0.18501757830381,-0.029192574322224,0
0.18063187599182,0.20035677403212,0.0097389444708824,1
0.16756922006607,-0.20875166356564,0.10754866153002,1
0.011910140514374,0.14183486253023,-0.05191708356142,1
-0.081043630838394,-0.25312048941851,0.038919918239117,1
-0.01835560798645,0.19558127969503,0.20453644543886,1
0.10716283321381,0.089854307472706,-0.0074512884020805,1
-0.041519165039062,0.049209259450436,-0.035202659666538,1
0.15008646249771,0.13650304824114,0.017172627151012,1
-0.08043646812439,-0.084732748568058,0.030565015971661,1
0.032107055187225,-0.064313914626837,0.0002501979470253,1
-0.043355524539948,-0.12192204222083,-0.013289272785187,1
0.022064745426178,0.12906896322966,0.013816148042679,1
0.019194006919861,0.11247429996729,-0.017139278352261,1
-0.24984532594681,0.033646039664745,0.066646240651608,1
-0.077676922082901,0.1377701535821,0.02529226988554,1
0.1005340218544,-0.20904911309481,0.12238881736994,1
-0.063834011554718,-0.0082153677940369,0.01509166508913,1
0.093729317188263,-0.081050604581833,-0.026737071573734,1
0.020941197872162,0.084213383495808,0.012293487787247,1
-0.092528462409973,0.22720798105001,-0.054197289049625,0
-0.19213381409645,0.094681404531002,0.014913313090801,1
-0.10451471805573,0.18657233566046,0.0080311372876167,1
0.064383506774902,0.11898224800825,0.022299565374851,1
0.034908592700958,-0.063629813492298,0.0044280961155891,1
0.13228940963745,-0.15554775297642,0.023984663188457,1
0.044383227825165,0.15038724988699,-0.01266998052597,1
-0.043249309062958,-0.043333061039448,-0.038736678659916,1
0.12490946054459,0.17047139257193,0.11251480132341,1
-0.15714335441589,0.035846538841724,0.018867038190365,1
-0.23339286446571,-0.068511862307787,0.13336720317602,1
-0.15525153279305,0.096654586493969,-0.042449332773685,1
-0.16138944029808,0.085147015750408,-0.044166311621666,1
-0.015311777591705,-0.092833514325321,0.011019982397556,1
0.0078504681587219,-0.23852857202291,0.0060592517256737,1
-0.22828876972198,0.012540444731712,0.040827743709087,1
-0.070946365594864,-0.26133135706186,-0.045745976269245,1
0.044829070568085,0.2537475451827,-0.016977392137051,1
0.081336796283722,0.065474085509777,0.013527378439903,1
-0.011962473392487,-0.20813509821892,0.035635739564896,1
-0.2204846739769,0.11942888051271,0.10633315891027,1
-0.15668287873268,-0.16065416112542,0.0032218173146248,1
-0.16867011785507,0.05713228136301,0.10101509839296,1
-0.017621695995331,-0.12258292175829,-0.03933123499155,1
-0.039988040924072,0.22887253016233,0.096159689128399,1
-0.011772930622101,-0.046728789806366,-0.01042328029871,1
-0.21687370538712,-0.011185005307198,-0.034411258995533,1
-0.070909678936005,0.045525260269642,-0.013992764055729,1
-0.22542369365692,0.073837988078594,-0.055434018373489,1
-0.098410457372665,0.1957596167922,0.18261875957251,1
-0.22634762525558,0.1384473964572,0.01955521851778,1
0.029474079608917,-0.11441755760461,-0.046607859432697,1
-0.16948133707047,0.0043825730681419,0.21428862959146,1
-0.11474645137787,-0.25277296453714,0.04493036866188,1
0.0062727928161621,0.073991291224957,-0.033095881342888,1
-0.23443901538849,0.067440919578075,-0.04169973731041,1
0.056073307991028,0.083159767091274,-0.0086183696985245,1
0.028720498085022,0.16233380883932,-0.013951890170574,1
0.20144033432007,0.18490409106016,0.079103223979473,1
-0.059795171022415,-0.01287467032671,-0.02507708966732,1
-0.088789314031601,-0.029748193919659,0.025969497859478,1
-0.21699279546738,0.14845939725637,0.0028284415602684,1
0.0090954899787903,0.18103560060263,0.082437880337238,1
-0.055424094200134,0.033901952207088,-0.039719477295876,1
-0.052780628204346,-0.1305469814688,0.046762362122536,1
-0.16821184754372,-0.21528042107821,0.075900964438915,1
0.097323536872864,-0.1862448900938,0.049788899719715,1
-0.046003997325897,-0.12584662996233,-0.014368288218975,1
-0.15052756667137,-0.18371963500977,-0.0043533965945244,1
-0.032551765441895,-0.19643034040928,0.1203300729394,1
-0.078672170639038,0.055569626390934,0.0071566179394722,1
0.040493786334991,-0.094988864380866,-0.0012403205037117,1
-0.13190472126007,-0.19543053209782,0.080865226686001,1
-0.088785976171494,0.072606764733791,-0.025138355791569,1
-0.19882634282112,0.14040268212557,0.027739964425564,1
-0.088546425104141,-0.22411903738976,0.0086602941155434,1
-0.10762059688568,0.17858751863241,0.10795368999243,1
0.035115003585815,0.25734435766935,-0.016265623271465,1
0.13273370265961,0.2195812985301,0.15760392695665,1
-0.14100566506386,-0.14846250414848,0.15538499504328,1
-0.1283623278141,-0.045342810451984,-0.067578010261059,1
-0.027229428291321,0.020079039037228,-0.0010172948241234,1
-0.080869734287262,-0.053236238658428,-0.025087766349316,1
0.045416653156281,-0.060085728764534,-0.00074436515569687,1
-0.23160299658775,-0.022551394999027,0.11644954234362,1
0.046399056911469,0.2084943279624,-0.018717177212238,1
-0.00098592042922974,-0.26196033507586,0.089201472699642,1
0.080553472042084,-0.21043314784765,-0.091661900281906,1
0.10583347082138,-0.21644674986601,0.1784657612443,1
0.12682765722275,0.20437105745077,0.13539678603411,1
0.14510804414749,-0.17743489891291,0.055118910968304,1
-0.1998438835144,0.053319595754147,0.126485042274,1
-0.098565667867661,-0.061629220843315,0.0096009597182274,1
-0.20953446626663,0.16297968477011,-0.030088476836681,1
-0.0012605786323547,0.10120721906424,0.0018074214458466,1
-0.028996407985687,0.056027330458164,-0.0081158950924873,1
-0.021316945552826,0.20688541978598,0.04204211384058,1
-0.23566836118698,-0.00080695003271103,0.11183481663465,1
0.039312124252319,0.28134929388762,-0.017745964229107,1
-0.10409045219421,-0.0027205720543861,-0.022485122084618,1
0.18395203351974,0.21582814306021,-0.0010156035423279,1
0.086078107357025,0.16167058795691,-0.029179997742176,1
0.0029049515724182,-0.080096308141947,0.015205733478069,1
0.068515002727509,-0.085921668447554,0.013332441449165,1
-0.11410969495773,0.13102308660746,-0.034506313502789,1
-0.10962903499603,0.059417687356472,-0.08812303096056,1
0.023072242736816,-0.23569955676794,-0.01218805462122,1
0.072459518909454,-0.21969351917505,-0.0029243007302284,1
-0.037268459796906,-0.058525934815407,0.017920069396496,1
-0.11637642979622,-0.12430276535451,0.016748942434788,1
0.045017063617706,-0.14063078165054,-0.014826081693172,1
-0.067693531513214,0.2342819198966,-0.0038483440876007,1
-0.05320405960083,-0.020063921809196,-0.011217288672924,1
-0.17078569531441,0.19288971275091,0.049519307911396,1
0.029990971088409,0.072706632316113,-0.019140295684338,1
0.06914871931076,-0.11787593364716,-0.037066526710987,1
0.083231031894684,-0.27834106236696,0.06422520428896,1
0.056649386882782,-0.05835235491395,-0.01200770586729,1
-0.12482824921608,-0.061301473528147,0.0055930987000465,1
0.035898804664612,0.082190565764904,-0.015453457832336,1
0.12715828418732,-0.19198164343834,0.2020735219121,1
-0.018302142620087,0.11479233950377,-0.070506438612938,1
-0.031660795211792,0.14084524661303,0.016230151057243,1
0.015501856803894,0.21623801440001,0.090606682002544,1
0.029528260231018,0.13436379283667,0.015254944562912,1
-0.14273515343666,-0.12322225607932,0.11438680440187,1
-0.22193938493729,0.10158903151751,0.12588600069284,1
0.13028174638748,0.10856316238642,0.047431118786335,1
0.063830554485321,0.1410128697753,-0.016090273857117,1
-0.1159074306488,0.089541055262089,-0.046874590218067,1
-0.0031454563140869,0.26517658680677,-0.001826710999012,1
0.092178285121918,0.20768668502569,-0.054673619568348,1
-0.11471322178841,-0.041111867874861,-0.035974428057671,1
-0.03097540140152,0.094804234802723,0.001755878329277,1
0.17820280790329,-0.15437400713563,-0.029179222881794,1
0.16267138719559,-0.15554219484329,-0.044774912297726,1
0.14498096704483,-0.17002633213997,-0.031982876360416,1
0.020466983318329,0.1126674041152,0.023785725235939,1
-0.19179067015648,0.1128355935216,-0.021343491971493,1
-0.19596135616302,-0.062764193862677,0.13893415778875,1
-0.058009445667267,0.040755324065685,-0.012046582996845,1
-0.17733979225159,0.063545398414135,0.056565947830677,1
-0.073424696922302,0.039983026683331,-0.049225866794586,1
-0.023292481899261,0.21783833950758,0.17584816366434,1
-0.21603295207024,-0.16986602544785,0.046370662748814,1
0.018965125083923,0.10207726806402,-0.020421974360943,1
-0.15133011341095,-0.20930355787277,-0.0041824281215668,1
0.14543026685715,-0.18309640139341,0.19888938218355,1
-0.13560485839844,-0.13183024898171,-0.098561324179173,1
-0.13733944296837,0.15383597463369,0.039923585951328,1
-0.082743465900421,0.11009306460619,0.01207011193037,1
0.128262758255,-0.11108193453401,-0.038614757359028,1
0.12382102012634,-0.17883700877428,-0.033396229147911,1
0.12727665901184,-0.23722571879625,0.097058333456516,1
-0.033896744251251,-0.15743425861001,-0.044992476701736,1
0.13226807117462,0.2119482383132,0.068735927343369,1
0.093685209751129,0.18746285885572,-0.06762583553791,1
0.033711612224579,-0.087055848911405,-0.040708892047405,1
-0.020201742649078,0.066458530724049,-0.045065082609653,1
-0.16566729545593,0.021171979606152,0.081647776067257,1
-0.010111033916473,-0.045757431536913,0.0045873820781708,1
-0.069351136684418,0.037696309387684,-0.036916933953762,1
-0.043762385845184,0.14432121068239,-0.03281993418932,1
0.08604371547699,0.086199767887592,-0.03153633326292,1
-0.18811932206154,-0.045609842985868,-0.047765143215656,1
0.10777097940445,-0.13115124031901,-0.00097314268350601,1
0.10313600301743,-0.092205608729273,0.0078010633587837,1
-0.0080386996269226,-0.17742887884378,0.0056881308555603,1
-0.11409509181976,0.081565253436565,0.0066423490643501,1
-0.1306503713131,-0.10260117799044,0.04441487044096,1
0.12276148796082,0.1997030004859,0.064589358866215,1
-0.044592380523682,-0.07516123354435,-0.054361321032047,1
-0.1231669485569,-0.026298746466637,-0.061212472617626,1
-0.14481437206268,0.0911570712924,0.2253108099103,1
-0.09900763630867,-0.033335283398628,0.017334170639515,1
0.068430066108704,0.19202058762312,0.11119366437197,1
0.10971117019653,0.10899656265974,-0.012872613966465,1
-0.0097293853759766,0.22245915979147,0.035919420421124,1
-0.13148218393326,0.21103259176016,-0.051511578261852,0
0.10212820768356,0.12198355048895,-0.040121838450432,1
-0.041558802127838,-0.19374398887157,-0.056798346340656,1
0.077207148075104,-0.25631985813379,-0.059572704136372,1
0.14729207754135,-0.19480436295271,0.0063836649060249,1
-0.027880966663361,-0.26810818165541,0.0040605664253235,1
-0.059282064437866,-0.10559270298108,-0.038686379790306,1
0.10961866378784,-0.12108976207674,-0.0013221278786659,1
0.049179911613464,0.076273910701275,0.010843247175217,1
-0.091125071048737,0.11976943165064,-0.031823433935642,1
0.10330784320831,0.097587786614895,-0.0030437633395195,1
-0.17045056819916,-0.068376492708921,0.2009326890111,1
0.11054784059525,-0.19261223822832,0.001956969499588,1
0.098513782024384,-0.28294507414103,0.0049250945448875,1
-0.16838151216507,0.13997433334589,0.12471940368414,1
0.10681289434433,0.19917162507772,-0.048708200454712,1
0.026713609695435,0.22245319932699,-0.093135602772236,1
-0.18888920545578,-0.089649428613484,-0.060516938567162,1
0.13172590732574,-0.15335123613477,-0.077141739428043,1
-0.13432598114014,0.14771070331335,0.0099336877465248,1
-0.027711689472198,0.059707276523113,-0.034582994878292,1
-0.093240797519684,-0.14095052331686,0.086598731577396,1
-0.15860512852669,-0.05045747384429,-0.094541572034359,1
-0.22725707292557,0.028479538857937,0.0014540925621986,1
-0.13356864452362,-0.13619117438793,0.18822022527456,1
-0.088084876537323,0.14846450835466,0.086206249892712,1
0.082283079624176,-0.13992040976882,-0.083755731582642,1
-0.025340735912323,0.067717380821705,0.020815305411816,1
-0.15085762739182,0.1260352358222,-0.036031432449818,1
0.18434363603592,0.18629785627127,0.1163242533803,1
0.11551350355148,-0.10000235238113,-0.0050248131155968,1
-0.2042256295681,-0.011402480304241,0.092766307294369,1
0.097988903522491,-0.12476829811931,-0.025926895439625,1
0.12218242883682,0.24859350174665,0.018112331628799,1
-0.045537531375885,-0.18858839571476,0.070814855396748,1
0.089998066425323,-0.1039991658181,0.024378575384617,1
-0.16396859288216,-0.064807843416929,-0.039347007870674,1
-0.075349986553192,-0.0108682513237,-0.0051796361804008,1
-0.10461089015007,-0.25630929321051,-0.022619023919106,1
-0.15186110138893,0.20212801545858,-0.051138855516911,0
-0.094131678342819,-0.16033532470465,-0.099422685801983,1
-0.16379231214523,-0.088110508397222,0.19721264392138,1
0.07454240322113,0.079763256013393,-0.029856011271477,1
0.065491914749146,0.087299488484859,0.02021512389183,1
0.020079672336578,-0.096048233099282,-0.02928688377142,1
-0.17340803146362,0.049986355006695,-0.04786529392004,1
-0.20565429329872,0.11469363421202,0.039268083870411,1
-0.018775522708893,0.19826763123274,0.05552127212286,1
-0.067599475383759,0.032136924564838,-0.02024694532156,1
6.1392784118652e-06,-0.14218277856708,0.029860787093639,1
-0.058722525835037,-0.25972632318735,0.010242588818073,1
0.037832975387573,0.091306574642658,0.020348146557808,1
-0.11675637960434,0.066258616745472,0.047491006553173,1
0.037926018238068,-0.1096877977252,-0.037784777581692,1
0.11642318964005,0.18401899188757,0.13233292847872,1
0.01329779624939,-0.088328392244875,-0.048130124807358,1
0.06306928396225,-0.1144745061174,0.023104429244995,1
0.016040086746216,-0.16260254383087,-0.016552105545998,1
-0.10378468036652,-0.11630354262888,-0.061789207160473,1
0.19953638315201,-0.20525988191366,0.016309030354023,1
0.15672862529755,-0.14463932067156,0.11615114659071,1
-0.13539385795593,-0.0062632039189339,-0.015412233769894,1
0.10259193181992,0.20269399136305,0.17052356153727,1
-0.11775678396225,-0.075405212119222,-0.031449861824512,1
0.039060056209564,-0.090896653011441,0.015036277472973,1
-0.19412338733673,-0.029608070850372,0.16212283819914,1
0.0079866647720337,-0.10465049697086,-0.029387339949608,1
-0.0056927800178528,-0.13593120127916,-0.011872634291649,1
0.073377072811127,-0.088190390728414,0.00026132166385651,1
-0.1272155046463,0.17511885613203,0.13828059285879,1
-0.14322072267532,-0.030054986476898,0.0041291490197182,1
-0.095884591341019,-0.2654412612319,0.010547243058681,1
0.071641743183136,0.12118252366781,-0.060228124260902,1
-0.17535564303398,-0.03703835606575,0.21570617705584,1
-0.032579660415649,0.22862031310797,0.17267712205648,1
0.022575438022614,0.24014561623335,-0.088529706001282,1
-0.12926968932152,-0.06386287137866,0.012049131095409,1
-0.077518224716187,-0.092883532866836,-0.072311215102673,1
-0.012355506420135,0.087660394608974,-0.05932505428791,1
-0.098306506872177,0.17298870533705,0.017517633736134,1
-0.18381884694099,-0.066779632121325,0.040122233331203,1
-0.044952869415283,0.13423616439104,-0.00090306997299194,1
-0.15808084607124,-0.13071917742491,-0.054233603179455,1
0.077777206897736,-0.2163957580924,0.12987949699163,1
-0.17580243945122,0.017100512981415,0.082873024046421,1
0.11603754758835,-0.10496678994969,-0.0018603578209877,1
-0.13267475366592,0.087269715964794,0.065406657755375,1
-0.06842976808548,-0.018714256584644,0.0065617337822914,1
-0.031231224536896,-0.16655519604683,0.070872433483601,1
-0.12195137143135,-0.053127102553844,-0.05753917247057,1
0.08924263715744,-0.10970705375075,-0.00093331933021545,1
-0.17678087949753,0.030576564371586,0.11342328041792,1
-0.062574088573456,0.17640667408705,-0.085483096539974,1
-0.11784240603447,0.067017294466496,-0.069389447569847,1
-0.13797968626022,0.10842464119196,0.038853622972965,1
-0.066610246896744,-0.1824594810605,-0.054944753646851,1
-0.035684287548065,-0.11075456254184,-0.068708948791027,1
0.006348729133606,-0.20510452240705,0.083587951958179,1
0.0073715448379517,0.10747689753771,0.025050334632397,1
0.037945032119751,-0.19052761048079,-0.030904702842236,1
0.080205321311951,0.23062586039305,0.027238436043262,1
-0.094600111246109,0.21159812062979,0.1254104450345,1
0.051948368549347,0.22105722874403,0.1499797180295,1
0.080673396587372,0.28998150676489,0.015966914594173,1
-0.0664963722229,0.055604957044125,-0.029110886156559,1
-0.18147844076157,-0.10359725868329,0.040678463876247,1
-0.038405895233154,-0.047639165073633,0.014202125370502,1
-0.024172484874725,-0.063593938946724,-0.019187234342098,1
0.01131933927536,0.11927639693022,-0.057150088250637,1
0.014545440673828,-0.26926440745592,0.073521845042706,1
0.10099267959595,0.13843194395304,-0.088854387402534,1
0.10339707136154,0.14877497404814,0.065808318555355,1
0.090966045856476,-0.15786368027329,0.018658220767975,1
-0.075565069913864,0.0047234892845154,-0.010633699595928,1
-0.0083726048469543,0.067574389278889,-0.018095247447491,1
-0.15077820420265,0.041543357074261,0.036699064075947,1
-0.10283443331718,0.20090072602034,-0.0741251334548,0
0.060182869434357,-0.23515305668116,0.15505624562502,1
0.059887409210205,-0.21689896285534,0.079575516283512,1
-0.11863622069359,0.22834964841604,0.016660161316395,1
-0.17437374591827,0.11938867717981,0.020461119711399,1
0.07369065284729,-0.2296572253108,0.0058510154485703,1
-0.053871989250183,-0.0011119991540909,-0.045828081667423,1
-0.12975215911865,-0.0068304836750031,0.022348321974277,1
-0.08892610669136,-0.13336392119527,-0.0018363893032074,1
-0.23107826709747,0.092253617942333,-0.050556220114231,1
0.051753520965576,0.23267706483603,0.10036236792803,1
-0.075376689434052,-0.12202095426619,0.0429552718997,1
-0.1262874007225,-0.12254516966641,0.066774018108845,1
-0.10586583614349,0.20868756622076,-0.053171582520008,0
0.035627961158752,0.059878475964069,0.0020233169198036,1
-0.12832823395729,0.0026550590991974,-0.043279692530632,1
-0.047411739826202,0.087023757398129,0.022039704024792,1
-0.19322144985199,-0.15079858526587,-0.016881115734577,1
-0.068276196718216,0.20307215303183,0.02096463739872,1
-0.0075063109397888,-0.080175196751952,-0.021689131855965,1
-0.018067836761475,-0.14074181392789,0.043838083744049,1
0.2107971906662,-0.18604715913534,-0.043670423328876,1
-0.025295674800873,-0.17742032557726,-0.07414449006319,1
0.1636489033699,0.21398641914129,0.037435211241245,1
-0.023238360881805,-0.030429124832153,-8.5316598415375e-05,1
-0.23033758997917,0.066885136067867,-0.049376979470253,1
-0.053098231554031,0.23273339122534,0.16126961261034,1
-0.070058315992355,-0.25984437018633,-0.025297410786152,1
-0.037151217460632,-0.1898889541626,0.060946084558964,1
-0.15723890066147,0.064295925199986,0.0085955783724785,1
-0.028898596763611,0.098032109439373,0.009485736489296,1
0.052727937698364,0.050250969827175,-0.0052213817834854,1
0.15513318777084,-0.20962391793728,0.064224891364574,1
-0.12782081961632,0.037839688360691,-0.023324303328991,1
0.059032142162323,0.25315584987402,0.12799312919378,1
-0.14973223209381,-0.0021717101335526,-0.092345543205738,1
0.017293155193329,-0.12266070023179,-0.05238626152277,1
-0.10865738987923,-0.0078532844781876,0.014738120138645,1
-0.15726870298386,-0.065646890550852,0.023742936551571,1
-0.10657104849815,-0.20680623501539,0.10706818848848,1
-0.11868068575859,0.17504941672087,0.042029149830341,1
0.049437463283539,0.090495310723782,-0.06126144528389,1
0.11425495147705,-0.1932854577899,-0.010035671293736,1
0.059439957141876,0.072789736092091,-0.02756505459547,1
-0.053211331367493,0.033410482108593,-0.015789933502674,1
-0.043985426425934,-0.064852491021156,0.010453037917614,1
-0.1012410223484,-0.017379477620125,-0.013433270156384,1
0.044504284858704,0.079667113721371,-0.025799214839935,1
-0.013093888759613,0.083735801279545,0.021349564194679,1
0.079816877841949,-0.23643729835749,0.090538211166859,1
0.034440338611603,-0.1994428858161,0.12592425197363,1
-0.044484674930573,0.1429673358798,-0.026397913694382,1
-0.016207635402679,0.18458979576826,0.023067764937878,1
0.077611863613129,0.19269021600485,0.11530200392008,1
0.089681029319763,0.11622457951307,0.029000841081142,1
0.10830843448639,-0.22301829606295,0.10727301985025,1
0.010675311088562,0.13966017216444,-0.072066709399223,1
0.096297025680542,0.1183445379138,0.032026909291744,1
0.1589812040329,-0.21787510812283,0.14338443428278,1
-0.0059062838554382,0.069858960807323,-0.0035579055547714,1
0.0105220079422,0.20523201674223,-0.060479857027531,1
-0.056415915489197,-0.0035819560289383,-0.037273965775967,1
0.082056701183319,-0.14187558740377,0.0011440366506577,1
0.11760407686234,-0.24871920794249,-0.047584556043148,1
-0.18165081739426,-0.14428084716201,0.16397566348314,1
0.119080722332,-0.23402313143015,0.07564527541399,1
-0.091886907815933,-0.033341445028782,-0.07389821857214,1
0.12556105852127,0.11120299249887,-0.0092452988028526,1
0.0058555603027344,0.11472567170858,-0.015599735081196,1
0.17989730834961,0.16985120624304,0.14544873684645,1
0.042706072330475,-0.068914148956537,-0.012079007923603,1
0.039557635784149,-0.10604758327827,0.0086977928876877,1
-0.012862145900726,-0.087439571507275,-0.00020631402730942,1
-0.14835241436958,-0.16521304100752,0.18320094794035,1
0.11672526597977,-0.23228741437197,-0.03464774787426,1
-0.108045399189,0.17502214759588,0.16934784501791,1
-0.039817810058594,0.15426649898291,-0.071085527539253,1
-0.17140039801598,0.03493507951498,-0.076048888266087,1
-0.16211158037186,0.010641738772392,0.043431900441647,1
-0.092301458120346,-0.03035181760788,-0.028483241796494,1
0.050675094127655,-0.24320022016764,0.10580126196146,1
-0.10037106275558,-0.020442329347134,-0.026268191635609,1
0.11578905582428,-0.21434473991394,0.071936525404453,1
0.031400918960571,0.19515936821699,0.067608393728733,1
-0.18548631668091,0.068611465394497,0.092029578983784,1
-0.028847754001617,0.20784472674131,0.013021431863308,1
-0.15801692008972,0.11745054274797,0.011905916035175,1
0.018328785896301,0.16844584792852,0.020730294287205,1
-0.057396441698074,-0.24376261979342,0.10428772121668,1
0.13139706850052,0.24662052839994,-0.037596791982651,1
0.13283509016037,-0.11076631769538,-0.021658025681973,1
-0.099475026130676,0.018744558095932,-0.040031723678112,1
0.029591083526611,0.089398764073849,-0.030034393072128,1
-0.01226407289505,-0.085477120243013,-0.0038384720683098,1
0.13358992338181,0.1661199554801,-0.0038984194397926,1
0.05513608455658,-0.049600072205067,-0.0068504139780998,1
-0.066257029771805,0.20173593610525,0.15041952580214,1
-0.14511913061142,-0.2108962610364,0.031983830034733,1
0.086316049098969,-0.10833163745701,-0.083498425781727,1
-0.038665115833282,-0.12481407821178,-0.021508291363716,1
0.015598177909851,0.10867246240377,-0.030315190553665,1
-0.21899801492691,0.094188444316387,0.11345208436251,1
0.085705816745758,0.213856510818,0.038692392408848,1
0.067683517932892,-0.12267942167819,0.029002845287323,1
-0.093391954898834,0.25914254039526,-0.0073594823479652,1
-0.1086759865284,0.18218626827002,-0.070866979658604,0
0.092596471309662,0.06869325786829,-0.021075420081615,1
-0.052166670560837,0.099452279508114,-0.026940815150738,1
0.038970291614532,-0.11847083829343,-0.077578656375408,1
-0.016581118106842,-0.18440575152636,-0.032899215817451,1
-0.12013697624207,-0.051483701914549,0.025424472987652,1
-0.055442422628403,0.25448655337095,0.0927569642663,1
-0.051975607872009,0.048086158931255,-0.036940388381481,1
0.18862450122833,0.17229076474905,0.047170512378216,1
0.0098389983177185,-0.21852637082338,0.048863276839256,1
-0.10248470306396,-0.17490692436695,0.16632629185915,1
-0.07327663898468,0.063126899302006,-0.027343891561031,1
-0.030375599861145,0.09290836006403,-0.015836410224438,1
-0.12687119841576,0.0015991851687431,-0.073436252772808,1
-0.09455606341362,0.14726262539625,-0.05853196233511,0
0.086089909076691,-0.15327970311046,0.058360494673252,1
0.00083965063095093,-0.21992743760347,0.021346405148506,1
-0.098442375659943,-0.05162376537919,0.0034397020936012,1
0.083838641643524,-0.13981367275119,-0.080389775335789,1
-0.1138708293438,0.21057444065809,0.1035318300128,1
-0.1711128950119,-0.19619072973728,0.00241369754076,1
-0.20877543091774,-0.071844218298793,0.062952406704426,1
-0.012044548988342,0.17054691165686,0.072032548487186,1
-0.14001774787903,0.058622978627682,0.059065885841846,1
-0.092279523611069,-0.13158005475998,0.032541148364544,1
-0.081990271806717,-0.078247549012303,-0.0070755258202553,1
-0.038190484046936,0.045386172831059,-0.0076759979128838,1
-0.14900684356689,-0.20977505296469,0.11414606124163,1
0.084706664085388,0.077158860862255,0.0065100565552711,1
0.0017943978309631,-0.12677100487053,0.015334360301495,1
-0.016117215156555,0.12203963845968,-0.072118334472179,1
-0.22639882564545,0.049720443785191,0.11274818331003,1
0.21100467443466,-0.19649966061115,-0.044485948979855,1
0.067985117435455,-0.11940565146506,-0.084958776831627,1
0.093861937522888,-0.079152133315802,0.014269359409809,1
-0.12363874912262,0.064472176134586,-0.011646442115307,1
-0.23054239153862,-0.081012146547437,-0.046409748494625,1
-0.1347881257534,-0.20729424804449,0.019219905138016,1
-0.023796498775482,-0.069256657734513,0.0064451992511749,1
-0.1181708574295,0.11224103718996,0.088923089206219,1
0.048492848873138,-0.25462321192026,0.067953757941723,1
0.035872399806976,-0.26978454738855,-0.02834527939558,1
-0.16971957683563,0.215839587152,0.046019680798054,1
-0.023951470851898,0.19777324050665,0.20069570094347,1
0.10211580991745,0.228166423738,0.044319160282612,1
-0.17601156234741,0.097160972654819,0.014784626662731,1
-0.18086394667625,-0.18164760619402,0.08418432623148,1
-0.063605815172195,-0.14671421796083,0.019509345293045,1
-0.13789826631546,-0.092671602964401,-0.00081748515367508,1
-0.098709732294083,0.17208345979452,0.029634766280651,1
0.013790607452393,0.063099674880505,-0.010060094296932,1
0.056211531162262,0.061649329960346,-0.025654166936874,1
0.02579003572464,-0.072806699201465,-0.0033622533082962,1
0.095595121383667,0.19192828983068,-0.027579359710217,1
0.032049357891083,-0.24705334752798,0.063897646963596,1
-0.1902821958065,0.0065717026591301,0.18646661192179,1
-0.07623228430748,0.051880992949009,-0.075015671551228,1
0.021498501300812,-0.15364978089929,0.02869563549757,1
0.074629485607147,-0.13949037343264,-0.050313338637352,1
0.00066536664962769,-0.068607226014137,-0.011825434863567,1
-0.0083715915679932,0.048096038401127,0.0038646832108498,1
-0.17485052347183,-0.15461416915059,-0.034188158810139,1
-0.17144033312798,0.19005521386862,0.12725929170847,1
-0.006898820400238,-0.05922394618392,-0.012304969131947,1
-0.012090921401978,-0.27647564560175,-0.025206819176674,1
-0.12587332725525,-0.082357855513692,-0.036809585988522,1
-0.13235932588577,-0.13793344050646,0.09058640152216,1
-0.030070245265961,0.065376006066799,0.01715075224638,1
-0.1859929561615,0.12733312696218,-0.080451615154743,1
0.19640737771988,0.18107410520315,0.0056615546345711,1
0.0825474858284,0.20046376436949,0.14519432932138,1
0.12903946638107,-0.18981844931841,0.045642264187336,1
-0.065242946147919,-0.051581975072622,-0.04877108335495,1
0.15345656871796,-0.25794539600611,0.0026586502790451,1
-0.17963659763336,-0.2041627317667,0.0021490082144737,1
-0.05664911866188,0.023084066808224,0.011827193200588,1
-0.11766728758812,-0.044219478964806,-0.073827557265759,1
-0.18535342812538,-0.0010407492518425,-0.031692318618298,1
-0.11531895399094,-0.0042413771152496,0.017389886081219,1
-0.14559510350227,-0.12384734861553,0.15979165583849,1
0.093609750270844,0.11658307164907,0.032504439353943,1
0.1464256644249,-0.22617199271917,0.11406920105219,1
-0.0071765780448914,0.098535664379597,0.0042707100510597,1
0.109335064888,0.12181381136179,0.018536098301411,1
0.0227991938591,0.11433131247759,-0.030183926224709,1
-0.032906115055084,-0.13254172727466,-0.021276816725731,1
-0.23152229189873,-0.14072157070041,0.0017906501889229,1
0.1949902176857,-0.19203507900238,0.0088199004530907,1
-0.11644142866135,0.12082340568304,-0.077807925641537,1
0.072050154209137,0.096820645034313,0.0097130984067917,1
-0.2214991748333,0.0075417011976242,-0.064971618354321,1
0.15768319368362,0.18534081429243,-0.033004991710186,1
-0.054574429988861,0.17755558341742,-0.019000589847565,1
-0.15194410085678,0.14925930649042,-0.043066404759884,1
0.026648223400116,-0.13501973822713,-0.029143095016479,1
-0.11092558503151,0.090901501476765,0.035855256021023,1
-0.012670040130615,-0.2387166544795,0.14480368047953,1
0.054356276988983,0.18762125819921,0.091690711677074,1
0.0032327771186829,0.063267387449741,-0.0031242445111275,1
-0.017728447914124,0.065790377557278,0.0072243139147758,1
-0.0045886039733887,-0.22572163492441,0.10766220837831,1
0.077102959156036,-0.17476163059473,-0.073688097298145,1
0.069731175899506,0.051116608083248,-0.0065332055091858,1
-0.021924316883087,0.077607549726963,-0.001177616417408,1
-0.17242285609245,0.03268588334322,-0.053873226046562,1
0.0011551976203918,0.19610109180212,-0.052982285618782,1
-0.10660228133202,0.085350207984447,-0.049186132848263,1
-0.070491462945938,0.13877188414335,0.046356968581676,1
-0.10948297381401,0.15592887252569,-0.010466791689396,0
0.099765360355377,0.18722506612539,0.041189149022102,1
-0.098860651254654,0.079024501144886,-0.06029961258173,1
0.11353230476379,0.19944869726896,0.11689703911543,1
0.1239225268364,-0.19725206494331,0.17483680695295,1
-0.049557626247406,-0.00022823363542557,0.0092494860291481,1
0.1349173784256,0.2129176184535,0.020314320921898,1
-0.062324404716492,0.20749621838331,0.13771162182093,1
-0.23177975416183,-0.086271526291966,0.062242113053799,1
0.05803394317627,-0.21947105973959,-0.020792208611965,1
-0.19331234693527,0.049614794552326,0.17071721702814,1
-0.2602379322052,0.044175885617733,0.084326468408108,1
-0.071513801813126,-0.12938180193305,-0.059045761823654,1
0.040734529495239,0.12870838493109,-0.0039459466934204,1
-0.10733634233475,0.060793571174145,-0.033556401729584,1
-0.042057693004608,0.044271968305111,0.0024315044283867,1
-0.06246280670166,0.16554322093725,-0.023151524364948,1
-0.11267530918121,0.054232440888882,-0.041847541928291,1
-0.020005643367767,0.054979421198368,-0.034354485571384,1
-0.11835005879402,-0.049924995750189,0.035407580435276,1
-0.061749249696732,0.076063267886639,-0.057565473020077,1
0.11569505929947,-0.2229441255331,0.046410530805588,1
0.063550293445587,0.088065139949322,-0.058615304529667,1
-0.050791263580322,0.10955279320478,0.0032484158873558,1
0.18340450525284,-0.19567912817001,-0.021145917475224,1
0.1799932718277,-0.17951756715775,-3.7841498851776e-05,1
0.001145601272583,0.067772530019283,-0.03125861287117,1
-0.092820465564728,-0.18158377707005,-0.015651538968086,1
0.064157545566559,0.0962088778615,-0.02683262526989,1
-0.059689730405807,0.18395229429007,-0.070893123745918,1
-0.065800875425339,0.098672799766064,0.029193438589573,1
-0.13850983977318,-0.13240414485335,0.17640586942434,1
-0.02999621629715,0.20381873100996,-0.033849142491817,1
0.092344522476196,-0.12202097661793,-0.088795773684978,1
-0.23846405744553,0.041226305067539,-0.034920275211334,1
0.11093491315842,-0.17251534759998,-0.041298061609268,1
-0.084716737270355,0.257822714746,0.082226119935513,1
0.015767872333527,-0.20161222666502,-0.0563098564744,1
-0.054528564214706,-0.12753044255078,-0.059216916561127,1
-0.0016218423843384,-0.24090749770403,0.070221222937107,1
-0.074699699878693,0.17361231893301,-0.0313700735569,1
-0.056513518095016,0.13393876701593,-0.095470368862152,1
0.12615263462067,-0.17195495963097,-0.09269767254591,1
0.18821614980698,-0.1998730301857,0.069079466164112,1
-0.22147598862648,0.016404591500759,0.066301606595516,1
-0.082686424255371,-0.041469220072031,0.016638062894344,1
0.054605901241302,-0.12730229273438,0.0017890557646751,1
-0.16837933659554,0.0047474950551987,0.22352404147387,1
-0.016944825649261,-0.18849296122789,-0.057798638939857,1
-0.027970969676971,0.21093191951513,0.056078039109707,1
0.062606871128082,-0.12464650720358,-0.074252746999264,1
-0.0011346340179443,0.15940075367689,-0.087275937199593,1
-0.069168657064438,-0.20180842280388,0.063441529870033,1
-0.041114747524261,0.17901485413313,-0.0045453906059265,1
0.093905627727509,0.26027979701757,-0.043886572122574,1
0.18349868059158,0.18846886605024,0.1563494130969,1
0.019523501396179,-0.19114424288273,-0.045043602585793,1
0.15359711647034,-0.23655239492655,0.12928039580584,1
-0.11110216379166,0.11401701718569,0.042536489665508,1
0.21590983867645,-0.20262945443392,0.046553321182728,1
0.082486748695374,0.21174233406782,0.14738271385431,1
-0.18502798676491,-0.16513492166996,-0.055385626852512,1
-0.23043981194496,-0.12183613702655,-0.01607096940279,1
-0.10250625014305,0.25075771659613,-0.036845117807388,0
0.10883623361588,-0.10105679708067,0.018817983567715,1
0.10160607099533,-0.18022671341896,-0.064655631780624,1
0.002185046672821,0.146703787148,-0.01840203255415,1
-0.12465739250183,-0.22339779138565,0.026156947016716,1
-0.023181736469269,-0.03384293615818,0.00051694363355637,1
0.11654561758041,-0.12589447759092,0.016446299850941,1
-0.026878297328949,-0.085264220833778,0.024706803262234,1
-0.057600110769272,0.024686820805073,-0.0213518217206,1
-0.20979225635529,0.10822660475969,0.056540749967098,1
-0.055069118738174,0.038527898490429,-0.049886405467987,1
-0.10055777430534,0.23731865733862,-0.066254988312721,0
-0.024839222431183,-0.24946930259466,0.1632674112916,1
0.06920862197876,0.28939922899008,0.010488092899323,1
0.06543755531311,0.1553997322917,-0.0055868402123451,1
-0.06178206205368,0.021489322185516,-0.048807553946972,1
0.0086926817893982,-0.21500582993031,0.096324019134045,1
-0.0045954585075378,0.12991430610418,-0.085571803152561,1
-0.091210097074509,-0.19287870079279,-0.0039170458912849,1
-0.00019276142120361,0.05735868960619,-0.01498918235302,1
-0.026436448097229,-0.2338899448514,-0.077438361942768,1
-0.15599140524864,-0.10347333131358,0.026083759963512,1
-0.087455362081528,-0.025006175041199,0.0084525719285011,1
-0.19040736556053,-0.19064985960722,0.07787299901247,1
-0.10476464033127,-0.23001452535391,-0.00044488161802292,1
0.053323745727539,0.10418000072241,-0.015221059322357,1
0.10455465316772,0.23518874496222,-0.016156531870365,1
-0.12199729681015,-0.011283613741398,-0.047611810266972,1
-0.042618989944458,0.16690035909414,0.077313371002674,1
-0.21672794222832,-0.07703055255115,0.1130016669631,1
-0.14633396267891,0.061506398022175,0.062626518309116,1
-0.19844949245453,0.030285559594631,0.18692093342543,1
-0.1608068048954,-0.039289809763432,0.035370953381062,1
0.11497211456299,0.095988534390926,0.0015301331877708,1
6.1571598052979e-05,-0.27835064381361,0.017206303775311,1
-0.0061683058738708,0.088607735931873,0.009467825293541,1
-0.061455130577087,-0.042606085538864,0.0023101642727852,1
-0.013898432254791,-0.18128492683172,0.0076882541179657,1
-0.041066825389862,-0.11249016504735,0.0070206746459007,1
0.010959923267365,0.11965849250555,0.019172616302967,1
-0.10834258794785,-0.09950951411156,-0.0929851308465,1
-0.0054027438163757,-0.084879776462913,-0.027176335453987,1
0.10423296689987,-0.16254886984825,0.073144979774952,1
0.0054303407669067,0.12403693050146,0.0038504227995872,1
0.050496459007263,-0.082970578223467,-0.0051625445485115,1
0.056098997592926,-0.097117357188836,-0.047062031924725,1
0.043430864810944,-0.22044512629509,0.11600858718157,1
0.038121700286865,0.27158432453871,0.074874795973301,1
-0.12082332372665,0.027424000203609,-0.078832983970642,1
0.0093296766281128,0.16026227921247,-0.078482575714588,1
0.040324509143829,-0.10609070165083,0.023101553320885,1
-0.13360631465912,-0.06758414581418,-0.010443769395351,1
-0.18735706806183,-0.044520448893309,0.14082615822554,1
0.14686572551727,0.1985669657588,0.039488360285759,1
0.032433211803436,-0.29365990310907,0.064929015934467,1
0.024414956569672,0.26790525764227,0.026355281472206,1
-0.079210460186005,0.016251936554909,-0.0058471038937569,1
-0.088148146867752,-0.18642803281546,-0.032618783414364,1
0.14983868598938,0.17110963910818,-0.079266496002674,1
-0.032379865646362,0.08591216057539,0.00057128816843033,1
-0.20086973905563,0.1455652192235,0.13058238476515,1
-0.050608277320862,0.065822161734104,-0.030921168625355,1
-0.078169822692871,-0.23561651259661,0.066987410187721,1
-0.0065584778785706,-0.12348480522633,-0.016127824783325,1
-0.0060005784034729,-0.081081923097372,-0.014690093696117,1
0.11188608407974,-0.24692822247744,0.13731283694506,1
-0.094910234212875,-0.042644113302231,-0.016493000090122,1
0.058650195598602,0.12691073864698,-0.06313868612051,1
0.10589778423309,-0.098700966802426,-0.018968112766743,1
0.060659646987915,0.061578147113323,0.00046762079000473,1
0.079949557781219,-0.12835196964443,-0.035570740699768,1
-0.13711658120155,0.14428817480803,-0.062241517007351,0
-0.17178386449814,0.0015421360731125,-0.026618950068951,1
0.017242252826691,-0.23657961934805,0.063519604504108,1
-0.14629593491554,0.0039444640278816,0.011263303458691,1
-0.068024873733521,0.13923212140799,-0.0084216222167015,1
-0.15305489301682,-0.1363779194653,0.019888825714588,1
-0.24284633994102,0.0094023421406746,0.018469236791134,1
-0.10054209828377,-0.032447569072247,-0.062243781983852,1
0.088841378688812,0.28295501321554,0.030537098646164,1
0.062135100364685,0.165083758533,-0.030729107558727,1
0.034208118915558,-0.20342306792736,0.034295007586479,1
0.070353090763092,-0.097457882016897,-0.019924871623516,1
0.069263219833374,-0.24117199331522,0.033427938818932,1
0.044902980327606,-0.25299624353647,0.0049665421247482,1
-0.10223829746246,-0.16361144185066,0.024915665388107,1
0.16899091005325,0.21405711025,0.038404121994972,1
0.028371393680573,0.068817518651485,-0.016730315983295,1
-0.21359226107597,-0.061299063265324,0.068237327039242,1
0.024260222911835,0.2679745182395,0.11281505972147,1
-0.056966662406921,-0.074718873947859,-0.018706731498241,1
-0.11022996902466,0.11855671554804,0.074046112596989,1
-0.14051192998886,0.1639501079917,-0.091985695064068,1
-0.15547788143158,0.11811106652021,0.052615828812122,1
-0.019004166126251,-0.18274832516909,-0.083239793777466,1
0.16949278116226,-0.16932190954685,-0.038047380745411,1
-0.041377365589142,0.10961767286062,-0.053198151290417,1
-0.12280532717705,-0.23406405001879,-0.031327210366726,1
-0.063694626092911,0.15616332739592,0.0067567452788353,1
0.087672770023346,-0.094060481525958,-0.06916456669569,1
0.13908958435059,-0.15914507582784,-0.0231679007411,1
-0.17655119299889,-0.20266009867191,0.052956096827984,1
0.08969783782959,-0.26610437780619,0.1292675063014,1
0.14812171459198,0.17496629804373,-0.0068278461694717,1
-0.028934061527252,0.084272630512714,0.020437173545361,1
0.088182032108307,-0.10039059817791,0.012173794209957,1
0.10150343179703,-0.085784966126084,-0.047233767807484,1
-0.022255837917328,-0.070992758497596,0.00953458994627,1
-0.048947095870972,0.044335268437862,0.0057265087962151,1
-0.026606976985931,-0.048925962299109,-0.0012179985642433,1
0.16278046369553,0.22928016632795,0.037411652505398,1
-0.16548559069633,-0.12851467728615,-0.038840778172016,1
0.073320508003235,0.1061180010438,-0.070216730237007,1
0.010005831718445,-0.24090711027384,0.09255001693964,1
-0.030084908008575,0.10260593146086,-0.023690618574619,1
-0.1965217590332,-0.016728363931179,-0.089262578636408,1
-0.075480550527573,-0.10209766286425,-0.017670102417469,1
0.13484930992126,0.23414256423712,0.12444026023149,1
0.1469641327858,0.16575362533331,0.16611046344042,1
-0.10520642995834,-0.18879395723343,0.09345019608736,1
-0.004001259803772,0.22898121923208,-0.024839200079441,1
-0.064417004585266,0.084351874887943,-0.071024872362614,1
-0.17183780670166,-0.15301568433642,0.084309689700603,1
-0.064875423908234,0.13233906775713,0.037492491304874,1
-0.12131610512733,0.00083967298269272,-0.062479488551617,1
0.030035555362701,-0.13885424658656,-0.021835289895535,1
-0.20982131361961,-0.027557335793972,0.091938741505146,1
0.04882538318634,-0.092617595568299,0.018978230655193,1
-0.078930407762527,0.16166879981756,-0.098148830235004,0
-0.018714606761932,0.22834529727697,0.0078743919730186,1
0.04682195186615,0.11191245168447,0.013839244842529,1
-0.0067605972290039,-0.14132154360414,0.00080277025699615,1
-0.02948123216629,-0.067160986363888,0.010128580033779,1
-0.00054115056991577,-0.18145355582237,0.053956814110279,1
-0.029948353767395,0.027665220201015,-0.0053009912371635,1
0.026857435703278,-0.11593590117991,-0.0017180442810059,1
-0.14945867657661,-0.12431940063834,0.025952719151974,1
-0.092001169919968,0.11097111552954,-0.082622595131397,1
-0.092306703329086,-0.096597634023055,0.026224695146084,1
-0.18778026103973,-0.12431439198554,0.15544622391462,1
-0.10207828879356,0.12141484767199,-0.099324487149715,1
-0.17954742908478,0.16238375753164,0.088933996856213,1
-0.057055592536926,0.066612489521503,-0.016542248427868,1
0.044990718364716,0.078076027333736,0.01627204567194,1
-0.19954031705856,0.016983933746815,0.025769107043743,1
-0.0053665041923523,0.23964446038008,-0.066106371581554,1
0.0077189207077026,-0.27332083135843,0.054290346801281,1
0.073148787021637,-0.2658646479249,0.010380931198597,1
0.10194140672684,0.19790332764387,0.16840495914221,1
-0.18205317854881,-0.18311800807714,-0.034732915461063,1
0.035968601703644,-0.13973093777895,0.023102037608624,1
-0.12015351653099,-0.011544249951839,-0.062394000589848,1
-0.14616918563843,0.10726239532232,0.1318830922246,1
0.13284915685654,-0.16627221554518,0.076440133154392,1
0.057415544986725,-0.10764626134187,-0.012969709932804,1
-0.16911479830742,-0.026165120303631,0.095885314047337,1
-0.03630393743515,-0.26913697272539,0.071156896650791,1
-0.17624747753143,0.063680596649647,0.076078094542027,1
0.0027996897697449,0.21065174788237,0.10066143423319,1
0.093359529972076,0.21560194343328,0.057036243379116,1
0.049666345119476,-0.072125757113099,-0.041757181286812,1
-0.037761270999908,-0.17636042833328,0.01245953887701,1
-0.044274151325226,0.19712292402983,0.13480962067842,1
0.1289005279541,-0.14561712369323,-0.004435308277607,1
-0.025638282299042,-0.018209062516689,0.0022217407822609,1
-0.076734691858292,-0.076652009040117,-0.024087585508823,1
-0.05276545882225,0.22281243652105,-0.082000777125359,1
-0.15185177326202,-0.14998834580183,-0.084157533943653,1
-0.089487612247467,0.1286181434989,-0.067841120064259,1
0.0054522752761841,0.096299670636654,0.004502072930336,1
-0.055224359035492,0.035052843391895,-0.029983304440975,1
0.043793737888336,-0.21604467183352,-0.041466094553471,1
-0.14353123307228,-0.013181447982788,-0.0041009858250618,1
0.18711912631989,-0.21321256458759,-0.0052145794034004,1
-0.26368880271912,0.00032634288072586,0.056322984397411,1
-0.049191534519196,-0.26702920347452,-0.00060376524925232,1
0.010765790939331,0.2170714661479,0.16327927261591,1
0.044498264789581,-0.20633696764708,-0.047621116042137,1
-0.11794394254684,-0.079605778679252,0.0080557242035866,1
-0.19288495182991,-0.10052998800529,0.070529408752918,1
-0.10497382283211,-0.028237283229828,-0.0014078244566917,1
-0.054300636053085,0.027087308466434,0.019059680402279,1
-0.035103380680084,-0.28606460243464,0.038581758737564,1
-0.22237944602966,-0.019378706812859,0.1119382455945,1
-0.10264885425568,0.12083870917559,0.066551946103573,1
-0.046133458614349,0.1949445232749,-0.035006187856197,1
0.038523018360138,-0.072713732719421,-0.026226863265038,1
-0.025282859802246,-0.26053745299578,-0.032991677522659,1
0.099722504615784,0.13760862499475,-0.088935077190399,1
-0.038327157497406,-0.049680586904287,0.0084752514958382,1
0.038588583469391,-0.13050259649754,-0.0037600696086884,1
0.001021683216095,-0.10477787163109,0.016727708280087,1
0.067476987838745,-0.16070581227541,0.028756782412529,1
-0.093311220407486,-0.092250325717032,0.049837432801723,1
0.077853262424469,-0.13099573552608,-0.066721051931381,1
-0.083268284797668,-0.056819438934326,-0.0058591887354851,1
0.086475968360901,0.25632502883673,0.05087561160326,1
0.064371705055237,-0.085977948270738,-0.031483560800552,1
0.0073691606521606,0.10028295964003,0.015428453683853,1
0.13728851079941,0.23320993036032,-0.032351203262806,1
-0.13493245840073,0.12012851983309,-0.078257150948048,1
-0.19650059938431,-0.068959705531597,0.059181548655033,1
-0.18910506367683,-0.084599940106273,0.18951234966516,1
0.1021962761879,-0.13859115540981,-0.036769039928913,1
3.9637088775635e-05,-0.14187774807215,0.016880698502064,1
-0.07147815823555,-0.055524978786707,0.0069295391440392,1
-0.15068566799164,0.22650440782309,0.027458526194096,1
0.068016469478607,-0.10739749018103,0.00085513293743134,1
-0.010146021842957,0.22322680801153,-0.050871856510639,1
-0.011716425418854,0.037755809724331,0.0058562383055687,1
-0.018114864826202,0.053970165550709,0.0055202022194862,1
0.073853552341461,0.2134500965476,0.035190962255001,1
0.015499174594879,-0.24943030625582,-0.070550993084908,1
-0.023386538028717,0.086061485111713,-0.059153825044632,1
0.12833368778229,-0.20193362236023,0.15524146705866,1
0.15823203325272,0.24916430562735,0.10433570295572,1
0.06455409526825,0.070557318627834,0.012836575508118,1
0.11511480808258,-0.11221410986036,-0.0058964267373085,1
0.057042002677917,0.13830035179853,-0.088251408189535,1
-0.025385916233063,0.11109039932489,-0.034489490091801,1
0.074638485908508,-0.10373326297849,-0.055319234728813,1
-0.025454998016357,0.068567670881748,0.001198373734951,1
0.00098192691802979,0.1730500087142,0.052558057010174,1
0.11529546976089,0.19726844877005,-0.016578376293182,1
0.081781029701233,0.14557551592588,0.016855917870998,1
0.056285321712494,-0.069107718765736,0.0089254379272461,1
-0.054670929908752,0.091966710984707,-0.012477196753025,1
-0.039113640785217,0.28075136989355,-0.022965498268604,1
-0.17457804083824,-0.029624432325363,0.046368397772312,1
-0.093530684709549,0.24658583849669,0.034445308148861,1
-0.087033659219742,-0.10204043518752,0.03083298355341,1
0.12349843978882,-0.18384894728661,-0.07793552428484,1
0.074838280677795,0.10144045203924,0.013157099485397,1
0.075862944126129,0.084739379584789,-0.042030185461044,1
0.074037730693817,-0.070537937805057,0.020061619579792,1
0.12096518278122,0.19132222980261,0.18947160989046,1
0.18946260213852,-0.17069985717535,0.15256056934595,1
0.091717839241028,0.096565969288349,-0.0046137571334839,1
-0.18138861656189,0.036960147321224,-0.095781020820141,1
-0.18205767869949,-0.098568954039365,0.17056680470705,1
-0.039351582527161,0.21805652230978,0.13111352175474,1
-0.11025142669678,-0.18062102049589,0.14611231535673,1
-0.14052620530128,0.066745705902576,-0.10027454048395,1
-0.13833832740784,-0.064097318798304,0.048812322318554,1
0.083202123641968,-0.068197730928659,-0.010610796511173,1
-0.098939001560211,-0.01386983692646,0.028169594705105,1
-0.0024723410606384,-0.14942958205938,-0.02044877409935,1
0.12104833126068,0.12056618183851,-0.061212286353111,1
-0.07225576043129,0.048366539180279,-0.028370372951031,1
0.13245111703873,0.22953125089407,0.1424812451005,1
0.091714322566986,0.17705725878477,0.027475230395794,1
-0.097941219806671,0.056717701256275,0.016616351902485,1
-0.039837300777435,-0.11968165263534,-0.059317365288734,1
-0.22226199507713,0.082494102418423,-0.050132788717747,1
0.082075417041779,-0.17285442352295,-0.079489953815937,1
0.050935626029968,-0.054757498204708,-0.010219119489193,1
0.076563835144043,0.092975698411465,0.014844357967377,1
0.089058220386505,-0.23046069592237,0.17232035845518,1
0.11437314748764,0.2363545820117,0.1293458417058,1
0.20616263151169,-0.18809043616056,-0.082617901265621,1
-0.012649059295654,0.093377254903316,-0.0021221786737442,1
0.14465081691742,0.14127229899168,0.08483674377203,1
0.065578758716583,0.058243416249752,0.0064459815621376,1
-0.016227900981903,-0.069597439840436,-0.044238790869713,1
0.15652710199356,-0.13295028731227,-0.05472270399332,1
-0.038626253604889,-0.12003479152918,0.030548915266991,1
-0.20525786280632,-0.065322689712048,0.0098307952284813,1
-0.12186190485954,-0.081583417952061,0.040509440004826,1
0.063042879104614,0.14140429347754,-0.028566002845764,1
-0.048907935619354,-0.065734639763832,-0.066049836575985,1
-0.16581064462662,0.080118663609028,-0.040315061807632,1
0.00031930208206177,0.091846741735935,0.011446714401245,1
-0.25665473937988,-0.016782954335213,-0.040142439305782,1
0.13318073749542,0.20297180861235,-0.020045794546604,1
0.12654536962509,-0.19983929395676,-0.018798999488354,1
-0.11214601993561,-0.22045885771513,0.019618026912212,1
-0.094730257987976,-0.12855212762952,0.022843711078167,1
-0.14149311184883,-0.11154800187796,0.19545520097017,1
0.043065011501312,-0.061832617968321,0.0042309910058975,1
-0.2016853094101,0.0059454664587975,0.18402821570635,1
-0.031720638275146,0.1172883734107,0.028410546481609,1
-0.03425258398056,0.17332848161459,0.057400487363338,1
0.066605865955353,0.091411165893078,-0.023576699197292,1
-0.044358313083649,0.03049098700285,0.00087613612413406,1
0.010055959224701,0.10233811289072,-0.066442720592022,1
0.063375771045685,0.05199521034956,0.005753330886364,1
-0.038614094257355,-0.12362061813474,-0.008092850446701,1
0.16509836912155,0.15605171769857,0.058678425848484,1
-0.08678525686264,0.12599036842585,-0.062359802424908,1
0.087947189807892,0.15237050503492,0.05492389947176,1
-0.17212656140327,-0.021695397794247,-0.045087315142155,1
-0.13653045892715,-0.17330910265446,-0.073828913271427,1
0.1272479891777,0.19808789342642,0.10028400272131,1
-0.11047148704529,0.01871058344841,-0.067344725131989,1
-0.11294320225716,-0.19004956632853,0.11447531729937,1
-0.068522244691849,0.066203705966473,-0.0040018185973167,1
0.0041549801826477,-0.067453168332577,-0.029970064759254,1
-0.032583296298981,0.10173741728067,0.02924582362175,1
0.07138055562973,-0.047700870782137,0.0056385919451714,1
0.067499458789825,0.14274939149618,-0.024063304066658,1
-0.032271265983582,0.210285179317,0.12153349071741,1
-0.14606404304504,-0.050921741873026,-0.03445440530777,1
-0.0014512538909912,-0.22623594850302,-0.0031641721725464,1
-0.024692177772522,-0.13820509240031,-0.063749544322491,1
-0.12480568885803,-0.14355096966028,0.21084011346102,1
-0.042077720165253,0.17939039319754,0.094335995614529,1
0.12208342552185,0.18705751746893,0.17392603307962,1
-0.18501365184784,-0.19068262726068,0.058982603251934,1
0.058286368846893,0.091940306127071,-0.036710761487484,1
-0.039494574069977,0.048251144587994,-0.0031829848885536,1
0.14192062616348,0.16942592710257,0.1769025400281,1
-0.20690935850143,0.063287921249866,-0.073662430047989,1
-0.15068006515503,-0.11720403842628,-0.051817633211613,1
-0.066307216882706,0.12835622578859,-0.069105513393879,1
0.072977423667908,-0.053150616586208,-0.0080767944455147,1
-0.24250036478043,0.10829191654921,0.077014438807964,1
-0.088703185319901,-0.10048466583248,0.015196539461613,1
-0.081005185842514,0.14823100715876,-0.089219681918621,0
-0.18079727888107,-0.089528129436076,-0.070943288505077,1
-0.0024958252906799,0.17589022964239,0.077206797897816,1
-0.044518649578094,-0.2412224188447,-0.070694573223591,1
-0.11378023028374,-0.24428503960371,-0.028197184205055,1
-0.033135116100311,0.18698414415121,0.088655196130276,1
0.12336993217468,0.11096569150686,-0.078379891812801,1
-0.094009757041931,-0.23994576185942,0.12182492762804,1
-0.062301874160767,-0.26490635424852,0.0073648169636726,1
-0.010301411151886,0.23717202991247,0.0023830905556679,1
0.091651678085327,0.11749986559153,-0.074708074331284,1
-0.10645145177841,-0.018263041973114,-0.048961266875267,1
-0.027692556381226,0.16448982805014,0.026038371026516,1
-0.017033517360687,-0.21741672605276,0.088043726980686,1
-0.17243510484695,-0.060748886317015,0.080102987587452,1
-0.014130532741547,-0.12104688771069,0.023450613021851,1
0.18600136041641,0.17727377265692,0.15080835670233,1
0.0159592628479,-0.19418895989656,0.023963108658791,1
0.052700221538544,-0.26844824105501,0.11909062415361,1
-0.25482910871506,0.09515319019556,0.033482573926449,1
-0.016928970813751,0.10339484363794,-0.025998413562775,1
-0.12566927075386,0.15411560982466,0.079927586019039,1
0.062119245529175,0.066741548478603,-0.021149396896362,1
-0.21339440345764,0.16940178722143,0.04228363186121,1
-0.13982272148132,0.034735165536404,-0.059635259211063,1
-0.10608407855034,0.12907930463552,-0.00075458735227585,1
0.0090272426605225,0.16945900768042,-0.093539968132973,1
-0.15309411287308,-0.058724340051413,0.098394773900509,1
0.089948236942291,-0.17150659114122,0.0042034909129143,1
-0.11547195911407,0.034049339592457,0.0030839368700981,1
-0.07984122633934,0.036214269697666,-0.012998826801777,1
0.095236659049988,-0.19193432480097,-0.067490637302399,1
-0.14174097776413,0.061518512666225,0.061498127877712,1
-0.17518594861031,-0.013219326734543,0.10223843902349,1
-0.14522403478622,-0.15222172066569,0.040303818881512,1
-0.043234169483185,-0.075447658076882,-0.041823856532574,1
0.098954916000366,0.21023683995008,-0.022579878568649,1
0.037657260894775,-0.25972902029753,-0.018587812781334,1
0.050606787204742,0.1784755513072,0.074076123535633,1
-0.14468589425087,-0.1595572270453,0.14842846244574,1
-0.098326414823532,-0.026060625910759,-0.032630756497383,1
-0.20479783415794,0.063102893531322,-0.034482590854168,1
-0.060397565364838,-0.056311670690775,-0.0029839500784874,1
0.1153991818428,-0.11347108986229,-0.076111756265163,1
-0.15282154083252,0.014693774282932,-0.084513608366251,1
-0.063356846570969,-0.11462286766618,-0.048294827342033,1
-0.10232734680176,0.14526594430208,-0.065231464803219,0
-0.26366445422173,0.061387024819851,0.043874807655811,1
0.038503468036652,-0.05721378698945,-0.00066887587308884,1
-0.057147741317749,-0.039606969803572,0.0069557502865791,1
-0.085279136896133,0.16852002590895,-0.016012288630009,0
-0.072388172149658,0.25136616080999,-0.034606695175171,0
-0.087501227855682,-0.19552865624428,0.13737268000841,1
-0.071277737617493,-0.036106772720814,0.01352409273386,1
0.090489327907562,-0.068649187684059,-0.043096579611301,1
-0.038112163543701,0.056500352919102,-0.022953264415264,1
0.012499034404755,-0.18113750964403,-0.08021492511034,1
-0.138079226017,0.031455017626286,0.015424408018589,1
0.066128194332123,-0.12495558895171,0.035507224500179,1
-0.057920336723328,-0.20914009213448,-0.050541311502457,1
0.014729022979736,0.10171344131231,0.01402498036623,1
0.027089416980743,-0.15152614563704,0.0013156905770302,1
0.15438693761826,-0.18821101635695,0.16380479186773,1
-0.036150515079498,0.056343458592892,-0.0061164274811745,1
-0.12424364686012,-0.061088547110558,0.054123230278492,1
-0.059702903032303,0.047742001712322,-0.0050195977091789,1
0.055741667747498,0.081612281501293,0.015602834522724,1
0.10920602083206,-0.10246276552789,-0.0015708580613136,1
-0.066205710172653,-0.061210215091705,0.0088887140154839,1
0.041477799415588,0.22271283715963,-0.0020361468195915,1
0.11163032054901,0.25128724426031,-0.0038788467645645,1
-0.067262142896652,0.18057885020971,0.096070118248463,1
0.00061005353927612,-0.12437691353261,0.0020699873566628,1
0.093964397907257,0.072488389909267,-0.033331461250782,1
-0.2085428237915,0.093298606574535,0.071018405258656,1
-0.012077748775482,-0.16490833461285,0.048170074820518,1
-0.079039067029953,-0.082319127395749,-0.06014546006918,1
-0.083216100931168,-0.040440332144499,-0.052992880344391,1
0.069079220294952,-0.10999112017453,-0.077420815825462,1
-0.050909638404846,0.18898352235556,-0.094815485179424,1
0.035007655620575,-0.25789671391249,0.14464398473501,1
-0.11472725868225,-0.080506855621934,0.03157489746809,1
0.080502867698669,0.24915828555822,0.13539428263903,1
-0.1139714717865,0.24308865517378,-0.039071634411812,0
-0.10537275671959,-0.20434836298227,-0.037734962999821,1
-0.016501605510712,0.1298894956708,0.041115090250969,1
-0.14993008971214,-0.11146763619035,-0.054981522262096,1
-0.016286373138428,0.10412534326315,-0.069474346935749,1
-0.048429071903229,-0.18096212297678,0.097532846033573,1
-0.04474014043808,-0.11137646995485,-0.072248809039593,1
0.15645688772202,-0.15198415890336,0.038292981684208,1
0.13072288036346,0.24131643027067,0.059929944574833,1
0.11535131931305,0.094009704887867,0.028980977833271,1
-0.16709077358246,0.10590126365423,-0.073419615626335,1
0.047190845012665,0.25091850012541,0.071292571723461,1
0.031138956546783,0.11828199774027,-0.031765200197697,1
-0.074029505252838,-0.19714530557394,0.16609463840723,1
0.063546597957611,0.061349429190159,0.00746700912714,1
-0.092575460672379,0.17428734153509,0.15761563926935,1
0.14024770259857,0.20804088562727,-0.082080021500587,1
-0.098467528820038,-0.18405237048864,0.10112694650888,1
-0.21742269396782,-0.15143477544188,0.075329475104809,1
-0.0088189244270325,0.24097459763288,-0.054887875914574,1
-0.084683001041412,-0.13283991441131,0.01375612616539,1
-0.1252509355545,-0.13916607573628,-0.050988830626011,1
0.0093317627906799,0.10195953398943,-0.042381547391415,1
-0.15491789579391,0.099331118166447,0.011193193495274,1
-0.1688659787178,-0.13082803040743,-0.063287489116192,1
0.12975734472275,-0.20760069042444,-0.078479073941708,1
0.091968059539795,0.22546135634184,0.13087580353022,1
-0.16155299544334,-0.086025391705334,-0.066015988588333,1
-0.035907566547394,-0.0074347332119942,0.00184515863657,1
0.11741918325424,-0.20793857425451,0.12338513880968,1
-0.12867411971092,-0.13074230030179,0.068002305924892,1
-0.19656890630722,0.096690393984318,0.00016497820615768,1
-0.16620510816574,0.10947158187628,0.084106676280499,1
0.16881197690964,0.17435290664434,0.0034552663564682,1
-0.12944164872169,-0.10489648813382,-0.033381037414074,1
-0.073068261146545,-0.075354771688581,0.01697201281786,1
0.057058453559875,0.20866020768881,0.11833532899618,1
-0.072038501501083,0.022742301225662,-0.053633756935596,1
0.095902144908905,-0.13632898405194,-0.04714161157608,1
-0.10395964980125,0.21127932518721,-0.070608071982861,0
-0.13538837432861,-0.18316759169102,0.12293606251478,1
0.07958310842514,0.078144602477551,0.0079634115099907,1
-0.01152777671814,0.21236192435026,-0.020144231617451,1
-0.083138525485992,-0.022292487323284,-0.030720382928848,1
-0.039314210414886,-0.057205986231565,0.015575520694256,1
0.013046741485596,-0.091491604223847,0.012818060815334,1
-0.19477653503418,0.074911810457706,0.17093916982412,1
-0.052192568778992,0.21627985686064,-0.012803435325623,1
-0.14090368151665,-0.1806712448597,0.14134819060564,1
0.14265620708466,-0.21987964212894,0.052193038165569,1
-0.079619646072388,0.095928452908993,-0.035243980586529,1
-0.18948942422867,0.027747072279453,0.009151853621006,1
-0.022098422050476,-0.098423263523728,-0.018979899585247,1
-0.081450074911118,-0.046065736562014,0.0096456930041313,1
0.063720941543579,0.14021488279104,-0.070111893117428,1
-0.10860896110535,0.14836432784796,0.1081772968173,1
-0.25450694561005,0.0079628452658653,-0.055567525327206,1
-0.035503327846527,-0.059955850243568,-0.038064576685429,1
0.0018702149391174,0.20510195940733,0.18012569099665,1
-0.031841218471527,0.27447950094938,0.095173843204975,1
-0.067763715982437,0.051293469965458,-0.0061509981751442,1
-0.012403428554535,-0.046783324331045,-0.013435177505016,1
-0.071314424276352,0.24309807270765,-0.059421375393867,0
-0.23874664306641,0.041114903986454,-0.056240849196911,1
0.098133742809296,-0.1504475697875,0.012406013906002,1
-0.11553651094437,0.021835945546627,-0.052557535469532,1
-0.092071652412415,0.14905273169279,0.032026700675488,1
-0.13995105028152,-0.16369517892599,-0.050360880792141,1
-0.10184973478317,-0.12094559334219,-0.079686246812344,1
-0.098402798175812,0.11719804257154,0.03471852093935,1
-0.089462906122208,-0.19813168793917,0.067136637866497,1
-0.11904954910278,-0.045808520168066,-0.037546068429947,1
-0.18795329332352,-0.099791341461241,0.042026288807392,1
0.10194790363312,0.13638120144606,-0.05802258849144,1
0.04047030210495,0.06041843444109,-0.011848174035549,1
-0.029604256153107,-0.076911449432373,0.00980344414711,1
0.15459328889847,-0.17516343295574,0.085676319897175,1
-0.13313347101212,-0.093716423492879,-0.016305826604366,1
0.1168527007103,-0.23609905689955,0.0038517713546753,1
-0.12321344017982,-0.1759372279048,0.03324867784977,1
-0.026144742965698,0.22587644308805,0.078106991946697,1
-0.14235278964043,0.20998211950064,-0.063684351742268,0
-0.10858720541,-0.14670084789395,0.0013879165053368,1
-0.13285925984383,-0.10578668769449,-0.0028061792254448,1
0.051142156124115,-0.21319302171469,0.18637793511152,1
-0.12641730904579,0.0088980123400688,0.00073356181383133,1
0.083200812339783,0.07002254575491,-0.037288412451744,1
0.17319279909134,-0.18535549938679,-0.023345299065113,1
-0.0083301663398743,-0.12419626861811,-0.081267483532429,1
0.2009025812149,0.21278323978186,0.097285456955433,1
-0.16941013932228,-0.047106865793467,0.093680433928967,1
0.035619080066681,-0.13825805485249,-0.069438852369785,1
-0.081101179122925,0.11136242002249,0.0048080161213875,1
0.12783080339432,0.26717283576727,0.046387158334255,1
-0.074841171503067,-0.046075295656919,0.021164707839489,1
-0.060758769512177,0.10216448456049,-0.044902823865414,1
0.026034772396088,-0.26056448370218,-0.069511286914349,1
0.01754504442215,-0.19239438325167,-0.085137363523245,1
0.13339722156525,-0.23633132129908,0.032632738351822,1
-0.13305881619453,-0.16229287162423,0.014333821833134,1
-0.094464838504791,0.12932022660971,0.012389190495014,1
-0.24271380901337,0.10196963697672,0.075059227645397,1
0.016240477561951,-0.11323100049049,0.0031184256076813,1
-0.083794772624969,0.046904154121876,-0.044091552495956,1
0.015493929386139,0.05984840542078,-0.0052612498402596,1
-0.20410048961639,-0.16950319707394,0.0055576041340828,1
-0.1047777235508,0.19008298963308,0.1255631223321,1
-0.24090266227722,-0.096413765568286,0.026894889771938,1
0.039672911167145,0.11192021518946,-0.0070487037301064,1
-0.14657321572304,-0.022091962397099,0.0009455606341362,1
-0.0027282238006592,-0.16018519923091,0.010812759399414,1
0.14424335956573,0.24633365124464,-0.041239954531193,1
-0.070501387119293,0.01654626429081,-0.012875266373158,1
0.078121840953827,0.11144282668829,0.018712237477303,1
-0.19082748889923,-0.0089996755123138,0.16624324768782,1
-0.22261482477188,0.066082470118999,-0.019222848117352,1
0.0030826926231384,0.075403697788715,0.0069929584860802,1
0.10173177719116,-0.088347008451819,0.015376843512058,1
0.16263258457184,0.16856610029936,-0.043063744902611,1
0.19967049360275,-0.23373160511255,0.041847042739391,1
-0.040540516376495,-0.071128619834781,0.010398261249065,1
-0.23021623492241,-0.026920445263386,-0.011257447302341,1
-0.069578766822815,-0.2535802051425,0.0077623501420021,1
0.11808055639267,0.10207564383745,-0.073008306324482,1
-0.082633912563324,-0.096369728446007,-0.0086258873343468,1
0.16586285829544,-0.19300572574139,0.063938044011593,1
0.14890378713608,0.23656939715147,0.073668040335178,1
0.02704256772995,-0.20835538953543,0.10819501429796,1
-0.18528547883034,0.015350930392742,0.16976953297853,1
0.07621431350708,0.18991252034903,-0.074762925505638,1
0.079677283763885,0.088028572499752,0.025006219744682,1
-0.16224184632301,-0.094114052131772,0.18486852198839,1
-0.083014577627182,0.15682031959295,0.074795387685299,1
0.15932697057724,-0.15347606688738,0.0076142773032188,1
0.055599987506866,0.10822974890471,0.029177032411098,1
-0.084133803844452,-0.21484114229679,0.0028948783874512,1
-0.16956689953804,0.00093445181846619,-0.098777830600739,1
-0.032010495662689,-0.10291990800761,0.0152972266078,1
-0.19433069229126,0.1197962090373,0.025762371718884,1
0.078703641891479,-0.16422414779663,-0.039740294218063,1
-0.083442866802216,0.063382811844349,0.030582569539547,1
-0.19253182411194,-0.091391671448946,-0.034491904079914,1
0.0066628456115723,-0.12857721187174,0.0037808269262314,1
-0.10356816649437,-0.21041145920753,0.15751970559359,1
0.17439049482346,0.17126857489347,-0.028401345014572,1
0.069914996623993,0.20712181180716,0.059058636426926,1
-0.048585534095764,0.059861622750759,0.016552828252316,1
-0.08656108379364,0.030505023896694,0.019869737327099,1
-0.17367789149284,0.15950896590948,-0.015555433928967,1
0.053176701068878,-0.067322172224522,0.005982831120491,1
0.1918688416481,0.1830053254962,0.17415089160204,1
-0.10934999585152,-0.016139425337315,-0.082592613995075,1
0.0016039609909058,0.15729250758886,-0.030979014933109,1
-0.22315809130669,0.10121362656355,0.043030045926571,1
-0.041224956512451,0.2562460526824,-0.0052964985370636,1
-0.03009158372879,0.24064370244741,0.025176607072353,1
-0.20407548546791,0.0019482746720314,0.082284905016422,1
0.096678674221039,0.25796487182379,0.055405266582966,1
-0.17319077253342,-0.055121425539255,0.077227406203747,1
-0.031894028186798,0.1696348413825,0.0066346526145935,1
-0.20672392845154,0.11622569710016,0.090855367481709,1
-0.027105629444122,0.069077916443348,-0.01321355253458,1
-0.077740341424942,-0.24361103028059,-0.055416166782379,1
-0.20190167427063,0.12893826514482,-0.062303714454174,1
-0.052421659231186,0.037670038640499,-0.015753649175167,1
-0.056711465120316,0.095112942159176,0.021762870252132,1
0.1451912522316,0.25152339786291,0.021185636520386,1
-0.042539894580841,-0.061808537691832,-0.054851599037647,1
0.037427425384521,0.07887215167284,-0.034044355154037,1
-0.016983509063721,-0.10311623197049,-0.0048075243830681,1
0.12417978048325,-0.21240399777889,-0.051331721246243,1
-0.081667274236679,-0.006252683699131,-0.01749175041914,1
-0.12254989147186,-0.15484740585089,0.098401851952076,1
-0.084329336881638,0.19655980914831,-0.066069953143597,0
0.12092036008835,-0.21099968254566,0.0014211013913155,1
-0.11971107125282,0.15636294335127,0.084396027028561,1
-0.065969586372375,0.059373505413532,-0.025460876524448,1
0.063763678073883,0.18393825739622,0.065739415585995,1
0.069492697715759,0.21569164842367,0.013511531054974,1
0.12773030996323,-0.21217107772827,0.18583367019892,1
0.0028610229492188,-0.14117288589478,-0.041107170283794,1
-0.056672483682632,0.054809905588627,-0.019578285515308,1
-0.068287789821625,-0.16187269613147,0.073844470083714,1
-0.086530566215515,-0.068938303738832,-0.034791819751263,1
0.050847768783569,0.21880700439215,0.15004637092352,1
0.16751635074615,0.20931424945593,0.10853300243616,1
-0.18424838781357,0.011641301214695,0.18574928492308,1
0.10349720716476,0.085954315960407,-0.044222377240658,1
0.0035598874092102,0.22837426513433,0.062617555260658,1
0.048723161220551,0.058914817869663,-0.0023429691791534,1
-0.014760673046112,-0.14188715070486,0.0099041685461998,1
0.0056263208389282,0.18753429502249,0.05101603269577,1
-0.12483528256416,0.040767587721348,0.029089666903019,1
0.15971851348877,0.25397079437971,0.078660704195499,1
-0.011274993419647,-0.076659867540002,-0.051593847572803,1
-0.24297347664833,-0.016323752701283,0.039797551929951,1
-0.13258540630341,0.00016428530216217,-0.096649639308453,1
-0.037249028682709,0.042818836867809,-0.0060816332697868,1
0.029142439365387,-0.1108124833554,-0.012336947023869,1
0.079884231090546,-0.26353111118078,0.12858615070581,1
-0.10225927829742,-0.089955924078822,-0.063014723360538,1
-0.19068950414658,0.13808887451887,-0.026546739041805,1
-0.10475042462349,-0.19782312959433,0.029577255249023,1
-0.18244722485542,-0.18266928941011,0.085816897451878,1
-0.01141768693924,0.092053316533566,-0.057073138654232,1
-0.25847151875496,-0.010873921215534,0.049264870584011,1
0.085419118404388,0.11215221136808,-0.040734082460403,1
0.044796407222748,-0.078944822773337,-0.021517053246498,1
0.015775442123413,-0.09628604631871,-0.025254502892494,1
-0.20729532837868,-0.11454559490085,0.14815748482943,1
0.11048203706741,-0.13788736239076,0.01594590395689,1
0.15725427865982,-0.17072322964668,0.080814756453037,1
0.023687481880188,0.11550762504339,-0.02664589881897,1
-0.052990168333054,0.23509209603071,0.1206885650754,1
-0.16068339347839,-0.063745595514774,0.11576632410288,1
-0.15797728300095,-0.086629627272487,0.031222306191921,1
-0.22761923074722,0.045702584087849,0.014867089688778,1
0.10046821832657,-0.085827274248004,-0.055735044181347,1
0.0012234449386597,0.087876997888088,-0.0039931982755661,1
-0.14751881361008,0.033975653350353,0.076601319015026,1
-0.11904764175415,-0.019423216581345,-0.0545938834548,1
0.072999358177185,-0.060302369296551,-0.036350034177303,1
-0.049056947231293,0.15573009103537,-0.037322297692299,1
-0.052380204200745,0.18955459445715,0.18158183246851,1
-0.015264213085175,0.070302046835423,0.017162419855595,1
-0.0312859416008,-0.25228280574083,-0.040782250463963,1
-0.052560865879059,0.02907357364893,-0.032805040478706,1
-0.087618768215179,0.022280566394329,-0.042414762079716,1
0.1966495513916,0.18264093250036,-0.020326979458332,1
0.069714605808258,0.23550131171942,-0.055195994675159,1
0.03342604637146,-0.14301877468824,-0.0012776181101799,1
-0.0637027323246,0.18848999589682,0.093341611325741,1
0.19670313596725,-0.19307924062014,0.091010294854641,1
-0.21924883127213,-0.0022424459457397,0.15056551247835,1
0.10467410087585,0.25764315575361,-0.056567557156086,1
-0.014976859092712,-0.071265270933509,0.012716338038445,1
-0.073370784521103,0.090368591248989,-0.012518487870693,1
-0.14317974448204,-0.062849149107933,0.054762072861195,1
-0.13358867168427,-0.059855546802282,0.061733566224575,1
0.1154825091362,-0.20411132276058,0.079711712896824,1
-0.1729454100132,0.138890363276,0.031806387007236,1
0.11246544122696,-0.18696962296963,0.0069828927516937,1
0.11124283075333,-0.096672228071839,-0.081946201622486,1
-0.06411749124527,-0.02203631401062,-0.039758734405041,1
0.087375104427338,-0.20901845395565,0.044739097356796,1
0.028477311134338,-0.1147244758904,-0.01153327524662,1
-0.061802923679352,0.0078820288181305,-0.024701677262783,1
0.02513861656189,0.10317528992891,-0.023461006581783,1
-0.15681111812592,0.13921911269426,-0.056615479290485,1
0.11985141038895,0.23945003002882,0.05901525169611,1
0.079633355140686,0.055236019194126,-0.016507543623447,1
-0.1245821416378,-0.1312574185431,0.03912777453661,1
-0.08018571138382,-0.065964538604021,0.0095840618014336,1
0.15629905462265,-0.16141389682889,-0.099585451185703,1
-0.068657487630844,0.015404582023621,-0.0065644308924675,1
-0.22015359997749,0.091041050851345,-0.050190024077892,1
-0.12303921580315,-0.01683471351862,0.033159367740154,1
-0.00049793720245361,0.11414404958487,-0.021068759262562,1
0.13825207948685,0.22517447918653,0.031578116118908,1
-0.017725706100464,0.23908480256796,0.11046738177538,1
-0.0024167895317078,-0.048104874789715,-0.00054316967725754,1
0.19400054216385,0.19882359355688,0.1351410523057,1
0.20094662904739,0.21184175461531,0.083569578826427,1
-0.16016799211502,0.013505466282368,0.011716283857822,1
-0.15305653214455,-0.13552755117416,0.039978690445423,1
-0.047467947006226,0.06155251711607,0.019039385020733,1
0.0799919962883,-0.18632791936398,0.0093100816011429,1
0.065992534160614,-0.085660291835666,0.0089244619011879,1
-0.052602589130402,-0.0013995096087456,0.01128102093935,1
0.010317981243134,0.12425457686186,-0.00012432038784027,1
0.11925947666168,0.17658930271864,0.019715189933777,1
-0.088476866483688,-0.13035742752254,-0.061994217336178,1
-0.076178550720215,-0.1717082336545,-0.068527832627296,1
-0.059659630060196,-0.14940706640482,0.046397306025028,1
0.027919590473175,-0.22925851494074,-0.013033784925938,1
-0.091669619083405,-0.089956427924335,-0.057632811367512,1
-0.062085866928101,-0.22395916283131,0.14865524321795,1
-0.021681785583496,0.10627583414316,-0.0070455744862556,1
-0.10619899630547,-0.20906202495098,0.052255280315876,1
0.035708963871002,0.22660454362631,-0.035486087203026,1
-0.043957412242889,0.039451412856579,-0.0044887736439705,1
-0.10829699039459,0.21214874833822,-0.024884469807148,0
-0.15304288268089,0.092193879187107,-0.058131791651249,1
0.11350220441818,0.099107705056667,-0.035067804157734,1
0.015781342983246,-0.079743474721909,0.014206148684025,1
-0.059693187475204,0.051094822585583,-0.0083537474274635,1
-0.12447208166122,0.24905510991812,0.036115296185017,1
-0.099178791046143,0.053742729127407,-0.020189933478832,1
-0.050915479660034,-0.021353729069233,-0.0051036402583122,1
-0.022915661334991,-0.063495840877295,0.0034192726016045,1
0.056472957134247,-0.1559039503336,0.015795685350895,1
-0.046310484409332,0.048578076064587,0.0031814500689507,1
-0.14233183860779,0.17019661515951,0.12612587958574,1
0.15650647878647,-0.15695244818926,0.11691676825285,1
0.070987403392792,-0.23780179768801,0.072861455380917,1
0.060538947582245,-0.1461918130517,-0.059099182486534,1
-0.14203858375549,0.074054919183254,-0.089607827365398,1
0.029061675071716,0.11076458543539,-0.023490190505981,1
0.1104182600975,-0.13218346238136,0.0041127577424049,1
0.0017662644386292,-0.22477678209543,0.12613747268915,1
-0.084658205509186,0.036483652889729,0.0026369318366051,1
-0.18964713811874,0.075692437589169,0.086012504994869,1
-0.017661273479462,0.099181838333607,-0.0060740113258362,1
-0.18897318840027,0.16518821567297,0.089816905558109,1
-0.1373835504055,-0.020276509225368,0.020776800811291,1
-0.070677608251572,-0.0016240403056145,-0.053631879389286,1
-0.045380055904388,-0.09053803794086,-0.0011692494153976,1
-0.042431652545929,-0.10984057467431,0.018464893102646,1
-0.17624962329865,0.070057116448879,0.20474464446306,1
-0.00041389465332031,-0.26042202860117,0.091797553002834,1
0.083456993103027,0.19399314373732,0.041141197085381,1
-0.163763910532,-0.077467434108257,-0.016464687883854,1
-0.02961665391922,-0.15956302732229,0.015296883881092,1
0.071673154830933,0.15847062319517,-0.016688153147697,1
-0.077913522720337,0.19756224006414,0.075944520533085,1
-0.095649302005768,0.21546920388937,0.053554259240627,1
0.16210263967514,-0.14832001924515,0.13114611059427,1
-0.0304154753685,-0.19308306276798,-0.028552673757076,1
-0.1759095788002,0.19787427037954,0.021201960742474,1
0.088612377643585,0.13605677336454,-0.012153476476669,1
0.077819049358368,0.20569508522749,0.10654299706221,1
0.039063274860382,-0.11009362433106,-0.062696158885956,1
-0.038312554359436,0.083157353103161,0.014988280832767,1
0.074370443820953,-0.067611526697874,-0.044988758862019,1
-0.048248946666718,-0.2271116450429,0.12148597091436,1
-0.11491307616234,-0.090234014205635,-0.065872885286808,1
-0.12622991204262,-0.11950232461095,0.091354466974735,1
0.076864004135132,0.15313094109297,-0.049535773694515,1
-0.034623563289642,0.10714700073004,-0.079943612217903,1
-0.22441601753235,0.039135105907917,0.074060715734959,1
-0.083145081996918,-0.016845211386681,-0.059160456061363,1
0.055019974708557,0.1919095441699,0.029041305184364,1
-0.16954067349434,-0.1083115581423,-0.038890019059181,1
0.089336752891541,0.094522200524807,0.011029936373234,1
-0.16191360354424,0.13492926210165,0.079472936689854,1
-0.081936925649643,-0.0051684826612473,-0.004059724509716,1
-0.059050053358078,0.089815475046635,-0.073237396776676,1
-0.041633784770966,0.23515313118696,0.092250905930996,1
0.067096292972565,0.1302742883563,-0.04411306977272,1
0.013959169387817,-0.18370347470045,-0.013838164508343,1
-0.041893541812897,-0.22527461498976,0.0033275112509727,1
0.18371134996414,-0.24469325691462,0.038616590201855,1
-0.16472154855728,-0.18710764497519,0.047531433403492,1
0.0350701212883,-0.16102153435349,-0.016888573765755,1
-0.18293333053589,-0.033279478549957,-0.097761809825897,1
-0.051040768623352,0.049682430922985,-0.042379967868328,1
-0.043444335460663,-0.025237187743187,0.0053223147988319,1
-0.091868817806244,0.038209028542042,0.01282412558794,1
-0.093151926994324,0.17018642276525,0.20033944398165,1
-0.011868417263031,-0.088189234025776,0.017275758087635,1
0.051856935024261,-0.093608095310628,-0.0012267455458641,1
-0.061766356229782,-0.22993681579828,-0.079500243067741,1
-0.025073826313019,-0.2413182631135,0.16365311294794,1
0.004818856716156,0.16676690429449,0.0044452175498009,1
-0.01872056722641,-0.13518182188272,-0.0032140985131264,1
-0.034620583057404,0.076306156814098,-0.028491102159023,1
-0.21679544448853,0.13574185222387,0.087504200637341,1
0.060704350471497,0.14523337036371,0.03941498696804,1
-0.064134746789932,-0.064658183604479,0.02380508929491,1
-0.11717277765274,-0.035426251590252,-0.016447119414806,1
-0.16042298078537,-0.22038143873215,-0.0015680640935898,1
0.056452333927155,-0.12037652544677,-0.035215824842453,1
-0.1620546579361,-0.093380704522133,-0.043248124420643,1
0.044071137905121,-0.056455358862877,-0.0057612583041191,1
-0.17377689480782,-0.0084440186619759,0.00084609538316727,1
-0.20949256420135,-0.086744111031294,0.13906044512987,1
0.0035466551780701,0.2606383189559,-0.054980926215649,1
-0.19997495412827,-0.1620439812541,0.091849707067013,1
0.052670359611511,-0.23653047531843,0.047267384827137,1
-0.0079571604728699,-0.11215184628963,-0.006487213075161,1
-0.017825067043304,0.24633996933699,0.057564258575439,1
0.034524619579315,-0.086488043889403,-0.010227531194687,1
0.13356631994247,-0.16696161776781,0.12114537507296,1
-0.11045372486115,-0.22056260704994,0.095032028853893,1
0.092253029346466,0.18729384988546,0.21072006970644,1
-0.14987900853157,-0.093839050270617,0.10519201308489,1
0.16912084817886,0.18153985589743,0.081680007278919,1
-0.17098924517632,-0.084271801635623,0.085904322564602,1
-0.091972351074219,-0.031603179872036,0.016806192696095,1
0.017602503299713,-0.082023533061147,0.018646515905857,1
-0.20545664429665,0.065898053348064,0.15248950570822,1
-0.2149997651577,-0.11704773642123,-0.070287458598614,1
0.019356667995453,0.1289394274354,-0.068977490067482,1
0.15799242258072,0.1885686442256,0.030544519424438,1
0.049530804157257,-0.23278065770864,-0.032966114580631,1
-0.1096086204052,0.23244025558233,-0.010315597057343,0
-0.049330055713654,-0.0097096264362335,-0.03318814188242,1
0.055752575397491,-0.19740168005228,0.018412850797176,1
-0.118065148592,-0.13101659342647,0.02665326744318,1
-0.038218438625336,0.15274222940207,-0.027298040688038,1
0.087361991405487,0.093505404889584,0.016558282077312,1
-0.12347927689552,-0.12763461098075,-0.069294445216656,1
0.11517572402954,0.19360338896513,0.033267475664616,1
0.17334842681885,0.15026869624853,0.15250635892153,1
0.079801261425018,0.26938708871603,-0.034282177686691,1
-0.08504131436348,0.077419511973858,0.0039609149098396,1
0.050907552242279,-0.094115013256669,0.014518149197102,1
-0.17711731791496,-0.037995174527168,0.015773005783558,1
0.033675789833069,0.20771380513906,0.14353140443563,1
-0.15662035346031,-0.14093143492937,-0.087646551430225,1
0.10133981704712,0.12100120633841,-0.0032738447189331,1
-0.021233439445496,0.22565510123968,0.027098156511784,1
0.023023307323456,-0.19262664020061,0.092032350599766,1
-0.02002078294754,-0.079465746879578,0.011245734989643,1
-0.21641892194748,0.024051323533058,-0.061609037220478,1
0.090182542800903,-0.23991513997316,-0.016201913356781,1
0.033402323722839,0.1171904578805,-0.033610627055168,1
0.017116069793701,0.099092684686184,0.020577758550644,1
-0.081402391195297,-0.1605174690485,0.02823892980814,1
-0.051132321357727,0.18484219163656,-0.091354243457317,1
-0.058487713336945,-0.010931879281998,-0.00050861388444901,1
0.098807036876678,-0.19759254157543,-0.054352656006813,1
-0.08055192232132,-0.053669404238462,-0.078857839107513,1
0.079031229019165,0.11294197291136,-0.048454746603966,1
0.038588404655457,-0.17181542515755,-0.071941576898098,1
-0.06495875120163,0.12615839391947,0.030422277748585,1
-0.2507860660553,-0.026026800274849,0.095461674034595,1
-0.21467468142509,-0.021457530558109,-0.025000177323818,1
0.015825212001801,-0.20040939003229,0.19584280997515,1
-0.095920234918594,0.1908451244235,-0.019538052380085,0
-0.097713828086853,0.13976988941431,-0.074881948530674,0
-0.16241431236267,-0.019324123859406,-0.10096188262105,1
-0.097775101661682,0.024810008704662,-0.0050706192851067,1
0.11295610666275,-0.092239689081907,0.013857923448086,1
-0.024739325046539,-0.23819030076265,-0.023121200501919,1
-0.21751034259796,0.045931152999401,0.00090283900499344,1
-0.12036693096161,0.16896452754736,0.062666870653629,1
-0.19475522637367,-0.048780202865601,0.13898091763258,1
-0.041861951351166,-0.03599788248539,-0.033929988741875,1
-0.0077683329582214,-0.1109963087365,0.010156318545341,1
-0.063087731599808,-0.13593888282776,-0.015563927590847,1
-0.0096147656440735,-0.19070342928171,0.11334834247828,1
-0.067126870155334,0.01802409440279,0.0021857097744942,1
0.030692219734192,0.084208093583584,-0.021313294768333,1
-0.059296071529388,-0.15743367001414,0.05610716342926,1
0.16792923212051,-0.21461510658264,0.028144307434559,1
0.14913558959961,0.17744042724371,0.10374835878611,1
-0.1448370218277,-0.22715459018946,0.024978436529636,1
0.075437068939209,0.21207600086927,0.054990909993649,1
0.099297881126404,-0.24376229196787,-0.06960416585207,1
0.028064548969269,-0.18259213119745,-0.00034733861684799,1
0.070894062519073,-0.19822855293751,0.13638173788786,1
-0.06009966135025,0.24900885671377,0.042292736470699,1
0.068656027317047,-0.064143136143684,0.0083390846848488,1
0.16039657592773,0.16552954167128,0.046940356492996,1
0.13027930259705,0.2727335318923,0.045233733952045,1
0.19667160511017,0.20863103121519,-0.074749603867531,1
-0.19109183549881,0.14939212054014,-0.015257678925991,1
0.068014681339264,-0.094150532502681,0.0017896145582199,1
-0.088137686252594,-0.069229632616043,0.034109063446522,1
-0.017262518405914,-0.23618834465742,-0.059993788599968,1
0.058290898799896,-0.10802917648107,-0.010956756770611,1
0.093571424484253,0.21890237182379,-0.08904991671443,1
-0.046962320804596,-0.11330239847302,0.016783520579338,1
0.062598168849945,0.19557972997427,0.0035502463579178,1
0.19537305831909,-0.18541790544987,0.051249600946903,1
0.07932984828949,0.10881229490042,0.03111457824707,1
-0.028053879737854,0.19046800583601,0.088877074420452,1
-0.11034679412842,-0.094654156826437,-0.017644710838795,1
0.086190581321716,-0.094096472486854,-0.012189604341984,1
-0.08508038520813,-0.0805668476969,0.029968716204166,1
0.062586963176727,0.26143579930067,0.051469497382641,1
-0.04732221364975,-0.20989125221968,0.14392714947462,1
-0.069381147623062,0.15311827510595,-0.065625794231892,0
-0.18597945570946,0.13451995700598,0.079710327088833,1
-0.12960666418076,0.080606229603291,-0.026697918772697,1
-0.14623841643333,-0.021547846496105,-0.028818808495998,1
0.02002215385437,0.093804873526096,0.0096431225538254,1
-0.063403129577637,0.014878153800964,0.010362692177296,1
0.024314403533936,0.08614843338728,-0.012624680995941,1
-0.04385894536972,0.15145971626043,-0.038792245090008,1
-0.014575839042664,-0.072708059102297,0.0076635181903839,1
-0.22059026360512,-0.045791987329721,-0.070322148501873,1
-0.037621319293976,0.15093889087439,-0.052693217992783,1
-0.059316515922546,-0.074094790965319,0.023544378578663,1
-0.09237539768219,0.12564150243998,-0.018108181655407,1
-0.16176804900169,0.11184702068567,0.2052308395505,1
0.10738271474838,-0.10393094597384,-0.00081247836351395,1
0.19291263818741,-0.20076017081738,0.14144050329924,1
-0.022301018238068,0.076479755342007,0.019429259002209,1
0.070192396640778,-0.089757951907814,-0.0069268941879272,1
-0.036213994026184,-0.21240066736937,0.19868654757738,1
-0.068096935749054,0.14215358346701,-0.043310053646564,1
0.079058110713959,-0.1108353594318,-0.049729846417904,1
0.11943393945694,-0.19380474090576,0.1688529625535,1
-0.15550518035889,0.11430472880602,-0.0053607746958733,1
-0.14762985706329,0.064483217895031,-0.080645389854908,1
0.14925926923752,0.20625447481871,0.0077413469552994,1
-0.038060009479523,-0.17671251296997,0.092457287013531,1
-0.13295024633408,-0.049751944839954,0.033856444060802,1
-0.14370054006577,0.08949837833643,-0.062956027686596,1
0.10731852054596,-0.14401303604245,0.027817733585835,1
0.14733564853668,0.13957693427801,-0.0043132081627846,1
0.088047385215759,0.2713690623641,-0.052165307104588,1
-0.10207685828209,-0.1075456221588,0.061402790248394,1
-0.19207412004471,0.066938139498234,-0.07840633392334,1
0.13848894834518,0.20646815747023,0.0016728714108467,1
0.00553297996521,0.088484041392803,-0.044557124376297,1
0.037760078907013,-0.071345012634993,-0.027553990483284,1
0.043076038360596,-0.25951678305864,0.084312655031681,1
-0.097961574792862,0.055591411888599,-0.038095094263554,1
-0.19435012340546,-0.036198429763317,0.024064935743809,1
-0.21723529696465,-0.098102053860202,-0.031911730766296,1
0.083550274372101,-0.10801570490003,0.011692866683006,1
-0.11085087060928,0.11077777296305,0.068657629191875,1
-0.060424298048019,-0.2532582655549,0.097841389477253,1
0.15742617845535,-0.14122952893376,0.085719831287861,1
-0.035782873630524,-0.1529730334878,0.014278434216976,1
-0.0034509301185608,-0.087743408977985,0.0166841968894,1
-0.22933226823807,-0.018887057900429,-0.083426401019096,1
-0.034787833690643,0.18432571738958,0.068492405116558,1
-0.1321140229702,0.20557405799627,-0.019784666597843,0
-0.14355140924454,-0.074570933356881,0.076563514769077,1
-0.23030883073807,0.085015051066875,0.061724551022053,1
0.13778704404831,-0.14045139029622,-0.030684716999531,1
0.04221099615097,-0.17273057252169,0.041169583797455,1
-0.16349670290947,-0.082546329125762,-0.078013204038143,1
-0.13561904430389,0.069444872438908,-0.0023862943053246,1
0.050947248935699,-0.066587720066309,-0.0092449262738228,1
0.10802114009857,0.19341757148504,-0.019414812326431,1
-0.21231558918953,0.0082148835062981,0.17242800444365,1
-0.19851097464561,0.088323228061199,0.13876234740019,1
-0.13381698727608,0.17939078062773,0.063095919787884,1
-0.091980874538422,0.039144493639469,0.026181943714619,1
-0.18373957276344,-0.034457147121429,0.17777451127768,1
0.062973380088806,-0.11141526885331,0.0011157616972923,1
-0.066350013017654,0.052985183894634,0.02396310120821,1
-0.21842366456985,-0.016497820615768,0.10853893309832,1
-0.14801752567291,0.077391125261784,-0.085145428776741,1
0.0034772753715515,-0.2759663388133,0.11428166180849,1
-0.13983160257339,-0.11816477961838,0.20601422339678,1
-0.061181515455246,-0.01048181951046,-0.014964260160923,1
0.062146484851837,0.073787800967693,-0.04148605465889,1
0.058509051799774,-0.070444583892822,-0.018082529306412,1
0.025695502758026,-0.17607855796814,-0.033589750528336,1
-0.12293991446495,-0.12002116814256,0.071249835193157,1
0.040453433990479,0.13473043590784,0.013060800731182,1
-0.033312320709229,-0.064311314374208,8.7358057498932e-05,1
0.12565243244171,0.11075863987207,-0.042207561433315,1
-0.17977726459503,0.071152828633785,-0.0031023845076561,1
0.095568597316742,-0.08143656887114,-0.012698628008366,1
0.073371648788452,0.12746419757605,-0.079869620501995,1
-0.023074269294739,0.15790473669767,-0.025153122842312,1
-0.12857615947723,0.0051641166210175,-0.0083957836031914,1
-0.057487338781357,0.027207292616367,-0.015145726501942,1
-0.094221860170364,0.11786132305861,0.067900158464909,1
0.1390084028244,0.27127703279257,0.044428132474422,1
0.055796205997467,-0.18305309861898,0.004902757704258,1
0.041377007961273,-0.23437459021807,-0.094560485333204,1
0.041847825050354,0.10341968387365,0.017120279371738,1
0.015742182731628,-0.11349948681891,-0.055615715682507,1
-0.16556975245476,-0.056189991533756,0.2134992852807,1
-0.00020033121109009,0.15769829601049,-0.057474307715893,1
-0.040941774845123,-0.21121716499329,0.087460286915302,1
-0.12489748001099,-0.14534350857139,-0.025171481072903,1
0.045301735401154,-0.20412422716618,-0.090818241238594,1
-0.22276937961578,-0.12522595375776,0.11445220559835,1
0.077829599380493,-0.099761845078319,0.022879667580128,1
0.015612006187439,0.15884699672461,-0.096212014555931,1
-0.070349812507629,0.060360722243786,-0.03196931630373,1
-0.054741561412811,0.015403062105179,-0.048162348568439,1
0.058341383934021,0.073164872825146,0.00050561875104904,1
-0.19026491045952,-0.14567112922668,-0.085249342024326,1
-0.075903058052063,0.041413776576519,-0.062997095286846,1
0.046635448932648,-0.26320032030344,0.13730794936419,1
0.05189460515976,-0.10041208739858,-0.059543110430241,1
0.01737654209137,-0.24272867292166,-0.086910307407379,1
-0.17621305584908,0.070955954492092,0.18724056333303,1
-0.11393734812737,-0.17237333208323,0.025031067430973,1
-0.17867797613144,-0.012621946632862,0.099043108522892,1
-0.23556435108185,0.020290955901146,-0.032141216099262,1
-0.016218245029449,0.13428878039122,0.01062885671854,1
-0.030522346496582,-0.065310835838318,-0.033411376178265,1
0.00043439865112305,-0.24547139555216,0.0379988104105,1
0.063132703304291,-0.082664027810097,-0.033400841057301,1
0.034335553646088,-0.1063299542293,-0.011456429958344,1
0.00010550022125244,0.075825206935406,-0.02056485414505,1
-0.24349474906921,0.0024601817131042,-0.079858206212521,1
-0.063299477100372,-0.011486232280731,-0.015736930072308,1
0.15256124734879,-0.21665885299444,-0.085751160979271,1
-0.0036161541938782,-0.080482641234994,0.013355061411858,1
-0.038952946662903,0.16505917161703,-0.069219656288624,1
0.12329566478729,0.14218702167273,0.058183312416077,1
-0.018426656723022,0.12853755801916,-0.01481880992651,1
-0.073183685541153,0.11739882081747,-0.0056586042046547,1
0.091047525405884,0.146718762815,0.017838187515736,1
-0.057390749454498,-0.039095599204302,0.0096945688128471,1
0.060921728610992,-0.060674924403429,0.0056943744421005,1
0.19777739048004,0.181789688766,0.029832281172276,1
-0.085235476493835,-0.24373819679022,-0.01039569824934,1
0.086170792579651,0.090998061001301,-0.035603076219559,1
-0.033131301403046,-0.10885526891798,0.030933871865273,1
0.14722245931625,-0.21740036457777,-0.078264541924,1
-0.01615035533905,0.18722828477621,-0.070194751024246,1
-0.22169688344002,-0.032514326274395,-0.087964691221714,1
-0.059334933757782,-0.037229739129543,0.018209420144558,1
-0.026975095272064,0.059599198400974,0.012036003172398,1
-0.065933257341385,-0.16067385300994,-0.017229735851288,1
-0.084368735551834,-0.24415601044893,0.060670711100101,1
-0.050093352794647,0.17619603127241,-0.0050638616085052,1
0.11209446191788,-0.10127347183879,0.0060822293162346,1
0.010063052177429,-0.084032207727432,-0.037166103720665,1
-0.044322311878204,0.23936056345701,-0.090248242020607,1
-0.030795454978943,0.14844758063555,-0.05392824113369,1
-0.12733197212219,0.10639613121748,0.068809933960438,1
-0.18433460593224,0.066604800522327,0.060087807476521,1
-0.050837129354477,0.1114240065217,-0.064875461161137,1
-0.035000264644623,0.020740009844303,-0.018825031816959,1
-0.019474804401398,-0.14700010046363,-0.048282526433468,1
0.07384181022644,0.12787684053183,0.038697011768818,1
-0.128492385149,-0.18501950800419,0.050516061484814,1
0.090027987957001,0.23300420492887,-0.0495485663414,1
0.10741639137268,0.17721616476774,-0.068081617355347,1
-0.0062588453292847,0.24974223226309,0.14210737496614,1
-0.0018007159233093,-0.10937046818435,-0.0014907717704773,1
0.081490218639374,0.24476181715727,0.0045666173100471,1
-0.037354409694672,-0.13219873607159,0.02276735752821,1
-0.0058479905128479,-0.081554926931858,0.019452087581158,1
-0.011890888214111,-0.056024193763733,-0.0028582587838173,1
-0.18182754516602,0.086245037615299,0.16847970336676,1
-0.020741879940033,0.14542382210493,-0.017273090779781,1
-0.097718358039856,0.23366614431143,0.13066021353006,1
-0.12937545776367,-0.050891231745481,-0.083611890673637,1
-0.11386772990227,-0.096126380842179,-0.056513987481594,1
-0.11505928635597,0.0098052248358727,0.028440020978451,1
0.029283583164215,-0.067417539656162,-0.018670715391636,1
-0.17772802710533,-0.026961140334606,-0.025725997984409,1
0.091027021408081,-0.25666683167219,0.12281624227762,1
0.02418452501297,0.15076946467161,0.0049045756459236,1
-0.063321202993393,0.24489130824804,0.1023006811738,1
-0.075782001018524,0.17820819467306,-0.004371240735054,1
-0.19822025299072,-0.10817385092378,-0.024017095565796,1
-0.10838490724564,0.0029291659593582,0.020297415554523,1
-0.18026456236839,-0.024711541831493,0.12200220674276,1
-0.14231359958649,-0.062829367816448,0.022803403437138,1
-0.21126234531403,-0.092067359946668,0.012301601469517,1
0.035299241542816,-0.14114620536566,-0.034713499248028,1
0.11950176954269,0.12611372023821,-0.080272577702999,1
-0.072165578603745,0.24269362539053,-0.07888350635767,0
-0.081504434347153,-0.0087311044335365,-0.025979720056057,1
-0.14413902163506,0.048625029623508,-0.045958466827869,1
-0.16601958870888,-0.11724562756717,-0.092022873461246,1
-0.070015728473663,-0.16711530834436,0.058485463261604,1
0.065209329128265,0.16080769151449,0.0027948841452599,1
0.025415658950806,0.2647787258029,-0.041275553405285,1
0.026491105556488,-0.21224788576365,0.057170137763023,1
0.025638818740845,0.097164519131184,0.021848388016224,1
0.076186120510101,-0.16712941974401,0.047755107283592,1
-0.023909747600555,0.25469582527876,-0.0063750669360161,1
-0.22645169496536,0.061242468655109,-0.048656702041626,1
-0.099038600921631,0.15841694921255,0.13061941415071,1
-0.16895467042923,-0.19684774428606,-0.038148067891598,1
-0.032153129577637,-0.051222421228886,-0.018841318786144,1
0.075252294540405,0.22498705238104,0.073123939335346,1
-0.18650156259537,0.0011186376214027,-0.070649780333042,1
-0.13271632790565,-0.21024264395237,-0.071029715240002,1
-0.11686798930168,0.085095949470997,0.030739493668079,1
-0.076286792755127,-0.20089629292488,-0.0036727786064148,1
0.048532247543335,0.22011207789183,0.14011628180742,1
0.083100855350494,0.077860228717327,0.0094003826379776,1
-0.11168056726456,0.048581101000309,-0.052218392491341,1
-0.028590738773346,-0.26646532863379,0.09090218693018,1
-0.157146692276,-0.085820770822465,0.21639139205217,1
0.085987091064453,0.1807569488883,0.070317216217518,1
-0.17724505066872,-0.047333408147097,-0.0016448423266411,1
0.044831275939941,-0.077823737636209,0.0059893652796745,1
0.025100946426392,-0.098475721315481,0.01255564391613,1
-0.089255899190903,-0.058687768876553,-0.024505719542503,1
0.12553513050079,-0.24343942850828,0.051090069115162,1
-0.086978793144226,-0.16418990492821,0.052237093448639,1
-0.13261660933495,-0.2284334525466,-0.056448824703693,1
0.070551514625549,0.094268523156643,0.0060572326183319,1
-0.067031860351562,-0.21155233681202,0.050591677427292,1
-0.16213950514793,-0.077055297791958,0.06905747205019,1
-0.13336035609245,-0.14534094557166,-0.011066131293774,1
-0.026776432991028,-0.065999001264572,-0.00025566667318344,1
0.11529582738876,-0.24540781229734,0.019948959350586,1
-0.15748119354248,0.027564816176891,0.034608609974384,1
-0.12237769365311,-0.002320684492588,0.019010491669178,1
0.031595408916473,-0.14214665070176,0.016134731471539,1
0.12843757867813,-0.21738491207361,0.17312889546156,1
-0.12387031316757,-0.083255836740136,-0.052635207772255,1
-0.1996685564518,0.039003558456898,0.0088016018271446,1
0.12132734060287,-0.25142133980989,-0.062229625880718,1
0.035681188106537,0.068206109106541,-0.016191430389881,1
0.11928284168243,0.16137053817511,-0.059563748538494,1
-0.11842733621597,0.10665350407362,0.023213095963001,1
-0.050834745168686,0.080481313169003,-0.07398235052824,1
-0.10819810628891,0.069944567978382,-0.0090541616082191,1
-0.11741590499878,0.034042976796627,-0.00040105730295181,1
0.0059598088264465,0.2072915956378,0.18087864667177,1
0.060360014438629,-0.1873108074069,-0.05052524805069,1
-0.12376719713211,0.10535112768412,0.038707487285137,1
0.021459102630615,0.2810662612319,0.0005132332444191,1
0.068482995033264,0.089823670685291,-0.066633783280849,1
-0.079427123069763,0.04029219597578,-0.066276848316193,1
-0.14652535319328,0.001228965818882,0.03284565359354,1
-0.17649513483047,0.053055725991726,0.076159037649632,1
0.078322350978851,0.20692109316587,0.052210181951523,1
0.14860564470291,0.22646995633841,0.096653990447521,1
-0.053784251213074,0.023968413472176,-0.035902366042137,1
0.10000687837601,0.16775440424681,0.076814882457256,1
0.03628396987915,0.15079044550657,0.03440784662962,1
0.068502902984619,0.12339486926794,-0.015347860753536,1
-0.24040621519089,0.028691358864307,0.026531480252743,1
0.066869139671326,0.16596778482199,-0.03974636644125,1
-0.088646233081818,0.15332105010748,0.041093967854977,1
-0.048259794712067,0.27502822130919,-0.031222142279148,1
-0.2033534348011,0.010932549834251,-0.085851285606623,1
-0.18635854125023,-0.13587746396661,0.020528234541416,1
-0.041140615940094,-0.07652772590518,-0.035730972886086,1
-0.011378765106201,-0.27659589797258,0.017890401184559,1
-0.13114988803864,0.015070356428623,0.051419652998447,1
0.079519867897034,0.17122583836317,0.04785992950201,1
0.15576237440109,0.16202651709318,-0.037510603666306,1
-0.23874858021736,-0.1041885856539,0.017842479050159,1
-0.15444621443748,0.14986956864595,0.144312761724,1
0.019042372703552,0.27885317057371,-0.037238366901875,1
-0.12492603063583,0.15164475888014,0.099081330001354,1
-0.055342674255371,0.044044367969036,0.018104739487171,1
0.0032326579093933,0.075374059379101,-0.016116321086884,1
0.032196462154388,-0.09550619032234,0.016696713864803,1
-0.031947374343872,0.040494687855244,-0.0114890858531,1
-0.16000819206238,0.049540631473064,0.071268238127232,1
-0.087136507034302,0.24418493360281,0.064166024327278,1
0.092281818389893,0.22894208878279,-0.041423246264458,1
-0.078897178173065,-0.24341160804033,0.069980837404728,1
0.087358415126801,0.18698095530272,0.22221974283457,1
0.06463497877121,-0.17731120437384,-0.085264209657907,1
0.073975503444672,-0.16699098050594,0.019785545766354,1
-0.024332702159882,0.12207070738077,-0.063189387321472,1
0.096179842948914,-0.092161481268704,0.026439867913723,1
0.082082629203796,0.066037528216839,-0.02136555314064,1
0.10823047161102,0.20189138501883,0.074960194528103,1
-0.16410860419273,0.1724664196372,0.045267634093761,1
0.061766386032104,0.077204279601574,-0.026287741959095,1
0.11649733781815,-0.20402319729328,-0.010198064148426,1
0.058206617832184,0.24559827893972,-0.084262832999229,1
0.010410130023956,-0.18687552213669,0.0029783099889755,1
0.10030180215836,-0.17914789915085,0.1112065538764,1
0.027282416820526,0.13686653226614,-0.0068142637610435,1
-0.028368413448334,0.050571449100971,-0.014449782669544,1
-0.049647212028503,0.060615412890911,-0.05750023573637,1
-0.13800662755966,0.085100777447224,-0.085995368659496,1
0.084164619445801,-0.15210747346282,0.05486898124218,1
-0.041378736495972,-0.27835466712713,0.058700814843178,1
-0.013232052326202,0.063547201454639,-0.035682283341885,1
-0.062132477760315,0.21326433867216,-0.09296216070652,1
0.065867245197296,-0.16539553552866,0.01308149844408,1
-0.090890139341354,-0.038700111210346,-0.053695946931839,1
0.10058337450027,-0.10164126823656,0.034027479588985,1
-0.18392315506935,-0.061347674578428,0.14690405875444,1
0.011744976043701,-0.15214914828539,-0.087167367339134,1
0.0013629794120789,-0.12725440785289,-0.047972820699215,1
0.10544794797897,-0.16781830042601,-0.057612173259258,1
-0.15668562054634,-0.040286988019943,0.064874447882175,1
-0.029540956020355,-0.088364545255899,0.019290238618851,1
-0.0044528245925903,-0.17616683989763,0.0143071860075,1
-0.0088841319084167,-0.07805060595274,0.016561895608902,1
-0.025007545948029,-0.19251161068678,0.12380535155535,1
-0.14221522212029,0.167166672647,0.020710729062557,1
0.14178812503815,-0.19724259525537,-0.083495683968067,1
-0.15138220787048,0.20626433938742,0.064739488065243,1
-0.024625897407532,0.067285113036633,-0.032862536609173,1
0.0022367238998413,-0.12838418036699,0.0043889880180359,1
-0.081095337867737,-0.2165994644165,-0.087248183786869,1
0.12686604261398,0.17233776301146,0.051272630691528,1
-0.071031630039215,-0.0030732154846191,0.0019618645310402,1
-0.22660893201828,-0.14995340630412,-0.0031629279255867,1
0.070262253284454,-0.061642795801163,-0.016727261245251,1
-0.22202533483505,0.10809046775103,-0.057296253740788,1
-0.098547518253326,0.18540950864553,-0.04877720028162,0
-0.050144672393799,-0.092172618955374,-0.057935565710068,1
-0.005017101764679,0.12729866057634,-0.070924147963524,1
0.057153046131134,-0.070212811231613,-0.013124443590641,1
-0.068013191223145,0.075282953679562,-0.00036639720201492,1
-0.038987517356873,-0.03745198994875,0.0010282173752785,1
-0.071333587169647,0.052396200597286,-0.072482287883759,1
-0.12749066948891,0.0088955163955688,-0.039897233247757,1
0.051719129085541,0.069651685655117,-0.029744781553745,1
-0.098375082015991,-0.04009735584259,-0.063404142856598,1
0.10798925161362,0.17652060836554,0.0766336992383,1
0.015866696834564,0.15803202241659,0.0074307695031166,1
0.06637042760849,-0.23225108534098,0.053130738437176,1
0.13967615365982,-0.13292672857642,0.0078255161643028,1
-0.20227611064911,0.095884673297405,0.065958373248577,1
0.11272877454758,-0.21543148159981,0.12241818755865,1
-0.02958470582962,-0.066465046256781,-0.0053223371505737,1
0.015851318836212,0.20658471435308,-0.011703625321388,1
-0.070367187261581,-0.25456815212965,0.040385462343693,1
-0.22196504473686,-0.082233585417271,0.033892594277859,1
-0.1851646900177,-0.13298488780856,0.15566197782755,1
-0.20088097453117,-0.011564642190933,0.19328933209181,1
0.043611288070679,0.13777891546488,0.040093868970871,1
-0.042029440402985,-0.1408206410706,-0.048065468668938,1
0.129822909832,0.18757324665785,0.017346225678921,1
-0.061731487512589,-0.043474100530148,-0.021436460316181,1
0.064396142959595,-0.074893301352859,-0.0014057904481888,1
-0.058434754610062,0.19444950670004,0.089365445077419,1
-0.15658584237099,0.13470078259706,0.06254530698061,1
0.14499974250793,0.26150312274694,0.045095659792423,1
0.0302774310112,0.081776760518551,-0.027587428689003,1
-0.080193996429443,-0.186901666224,-0.096286676824093,1
-0.16658210754395,-0.15933629125357,0.067891590297222,1
-0.072087526321411,0.018067106604576,-0.01579337567091,1
-0.20070877671242,-0.085915934294462,0.12495449930429,1
0.055071949958801,0.27679874747992,0.048058517277241,1
0.0027681589126587,0.17142268270254,-0.090215593576431,1
-0.095647513866425,0.25358583778143,-0.0088883116841316,1
-0.10055276751518,0.12943439930677,-0.050080321729183,1
-0.1356435418129,-0.040809884667397,-0.081379674375057,1
-0.027056455612183,-0.12701477482915,0.032076381146908,1
-0.22814831137657,-0.027994707226753,-0.047604404389858,1
0.14215487241745,-0.17391581088305,0.21100173145533,1
0.080917656421661,-0.25783879309893,-0.020854465663433,1
0.08769679069519,0.15960397571325,-0.00056672841310501,1
0.017948746681213,-0.10758493840694,-0.013935871422291,1
0.11800414323807,-0.10164727806114,-0.078155212104321,1
-0.1675329208374,0.087549455463886,0.080065108835697,1
0.15318530797958,-0.22913495451212,-0.051196947693825,1
0.070398211479187,0.064166001975536,0.012405499815941,1
-0.13185343146324,-0.12951869145036,0.2015929594636,1
-0.18791273236275,0.12006338685751,0.076311238110065,1
-0.061177492141724,-0.093242292292416,-0.021831788122654,1
0.081438302993774,0.27007710188627,-0.053169064223766,1
0.024830281734467,0.23534318059683,-0.024488307535648,1
0.11190801858902,-0.17626342177391,0.06303022056818,1
0.21829396486282,0.21094059199095,-0.0079989060759544,1
-0.073284983634949,0.036399446427822,0.016343079507351,1
0.094002962112427,0.13978811353445,0.048252582550049,1
0.046708643436432,-0.13077174127102,-0.05442126840353,1
0.085608303546906,0.1038783416152,-0.031274892389774,1
-0.12162780761719,0.069592498242855,0.020281411707401,1
-0.078360110521317,-0.051145888864994,-0.0042013600468636,1
-0.12984699010849,-0.17181839793921,0.079063080251217,1
0.092392086982727,0.076571963727474,-0.015087351202965,1
0.086683094501495,-0.092562790494412,-0.031602345407009,1
0.20592164993286,0.18620195239782,0.13535106927156,1
0.055347979068756,0.24808021634817,-0.048886105418205,1
-0.038288116455078,0.13952594250441,0.040348291397095,1
0.010850012302399,-0.14590458199382,0.036543749272823,1
-0.0049412846565247,0.21997552365065,0.10628882795572,1
0.068698108196259,-0.091219008900225,0.023937903344631,1
0.03702837228775,-0.095461735036224,-0.044335678219795,1
0.19597202539444,0.17120190709829,-0.041042409837246,1
-0.0043122172355652,0.15705927461386,0.035772331058979,1
-0.20050853490829,-0.020887471735477,-0.016776539385319,1
0.15707749128342,-0.16903176903725,0.12720588594675,1
-0.17411693930626,0.01522309333086,0.21605161577463,1
-0.043652653694153,0.089125819504261,-0.023225359618664,1
0.02540534734726,0.12618239969015,-0.039334915578365,1
0.044461846351624,0.19785793870687,0.0021614357829094,1
0.19655758142471,-0.21519470214844,-0.05564296990633,1
-0.15690541267395,0.19122525304556,0.069751299917698,1
-0.23372852802277,0.078031800687313,0.11898616701365,1
-0.11399340629578,0.095964975655079,0.02725925296545,1
-0.25898337364197,0.03588879853487,0.057976819574833,1
0.057059049606323,0.062330923974514,-0.010936811566353,1
0.11599242687225,0.22909560054541,0.10735725611448,1
0.13252294063568,-0.16713636368513,0.21323818713427,1
0.026425540447235,-0.096291043097153,0.017761640250683,1
-0.083068013191223,0.032079629600048,0.025548674166203,1
0.068241953849792,0.047604955732822,-0.0016847476363182,1
0.073069393634796,-0.16673250496387,0.073119111359119,1
0.016490161418915,0.15089722722769,-0.085153426975012,1
-0.16550844907761,0.061735294759274,0.2180042937398,1
0.089899599552155,0.21282138675451,0.16123174875975,1
-0.053002715110779,0.18335916846991,0.10605151206255,1
-0.023352742195129,0.19718392938375,0.1068015769124,1
-0.14105650782585,-0.11688352376223,0.020518325269222,1
-0.1771015226841,-0.20158265531063,0.068069897592068,1
-0.030873954296112,-0.087257609702647,-0.028049699962139,1
0.10750097036362,-0.12380643747747,0.024657495319843,1
-0.12411767244339,-0.24900455027819,0.05965581536293,1
-0.13487303256989,0.012203402817249,-0.029314532876015,1
0.095527648925781,0.26199742406607,0.059246920049191,1
0.024566113948822,-0.069730084389448,-0.010150022804737,1
-0.15385439991951,-0.038798410445452,0.053296275436878,1
-0.033334076404572,-0.031432546675205,0.00057569891214371,1
-0.18010821938515,0.022422850131989,-0.051202990114689,1
-0.1682491004467,-0.044006545096636,-0.038333520293236,1
0.076834261417389,-0.058770358562469,-0.0066981539130211,1
-0.035914957523346,-0.013724133372307,-0.0050280317664146,1
-0.15228968858719,-0.13984302803874,0.14744422584772,1
-0.15382850170135,0.040933333337307,-0.0088301971554756,1
-0.028966069221497,0.25955276936293,-0.05276595056057,1
0.1666784286499,0.22082664817572,0.12628718465567,1
0.050399959087372,0.18152540177107,0.056912340223789,1
0.081241309642792,-0.23413348942995,0.029481083154678,1
-0.092613697052002,0.20342811197042,-0.075508922338486,0
0.040713846683502,0.25728370994329,0.013790667057037,1
0.20850133895874,-0.21252930164337,0.040480144321918,1
0.010424315929413,0.12277843803167,-0.041615657508373,1
0.13217788934708,-0.23910204321146,0.14668978005648,1
-0.17087817192078,0.16181298345327,-0.081784106791019,1
-0.075610667467117,-0.062349129468203,0.017054088413715,1
0.14219254255295,-0.17748218029737,0.084335215389729,1
-0.0046448111534119,0.2397485896945,0.1412646099925,1
-0.11409729719162,-0.17585419863462,0.11038897186518,1
-0.18549278378487,0.082445226609707,0.10584273189306,1
-0.073803454637527,-0.074702521786094,0.00062414258718491,1
-0.13864114880562,0.18590592592955,0.0025211945176125,1
0.031888425350189,-0.083957154303789,0.013714797794819,1
0.00052911043167114,0.16474326699972,-0.036276571452618,1
0.10029584169388,-0.21985579282045,0.043316178023815,1
-0.10204446315765,0.062794141471386,-0.021636225283146,1
-0.098404228687286,-0.042261589318514,-0.08704786002636,1
-0.019441425800323,-0.13228378072381,0.040581427514553,1
0.012709617614746,-0.23974996060133,0.1092392578721,1
-0.23822748661041,0.017526358366013,-0.069086350500584,1
-0.027359426021576,0.07363935559988,0.021014668047428,1
-0.19812920689583,0.00025486946105957,0.18910243362188,1
0.033324956893921,-0.12343677319586,0.013907767832279,1
-0.032228946685791,0.0471216365695,-0.03419067710638,1
0.028772830963135,0.21327190846205,0.010677002370358,1
-0.21079033613205,0.13139236718416,0.055627174675465,1
-0.080637365579605,-0.11722137592733,0.037748478353024,1
-0.17574241757393,-0.098174349870533,-0.064178429543972,1
-0.077403426170349,-0.067185889929533,-0.066147826611996,1
-0.1935438811779,-0.1617634780705,-0.070840992033482,1
-0.0040991306304932,-0.13549381121993,0.037414245307446,1
0.014043152332306,-0.25220786780119,-0.086261667311192,1
-0.034793853759766,-0.025272227823734,0.0024029836058617,1
-0.19257095456123,-0.18764923512936,0.086857251822948,1
-0.13080555200577,0.1507915481925,0.14876862615347,1
-0.061009615659714,-0.09659086749889,-0.040196605026722,1
-0.1906980574131,-0.042434893548489,0.081903465092182,1
0.041227161884308,0.25777923315763,0.038794800639153,1
-0.15196043252945,-0.15813274681568,-0.081167243421078,1
-0.224514991045,-0.1346076503396,0.038252107799053,1
-0.072752356529236,0.022686384618282,0.016052640974522,1
0.030796229839325,0.10782629996538,-0.017134003341198,1
-0.07403689622879,0.041519798338413,-0.069660760462284,1
0.071224689483643,0.049636475741863,0.0061457827687263,1
0.03526896238327,-0.094173904042691,-0.012466914951801,1
-0.094153374433517,-0.14319836348295,0.065910764038563,1
0.10744440555573,-0.21943074464798,-0.085261769592762,1
-0.12509936094284,0.013936847448349,0.02448794990778,1
-0.024850070476532,0.067101396620274,0.017392374575138,1
-0.09859111905098,-0.24860341101885,-0.033970296382904,1
-0.059981048107147,0.053245179355145,0.023331142961979,1
-0.13088032603264,-0.020454205572605,-0.00036268681287766,1
0.050834953784943,-0.14737411215901,-0.08407986536622,1
-0.1250704228878,-0.1138936849311,-0.083982951939106,1
-0.16543552279472,0.054897747933865,-0.009031318128109,1
-0.11723530292511,0.2502857670188,0.04974003881216,1
0.062629878520966,-0.10368210216984,-0.010733760893345,1
-0.13027134537697,0.15551265329123,0.063790045678616,1
0.13102740049362,0.20234747976065,-0.063254624605179,1
0.095395743846893,0.10150792449713,-0.067121215164661,1
0.079217731952667,-0.24664004892111,-0.030571028590202,1
0.19471520185471,-0.22941333800554,0.024287708103657,1
-0.036035358905792,-0.25340335816145,0.046845503151417,1
0.061438679695129,0.21782203763723,0.15511525422335,1
-0.13365054130554,0.095990531146526,-0.062990106642246,1
0.18846887350082,-0.16971352696419,0.12697751075029,1
-0.20181176066399,0.00022827833890915,0.071223594248295,1
-0.11053055524826,-0.04001609608531,0.0092043951153755,1
-0.096240013837814,0.14404707401991,-0.0024237856268883,1
-0.077305108308792,-0.19370163977146,0.11090842634439,1
0.032053411006927,0.26975931972265,-0.044230423867702,1
-0.15834075212479,0.05792722851038,0.099799506366253,1
-0.046329081058502,-0.23312105983496,-0.029851071536541,1
-0.10918003320694,-0.16881589591503,-0.08962494879961,1
-0.18370726704597,-0.11905935779214,-0.022275552153587,1
-0.02353698015213,-0.15561550855637,0.061378933489323,1
-0.1948481798172,-0.060537748038769,0.0089504048228264,1
0.072033226490021,-0.22111957520247,-0.096336279064417,1
-0.03900021314621,-0.074267070740461,-0.047752670943737,1
0.058165550231934,0.12639605253935,-0.02685422450304,1
-0.22621902823448,-0.0038950964808464,0.16401015967131,1
0.12180197238922,0.22298526018858,0.075330011546612,1
0.066954553127289,-0.27887769788504,-0.036274135112762,1
-0.01376736164093,0.11430645734072,-0.048536591231823,1
0.064391195774078,0.16322454065084,0.028730794787407,1
-0.23230317234993,0.040982641279697,0.052535645663738,1
0.052888035774231,0.07415022701025,-0.011189490556717,1
0.10399442911148,0.17913212627172,-0.064505122601986,1
-0.066146314144135,0.17400022596121,0.0052488073706627,1
-0.20698708295822,-0.10770401125774,0.10629741102457,1
-0.089121848344803,-0.082878967747092,-0.02001629024744,1
-0.040739953517914,0.083679430186749,0.017938323318958,1
-0.13298782706261,-0.0068561732769012,-0.085299961268902,1
-0.082990169525146,-0.16797959804535,0.12569122761488,1
-0.25082084536552,-0.081123393028975,0.00071745365858078,1
-0.035066723823547,0.044223688542843,0.0070507153868675,1
0.1599098443985,-0.19304397702217,0.04024862498045,1
0.16272532939911,0.16520630568266,-0.092875272035599,1
0.13755685091019,0.15644439309835,0.097601749002934,1
0.016029477119446,-0.083910370245576,0.0065300315618515,1
0.17946034669876,-0.18723661452532,-0.089447788894176,1
0.089367091655731,-0.13605948165059,-0.089730814099312,1
0.011297047138214,0.058610819280148,-0.0053489431738853,1
-0.0013665556907654,-0.10212901514024,-0.065002001821995,1
0.11080116033554,-0.1419933848083,-0.016378156840801,1
-0.050371497869492,0.069574646651745,-0.038938902318478,1
0.0052946209907532,0.067578695714474,-0.0078834965825081,1
-0.096711874008179,0.093925140798092,-0.0064431950449944,1
0.011058688163757,-0.079266786575317,-0.03570369631052,1
0.10464650392532,-0.22161332517862,0.0240842923522,1
0.16506332159042,0.16200508922338,-0.070151187479496,1
0.047861218452454,0.13495605438948,0.030890889465809,1
-0.10421013832092,0.044879592955112,-0.038084827363491,1
-0.10203605890274,0.0077978447079659,-0.058331608772278,1
-0.21690410375595,0.041856698691845,0.016428135335445,1
0.029378175735474,-0.10758708929643,0.0061366334557533,1
-0.15092095732689,-0.04469483345747,-0.075665235519409,1
-0.050322711467743,-0.19146244227886,0.073857583105564,1
0.12049061059952,-0.11550095118582,-0.046153150498867,1
0.10719758272171,-0.21915553510189,0.048377655446529,1
-0.17105188965797,-0.17763249576092,0.0074169710278511,1
0.091801941394806,0.15805216878653,-0.060672849416733,1
-0.21012729406357,0.061878882348537,0.071871019899845,1
0.16057085990906,0.1967071518302,-0.059451252222061,1
-0.21231955289841,0.097512967884541,0.060515455901623,1
-0.086129069328308,0.1230595484376,-0.059036739170551,1
-0.046901047229767,-0.072457928210497,-0.031406439840794,1
0.00069940090179443,-0.11096005141735,0.0068909823894501,1
0.0075450539588928,0.11464687436819,-0.05219043046236,1
-0.0095231533050537,0.093012057244778,-0.024792432785034,1
0.20294606685638,-0.207762978971,0.073613546788692,1
0.014009833335876,-0.18631117045879,0.066784672439098,1
-0.018752038478851,0.062336169183254,0.0039164796471596,1
-0.042962372303009,0.16788318008184,-0.062878370285034,1
-0.15364742279053,0.20339753478765,0.097559683024883,1
-0.17046523094177,0.12658613175154,0.081618301570415,1
0.090543925762177,-0.28732108324766,0.0052001625299454,1
-0.13944587111473,-0.24409808963537,0.02902040630579,1
0.0007014274597168,0.15743663161993,-0.096600312739611,1
-0.12588721513748,0.11044742912054,-0.08048915117979,1
-0.04654198884964,-0.16668979823589,-0.076445132493973,1
-0.0085837244987488,-0.11625742726028,-0.025732651352882,1
-0.041516721248627,-0.014934882521629,-0.016408301889896,1
-0.16221505403519,0.14190342277288,0.10975836962461,1
0.065170466899872,0.093263529241085,-0.014763258397579,1
0.092139601707458,0.12604113668203,-0.07180580496788,1
-0.049147427082062,0.17377962917089,-0.092443525791168,1
0.012141704559326,0.19912918657064,0.037598021328449,1
0.010187804698944,-0.1405141055584,-0.021186396479607,1
-0.19141834974289,-0.035013049840927,0.14148520678282,1
0.029218196868896,0.18614666908979,0.045158691704273,1
0.07656055688858,0.15001409500837,-0.010793261229992,1
0.1565962433815,0.24635341018438,-0.03431136906147,1
-0.21280360221863,-0.094603553880006,0.16037365049124,1
0.061034262180328,-0.16131702437997,0.051644086837769,1
0.19107097387314,-0.17113780975342,-0.027018241584301,1
-0.01506781578064,0.19691198319197,0.12681845575571,1
-0.13344770669937,0.11233373731375,0.1057236418128,1
-0.26174131035805,0.061495952308178,0.0019887164235115,1
-0.13988721370697,-0.19451455771923,0.024510689079762,1
-0.0026377439498901,-0.15298204496503,0.0090549364686012,1
0.053913354873657,0.11134309321642,-0.062034197151661,1
0.018522679805756,-0.068600863218307,0.0068677961826324,1
-0.17465570569038,-0.20608253031969,-0.010436348617077,1
-0.013389587402344,0.057710282504559,-0.017281137406826,1
0.030882775783539,-0.19431433081627,-0.047693178057671,1
-0.048562467098236,-0.071729905903339,0.0058391466736794,1
-0.10589396953583,0.10886212438345,-0.042487390339375,1
-0.05452087521553,0.049258224666119,-0.0022769495844841,1
0.082868993282318,-0.18411190807819,0.001457154750824,1
0.11602389812469,0.21112843602896,0.15625617653131,1
-0.029151976108551,-0.08296575397253,0.0032603442668915,1
-0.13695374131203,-0.025342702865601,0.0037632808089256,1
-0.0081468820571899,0.053683392703533,-0.020914070308208,1
-0.16917300224304,-0.086860965937376,0.04559188336134,1
-0.13824290037155,0.20429017394781,-0.049823008477688,0
-0.044514656066895,-0.27515595406294,0.060600079596043,1
-0.18699327111244,-0.079875783994794,0.088360704481602,1
0.1486559510231,-0.20937794446945,0.14697585254908,1
0.040213882923126,-0.25156316906214,0.10719782859087,1
0.092694640159607,0.22707905620337,0.17893279343843,1
0.17626142501831,0.2078600153327,0.11439914256334,1
-0.21599459648132,0.15286060422659,-0.028386630117893,1
0.12538558244705,-0.21638399362564,0.0011083334684372,1
0.018004655838013,0.18324067443609,-0.019974105060101,1
-0.079316824674606,0.18820675462484,0.14559272676706,1
0.035668909549713,0.056739039719105,-0.0014930441975594,1
0.099047005176544,-0.099051842174958,-0.069155566394329,1
0.069138586521149,0.26239704340696,0.023521922528744,1
-0.074416100978851,-0.08184814080596,-0.047017656266689,1
0.12745088338852,0.10843827575445,-0.010742582380772,1
0.03592848777771,0.078066922724247,-0.0020246580243111,1
-0.13115864992142,-0.011455722153187,-0.024901203811169,1
-0.15145707130432,-0.075484776869416,-0.047323912382126,1
-0.062828719615936,0.2446311339736,-0.07314009219408,1
-0.10035693645477,0.02383004873991,-0.0093364045023918,1
-0.13614028692245,-0.05476139485836,-0.031303323805332,1
-0.097951740026474,-0.012003228068352,0.028006784617901,1
0.002153217792511,-0.083953093737364,0.019714139401913,1
0.12083351612091,0.097689144313335,-0.073036409914494,1
0.15774714946747,-0.13361084461212,0.0028196200728416,1
-0.12686878442764,0.14252460747957,0.18114548176527,1
-0.021028697490692,0.1225526407361,-0.086438179016113,1
0.0080168843269348,-0.095914437901229,-0.051041193306446,1
-0.037844717502594,0.01769595593214,-0.017884589731693,1
-0.16149863600731,-0.027723163366318,0.066978059709072,1
0.11929172277451,0.16474726051092,0.089686013758183,1
0.15142422914505,-0.15322099626064,-0.056540496647358,1
0.091587007045746,-0.089106922037899,0.018519468605518,1
0.025608599185944,0.23497714847326,-0.04265534132719,1
-0.11147919297218,0.15810023993254,0.17136519402266,1
-0.13461261987686,0.055075697600842,0.040968962013721,1
0.10064476728439,0.098304711282253,-0.0008552297949791,1
-0.0083815455436707,0.23862554877996,0.081430710852146,1
-0.012452721595764,0.16275107115507,0.0095892176032066,1
-0.102259516716,0.098198361694813,0.0028846189379692,1
0.016543686389923,0.14160171896219,-0.069861806929111,1
-0.0048896074295044,0.25669672340155,0.032174825668335,1
-0.0031769871711731,-0.05151753872633,-0.0044991821050644,1
0.053966343402863,0.048418901860714,0.0013130456209183,1
0.072812736034393,0.15387042611837,0.051916018128395,1
-0.08993062376976,0.20899864286184,0.054272085428238,1
-0.19264158606529,0.05496770888567,0.14925796538591,1
-0.15318796038628,-0.064996644854546,0.038147814571857,1
-0.21629226207733,0.032780490815639,0.040864340960979,1
-0.13043540716171,-0.061735633760691,0.056311942636967,1
0.022501409053802,-0.21161616593599,0.17408452183008,1
-0.071647852659225,-0.11106059886515,-0.011941365897655,1
-0.12308788299561,0.16102459281683,0.0084887370467186,1
-0.052446246147156,0.12552689760923,-0.092136405408382,1
-0.021813690662384,-0.033512756228447,-0.0023606047034264,1
-0.048216640949249,-0.0070575624704361,-0.010379754006863,1
-0.058546781539917,-0.14701441675425,-0.022741109132767,1
-0.19445037841797,-0.0053179860115051,-0.042792804539204,1
0.11351710557938,-0.12192658893764,0.0074247196316719,1
0.15667676925659,0.22191079705954,-0.010978542268276,1
0.056240200996399,-0.10227240109816,-0.071947194635868,1
-0.09910786151886,0.086020402610302,-0.068071775138378,1
-0.038039922714233,0.11352368444204,-0.04171184450388,1
-0.19336196780205,-0.03133375197649,0.16600624471903,1
-0.079446732997894,0.15608122199774,-0.098603151738644,0
-0.050079941749573,-0.024125829339027,-0.0030229315161705,1
0.13706511259079,0.2368346080184,0.08845866471529,1
-0.10479092597961,-0.09948365407763,0.047576598823071,1
-0.046358525753021,0.061989642679691,-0.054410897195339,1
-0.08397451043129,-0.26518229395151,-0.028287298977375,1
0.08549427986145,0.1364187374711,-0.039570815861225,1
-0.009105920791626,-0.076990613713861,0.018341407179832,1
0.12783282995224,0.1043061837554,-0.075413770973682,1
-0.17101633548737,0.0019312277436256,0.044847302138805,1
-0.19206303358078,-0.035919353365898,0.14439030736685,1
-0.064632743597031,0.12195480614901,-0.0016827955842018,1
-0.084498822689056,-0.13797975704074,-0.097624704241753,1
0.13250547647476,-0.15371997654438,-0.026137508451939,1
-0.15216055512428,-0.11490112263709,-0.040434472262859,1
-0.026314616203308,0.11465098708868,-0.0089859291911125,1
0.071244180202484,-0.051715493202209,-0.022094212472439,1
0.093421280384064,0.23973333090544,0.0104069262743,1
-0.081851035356522,0.14305540174246,-0.022964291274548,1
-0.10034304857254,-0.11548813059926,-0.049070440232754,1
0.071796059608459,0.096755318343639,-0.053773447871208,1
-0.048782110214233,-0.062790643423796,-0.023066751658916,1
-0.22326958179474,-0.042525127530098,0.043098948895931,1
-0.09377732872963,-0.25066540390253,0.062198676168919,1
-0.010194480419159,0.071179069578648,0.0068520680069923,1
-0.11026811599731,0.038779757916927,-0.003838948905468,1
0.14663416147232,-0.17413210123777,0.15244483202696,1
0.10049873590469,0.23170890659094,0.092912442982197,1
-0.1019740998745,-0.016360893845558,-0.014427788555622,1
-0.10298877954483,0.16733338683844,0.0021378770470619,1
-0.088848382234573,-0.10755074163899,0.020065315067768,1
-0.18434652686119,0.096101753413677,0.099898479878902,1
-0.15294897556305,0.0035888403654099,0.034996680915356,1
0.10657316446304,-0.15309242159128,0.048940181732178,1
-0.16548421978951,-0.11831882409751,-0.022425472736359,1
-0.11815387010574,0.072035990655422,0.049528919160366,1
-0.031878173351288,0.035334132611752,-0.007204957306385,1
-0.050200581550598,-0.091460944153368,-0.070448495447636,1
0.13986325263977,0.16572084277868,0.035962082445621,1
0.070537805557251,0.1865373775363,-0.027330256998539,1
-0.12282091379166,-0.0053568035364151,0.032477386295795,1
-0.014000058174133,0.13405581563711,-0.085487730801105,1
-0.046403706073761,0.057955510914326,-0.037947304546833,1
-0.039462387561798,0.034190155565739,-0.0034835711121559,1
0.091127455234528,-0.22969029098749,-0.087999865412712,1
-0.073038339614868,-0.16270773857832,-0.097105741500854,1
0.068210303783417,-0.056153431534767,-0.031510882079601,1
-0.041970670223236,-0.22707775980234,-0.089332353323698,1
-0.045950949192047,-0.22442491352558,-0.080671273171902,1
0.024900734424591,0.21677120774984,-0.052119463682175,1
-0.17222547531128,0.10136293619871,0.11534801870584,1
0.052219450473785,0.26157795637846,-0.014217518270016,1
-0.056550979614258,-0.12148015387356,0.039722353219986,1
0.11205261945724,-0.11439622566104,0.02165725082159,1
-0.13726007938385,0.022210195660591,-0.06534231454134,1
-0.0056156516075134,0.065623857080936,-0.013612896203995,1
-0.039638936519623,-0.19895777106285,0.18272273987532,1
-0.030789017677307,0.14651527255774,-0.02922585606575,1
-0.040689885616302,0.038219131529331,0.0013411268591881,1
0.078731596469879,-0.097258056979626,0.0056419372558594,1
-0.19576227664948,-0.0078323930501938,0.040893219411373,1
0.092651665210724,0.2451883777976,0.11338319629431,1
0.020951986312866,-0.095762051641941,-0.06120552867651,1
-0.11688235402107,-0.028945095837116,-0.025271832942963,1
-0.0078527331352234,-0.15663835778832,0.026281014084816,1
-0.19543409347534,0.083638556301594,0.072516687214375,1
-0.12747183442116,0.14346130937338,0.1162618175149,1
-0.072035282850266,0.071085177361965,-0.018037043511868,1
-0.031760156154633,-0.05822305008769,-0.021754451096058,1
-0.0086804628372192,0.27525540441275,0.049277506768703,1
0.01800400018692,-0.16072126850486,-0.096405681222677,1
0.036681890487671,0.10666354745626,-0.071758136153221,1
0.022997677326202,-0.077155916020274,0.010897472500801,1
-0.10834246873856,0.202652387321,0.08152923732996,1
-0.081694096326828,0.18234284967184,0.066081322729588,1
-0.22927379608154,0.047478996217251,0.052383594214916,1
0.14488345384598,-0.1701480075717,0.029532141983509,1
0.11770135164261,0.097496084868908,-0.064777188003063,1
-0.074964314699173,-0.064693972468376,-0.06769847124815,1
-0.14760565757751,0.02966994792223,-0.098967537283897,1
0.012018024921417,-0.19984975457191,0.031069874763489,1
0.12033587694168,-0.25044257193804,-0.019826382398605,1
0.099556505680084,-0.2022869437933,0.0080012157559395,1
-0.12754482030869,0.070681802928448,-0.0065851435065269,1
0.030497670173645,-0.16097905859351,0.040371932089329,1
-0.13473442196846,-0.14997466653585,-0.082167021930218,1
0.19921487569809,-0.22344512492418,-0.029426135122776,1
0.088289737701416,-0.2405863776803,-0.048573032021523,1
-0.0013048648834229,0.1990549787879,0.0085680931806564,1
0.035329341888428,-0.17658647149801,0.032426312565804,1
-0.074988663196564,-0.16442813724279,0.068316549062729,1
-0.030938982963562,-0.027621954679489,-0.018633134663105,1
-0.11547014117241,-0.12581974826753,0.065590985119343,1
-0.22519707679749,0.03447038680315,-0.068011678755283,1
-0.060914039611816,0.23043965548277,0.15760333091021,1
0.001192569732666,-0.19778309762478,0.20057139545679,1
-0.032002091407776,0.20000924915075,0.19409937411547,1
0.037741422653198,0.1779268309474,-0.027802534401417,1
-0.10315492749214,-0.13318964466453,0.020795471966267,1
-0.22669407725334,0.10729383677244,0.11542323976755,1
0.10304939746857,0.189427934587,-0.069384448230267,1
-0.17667996883392,-0.068791184574366,-0.048641055822372,1
0.12018382549286,0.15740507096052,0.050846807658672,1
-0.096442461013794,0.23919930309057,0.07464561611414,1
0.11200153827667,0.19993802160025,0.065015360713005,1
0.1113412976265,-0.25619777292013,-0.042499013245106,1
-0.10002678632736,-0.11887297593057,-0.039409123361111,1
-0.13741007447243,0.1637310013175,0.1568089351058,1
-0.01241809129715,0.28652404993773,0.071192927658558,1
0.038334131240845,0.22737266868353,0.15539244562387,1
0.042562425136566,0.1298715993762,-0.011618755757809,1
0.072021067142487,-0.088835799135268,0.0066327229142189,1
0.044765949249268,0.12757072597742,-0.054032906889915,1
0.042338311672211,-0.21826934814453,0.15677637606859,1
0.063528656959534,0.10246454924345,0.018997184932232,1
-0.067803353071213,-0.14805042743683,-0.03209288418293,1
-0.060631334781647,0.029083259403706,0.021102003753185,1
-0.2128087580204,-0.12857576273382,-0.012355826795101,1
-0.062277674674988,0.13800735026598,-0.092473886907101,1
-0.18319624662399,0.15275090187788,-0.025466971099377,1
0.004861056804657,0.11622156947851,0.0020762830972672,1
-0.024471521377563,0.17631503194571,0.068309381604195,1
0.17554765939713,-0.22184838354588,0.13369553536177,1
-0.084639847278595,0.066263400018215,-0.0059899017214775,1
0.15744507312775,0.17949327081442,0.0093315541744232,1
-0.14310222864151,0.049641393125057,0.014702670276165,1
-0.12688064575195,0.034552209079266,-0.038669608533382,1
-0.10228899121284,-0.15306172147393,0.10468000918627,1
0.036186814308167,0.14826586097479,-0.092319443821907,1
0.052999079227448,-0.056479249149561,0.0012744590640068,1
0.032121181488037,0.20959546416998,0.20398730784655,1
-0.074607044458389,-0.051901690661907,-0.059181362390518,1
-0.24109387397766,0.070646218955517,0.015236668288708,1
-0.19795656204224,0.022237785160542,-0.06878974288702,1
-0.18381851911545,-0.17311715334654,0.12586466223001,1
0.055577456951141,0.071921162307262,-0.020647495985031,1
-0.11758336424828,-0.05438569188118,-0.013259090483189,1
-0.071834176778793,0.11698146909475,-0.012034229934216,1
-0.085427582263947,-0.15877520665526,0.057772308588028,1
0.023615777492523,-0.098401245893911,-0.024612747132778,1
0.083163797855377,-0.11145348474383,0.018584929406643,1
-0.22866970300674,0.010362386703491,0.15029682964087,1
0.023172616958618,0.075731121003628,-0.033639281988144,1
0.0069720149040222,-0.13805282488465,-0.051154799759388,1
-0.11130422353745,0.18342741578817,0.091244854032993,1
-0.036193132400513,-0.089443084783852,0.024848952889442,1
-0.13470676541328,-0.13696565851569,0.19431259483099,1
-0.065228819847107,0.028064392507076,0.0052026137709618,1
-0.14490708708763,-0.076370829716325,0.089317090809345,1
0.089837074279785,0.20882546156645,0.069168649613857,1
0.016103327274323,-0.16353073716164,0.050630979239941,1
0.010137379169464,-0.12784970737994,0.023194424808025,1
-0.00061094760894775,0.16917552798986,-0.044463016092777,1
-0.041994392871857,-0.10129128128756,0.020605072379112,1
0.04773885011673,-0.086920792236924,-0.0027475729584694,1
-0.056699335575104,0.0078422725200653,-0.00080981105566025,1
0.035471022129059,-0.26840224117041,0.067220069468021,1
0.058033406734467,0.23933603614569,0.14034358412027,1
0.021283030509949,-0.18751421570778,0.098345793783665,1
-0.19049414992332,0.003906138241291,0.091174699366093,1
0.03588193655014,-0.18181358277798,-0.018416710197926,1
0.05822890996933,-0.23038495332003,0.11367607861757,1
-0.015669167041779,-0.10733870789409,-0.014115236699581,1
0.017078042030334,-0.054734490811825,0.0038592517375946,1
0.023598551750183,-0.11543697025627,0.018730819225311,1
0.097882091999054,0.22244497388601,0.18478322774172,1
-0.030163526535034,0.091594688594341,0.011636190116405,1
0.07431697845459,0.095618776977062,0.017084918916225,1
-0.044551193714142,0.14139629155397,-0.046197451651096,1
-0.14401867985725,-0.01167556643486,0.049533896148205,1
-0.01930695772171,0.040135331451893,-0.004291944205761,1
0.1395777463913,0.12609388679266,0.0052885934710503,1
-0.03395801782608,0.0713746920228,-0.0056528672575951,1
-0.095730900764465,-0.12740159779787,-0.011730425059795,1
-0.068333059549332,-0.21664203703403,0.032888777554035,1
-0.21099710464478,0.083946578204632,0.082029305398464,1
0.066146671772003,-0.096180493710563,-0.06024108082056,1
0.004605233669281,-0.26092053204775,-0.076638951897621,1
0.015253961086273,-0.10975502151996,-0.011525459587574,1
-0.043540060520172,-0.21621163189411,-0.038730666041374,1
-0.17886817455292,0.011397980153561,0.045689307153225,1
-0.17116385698318,0.036879830062389,0.051424272358418,1
-0.17477509379387,-0.031716205179691,0.036237426102161,1
-0.016235291957855,0.2567799910903,-0.00017515569925308,1
0.15900087356567,-0.2330664023757,0.06986927986145,1
-0.01658684015274,0.087988220155239,0.015958413481712,1
-0.10511159896851,0.14390551298857,-0.097879357635975,0
-0.19565400481224,0.059873841702938,0.16441140323877,1
-0.18536093831062,-0.042272422462702,-0.051017805933952,1
0.098882257938385,-0.17958490550518,0.021637685596943,1
-0.14493906497955,-0.23415968567133,-0.017969317734241,1
-0.21802806854248,0.087553106248379,-0.036338999867439,1
-0.057507216930389,0.080105744302273,-0.048261307179928,1
0.10060560703278,0.094067044556141,-0.068947598338127,1
0.0083642601966858,-0.087654817849398,-0.021211050450802,1
-0.2008800804615,-0.16234881803393,0.11790383607149,1
0.047593772411346,0.18180533498526,-0.043473705649376,1
0.053021013736725,-0.1316531598568,-0.087268929928541,1
-0.087231457233429,-0.068900652229786,0.014285318553448,1
0.048051297664642,-0.2550578340888,0.15158783644438,1
-0.13206198811531,-0.031523197889328,0.05621699243784,1
0.15487462282181,0.19459249824286,0.021441258490086,1
-0.13424628973007,0.15848072618246,0.158108972013,1
0.043408215045929,0.093989856541157,-0.0089624747633934,1
-0.056553512811661,0.23180320113897,0.094316773116589,1
0.10912674665451,0.17814838141203,0.10622561722994,1
0.13098752498627,0.20873763412237,0.046588897705078,1
-0.063083052635193,-0.12561956420541,-0.059346415102482,1
-0.024457097053528,0.25036736577749,0.074985630810261,1
-0.037703692913055,-0.060251146554947,-0.0023177191615105,1
-0.17035546898842,0.16919692605734,0.10342604666948,1
-0.032299160957336,0.028307937085629,-0.016137532889843,1
0.028624355792999,-0.20398442447186,0.13311914354563,1
0.11739253997803,0.16878177970648,-0.024462588131428,1
-0.032081067562103,0.11747073382139,-0.033438540995121,1
-0.12970367074013,-0.2001861333847,0.052235648036003,1
0.1363313794136,-0.1738543882966,-0.094551600515842,1
0.11010575294495,0.11071788519621,0.0097581744194031,1
0.12185704708099,0.11837138980627,-0.030283220112324,1
0.026224851608276,-0.13579413667321,0.0068144649267197,1
0.048209130764008,-0.15327933058143,0.040710188448429,1
0.11615306138992,-0.24244106560946,0.0014208927750587,1
-0.11403053998947,0.0708192512393,-0.011697508394718,1
-0.040371119976044,-0.27141583710909,0.045180127024651,1
-0.077111691236496,-0.11042702384293,0.022453896701336,1
-0.14459928870201,0.1138831153512,-0.061169527471066,1
0.099942803382874,-0.075971329584718,0.024435333907604,1
0.0015338063240051,-0.083164464682341,0.01790813356638,1
-0.0040296316146851,0.095806591212749,-0.063755452632904,1
0.012492477893829,0.19511183351278,0.053216464817524,1
0.14461117982864,0.12423754483461,-0.013801090419292,1
-0.15031069517136,0.16711696237326,-0.026920489966869,1
-0.12699422240257,0.012413367629051,-0.043497003614902,1
0.12747597694397,0.20029731839895,0.13865805417299,1
0.014208316802979,0.25109925121069,-0.010576404631138,1
0.10565030574799,0.088347218930721,0.016093052923679,1
0.0049895644187927,-0.20771453529596,0.039792038500309,1
0.10382223129272,0.26347538083792,0.020045138895512,1
0.058983743190765,0.19268979877234,0.026157088577747,1
0.0062144994735718,-0.22731963545084,0.051051132380962,1
0.045099914073944,-0.22494566440582,-0.032222606241703,1
-0.055798530578613,-0.0024799704551697,-0.01800961047411,1
-0.044141173362732,-0.027911320328712,0.0085913464426994,1
-0.11373537778854,0.05423454195261,-0.067800961434841,1
-0.15877735614777,0.077478669583797,0.0363674685359,1
-0.1399347782135,0.08896941691637,0.064825110137463,1
0.065678834915161,0.16091578453779,-0.089193012565374,1
-0.10982376337051,-0.15042335540056,0.013662554323673,1
0.15717649459839,-0.18354443460703,0.037071622908115,1
0.15820735692978,0.22449683398008,0.069146491587162,1
-0.11113914847374,-0.10348918056116,-0.039680935442448,1
0.012767553329468,0.19135158509016,-0.069503903388977,1
-0.075130611658096,0.15602072328329,-0.037604697048664,1
-0.076503336429596,0.20540400594473,0.021761402487755,1
-0.028924107551575,0.09594751149416,-0.028571359813213,1
0.044908702373505,-0.054700054228306,0.005009688436985,1
0.076306164264679,-0.1782790645957,0.090425245463848,1
0.03063178062439,0.10169818252325,-0.014349110424519,1
-0.17982912063599,-0.027358703315258,0.063733018934727,1
-0.017502129077911,-0.12664204277098,-0.024128712713718,1
-0.057773113250732,0.10783148556948,-0.00045380741357803,1
-0.18437018990517,-0.18704722076654,-0.033674247562885,1
-0.086945831775665,0.10361347347498,-0.059340380132198,1
-0.014045417308807,-0.17551121860743,0.0090542286634445,1
-0.13042625784874,0.22450592368841,0.038732312619686,1
0.17699402570724,0.1709571108222,0.18283835798502,1
0.036113798618317,0.20738362520933,0.10737226158381,1
0.032142281532288,-0.081253645941615,0.010444782674313,1
-0.034127593040466,0.0082653388381004,-0.0086513236165047,1
0.04347962141037,-0.20667205750942,0.18635853379965,1
0.071346879005432,0.2472907230258,0.16194123774767,1
0.045408368110657,0.21275650709867,-0.0050917491316795,1
0.10374271869659,-0.17406868934631,0.066920265555382,1
-0.1118728518486,-0.038784984499216,0.034281797707081,1
0.061631500720978,-0.15650855377316,0.041475787758827,1
-0.13827577233315,-0.1538171581924,0.10468628257513,1
-0.075093567371368,-0.087628832086921,0.022684685885906,1
0.0030416250228882,0.16422345489264,-0.00026894360780716,1
0.047720015048981,-0.10040627792478,-0.015843145549297,1
0.10144108533859,0.11122066527605,-0.064499631524086,1
-0.077730983495712,0.14712373167276,0.024120099842548,1
0.0220947265625,-0.22858899086714,0.016811154782772,1
0.01050078868866,-0.098776865750551,0.013681292533875,1
-0.066732376813889,-0.095733233261853,-0.027892343699932,1
-0.1769286096096,-0.056344248354435,0.078588373959064,1
-0.10854637622833,0.044922508299351,-0.045496597886086,1
-0.0064978003501892,0.17399706691504,-0.035628527402878,1
0.0015395879745483,-0.081688864156604,-0.038414128124714,1
0.16055363416672,-0.16844207048416,-0.063674919307232,1
0.069991648197174,-0.1548383757472,0.023097142577171,1
-0.071956813335419,0.035621576011181,-0.0029543712735176,1
-0.029072701931,0.0041095688939095,-0.00057951360940933,1
-0.18120455741882,-0.084977428428829,0.061419777572155,1
0.20832407474518,-0.19416253268719,-0.026262752711773,1
-0.058563232421875,-0.21874975413084,-0.050043232738972,1
-0.20727804303169,-0.070142552256584,0.16918627172709,1
-0.060358762741089,-0.055636376142502,-0.024130471050739,1
0.019421219825745,0.14165294915438,-0.032055109739304,1
-0.082807302474976,0.11426318436861,-0.025443322956562,1
-0.096879184246063,-0.00516477227211,-0.017388172447681,1
-0.041219830513,-0.068116925656796,-0.01660268753767,1
-0.12849354743958,-0.033074334263802,-0.05532032251358,1
-0.11936616897583,0.15460174530745,0.071089662611485,1
0.0054457783699036,-0.076320501044393,-0.00081906467676163,1
-0.035648167133331,0.25535257905722,0.028770424425602,1
-0.040380239486694,0.17268063873053,-0.070045538246632,1
0.01442015171051,0.10768464952707,-0.01619129627943,1
-0.1460140645504,-0.18461285531521,0.077381871640682,1
0.010845720767975,0.089689128100872,-0.03739333152771,1
0.099409520626068,0.13637293130159,-0.045880757272243,1
-0.0090188384056091,-0.12861145846546,-0.010264456272125,1
-0.12728071212769,0.085062898695469,0.048297099769115,1
0.11116653680801,-0.13221663981676,0.0043481513857841,1
-0.18005990982056,0.073010481894016,0.12397470325232,1
-0.086486756801605,0.095417253673077,0.0062522515654564,1
-0.070540368556976,0.012794457376003,0.0057991519570351,1
0.046042859554291,-0.21338020265102,0.063460968434811,1
0.02825528383255,-0.069446701556444,0.0070528760552406,1
-0.01331752538681,-0.095002919901162,-0.038442522287369,1
0.022395133972168,-0.11046330817044,-0.054433211684227,1
0.0061219334602356,-0.19979017227888,-0.085213899612427,1
0.073579728603363,-0.088019561953843,0.0046374946832657,1
-0.21489715576172,0.10986705869436,-0.017159350216389,1
-0.044923543930054,0.22944047302008,-0.015221692621708,1
-0.15313798189163,-0.010105669498444,0.0021394416689873,1
0.00027215480804443,0.078442387282848,0.012909233570099,1
0.081978261470795,0.27208765596151,0.0024745389819145,1
-0.12090307474136,-0.00082574784755707,0.0082086697220802,1
0.057191491127014,0.20304807275534,0.16433929651976,1
-0.17644041776657,-0.14914018660784,0.15471109002829,1
-0.22884282469749,-0.095584922004491,-0.028225973248482,1
-0.041276156902313,-0.055218335241079,-0.0091363713145256,1
0.025958120822906,-0.076721210032701,-0.03291579335928,1
-0.18992176651955,0.008575975894928,0.052716799080372,1
0.02450954914093,-0.13547071442008,-0.07213232666254,1
0.11012417078018,0.24046572297812,-0.087650071829557,1
-0.064937025308609,-0.19065093249083,0.10326642543077,1
-0.0023590922355652,0.23118158429861,0.15547911077738,1
-0.017497658729553,0.20325722545385,0.05246164649725,1
0.19215220212936,0.21942331641912,-0.029753990471363,1
-0.027666568756104,0.07920990139246,0.020016811788082,1
-0.1169870197773,-0.20052099972963,0.10361189395189,1
0.10956239700317,-0.18978836387396,0.022920198738575,1
-0.020113050937653,-0.095863389316946,0.020552232861519,1
0.060138523578644,0.13551259785891,0.030416660010815,1
-0.055864274501801,0.0076076164841652,-0.0071029290556908,1
0.037058234214783,-0.10174615681171,0.02052316814661,1
0.18051356077194,-0.22020331025124,-0.0038073435425758,1
-0.15667885541916,0.083630062639713,0.052929259836674,1
-0.095425814390182,-0.11681570485234,-0.014918826520443,1
0.021931290626526,-0.087395516224205,0.0070211067795753,1
-0.18502834439278,0.0090756863355637,0.1907038167119,1
0.066343724727631,0.17203833907843,-0.065279044210911,1
0.054617047309875,-0.086631025187671,-0.020993195474148,1
-0.19632178544998,-0.044330801814795,0.078365750610828,1
-0.11849480867386,0.060067005455494,-0.034867122769356,1
-0.048818826675415,0.19080515950918,0.013245537877083,1
-0.054453015327454,-0.1907474398613,-0.056176394224167,1
-0.096064954996109,-0.00027093291282654,0.01949068158865,1
-0.040690302848816,-0.045010965317488,-0.016057275235653,1
-0.13345417380333,-0.13593569397926,-0.0065108463168144,1
0.11768966913223,-0.19316923618317,0.16322172433138,1
-0.056218296289444,-0.14110424369574,-0.067971304059029,1
-0.087651312351227,-0.16013531759381,0.11939906328917,1
-0.24030831456184,0.088854156434536,0.0021428838372231,1
-0.076760858297348,0.08339399844408,-0.04846803098917,1
0.049577653408051,-0.20984194427729,0.049605913460255,1
-0.12350797653198,0.06191248446703,0.057499460875988,1
-0.10347744822502,-0.14822821319103,0.093501277267933,1
-0.055415660142899,0.094156511127949,-0.035445012152195,1
-0.050347119569778,0.15208043903112,-0.060825608670712,1
-0.055187076330185,-0.094428719952703,-0.025756239891052,1
0.090946435928345,-0.2493042126298,0.10997069627047,1
-0.14379286766052,0.18926396220922,0.1524900868535,1
-0.063256025314331,0.016458548605442,-0.010005004703999,1
-0.2196701169014,0.02327336370945,0.15132235735655,1
-0.24345004558563,0.096316643059254,-0.0041646882891655,1
0.075341880321503,-0.050439614802599,-0.0027093216776848,1
0.037883639335632,0.24412348121405,0.13731346279383,1
0.18105298280716,-0.1638180539012,0.082511134445667,1
-0.022711455821991,0.029182292521,-0.0026720389723778,1
0.051936447620392,-0.27304214984179,-0.056706622242928,1
-0.067294865846634,0.1824488863349,0.11761847883463,1
-0.17404094338417,-0.033307723701,0.085963658988476,1
-0.22638601064682,0.00099150091409683,0.041175819933414,1
-0.047283709049225,-0.16747900098562,-0.076999090611935,1
-0.11261969804764,0.15347426384687,0.037232629954815,1
-0.1716083586216,-0.12658447772264,0.14558929949999,1
0.073271691799164,-0.22492093592882,0.068677730858326,1
0.11261737346649,0.12933837622404,-0.07941447198391,1
-0.030969798564911,0.20335152000189,-0.097194723784924,1
0.036513328552246,0.10120729357004,-0.019427813589573,1
0.025840580463409,0.061242796480656,-0.0061659067869186,1
-0.18642103672028,0.18952634185553,0.029816962778568,1
-0.023087203502655,0.20235481113195,-0.034598246216774,1
0.16687721014023,-0.16707198321819,-0.023304127156734,1
-0.022906720638275,-0.069327460601926,-0.0077057555317879,1
-0.22462666034698,-0.031582288444042,0.020389057695866,1
-0.04157680273056,-0.18115220963955,0.080732069909573,1
0.0088905692100525,0.28490405529737,-0.036973275244236,1
-0.10746777057648,-0.11816955916584,0.0052988305687904,1
-0.0056015253067017,-0.27620632201433,0.049894712865353,1
0.083919584751129,-0.16437358409166,-0.072188936173916,1
-0.15486493706703,0.12364523857832,0.018480814993382,1
0.08935683965683,0.22213911265135,0.14332810789347,1
-0.086478471755981,0.09115194529295,-0.086396165192127,1
-0.070831477642059,0.2044238075614,0.054630145430565,1
-0.038929641246796,0.032361127436161,-0.0055834427475929,1
0.080724775791168,-0.13987635076046,0.031884416937828,1
0.062322199344635,0.10505030304193,-0.061661921441555,1
0.16373139619827,-0.17768801003695,0.14383187144995,1
-0.036235213279724,-0.01071722060442,-0.0039295628666878,1
-0.1088379919529,-0.21035382896662,0.12879043072462,1
0.042205452919006,-0.23177310079336,0.010825335979462,1
0.13922053575516,-0.25469300895929,-0.041434355080128,1
-0.02046400308609,0.27032231539488,-0.013925291597843,1
0.093883454799652,-0.17603711038828,-0.0056107863783836,1
0.015639185905457,-0.1690429225564,0.044541984796524,1
-0.12840062379837,0.069872818887234,0.062531493604183,1
-0.07741305232048,-0.12009583972394,-0.083571836352348,1
0.06445574760437,-0.19642278552055,0.059982046484947,1
0.026106297969818,-0.21698596328497,0.1821176186204,1
-0.020088732242584,-0.079399628564715,-0.037311926484108,1
-0.051130026578903,-0.15296118706465,-0.056800037622452,1
-0.081470996141434,-0.20203676819801,0.025506012141705,1
-0.12026029825211,-0.14331602677703,0.20499796420336,1
0.11900728940964,-0.24249801784754,0.016271702945232,1
0.1144323348999,-0.17848137021065,-0.07061281055212,1
0.1339852809906,0.23779543489218,-0.081875674426556,1
0.097064733505249,-0.17159930616617,0.060584083199501,1
0.041537404060364,-0.23474173992872,-0.025198131799698,1
-0.15018513798714,0.13275661319494,-0.089145995676517,1
-0.014368534088135,-0.19660461694002,0.078521944582462,1
-0.092948138713837,0.21461778134108,0.064826957881451,1
-0.17403054237366,-0.06859590485692,0.090869374573231,1
-0.19220060110092,0.13150284439325,0.10898067802191,1
-0.054938197135925,0.17399691790342,-0.082187242805958,1
-0.17112776637077,0.10830918699503,-0.023269511759281,1
-0.031861126422882,0.17981585115194,-0.034500792622566,1
0.089326739311218,0.13199161738157,-0.032271839678288,1
-0.23469346761703,-0.041551969945431,0.027699805796146,1
-0.26355355978012,0.021394424140453,0.081725217401981,1
-0.10158249735832,-0.22999233752489,0.071718864142895,1
-0.21199324727058,-0.12532883696258,0.032825641334057,1
-0.12961605191231,-0.21788654476404,-0.059563711285591,1
-0.21988347172737,-0.032492101192474,-0.075096793472767,1
-0.20647275447845,-0.096836021402851,0.1571551784873,1
0.019607424736023,-0.14126720279455,-0.0073263868689537,1
-0.040888488292694,-0.094836717937142,-0.031128324568272,1
0.091988503932953,-0.08423194475472,0.012396521866322,1
0.11410874128342,-0.23157570511103,0.1551882699132,1
-0.076318830251694,-0.051881179213524,-0.010833583772182,1
-0.015198171138763,-0.053154099732637,-0.00388453155756,1
0.0066525340080261,-0.078826317563653,0.013600595295429,1
-0.16824468970299,0.13128111511469,0.085107751190662,1
-0.037595450878143,-0.041534200310707,-0.0013867393136024,1
-0.010492563247681,0.22394701093435,0.1635369732976,1
0.087991416454315,0.063771344721317,0.0049988701939583,1
-0.14756092429161,-0.11959719285369,-0.033113025128841,1
0.14517843723297,0.16706808656454,0.055493481457233,1
0.052038133144379,-0.070020422339439,-0.0070466548204422,1
0.073876917362213,0.21687009185553,0.1246920004487,1
-0.17173251509666,0.012987360358238,-0.033900134265423,1
-0.019574165344238,0.099145598709583,-0.0050780549645424,1
0.10567128658295,0.1728628501296,0.078748561441898,1
0.094781756401062,0.076926253736019,-0.04231483489275,1
0.19148886203766,0.22751911729574,-0.045756176114082,1
-0.042618155479431,-0.10863611940295,-0.023737639188766,1
-0.20182144641876,0.023351170122623,-0.010559938848019,1
0.1110947728157,-0.27212435752153,-0.039525240659714,1
0.024840712547302,-0.088387998752296,-0.036255240440369,1
-0.094599276781082,0.095613099634647,-0.025942035019398,1
-0.13442343473434,-0.030585892498493,0.020352475345135,1
-0.069416105747223,0.088083125650883,0.02818302065134,1
-0.028577625751495,0.049939684569836,-0.010581217706203,1
-0.076490104198456,0.047347567975521,0.0072059705853462,1
-0.0048427581787109,0.14556881040335,0.02184983342886,1
0.18822991847992,0.16362350434065,0.022953532636166,1
0.051422655582428,0.12734246999025,-0.062441118061543,1
0.10369020700455,-0.26318744570017,0.072219707071781,1
-0.10896909236908,-0.06236532330513,0.020979784429073,1
0.0029142498970032,0.0705860927701,-0.037455514073372,1
-0.13784521818161,-0.17587618529797,-0.038920186460018,1
-0.063809305429459,-0.12911431491375,-0.086512506008148,1
0.15533185005188,0.14726466685534,-0.0046380832791328,1
0.031472563743591,0.2132321819663,-0.043240159749985,1
-0.16286039352417,0.050624273717403,-0.0048191770911217,1
-0.1425359249115,0.13370407372713,0.17563406378031,1
-0.18362557888031,0.14348190277815,0.034557737410069,1
-0.062752336263657,0.22841956466436,0.093851305544376,1
0.079889953136444,0.19770541042089,-0.064036756753922,1
-0.0358607172966,-0.22423499077559,0.088186629116535,1
-0.00016611814498901,-0.22595394402742,-0.033706806600094,1
-0.054665178060532,-0.08072510547936,-0.014739103615284,1
-0.11048722267151,0.22080566734076,0.047407083213329,1
0.037773966789246,0.058586739003658,-0.0069313868880272,1
0.14879930019379,0.26416295021772,0.056617930531502,1
-0.13288009166718,0.15563800185919,0.10650261491537,1
0.012874722480774,-0.23352291435003,0.050605855882168,1
0.068026065826416,0.11239966005087,0.010891489684582,1
0.11686235666275,0.19031246751547,-0.034426964819431,1
-0.11759263277054,0.15173985809088,0.18216217309237,1
-0.19286987185478,0.0029771327972412,-0.060175649821758,1
0.077866673469543,-0.21925281733274,0.16051734238863,1
0.055022478103638,-0.091668410226703,-0.037289030849934,1
-0.060740113258362,-0.22596115618944,-0.031643144786358,1
0.04563170671463,-0.065805710852146,-0.023501202464104,1
0.0098420977592468,-0.10660360148177,-0.06903750449419,1
-0.13454777002335,-0.12080216407776,0.2181006744504,1
-0.11031129956245,0.14504861086607,-0.079958863556385,0
-0.050001591444016,-0.032964922487736,0.001864455640316,1
-0.01051390171051,0.076850317418575,-0.010208517313004,1
0.039391577243805,-0.062718670815229,-0.0028296932578087,1
-0.26474785804749,-0.036628283560276,0.068553797900677,1
-0.1124461889267,-0.093604760244489,-0.071565933525562,1
0.14224278926849,0.20314969867468,0.071000374853611,1
-0.030481040477753,-0.27496042102575,0.094878487288952,1
-0.059760093688965,-0.031085714697838,0.015283517539501,1
0.050276935100555,-0.07228890620172,-0.021844670176506,1
0.075280487537384,0.093617521226406,-0.044625744223595,1
-0.058721005916595,0.1048785969615,-0.065244741737843,1
-0.11564734578133,-0.20052309334278,0.073068536818027,1
-0.23380064964294,-0.07934301905334,-0.061952814459801,1
0.0056065917015076,-0.25724614411592,0.084780909121037,1
0.12128394842148,-0.18246795982122,0.16807416826487,1
-0.060583293437958,0.07763359695673,0.018466629087925,1
-0.17833238840103,0.1153996810317,0.033092252910137,1
-0.20757949352264,-0.061441712081432,-0.0076777115464211,1
-0.22660255432129,0.11963779479265,0.075535736978054,1
-0.23709273338318,0.045238055288792,0.11338623613119,1
-0.0093626976013184,0.18195965141058,0.075251765549183,1
0.0063531994819641,0.27574064582586,-0.031470231711864,1
-0.086127519607544,-0.041338000446558,-0.0060983970761299,1
-0.14052259922028,0.12695049494505,0.13839180022478,1
-0.047258198261261,-0.088919328525662,0.013460628688335,1
-0.16068935394287,-0.063538562506437,0.066143848001957,1
0.027778923511505,-0.088489701040089,-0.024322666227818,1
0.13562971353531,0.20515280216932,-0.086434096097946,1
-0.010715126991272,-0.058666694909334,-0.00042999535799026,1
0.014720261096954,0.09019597619772,0.02009155601263,1
-0.2023501098156,-0.0018018260598183,-0.02573648840189,1
-0.043497800827026,0.14851436764002,-0.04397764056921,1
0.1234273314476,-0.11443445459008,-0.013318933546543,1
0.073846757411957,0.13664760440588,-0.04638184607029,1
0.097310125827789,-0.12238050438464,0.018629685044289,1
-0.0040755867958069,-0.097070701420307,-0.056629098951817,1
0.16196262836456,-0.23587239533663,0.092199720442295,1
-0.036186039447784,-0.086294008418918,-0.0091284066438675,1
0.13360053300858,-0.11705685593188,-0.055123336613178,1
0.05087274312973,-0.12865422293544,-0.032456763088703,1
0.12387108802795,0.2540073916316,0.00385382771492,1
0.10513269901276,0.2006401643157,-0.082002751529217,1
0.054832875728607,-0.22967080026865,-0.089816860854626,1
-0.025855600833893,0.22641357034445,-0.055984854698181,1
0.13590240478516,0.19781690090895,0.14827761799097,1
0.084474146366119,-0.23536107689142,0.13154339045286,1
-0.096639037132263,-0.18945801258087,-0.051599085330963,1
0.05663013458252,-0.23883420974016,-0.0019751414656639,1
-0.19714146852493,-0.13601625338197,0.12246675044298,1
0.098925769329071,0.1364638581872,-0.0016878545284271,1
0.090964257717133,0.076882563531399,-0.0054924264550209,1
0.070465624332428,-0.2792648896575,0.090685211122036,1
0.011199951171875,-0.28815422207117,0.089653037488461,1
-0.069576442241669,0.11392734199762,0.031027771532536,1
0.15352392196655,-0.20000778138638,0.14872152358294,1
0.012651085853577,0.1614601239562,0.0053919777274132,1
-0.10122376680374,-0.0097305551171303,-0.00050201267004013,1
0.072232306003571,-0.19715265184641,0.072577930986881,1
0.049002826213837,-0.25335269421339,0.087240822613239,1
-0.16561898589134,-0.063596453517675,0.075873352587223,1
0.17014759778976,-0.16792706400156,0.038563780486584,1
0.15783095359802,0.22901400178671,-0.064121730625629,1
-0.12208810448647,-0.12570974230766,0.055163748562336,1
-0.092866510152817,0.066867835819721,0.032342843711376,1
0.18521952629089,0.19309800118208,0.13989128917456,1
0.084598958492279,-0.1213277541101,-0.0005786195397377,1
-0.14571350812912,0.063963942229748,0.037365473806858,1
-0.087597519159317,-0.01233759522438,-0.028409041464329,1
0.1006178855896,-0.23952651768923,0.076194085180759,1
-0.088174015283585,-0.026952378451824,0.014500923454762,1
0.065088450908661,0.27035366743803,0.0254782512784,1
0.15805751085281,0.18626167625189,0.19018236547709,1
-0.19552066922188,0.090019561350346,0.057619147002697,1
-0.090340346097946,-0.011422023177147,0.0092422589659691,1
-0.16494256258011,0.0988365188241,-0.034152768552303,1
-0.10593295097351,-0.099788050516509,-0.0033563151955605,1
-0.1632376909256,0.06843177229166,0.19598809629679,1
0.20386582612991,-0.18871861696243,0.14471896737814,1
-0.16965103149414,-0.065434698015451,0.099752508103848,1
0.015883266925812,0.056660331785679,-0.0074329450726509,1
0.0083986520767212,0.20326518267393,0.13316216319799,1
-0.23600620031357,0.057666458189487,0.065289802849293,1
0.013217449188232,0.070292465388775,-0.03204233944416,1
-0.081812769174576,-0.26844085007906,0.025532387197018,1
0.057634115219116,0.12651681154966,-0.0067991241812706,1
-0.04230147600174,0.10195685178041,-0.02815467864275,1
0.060477316379547,-0.13404617458582,0.042067997157574,1
-0.20096528530121,0.029765732586384,-0.030611842870712,1
-0.070231854915619,0.056599251925945,0.0124816223979,1
0.027243793010712,0.2648431584239,0.12818948179483,1
0.042702257633209,-0.08831141423434,0.019599951803684,1
-0.053553700447083,0.18326159566641,-0.0090930759906769,1
0.057697951793671,-0.11929959990084,0.0084919407963753,1
-0.038097560405731,0.12147761136293,-0.033970221877098,1
0.085369050502777,-0.17110221087933,0.0059291273355484,1
-0.044069707393646,-0.19677303731441,0.17595424503088,1
0.076066613197327,-0.071139795705676,-0.021778114140034,1
-0.048172175884247,-0.19246777892113,0.18757570534945,1
-0.15610945224762,-0.081446897238493,-0.08185975253582,1
-0.17706751823425,-0.20097095519304,-0.013147659599781,1
0.044358611106873,-0.17882794886827,-0.033499054610729,1
-0.10001045465469,0.21215900033712,0.12381925433874,1
-0.14918732643127,0.063609637320042,-0.067992188036442,1
-0.085922449827194,-0.18576925992966,-0.039312891662121,1
-0.18186038732529,0.10142382234335,0.0043272599577904,1
-0.044578611850739,0.036345057189465,-0.029905140399933,1
0.087390601634979,-0.1987316980958,-0.045877888798714,1
0.039717018604279,-0.1068977243267,-0.011915020644665,1
-0.079935729503632,0.24899777024984,-0.014913477003574,1
-0.11005657911301,-0.2338353022933,0.066551014780998,1
-0.080919802188873,0.043739177286625,-0.044668987393379,1
0.010372519493103,-0.13163213431835,-0.022843174636364,1
0.061628699302673,0.24511577934027,0.13582686334848,1
-0.071746945381165,0.0037839189171791,-0.021675758063793,1
-0.14607807993889,-0.13211027160287,0.11952035874128,1
0.0750373005867,-0.071154870092869,-0.044186808168888,1
-0.033892214298248,0.041147001087666,-0.0052928701043129,1
0.045048773288727,-0.23739960044622,-0.079066701233387,1
-0.11734598875046,0.083276160061359,0.0024596676230431,1
0.12280732393265,-0.19642823934555,0.11845722049475,1
-0.026781857013702,-0.08557515591383,-0.015691891312599,1
-0.092339843511581,0.21192505210638,-0.092482157051563,0
0.05681985616684,-0.05512573197484,-0.014135472476482,1
-0.14397889375687,0.02982335537672,-0.056976422667503,1
-0.047830700874329,0.038040138781071,-0.026797883212566,1
-0.17696017026901,-0.064562793821096,0.20618457347155,1
0.059684157371521,0.22333466261625,0.071264959871769,1
0.066614210605621,-0.24433671683073,0.056767508387566,1
0.030658364295959,-0.087375295348465,-0.044305637478828,1
0.055268585681915,-0.087735217995942,-0.0076306387782097,1
0.0095996856689453,0.107730679214,0.0071616917848587,1
0.063387751579285,-0.088967390358448,-0.05730813741684,1
0.035847246646881,0.083016537129879,0.0038710758090019,1
-0.080948233604431,-0.10044535720954,0.0082624927163124,1
0.029238879680634,-0.1701782271266,-0.015456676483154,1
-0.065592885017395,-0.088200058788061,-0.050293289124966,1
-0.1776987016201,-0.078460684046149,0.12923020869493,1
0.13670885562897,0.2555218860507,-0.042908430099487,1
-0.0079821944236755,0.23337375372648,-0.00068793445825577,1
0.025239646434784,-0.15047979354858,-0.030507802963257,1
-0.083964079618454,0.2187140211463,0.16739258915186,1
-0.0025291442871094,0.066523738205433,-0.0098025277256966,1
-0.095964729785919,0.02154927700758,-0.015893258154392,1
0.1887674331665,-0.24229831248522,0.0023875907063484,1
-0.13123601675034,0.011878080666065,0.014116443693638,1
0.13612937927246,0.17882453650236,0.040811955928802,1
-0.052166640758514,-0.0070575326681137,0.008811317384243,1
0.035900771617889,0.085814319550991,0.0057316869497299,1
0.005635678768158,0.22621264308691,0.11656782776117,1
0.031286895275116,0.15909116715193,-0.076513886451721,1
-0.1316833794117,-0.13290459662676,0.037871427834034,1
0.0052798390388489,-0.071774190291762,0.007679358124733,1
-0.2253475189209,-0.017687313258648,-0.050291575491428,1
0.13766831159592,-0.23245925456285,0.034577868878841,1
0.15542370080948,0.15629186481237,0.21185118705034,1
0.061190247535706,-0.056069999933243,-0.0016289576888084,1
-0.1811235845089,-0.12231566756964,-0.038589142262936,1
0.044988691806793,0.087054945528507,0.004630945622921,1
0.10081452131271,-0.16178963705897,-0.0068447217345238,1
0.0011882781982422,0.19629099220037,0.20984304696321,1
-0.18308717012405,-0.065391913056374,0.16000016778708,1
0.091186881065369,-0.12073012441397,-0.012753628194332,1
0.027049005031586,0.086539439857006,0.0012736469507217,1
0.12968283891678,-0.13903484866023,-0.043154247105122,1
-0.0085073113441467,-0.056264210492373,0.00024440139532089,1
-0.12640374898911,-0.0096641033887863,0.023035116493702,1
0.11652767658234,-0.14332428947091,-0.07881336659193,1
-0.074348956346512,0.075292654335499,0.01977314800024,1
-0.07517871260643,0.0064320415258408,0.022536553442478,1
0.099254429340363,-0.082716081291437,-0.0036271438002586,1
-0.031391203403473,0.28164269775152,0.0020067468285561,1
-0.10270968079567,-0.073567667976022,0.035762779414654,1
0.087217271327972,-0.12406533583999,-0.050000607967377,1
-0.048377871513367,-0.027759119868279,0.013029076159,1
0.10331922769547,-0.22660482674837,-0.067525714635849,1
0.13564652204514,0.2527873441577,-0.0041007995605469,1
-0.14056420326233,-0.1262040194124,-0.037921063601971,1
0.087017178535461,0.089757017791271,-0.025225311517715,1
0.15649491548538,0.18570142239332,-0.042634449899197,1
-0.0538569688797,0.015243463218212,-0.0079330280423164,1
0.051459491252899,-0.1093165948987,-0.035427577793598,1
-0.04521244764328,-0.11477407440543,-0.0061756297945976,1
-0.19361701607704,-0.12885566055775,0.074214465916157,1
0.18433326482773,-0.19741102308035,-0.026967637240887,1
0.16369372606277,-0.16746713221073,0.055952958762646,1
0.014366865158081,0.084202043712139,0.0030808672308922,1
0.12108999490738,-0.25553642958403,-0.059562519192696,1
-0.0028245449066162,-0.23318362981081,0.020309016108513,1
-0.18369603157043,-0.08271368034184,0.1681649312377,1
-0.077550113201141,-0.18235069513321,0.065485157072544,1
-0.028871953487396,-0.26395941525698,-0.019433125853539,1
0.15073376893997,-0.22269640117884,0.14814851433039,1
0.042168796062469,-0.19818432629108,0.10391698032618,1
-0.061369001865387,-0.045005086809397,0.0033713653683662,1
0.10012036561966,0.1743134483695,0.043250344693661,1
-0.015628516674042,-0.062171962112188,-0.029687784612179,1
-0.12714207172394,0.063967846333981,0.013737358152866,1
0.063645243644714,0.17899491637945,-0.029540285468102,1
-0.2012146115303,0.18728192895651,0.017378188669682,1
-0.068407535552979,-0.062736161053181,0.024495340883732,1
0.09212589263916,0.097549550235271,0.020187944173813,1
-0.12498295307159,-0.19854217767715,-0.022514566779137,1
0.037769377231598,-0.088883649557829,-0.019953109323978,1
-0.048812687397003,-0.10265207127668,0.025064662098885,1
0.17456775903702,-0.16796185821295,0.042503349483013,1
-0.062040060758591,-0.18325486779213,-0.0085168108344078,1
0.050451457500458,-0.16826952248812,-0.028321154415607,1
0.064265310764313,0.064784161746502,-0.00022356957197189,1
-0.080235958099365,-0.018801890313625,-0.060620322823524,1
-0.031754612922668,-0.10963598079979,-0.015254341065884,1
-0.18155291676521,-0.043838366866112,-0.035733550786972,1
-0.071838557720184,0.24910142272711,0.10751015692949,1
-0.15162107348442,0.13879329711199,0.071654312312603,1
0.030840873718262,0.077728487551212,0.011676721274853,1
0.042355477809906,0.086502961814404,-0.0322300568223,1
0.13140434026718,0.21981816738844,-0.030543483793736,1
0.009818434715271,-0.23236287385225,0.10860284417868,1
-0.20303401350975,-0.023540318012238,0.18970472365618,1
-0.20168140530586,-0.056097887456417,0.11493141204119,1
0.13661330938339,0.13885339349508,0.055887579917908,1
-0.14899891614914,0.15019767731428,-0.040522240102291,1
-0.08550813794136,-0.099876957072411,-0.053622029721737,1
0.094991981983185,0.1919916793704,0.16915941983461,1
0.049490094184875,0.10134405642748,0.015814147889614,1
-0.067682772874832,-0.021663069725037,0.021557487547398,1
-0.10910284519196,0.12620655447245,-0.0038156434893608,1
-0.20753982663155,-0.11877240426838,-0.063417129218578,1
0.11900866031647,0.18937971442938,0.20134691148996,1
-0.020457148551941,0.20583184808493,-0.082944348454475,1
0.093699634075165,-0.07321553491056,-0.01954447478056,1
-0.17279988527298,-0.051194705069065,0.20589960366488,1
0.066939294338226,0.11335220187902,-0.079200528562069,1
0.052541732788086,0.20350592583418,0.014763362705708,1
-0.047327637672424,-0.011514142155647,-0.025054529309273,1
0.099265933036804,0.094940669834614,0.029579199850559,1
0.15158796310425,-0.22406484931707,0.084586896002293,1
0.091254532337189,0.16856595128775,0.062542028725147,1
-0.20647606253624,0.011283837258816,0.036552004516125,1
0.15668147802353,-0.18765680491924,0.11284550279379,1
0.0500568151474,0.13330484181643,0.015344262123108,1
-0.1546550989151,0.026025526225567,-0.092438500374556,1
-0.23166769742966,-0.067304950207472,0.10450784116983,1
-0.10800883173943,-0.069889962673187,0.048491097986698,1
-0.022481679916382,0.061477340757847,0.0037342235445976,1
0.20612776279449,0.18248929828405,0.14050357788801,1
0.1877526640892,-0.18635725229979,0.11603433638811,1
-0.11604630947113,-0.0050570443272591,-0.049278855323792,1
0.038719892501831,-0.073147239163518,-0.028407134115696,1
-0.079773932695389,-0.17269947379827,-0.00025341659784317,1
-0.1590194106102,0.16125469654799,-0.049868635833263,1
-0.17294836044312,-0.13419595360756,0.11789304763079,1
0.037602305412292,-0.082817409187555,-0.025019355118275,1
0.048054039478302,-0.1950571089983,0.029837541282177,1
0.020282089710236,0.18294414132833,-0.016474597156048,1
-0.077936887741089,0.070517487823963,0.029061742126942,1
-0.19998097419739,0.044120170176029,0.060301952064037,1
-0.069718360900879,0.079548053443432,-0.005218394100666,1
-0.0050888657569885,-0.087117596529424,-0.045779995620251,1
-0.070147186517715,0.070679120719433,0.023970432579517,1
-0.15239137411118,0.093744851648808,0.018536038696766,1
-0.16788101196289,-0.086151557974517,0.1777381375432,1
0.14142858982086,0.14128714054823,0.0001906231045723,1
-0.013312220573425,0.19848491996527,0.13007570058107,1
-0.052044957876205,-0.024443529546261,-0.014741234481335,1
0.082381129264832,0.08124864846468,-0.022621251642704,1
-0.12592512369156,0.12250677496195,0.11378888040781,1
-0.16631120443344,0.075762920081615,0.022373653948307,1
0.14273798465729,-0.21354942023754,-0.038100332021713,1
-0.13237091898918,0.20832046121359,0.14858338981867,1
0.11817371845245,-0.19029372930527,-0.066080056130886,1
-0.19988843798637,0.021907679736614,-0.019205339252949,1
-0.024921238422394,0.061923168599606,-0.018521510064602,1
-0.19597810506821,-0.020503245294094,0.04273284226656,1
-0.070897698402405,0.19145586341619,-0.025314964354038,1
-0.1307755112648,0.025201044976711,0.018050037324429,1
-0.13386863470078,-0.1343978010118,-0.032080121338367,1
-0.10593241453171,-0.054338276386261,0.034242995083332,1
-0.12362650036812,-0.090728640556335,-0.038242481648922,1
-0.21795818209648,-0.077267272397876,-0.042236894369125,1
-0.079525381326675,-0.0012635067105293,-0.035183526575565,1
0.0027088522911072,-0.21409966796637,0.088145889341831,1
0.12035256624222,0.17432763427496,-0.010064832866192,1
-0.12910348176956,0.012430250644684,-0.09403545036912,1
0.059453189373016,0.055309318006039,-0.0048840343952179,1
0.083052575588226,-0.18075617402792,-0.067415699362755,1
-0.024804890155792,-0.27963656932116,0.097203709185123,1
-0.13061705231667,-0.038777504116297,0.0015957728028297,1
-0.15214616060257,-0.15875648334622,-0.042534895241261,1
-0.033940315246582,-0.1941286996007,0.057673744857311,1
0.039614975452423,0.15997316688299,-0.066652908921242,1
0.13797158002853,-0.19026596844196,-0.088820472359657,1
0.15349727869034,-0.17108593136072,0.1673341318965,1
-0.0041055083274841,0.20184537023306,0.12961671501398,1
0.054913818836212,-0.21028687059879,0.1407879665494,1
0.13166409730911,0.22264232486486,-0.065450720489025,1
-0.068219602108002,-0.24628988653421,-0.044660478830338,1
-0.12140083312988,0.053083293139935,-0.038721024990082,1
-0.13299423456192,-0.14715468138456,-0.0034619495272636,1
-0.091971784830093,-0.022936403751373,0.02774503082037,1
0.041222989559174,-0.27565924078226,-0.046859107911587,1
0.098519504070282,0.20708408206701,0.18153471499681,1
-0.15957313776016,-0.11521242558956,0.20067722350359,1
-0.18626719713211,0.10822825878859,0.087274469435215,1
-0.04965752363205,0.025405652821064,0.010448403656483,1
-0.031787693500519,0.067129947245121,0.017952688038349,1
0.048694014549255,0.13366160541773,0.02141360193491,1
-0.15430891513824,0.070146284997463,0.10524173825979,1
-0.14295786619186,0.048311777412891,-0.076237343251705,1
0.137266933918,-0.16215002536774,0.089064456522465,1
-0.10472622513771,0.0057314187288284,0.036912031471729,1
-0.1635180413723,-0.027216613292694,-0.048377089202404,1
-0.20162510871887,0.14143069833517,0.010968841612339,1
-0.014000236988068,-0.070180835202336,-0.011361621320248,1
0.15777069330215,0.18009810894728,-0.010779969394207,1
0.053736090660095,0.08063093572855,0.0097781494259834,1
0.15749317407608,0.2006458863616,0.15171209722757,1
0.0061702132225037,0.1346168294549,0.038883201777935,1
-0.080950945615768,0.21664430946112,0.11359293013811,1
-0.016433656215668,0.18026112765074,-0.095459826290607,1
-0.17651736736298,-0.061872247606516,0.052705548703671,1
0.089195251464844,0.099621780216694,-0.020951882004738,1
0.059587895870209,-0.11431578826159,-0.080276094377041,1
0.039035439491272,0.1100824251771,-0.068420961499214,1
0.068274259567261,-0.067446086555719,-0.0012947395443916,1
-0.018885731697083,0.067200817167759,0.003488726913929,1
0.032125353813171,0.20879127830267,0.17938803881407,1
-0.18826577067375,0.16720526665449,0.068111009895802,1
0.023783445358276,-0.20762363821268,0.036286354064941,1
0.11049026250839,0.088245905935764,-0.020502679049969,1
-0.17314177751541,0.0014680624008179,-0.0071766451001167,1
-0.17459908127785,-0.022897429764271,0.042493931949139,1
0.052225410938263,-0.076789569109678,-0.015314742922783,1
0.019974946975708,-0.094531625509262,-0.018804751336575,1
0.1720272898674,-0.21084106713533,0.15612766891718,1
-0.2378391623497,-0.073304057121277,0.098338983952999,1
-0.032911658287048,-0.098917741328478,-0.07518944144249,1
0.070391297340393,0.26682826131582,-0.016904607415199,1
0.14196854829788,-0.14939367026091,0.067732237279415,1
-0.12259247899055,-0.0633156709373,0.030622862279415,1
0.053477048873901,0.093937374651432,-0.018800161778927,1
-0.10417056083679,0.023111067712307,-0.030625589191914,1
-0.022904455661774,-0.165740840137,0.033268816769123,1
-0.035582900047302,0.17282088845968,-0.099165685474873,1
-0.11001247167587,0.22804512828588,-0.081814721226692,0
-0.00069189071655273,-0.20888320356607,0.049520097672939,1
0.023237884044647,0.20550426095724,0.038580901920795,1
-0.18228828907013,-0.043182656168938,-0.014487154781818,1
0.095660865306854,-0.11162333097309,-0.072981111705303,1
-0.19207122921944,-0.10431742761284,0.071103222668171,1
0.050128519535065,0.086503513157368,-0.052657529711723,1
-0.064579516649246,-0.099359629559331,-0.03598614782095,1
-0.0076760053634644,0.25277050584555,-0.067301474511623,1
-0.11024761199951,0.19887458533049,0.10930218547583,1
0.033708512783051,-0.15502410754561,-0.015539169311523,1
-0.0040522217750549,-0.23785945028067,-0.043541476130486,1
0.00838702917099,0.1330052241683,-0.043435357511044,1
-0.1006772518158,-0.015716440975666,0.027839757502079,1
-0.20248502492905,0.12132769078016,0.014523483812809,1
0.10100084543228,-0.27532815188169,0.015537992119789,1
0.010228633880615,-0.17301907390356,0.053187653422356,1
-0.17947462201118,0.0092165768146515,0.10318820923567,1
-0.23960921168327,-0.040343761444092,0.011133037507534,1
0.14806264638901,0.19192614406347,-0.020864956080914,1
-0.031884253025055,0.2179541811347,0.0321324467659,1
0.12859463691711,-0.24663672596216,-0.069602407515049,1
0.14885967969894,-0.21980592608452,-0.0061464458703995,1
-0.12019810080528,0.049377717077732,0.044691599905491,1
0.046078741550446,-0.1665825471282,-0.051367290318012,1
-0.028225898742676,0.19343643635511,0.063075594604015,1
0.06813508272171,-0.1093024816364,-0.034257471561432,1
-0.069701105356216,-0.031614750623703,-0.011427782475948,1
-0.039152383804321,-0.28209038823843,-0.025414571166039,1
0.069151818752289,0.13475119322538,0.016707636415958,1
-0.21688309311867,-0.14346566051245,0.018729008734226,1
0.1579008102417,-0.23512700945139,0.00032369047403336,1
0.040313303470612,0.11691834777594,-0.0036269947886467,1
-0.19307821989059,0.0660794749856,-0.07435318082571,1
0.19045495986938,0.17402135580778,0.043989144265652,1
-0.037228286266327,0.2361027225852,-0.055099830031395,1
-0.20405420660973,0.14381719380617,0.0045494958758354,1
0.099149405956268,0.23002680391073,0.11004845052958,1
0.0088716745376587,0.2735914811492,0.0049064233899117,1
-0.039317488670349,0.029226936399937,-0.02059680968523,1
-0.073478668928146,-0.067650761455297,-0.073261983692646,1
0.051257789134979,0.098237477242947,-0.016901351511478,1
-0.1450287103653,0.073685429990292,-0.072722360491753,1
-0.10718366503716,0.071591071784496,-0.084969952702522,1
-0.06574684381485,0.035303734242916,0.0012368187308311,1
-0.21937689185143,-0.12009161897004,0.047593452036381,1
-0.082715779542923,-0.019320271909237,-0.062805540859699,1
0.039015173912048,0.24867402762175,-0.086675997823477,1
-0.19375216960907,0.14138425141573,-0.055453680455685,1
-0.050041347742081,-0.17574936151505,0.043668709695339,1
0.07372385263443,-0.090688778087497,0.021754011511803,1
0.16670244932175,-0.14908656477928,0.14069230109453,1
0.1362920999527,0.13918881863356,0.0019200369715691,1
-0.17683887481689,-0.055223852396011,0.18353781849146,1
-0.008553147315979,0.20409365743399,0.17981430143118,1
0.031053364276886,-0.085110173560679,-0.0039127692580223,1
0.0062156915664673,0.22326608747244,0.11263788491488,1
-0.028001368045807,0.044547416269779,-0.018815524876118,1
-0.044072508811951,0.073775090277195,-0.064263939857483,1
0.060246050357819,0.20603247731924,0.001770555973053,1
-0.17634785175323,0.14573412388563,0.070581085979939,1
-0.020159065723419,0.092121995985508,-0.061612419784069,1
-0.21783345937729,-0.12383743189275,0.044306509196758,1
-0.00028055906295776,-0.052289098501205,0.00049738585948944,1
0.060336589813232,0.19529607146978,0.063601322472095,1
0.11866265535355,0.10932149738073,-0.045206464827061,1
-0.11679065227509,-0.14523386582732,0.12556382268667,1
-0.021241009235382,-0.25376714020967,0.15193865448236,1
0.030428111553192,0.12921094149351,-0.073045045137405,1
-0.25938272476196,0.01651719212532,0.058276422321796,1
0.0071483850479126,0.077530644834042,-0.032614037394524,1
-0.093700557947159,-0.08082403242588,0.012687332928181,1
0.051972508430481,-0.099369803851005,-0.045372784137726,1
0.12565833330154,-0.12100472301245,-0.077618010342121,1
-0.037021636962891,0.20552691072226,0.050302654504776,1
-0.20706820487976,-0.095010626129806,-0.0078131183981895,1
-0.060685127973557,-0.025934725999832,-0.031395755708218,1
-0.14774462580681,0.00096458941698074,0.021554954349995,1
0.039449155330658,0.085553906857967,-0.02240876108408,1
0.082261562347412,0.10549292713404,-0.040937259793282,1
-0.1070229113102,-0.18787526339293,0.11680925637484,1
0.044925093650818,0.099634669721127,0.015793576836586,1
0.15305799245834,0.13030714541674,-0.022997729480267,1
-0.20284721255302,0.092970974743366,0.026012860238552,1
0.099093198776245,0.23365788906813,0.15924184769392,1
-0.13630494475365,0.094042368233204,-0.043778650462627,1
0.11827325820923,0.16566317528486,0.049165941774845,1
-0.057677805423737,0.01874228566885,-0.023256070911884,1
-0.11582991480827,0.14917822927237,0.0066627040505409,1
-0.066732227802277,-0.13954617083073,-0.048872552812099,1
0.088314175605774,0.1827112659812,-0.016313694417477,1
-0.044857025146484,-0.04146122187376,-0.021853566169739,1
0.16582232713699,-0.16139539703727,-0.060656286776066,1
-0.18463212251663,0.11235625296831,-0.0088890269398689,1
-0.086973518133163,0.19721087068319,0.14940410107374,1
-0.1986158490181,0.033003084361553,0.1087726727128,1
-0.064001709222794,-0.2201357036829,0.16456792503595,1
-0.014952957630157,-0.1531487070024,0.01097047328949,1
-0.05611264705658,0.024344347417355,-0.028809115290642,1
-0.1005254983902,0.14782717078924,0.06582797318697,1
-0.1732160449028,-0.11121128872037,-0.027414940297604,1
0.028203904628754,-0.17131572216749,-0.023988284170628,1
0.2142226099968,0.20565750449896,-0.034649156033993,1
-0.0063185095787048,0.069329313933849,0.003848135471344,1
-0.074110209941864,-0.12836633063853,0.047848895192146,1
-0.057255238294601,0.010013990104198,0.019663073122501,1
0.13601237535477,0.15656166523695,0.10291708260775,1
-0.024766623973846,0.25872930139303,-0.0027166455984116,1
0.1037740111351,-0.19451379030943,0.15647972375154,1
-0.13314980268478,0.14798174053431,0.15604060143232,1
-0.046919524669647,0.0038681775331497,-0.034823842346668,1
0.035502791404724,0.23701196163893,-0.015554696321487,1
0.085186362266541,0.12607396394014,-0.021315053105354,1
0.035991132259369,0.231300316751,-0.08889589831233,1
-0.048285126686096,-0.039379142224789,0.012330405414104,1
0.10299795866013,-0.15859971940517,-0.034774400293827,1
0.056971848011017,0.2162466570735,0.19818104058504,1
-0.092330276966095,-0.16250368207693,0.20439908653498,1
0.095299661159515,0.21749224513769,0.057928383350372,1
0.0095101594924927,0.07585821300745,-0.042986303567886,1
-0.18889513611794,-0.096723131136969,0.033493690192699,1
0.066991209983826,-0.15828431025147,-0.082674503326416,1
0.040235459804535,0.051160462200642,0.0031698644161224,1
-0.068656027317047,-0.24840090423822,0.11582732945681,1
-0.01921284198761,-0.13068742491305,-0.05900389701128,1
-0.15769901871681,-0.16600272804499,0.089738257229328,1
0.1072843670845,0.097347624599934,-0.084652081131935,1
0.099112689495087,-0.23308003693819,0.066034704446793,1
-0.23181691765785,0.0046786889433861,0.011151902377605,1
-0.059088110923767,-0.065786469727755,-0.0061277970671654,1
-0.12823492288589,0.22631665319204,-0.059432171285152,0
-0.012951254844666,0.085593946278095,0.011203676462173,1
-0.085170060396194,0.039950929582119,-0.029655605554581,1
0.11302250623703,0.14571123570204,0.043604977428913,1
-0.046120166778564,0.20689412206411,-0.0048941671848297,1
0.081643283367157,-0.20751329511404,-0.041607193648815,1
-0.083016335964203,0.08619249612093,-0.031284175813198,1
-0.018031299114227,0.08111060410738,0.010481014847755,1
0.043118119239807,0.15426125377417,0.017256937921047,1
-0.14922457933426,-0.14146259427071,0.14878752082586,1
-0.13139617443085,0.046208404004574,-0.038912564516068,1
0.096008956432343,-0.072265133261681,-0.0084711685776711,1
-0.14949125051498,0.088989563286304,0.10705690830946,1
-0.033887803554535,0.066648431122303,0.016745038330555,1
-0.067546814680099,-0.1132192639634,0.0047482848167419,1
0.13278579711914,0.13929506391287,-0.046061582863331,1
0.087425529956818,0.071190975606441,0.020071193575859,1
0.041877686977386,-0.27596940845251,-0.030209735035896,1
-0.046245038509369,0.00094100087881088,-0.0063689425587654,1
-0.25882917642593,-0.080460779368877,0.014982886612415,1
0.086736023426056,-0.23449306935072,0.039523161947727,1
0.026906430721283,0.16555669158697,-0.024165719747543,1
-0.051988810300827,0.20859601348639,0.11868382245302,1
0.037326991558075,0.14991907030344,0.033630661666393,1
-0.01068788766861,-0.092929460573941,-0.037962697446346,1
0.18723523616791,0.1624378785491,0.13478814810514,1
0.10966098308563,-0.16466739028692,0.044897340238094,1
0.12317770719528,0.18997436016798,-0.08145435154438,1
-0.14445200562477,0.004658505320549,-0.0059250518679619,1
-0.20181688666344,-0.042037419974804,0.014575697481632,1
-0.066196948289871,-0.12802966311574,-0.091840460896492,1
0.16112065315247,0.16175781935453,-0.09792710095644,1
0.097372591495514,-0.14654671400785,-0.074868895113468,1
0.11421382427216,-0.21801763027906,0.032103285193443,1
-0.18003514409065,-0.1732494533062,0.073781989514828,1
-0.10124734044075,0.24384876340628,-0.060798056423664,0
-0.12801188230515,0.021817721426487,0.00025030225515366,1
-0.047828137874603,-0.22759721428156,0.027848586440086,1
-0.25264450907707,0.016002826392651,0.029243253171444,1
-0.11843341588974,0.023943193256855,-0.027733072638512,1
0.083946168422699,-0.076450256630778,-0.020758174359798,1
0.0030577778816223,-0.11027417052537,0.0067820325493813,1
-0.024271011352539,0.12146797031164,-0.061826281249523,1
-0.10834071040154,-0.22370535135269,0.064809292554855,1
-0.038670778274536,0.047953076660633,-0.042602129280567,1
-0.081728965044022,0.047095768153667,-0.0057419463992119,1
0.069558441638947,-0.077183928340673,0.0021563991904259,1
0.10678416490555,-0.18921902775764,-0.089884877204895,1
0.028193295001984,-0.19807779788971,0.055023483932018,1
-0.21833363175392,0.038071341812611,0.14919514209032,1
0.1569916009903,0.19624038785696,0.15528171509504,1
-0.1325775384903,0.12355431169271,-0.035196714103222,1
-0.13481876254082,-0.13409858942032,-0.073170490562916,1
0.070178329944611,0.10672406107187,0.012117050588131,1
-0.15427163243294,-0.01393299549818,-0.090728256851435,1
-0.10557079315186,-0.0048620477318764,-0.01640609651804,1
-0.25315374135971,-0.056616958230734,0.036491312086582,1
0.040166437625885,0.22577895969152,-0.034276448190212,1
0.15849810838699,-0.14705702662468,-0.0093446895480156,1
-0.014911890029907,0.045072101056576,-0.0079194232821465,1
-0.13086959719658,-0.012316480278969,0.0046757236123085,1
-0.14752811193466,0.12615046650171,0.18759637326002,1
0.019430100917816,0.086215995252132,0.018222875893116,1
0.10430043935776,0.24680726975203,0.0025075748562813,1
-0.13461881875992,0.022363446652889,-0.06344797462225,1
-0.10526317358017,-0.16118297353387,-0.05861384421587,1
0.046723127365112,-0.18492693454027,-0.051053620874882,1
-0.10542938113213,0.10762099176645,0.043416209518909,1
0.084406554698944,0.21359457820654,0.11808181554079,1
0.073366224765778,0.15981461852789,0.065568551421165,1
-0.23820218443871,0.0021816492080688,-0.025703586637974,1
0.081848442554474,0.19254510849714,-0.03665117919445,1
0.084644734859467,0.19723504036665,0.029325976967812,1
0.059813797473907,-0.16015427932143,-0.011105768382549,1
-0.099284768104553,-0.19349703192711,0.14919651299715,1
-0.18146768212318,-0.15161251649261,0.14652120321989,1
0.10106754302979,-0.17952761799097,0.033769838511944,1
-0.040319621562958,-0.13925353065133,0.0059820786118507,1
-0.112828373909,0.19688572734594,0.17866442352533,1
0.049704134464264,0.11426819115877,-0.01807539910078,1
-0.14480191469193,-0.11965504288673,0.16162534803152,1
-0.073949038982391,0.021882742643356,-0.010188065469265,1
0.024173974990845,-0.28975632041693,0.020493544638157,1
0.092985451221466,-0.15603164955974,0.041480109095573,1
-0.067517131567001,-0.20091196149588,0.061289705336094,1
0.096370220184326,0.2322218939662,-0.071480065584183,1
-0.054816603660583,0.17968066781759,-0.040707878768444,1
-0.13674837350845,-0.18069563060999,0.17547494918108,1
0.044791162014008,0.068706087768078,0.0043247565627098,1
0.12912899255753,0.1992010101676,-0.02460090816021,1
0.1048418879509,-0.16090546175838,0.015600875020027,1
0.082825362682343,-0.16706036776304,0.0018486976623535,1
0.11078816652298,0.10433869808912,-0.071979731321335,1
-0.05462372303009,0.14700380712748,0.042972430586815,1
-0.14747416973114,-0.059175744652748,0.03884618729353,1
-0.057647168636322,0.21109613031149,0.088238067924976,1
-0.16753929853439,-0.054244682192802,0.12820874899626,1
-0.0021771788597107,-0.10380924586207,-0.0096844583749771,1
0.10102117061615,0.19978048652411,0.099472619593143,1
-0.22864758968353,-0.098483361303806,0.090271227061749,1
-0.18052205443382,-0.047721836715937,-0.078631155192852,1
-0.16884458065033,-0.023205265402794,-0.0173025354743,1
0.058497726917267,0.064582102000713,0.0026626437902451,1
-0.090546637773514,-0.039924096316099,-0.013343833386898,1
0.016060411930084,0.11362452059984,0.01559242606163,1
-0.1157291829586,0.21002026647329,-0.019178293645382,0
0.053887605667114,0.23045729845762,0.17532325536013,1
0.090765774250031,0.15870865434408,-0.02936327457428,1
-0.0029838681221008,-0.056185830384493,0.0047221109271049,1
-0.074874639511108,0.031857259571552,-0.016355879604816,1
-0.090174436569214,0.18801536411047,-0.068277440965176,0
0.15092551708221,-0.21114679425955,0.12595552951097,1
-0.19825324416161,-0.14513999596238,-0.0027123019099236,1
-0.057386159896851,-0.18579345941544,-0.037256665527821,1
-0.19267216324806,-0.096431378740817,0.15950077027082,1
-0.077809751033783,-0.048935115337372,0.021689511835575,1
-0.081743329763412,-0.076082138344646,-0.036376781761646,1
-0.061464846134186,0.12824320048094,0.053462825715542,1
0.035209357738495,-0.23566172271967,0.077533312141895,1
-0.10600560903549,-0.22730153053999,0.12940014153719,1
-0.08493584394455,0.015574626624584,-0.066757328808308,1
-0.069755703210831,-0.11452278681099,-0.03843992203474,1
-0.1511866748333,-0.062578689306974,0.0099339261651039,1
0.075678467750549,-0.12014936096966,0.022331818938255,1
-0.078967273235321,0.046021930873394,-0.014524839818478,1
-0.15826171636581,0.036149270832539,0.061360575258732,1
0.033539950847626,-0.19230142235756,0.033296495676041,1
-0.10648846626282,-0.12926417030394,0.056973300874233,1
0.10325449705124,0.23444672673941,0.1051425114274,1
0.15069216489792,0.20135577768087,0.092636488378048,1
-0.14993277192116,0.03400669246912,0.0083212628960609,1
0.12161689996719,0.16093244403601,0.031897202134132,1
0.15109413862228,0.160863481462,0.21750599890947,1
0.12182599306107,0.11702217906713,0.051922932267189,1
-0.0077199339866638,-0.047408692538738,-0.0079283714294434,1
0.13531404733658,-0.22476348280907,-0.017995648086071,1
0.027904450893402,-0.11031700484455,-0.055406056344509,1
-0.025289237499237,-0.039122719317675,-0.013471655547619,1
0.058349370956421,-0.18127889186144,-0.027348041534424,1
-0.0052987933158875,-0.075127543881536,0.010132841765881,1
0.062236249446869,-0.045057199895382,0.0023822262883186,1
-0.091316938400269,0.073818735778332,-0.085643030703068,1
0.060616731643677,-0.1395008713007,0.038763292133808,1
0.089610815048218,0.21419461816549,0.013668514788151,1
-0.045956015586853,0.27544172853231,0.061497218906879,1
-0.11340236663818,-0.2281976416707,0.068600974977016,1
-0.028480231761932,-0.12835987657309,0.0015242174267769,1
-0.0006139874458313,0.069222219288349,0.0078762248158455,1
-0.15829053521156,-0.17954257130623,-0.069991178810596,1
-0.063143134117126,0.07665541023016,-0.071876712143421,1
0.012112498283386,0.20221155136824,0.19003554433584,1
0.086288154125214,-0.18519257754087,0.048439130187035,1
-0.096065610647202,0.13458053022623,0.0042002126574516,1
-0.0058848261833191,0.11061365157366,0.021112442016602,1
0.046706795692444,0.15610655397177,-0.027964256703854,1
-0.01089072227478,0.19866498559713,0.097024030983448,1
-0.053156465291977,-0.0031049624085426,-0.03460381180048,1
-0.16240978240967,-0.094266228377819,-0.096610873937607,1
-0.11344826221466,-0.061335738748312,-0.052007682621479,1
-0.053514420986176,-0.024344399571419,-0.049132026731968,1
0.1698597073555,-0.16536701470613,-0.0058150961995125,1
0.13096648454666,-0.11092554870993,-0.017154015600681,1
0.074713945388794,0.053702421486378,-0.0031071528792381,1
0.12932687997818,-0.18840677291155,0.089126370847225,1
-0.042772114276886,-0.015645116567612,0.0053949728608131,1
-0.19623306393623,-0.16222589835525,0.0538684502244,1
-0.17453160881996,-0.071804363280535,-0.08043759316206,1
0.19458073377609,-0.17848001420498,0.073184214532375,1
0.0012997388839722,0.13430108875036,0.029331862926483,1
-0.11545899510384,-0.22583439201117,0.060797035694122,1
0.01646614074707,0.21705063432455,-0.027332611382008,1
-0.0098713040351868,0.11464207619429,0.018837578594685,1
-0.036423444747925,-0.12624398805201,0.024940028786659,1
-0.0026779770851135,0.20863249152899,0.054853044450283,1
-0.020558595657349,0.10713566094637,0.00044660270214081,1
-0.12694877386093,-0.059801019728184,-0.012409783899784,1
-0.017824590206146,0.064287595450878,-0.024015299975872,1
-0.18783849477768,-0.063425917178392,0.024966709315777,1
-0.03386527299881,0.062551863491535,0.0035221055150032,1
0.012935042381287,0.27448552101851,0.081659965217113,1
0.071057796478271,-0.10903391428292,0.0026330873370171,1
-0.01670902967453,-0.15695652738214,-0.036485224962234,1
0.13062959909439,-0.13203988224268,0.04017049819231,1
-0.11731839179993,0.052161626517773,-0.078334778547287,1
-0.028623282909393,-0.17805682122707,-0.051708213984966,1
0.080017268657684,-0.12431181408465,0.03880749642849,1
0.030152142047882,-0.085474286228418,-0.004828654229641,1
-0.045223891735077,0.086636938154697,0.013690672814846,1
-0.10624808073044,-0.17853532731533,0.054129272699356,1
0.1079472899437,0.12993710488081,0.013535410165787,1
-0.084291756153107,0.19992538541555,0.15624792128801,1
-0.094393998384476,0.1240946277976,0.0023462846875191,1
-0.18778997659683,0.066120989620686,-0.073580116033554,1
-0.051380336284637,0.2280669733882,0.17677851766348,1
-0.060925036668777,-0.024859867990017,-0.056585140526295,1
-0.077794909477234,0.020965948700905,-0.010234020650387,1
0.096010267734528,0.18219127506018,0.0056119784712791,1
-0.23776578903198,-0.01137937605381,0.016818724572659,1
-0.020245730876923,-0.073649652302265,-0.022246547043324,1
-0.093552201986313,0.038797251880169,-0.071139894425869,1
0.029456317424774,-0.087821959517896,-0.051625363528728,1
-0.14456149935722,0.12264040857553,0.078339479863644,1
-0.060207515954971,0.21560528129339,-0.076447904109955,1
-0.10631167888641,-9.329617023468e-05,0.019270695745945,1
0.094566226005554,-0.13613446801901,0.052854552865028,1
0.066610395908356,-0.1470408514142,0.021962754428387,1
0.099016845226288,-0.17786436527967,-0.080702677369118,1
-0.16154354810715,-0.10170450725127,0.051050610840321,1
-0.096812963485718,0.028093449771404,-0.022720731794834,1
-0.21704643964767,0.081452064216137,0.043838240206242,1
-0.072297424077988,0.0069503784179688,-0.0091307684779167,1
0.14857059717178,0.23584901541471,0.11703223735094,1
-0.0049610733985901,-0.093574825674295,-0.031683139503002,1
-0.083251506090164,-0.033514387905598,-0.012794949114323,1
-0.19120129942894,0.047956816852093,0.15954428166151,1
-0.092494159936905,0.12393241375685,0.007941760122776,1
-0.15871232748032,0.020021468400955,0.031667597591877,1
-0.1421169936657,-0.051145203411579,0.043993659317493,1
0.17651385068893,-0.1583960801363,0.067537002265453,1
0.049396634101868,0.053773753345013,0.0045869797468185,1
-0.12567469477654,0.086028344929218,-9.6984207630157e-05,1
0.0047624707221985,-0.2284342572093,0.054089352488518,1
-0.11220163106918,-0.13582720607519,0.10062166303396,1
-0.03704047203064,-0.038420226424932,0.0087938085198402,1
0.10029596090317,-0.18199840933084,0.018535651266575,1
0.043307781219482,-0.16148193180561,-0.036259114742279,1
-0.1690519452095,0.064649812877178,0.15961443632841,1
-0.0010274052619934,0.28209628909826,0.080517657101154,1
-0.041771233081818,-0.14232267811894,-0.040183290839195,1
-0.082507789134979,0.022398620843887,0.0031935051083565,1
-0.050761967897415,-0.022425219416618,-0.015844471752644,1
-0.064047068357468,-0.25987190753222,0.1268028691411,1
0.12771093845367,0.24984251707792,-0.02573449164629,1
-0.097427010536194,0.10651361197233,-0.0083054825663567,1
-0.15072023868561,0.037431485950947,0.012725882232189,1
0.067537605762482,-0.20205327123404,0.17043148726225,1
-0.10554873943329,0.068771161139011,0.0093338862061501,1
-0.10432714223862,0.17928033322096,0.11667447537184,1
0.043833792209625,0.17409881204367,0.031011275947094,1
0.064265191555023,-0.15206163004041,-0.090738758444786,1
0.07411527633667,0.25207432359457,0.055486150085926,1
-0.1366702914238,-0.025131821632385,-0.04123467952013,1
-0.19571626186371,-0.056927766650915,0.1414236202836,1
-0.030864179134369,-0.22342523932457,0.037665836513042,1
-0.040748417377472,-0.2746899202466,0.073377825319767,1
-0.072598338127136,0.059209696948528,-0.06791528314352,1
-0.19925144314766,0.10478366166353,-0.052679382264614,1
-0.065315067768097,-0.039986163377762,-0.015171103179455,1
-0.035846889019012,-0.28512365370989,0.055398717522621,1
-0.13036850094795,-0.22832799702883,0.079282887279987,1
0.17417979240417,-0.16791443526745,0.16483963280916,1
0.068635761737823,-0.21735306829214,0.095636837184429,1
-0.21045356988907,0.093943856656551,0.050298653542995,1
-0.12455478310585,-0.19008284807205,0.13949405401945,1
-0.089104503393173,-0.078749759122729,-0.019579939544201,1
0.03998464345932,-0.16235503554344,0.063790515065193,1
0.025931775569916,0.22954245656729,0.047061763703823,1
0.042485535144806,0.061543844640255,-0.0018365085124969,1
0.11041134595871,0.18493726104498,0.10237712413073,1
0.18244969844818,-0.18656610697508,-0.076911143958569,1
0.14943271875381,0.21949576586485,0.1575915440917,1
-0.14425691962242,0.052968226373196,-0.081932447850704,1
0.0043786764144897,-0.20660427957773,0.19293377548456,1
-0.052119791507721,-0.024921201169491,0.0083904787898064,1
0.068824470043182,0.11135461181402,-0.022225514054298,1
0.10770589113235,-0.084650720469654,-0.061992205679417,1
-0.069515287876129,0.023958034813404,0.014208175241947,1
0.013335466384888,-0.11336305271834,-0.060376904904842,1
-0.18505096435547,0.084338672459126,0.046817742288113,1
0.11488515138626,-0.18687618523836,0.21379292756319,1
-0.083857357501984,0.020263776183128,-0.015822164714336,1
-0.080077081918716,-0.029507413506508,0.016976065933704,1
0.023405432701111,0.20655521005392,0.030425794422626,1
0.10090905427933,-0.19119217246771,0.067258387804031,1
-0.048002600669861,0.051805727183819,0.0028253868222237,1
-0.18623623251915,0.015176020562649,0.052933536469936,1
-0.02833080291748,0.058714278042316,-0.019343428313732,1
0.0037843585014343,0.085596345365047,-0.050153121352196,1
0.0043423771858215,0.17542930692434,0.054238326847553,1
0.057622611522675,-0.22799555212259,0.046009294688702,1
-0.04025799036026,0.083859898149967,-0.057633273303509,1
0.063988864421844,-0.076132651418447,-0.032095961272717,1
-0.20621606707573,-0.13416035100818,-0.0763268917799,1
-0.23757410049438,0.051029615104198,0.1315573528409,1
0.092917025089264,-0.13968808948994,0.040385261178017,1
-0.01006555557251,0.055702947080135,-0.019813068211079,1
-0.037655770778656,0.061579279601574,0.0096669867634773,1
0.067983269691467,0.27942194789648,0.041372425854206,1
-0.081171154975891,-0.067326422780752,-0.028190605342388,1
-0.067696362733841,-0.0068932175636292,-0.013410471379757,1
0.07526296377182,0.071439795196056,0.018290281295776,1
-0.10162436962128,0.17218052595854,-0.084552936255932,0
0.1350445151329,0.15000771731138,-0.079606428742409,1
-0.20754885673523,-0.010793142020702,0.075272597372532,1
0.024360537528992,-0.27527380734682,0.034297913312912,1
-0.081470340490341,0.1679869517684,-0.021055586636066,0
0.014866471290588,-0.23412498086691,0.18095753341913,1
0.062215149402618,0.051176480948925,0.0034466683864594,1
0.023303925991058,-0.11876053549349,-0.067155204713345,1
-0.027115345001221,-0.12025433592498,-0.0067198872566223,1
-0.19868177175522,-0.048027619719505,0.14084615558386,1
-0.11010390520096,0.11578910797834,0.050939448177814,1
0.0093430280685425,-0.16516256332397,0.03335777670145,1
-0.20694881677628,0.10882642120123,0.040963850915432,1
-0.13865560293198,0.16646351665258,0.070558659732342,1
0.055775821208954,-0.081554971635342,0.011553004384041,1
0.011201798915863,-0.096503439825028,-0.0081533342599869,1
-0.13547873497009,-0.15709017217159,-0.095879606902599,1
-0.20575100183487,-0.059150815010071,0.093782611191273,1
-0.064608812332153,-0.10556557355449,-0.042377576231956,1
-0.17768004536629,0.067264579236507,0.17871006578207,1
0.056693077087402,-0.27975939959288,0.024069212377071,1
0.034685015678406,0.22554644197226,0.14875630289316,1
-0.04310017824173,-0.10502891335636,-0.008423700928688,1
-0.2046717107296,-0.068997852504253,0.11528515070677,1
-0.15784022212029,-0.125104714185,-0.062928967177868,1
-0.16484820842743,0.04144661873579,-0.029438979923725,1
0.070315539836884,0.078641630709171,0.0045041739940643,1
-0.027502655982971,0.13116163760424,0.028623580932617,1
-0.22830438613892,0.054282121360302,-0.060842283070087,1
-0.034688413143158,-0.069551406428218,-0.026057459414005,1
0.0051759481430054,-0.11110181361437,-0.065101310610771,1
-0.026224255561829,0.11801535636187,0.030351653695107,1
-0.050110638141632,-0.15989111736417,-0.048264481127262,1
-0.23461413383484,0.0111323595047,0.12359739094973,1
0.051200866699219,0.092397846281528,0.016976855695248,1
-0.087625682353973,0.25542791932821,0.11752248555422,1
-0.14896601438522,0.047336138784885,-0.011208765208721,1
-0.2031621336937,-0.084074471145868,-0.00262401252985,1
-0.051924496889114,-0.24232894927263,-0.037116631865501,1
0.15978461503983,0.2038690969348,0.10440135747194,1
-0.037406265735626,0.080784417688847,0.01174683123827,1
-0.016484975814819,0.11077619343996,-0.066228978335857,1
-0.075049757957458,0.27299567312002,0.050421468913555,1
0.11612266302109,0.23403557389975,0.14654944092035,1
0.10254794359207,-0.20301076769829,0.03074412047863,1
-0.011159777641296,0.065565891563892,0.0088553726673126,1
-0.11755040287971,-0.21529372036457,-0.021995395421982,1
0.058840215206146,0.18080078810453,-0.097951181232929,1
-0.03513377904892,0.044339843094349,0.0075628384947777,1
-0.11425185203552,-0.16314222663641,-0.045626677572727,1
0.142498254776,-0.23281244188547,0.0035156905651093,1
0.050164043903351,-0.176473505795,-0.043623954057693,1
0.018302142620087,0.0850735232234,-0.033216774463654,1
-0.12440350651741,-0.012593097984791,-0.0056324526667595,1
-0.24171930551529,0.074650786817074,-0.03106565028429,1
-0.041085600852966,0.1557045802474,-0.054052114486694,1
-0.065698355436325,-0.23883990198374,0.13749737292528,1
-0.18316906690598,-0.15536096319556,0.15325962752104,1
0.0920290350914,0.085319675505161,-0.023907385766506,1
0.043855309486389,0.20284049957991,-0.080718614161015,1
-0.026816427707672,-0.20332334935665,0.10173175483942,1
0.035891711711884,0.2143967077136,-0.058639921247959,1
0.05686491727829,0.067169867455959,-0.0039930492639542,1
-0.14467689394951,-0.11949439160526,0.10504166036844,1
-0.055306762456894,-0.083430079743266,0.030922092497349,1
-0.13240623474121,-0.24047978967428,0.010325379669666,1
-0.12012577056885,0.028660245239735,0.027865342795849,1
-0.04876297712326,-0.23197896033525,0.13146164268255,1
0.061426818370819,0.18092500418425,-0.060457535088062,1
0.017192184925079,-0.11433112621307,-0.053139865398407,1
0.070351123809814,0.23013990372419,0.023046217858791,1
-0.11478340625763,0.2530425414443,0.06636693328619,1
-0.073851078748703,-0.098310188855976,0.044029407203197,1
-0.10612505674362,-0.025214537978172,-0.029973328113556,1
0.085231482982635,-0.065389737486839,-0.024918727576733,1
0.09079122543335,0.19563078135252,-0.077125236392021,1
-0.11554938554764,0.012226849794388,-0.046541638672352,1
0.1244745850563,-0.15733817592263,-0.088423423469067,1
0.10339373350143,-0.12488800659776,0.048299841582775,1
-0.08259978890419,0.23117341846228,0.053297266364098,1
-0.037563145160675,-0.26772878319025,0.060640707612038,1
-0.11234876513481,-0.033728130161762,0.011168174445629,1
-0.10238164663315,0.13562250882387,-0.063246496021748,0
-0.03280633687973,-0.074894530698657,-0.029617927968502,1
0.17107599973679,-0.15085501968861,0.10375917702913,1
-0.062428027391434,0.090004302561283,-0.05376873165369,1
-0.022169768810272,-0.098715306958184,-0.035573936998844,1
-0.033929467201233,-0.059409257024527,-0.0047898516058922,1
0.17563414573669,0.22146805375814,-0.079978622496128,1
-0.08558577299118,-0.18496606498957,0.17151313275099,1
-0.18577796220779,-0.13469277322292,-0.086564414203167,1
0.17460554838181,-0.23850529640913,0.037810541689396,1
-0.10761645436287,0.1224552616477,0.026609383523464,1
0.036511898040771,0.11904250830412,0.019907258450985,1
-0.044650018215179,0.16511621326208,-0.012589693069458,1
-0.19492924213409,0.051083423197269,0.067924864590168,1
0.0050089955329895,-0.21673931926489,0.072019524872303,1
-0.06743586063385,-0.033647395670414,-0.0076433047652245,1
-0.13147142529488,-0.062119074165821,-0.094183348119259,1
0.099792420864105,-0.19439650326967,-0.036030605435371,1
0.18116283416748,-0.17327541857958,0.039360694587231,1
-0.056273370981216,0.19254978746176,0.088181219995022,1
0.02443915605545,-0.056612975895405,0.0027084872126579,1
-0.19392248988152,-0.067089345306158,0.1729883030057,1
-0.082154303789139,-0.052014697343111,0.029832981526852,1
-0.019007563591003,0.15550985187292,0.062466412782669,1
0.050418019294739,0.10005363076925,-0.053113371133804,1
-0.25846874713898,0.055729992687702,0.058603517711163,1
-0.070885419845581,0.18718304485083,-0.038510985672474,0
0.038629055023193,0.13712755590677,-0.032109595835209,1
-0.09807750582695,-0.15837930515409,0.0089829862117767,1
-0.0341677069664,-0.15139666572213,0.013758040964603,1
-0.16776505112648,0.020421750843525,-0.10076611116529,1
0.15071326494217,-0.12911271676421,-0.091246552765369,1
-0.1052074432373,0.023743510246277,-0.08482614159584,1
-0.092429906129837,-0.079839818179607,0.041100211441517,1
-0.17241355776787,-0.018105573952198,0.097305692732334,1
-0.090313792228699,-0.1149130705744,0.016654945909977,1
-0.21108090877533,-0.12953826226294,0.024224929511547,1
-0.22106274962425,0.076343528926373,0.095355473458767,1
-0.11318823695183,0.15712781995535,0.21311388164759,1
-0.10880208015442,-0.19895492494106,-0.075390301644802,1
-0.19763991236687,-0.083323614671826,0.047900952398777,1
0.095455646514893,-0.12550896219909,0.04646397382021,1
-0.060320377349854,0.21753021329641,0.10325942188501,1
0.077637672424316,-0.24830462783575,0.16390842944384,1
-0.11839354038239,0.14563465863466,-0.0056623443961143,1
-0.092738389968872,-0.023244127631187,-0.0068311914801598,1
-0.046673119068146,0.097184605896473,0.026496715843678,1
-0.081861853599548,-0.088585585355759,0.019257001578808,1
-0.055875271558762,0.2039954289794,0.16633012145758,1
-0.059743583202362,-0.043237339705229,-0.010587863624096,1
-0.03269898891449,0.096975587308407,-0.0058440044522285,1
0.12562316656113,-0.13486431539059,-0.074719808995724,1
-0.052099585533142,0.20661111921072,0.14388453215361,1
0.018112897872925,0.069129683077335,-0.02759663015604,1
-0.20621883869171,-0.099993032054044,-0.053619757294655,1
0.014933526515961,0.075270675122738,-0.0023928210139275,1
-0.22261068224907,-0.052507385611534,0.054624505341053,1
-0.00562584400177,0.13102173060179,-0.017934501171112,1
-0.15919890999794,0.15195312350988,0.084170617163181,1
0.081432223320007,0.16528820246458,-0.072809047996998,1
-0.13839706778526,-0.10018875211244,0.063920594751835,1
-0.09950065612793,-0.040738679468632,-0.08188796043396,1
-0.098326534032822,-0.035240978002548,-0.015163935720921,1
0.15704011917114,0.15749426931143,-0.026291817426682,1
-0.21731263399124,-0.12693115510046,0.026709772646427,1
-0.045698463916779,-0.1937268525362,0.018574751913548,1
-0.060590714216232,0.020120553672314,0.019038937985897,1
-0.16861101984978,-0.13248862698674,-0.008066438138485,1
-0.18257722258568,-0.075600504875183,0.030741579830647,1
-0.042144238948822,-0.034101374447346,-0.0031182393431664,1
0.075205683708191,-0.20930138975382,-0.0097652450203896,1
-0.20061132311821,-0.049426760524511,0.085095830261707,1
-0.15608674287796,0.10045307129622,-0.071621797978878,1
0.095327258110046,0.13363004475832,0.010260015726089,1
-0.034214973449707,0.16901563853025,-0.064716026186943,1
-0.030214667320251,-0.099844620912336,-0.016542516648769,1
-0.17647504806519,-0.028866536915302,-0.039493687450886,1
0.056971192359924,0.073252253234386,0.011327810585499,1
-0.11668342351913,0.053861103951931,-0.055343508720398,1
-0.15095892548561,-0.1823246255517,0.0071528777480125,1
-0.11599138379097,-0.1004059232655,0.015844918787479,1
0.062784016132355,-0.23173204809427,-0.052244491875172,1
0.0091549754142761,-0.22577594965696,0.081384845077991,1
0.096980571746826,-0.082189325243235,-0.026248462498188,1
-0.027899205684662,-0.045616839081049,-0.03203197568655,1
-0.029893100261688,0.03546117991209,-0.014919824898243,1
-0.088202267885208,-0.017406091094017,-0.049765422940254,1
0.20813453197479,0.20785411447287,0.037362538278103,1
-0.062086850404739,0.055034942924976,0.022679679095745,1
0.14848029613495,0.15580444782972,0.012153811752796,1
0.081235468387604,-0.19883910566568,0.025142036378384,1
-0.088004589080811,-0.22481094300747,-0.008928470313549,1
0.03754597902298,0.18509273976088,-0.044634379446507,1
-0.048420608043671,0.039270363748074,-0.046129360795021,1
0.038215696811676,-0.23224187642336,-0.0091627612709999,1
-0.016153812408447,-0.25324528664351,-0.034225858747959,1
0.033921420574188,-0.091551755554974,-0.023821875452995,1
0.039108216762543,-0.087501240894198,-0.021624885499477,1
0.090555846691132,-0.19340136647224,0.13401754945517,1
-0.16076943278313,0.083702333271503,-0.089650586247444,1
-0.16290545463562,0.20655762404203,0.047840662300587,1
0.063161373138428,-0.23216188699007,0.0004274919629097,1
-0.11469149589539,-0.077856238931417,-0.067046120762825,1
-0.11213207244873,0.040150247514248,0.045996449887753,1
-0.075508117675781,0.025216229259968,0.025302939116955,1
-0.19429683685303,0.044384382665157,-0.061193145811558,1
-0.14590027928352,0.069599650800228,0.029136262834072,1
-0.013532698154449,-0.17678536474705,0.053286544978619,1
-0.17130097746849,-0.052623126655817,0.044025786221027,1
-0.048813462257385,0.1585506722331,0.063057847321033,1
0.085065186023712,-0.18670893460512,0.0081281438469887,1
0.058417677879333,-0.15537774562836,0.05395270138979,1
-0.052034825086594,-0.11080830357969,-0.0022735446691513,1
-0.15920251607895,0.011700496077538,0.085786737501621,1
-0.15079694986343,0.10531783849001,-0.042243249714375,1
-0.044925272464752,-0.11386866588145,-0.05304166674614,1
0.0068200826644897,0.19182454794645,0.09083429723978,1
0.076842546463013,0.22215964645147,-0.015192843973637,1
-0.12547904253006,-0.15900362282991,0.055054612457752,1
-0.013802111148834,-0.072483312338591,-0.0064229443669319,1
0.062253594398499,0.077341817319393,0.0097301825881004,1
-0.099754720926285,0.13093065470457,-0.033193327486515,1
0.011489391326904,-0.17511224746704,-0.045776344835758,1
0.15380012989044,-0.18781607598066,-0.089137502014637,1
-0.1760191321373,-0.10717727523297,0.063512392342091,1
-0.15111455321312,-0.061640594154596,-0.095883667469025,1
0.031585216522217,-0.089910201728344,0.0081626027822495,1
0.07029116153717,-0.045716319233179,0.0017830058932304,1
-0.15296170115471,0.22222008556128,-0.01842088252306,1
0.081168353557587,-0.08920803386718,0.010356597602367,1
-0.15608671307564,0.13825187832117,0.020134501159191,1
0.046142518520355,0.11737202852964,-0.03029615432024,1
0.036544024944305,-0.26629722863436,0.0016170665621758,1
0.096918344497681,0.24810590595007,0.15545666962862,1
-0.22157597541809,0.11794634908438,-0.015857942402363,1
-0.11870229244232,-0.16951351612806,0.063917450606823,1
0.067424297332764,0.049950130283833,-0.0069872736930847,1
-0.043740630149841,0.22499888390303,-0.034929662942886,1
0.10814732313156,-0.12707380764186,0.047030635178089,1
-0.076260685920715,0.021690383553505,0.021454282104969,1
-0.1533690392971,0.018734350800514,-0.051360748708248,1
0.047553062438965,-0.10599918104708,-0.037718184292316,1
-0.22588753700256,-0.089395242743194,-0.080483227968216,1
-0.016692161560059,0.1404623016715,-0.08427632600069,1
-0.036491453647614,0.025377191603184,0.0036194249987602,1
-0.17217752337456,0.11974010616541,-0.082701154053211,1
-0.13303363323212,-0.18233007192612,0.15808876603842,1
0.12486380338669,0.18790628761053,-0.021122649312019,1
-0.038925409317017,-0.25738190859556,-0.06783402711153,1
-0.22002893686295,0.088114358484745,-0.0492177978158,1
-0.15989005565643,-0.065446089953184,-0.056068263947964,1
-0.017698109149933,0.119370020926,-0.0097577124834061,1
0.068047642707825,-0.04967512562871,0.0025879964232445,1
-0.051951825618744,0.10141622275114,-0.043251730501652,1
-0.048493027687073,0.066871769726276,-0.011828057467937,1
-0.062250554561615,-0.18540457636118,0.032950773835182,1
0.05711817741394,0.20606210082769,0.12093917280436,1
0.060703277587891,0.066551528871059,0.0056136548519135,1
-0.020840108394623,0.080153532326221,0.0222108066082,1
-0.17987358570099,0.092517487704754,0.091333471238613,1
0.052752554416656,0.18969368189573,0.058728940784931,1
-0.1496307849884,0.02160469442606,-0.040342204272747,1
0.021917462348938,-0.22941090911627,-0.037720158696175,1
0.12895828485489,-0.1111587844789,0.049257971346378,1
-0.068090945482254,-0.21874995529652,0.12374926358461,1
0.14186412096024,-0.20505090802908,0.0022114589810371,1
0.068848431110382,0.079869262874126,0.01683896780014,1
-0.03336101770401,-0.18326438963413,0.084931664168835,1
-0.096520245075226,-0.080827690660954,-0.0021852180361748,1
-0.1304779946804,-0.15441753342748,-0.077042065560818,1
0.050878882408142,-0.21732967346907,0.1249363347888,1
0.1160329580307,0.15532662719488,-0.052675291895866,1
-0.057498127222061,0.0022904649376869,0.015004508197308,1
0.0062680244445801,-0.14828462526202,0.02032259106636,1
0.069934487342834,-0.16823762655258,-0.02524721622467,1
-0.028038501739502,0.16483252495527,-0.049393989145756,1
-0.11613184213638,0.11025205999613,-0.00066197663545609,1
-0.044175863265991,-0.087002513930202,-0.041970960795879,1
-0.13213539123535,-0.1888964548707,-0.043622896075249,1
-0.19595849514008,0.073365457355976,0.056860916316509,1
-0.1986919939518,-0.11491726711392,0.056246943771839,1
-0.14021810889244,-0.22795154899359,0.10295306891203,1
0.16746294498444,-0.16135093197227,-0.094867415726185,1
0.026291608810425,0.17057218402624,0.0054624974727631,1
-0.11831921339035,0.19875564426184,-0.075511358678341,0
0.068908631801605,-0.081711323931813,-0.033323273062706,1
-0.13549995422363,0.089801140129566,0.018360756337643,1
-0.21361511945724,-0.039253812283278,0.089096374809742,1
-0.20018023252487,-0.051137335598469,-0.019295297563076,1
-0.068993777036667,-0.037156507372856,0.021717689931393,1
0.12399613857269,0.20897903293371,0.15040270239115,1
-0.045065462589264,-0.01509302854538,-0.03126023709774,1
-0.1664400100708,0.02153742313385,0.05408401042223,1
-0.18141537904739,0.17700385302305,0.0078996792435646,1
0.10465258359909,0.12901643663645,-0.088674806058407,1
-0.13863191008568,-0.14370179176331,-0.025657497346401,1
-0.15794393420219,0.1098817512393,0.021071128547192,1
-0.090531587600708,0.038233824074268,-0.037363439798355,1
-0.048217117786407,0.038713820278645,0.014253042638302,1
0.050375878810883,-0.11932757310569,-0.026827961206436,1
0.055014789104462,0.083417810499668,0.011889554560184,1
0.073794543743134,0.050562120974064,-0.012775845825672,1
-0.15364506840706,-0.12258412502706,-0.0068715140223503,1
-0.082670271396637,0.035805143415928,-0.0010297074913979,1
-0.24276500940323,-0.0041040033102036,0.033568240702152,1
-0.20539754629135,-0.094096411485225,0.035157717764378,1
0.15137881040573,0.19280832260847,0.028758719563484,1
-0.11719983816147,-0.23967633396387,0.10990274697542,1
0.0047856569290161,-0.28372933715582,0.07377215474844,1
-0.063741505146027,0.10287920385599,0.037162698805332,1
-0.035466372966766,-0.083829617127776,0.0061872228980064,1
-0.10900336503983,0.17781438678503,0.055692337453365,1
-0.13639205694199,0.031442992389202,-0.0055981501936913,1
0.0086376070976257,-0.27506529539824,0.072909153997898,1
-0.14750754833221,0.033689297735691,0.068225704133511,1
0.12997633218765,0.27043702453375,0.081093616783619,1
-0.081088483333588,-0.21355544775724,0.015415795147419,1
-0.12693864107132,-0.095494654029608,-0.01123958081007,1
-0.0022481679916382,-0.28005684167147,0.017886660993099,1
-0.13007694482803,-0.052437283098698,0.0017311051487923,1
-0.10447087883949,-0.22766069322824,0.0085554718971252,1
-0.019907295703888,-0.1825697645545,-0.070168934762478,1
-0.10442867875099,-0.089237938635051,-0.020003773272038,1
-0.069434404373169,0.23638286441565,0.10895059257746,1
-0.23719820380211,-0.054208170622587,-0.059849999845028,1
0.093159675598145,0.090135551989079,-0.0021665021777153,1
-0.16110873222351,-0.043999899178743,0.045915596187115,1
-0.21948462724686,0.12652444094419,0.12253414839506,1
-0.092286169528961,-0.26488978415728,0.0077297165989876,1
-0.16341665387154,-0.017617009580135,-0.016409330070019,1
-0.14011892676353,-0.043870680034161,-0.087773092091084,1
0.00027227401733398,-0.072305411100388,-0.0046169087290764,1
0.11261624097824,-0.1647377088666,0.026266507804394,1
0.045075476169586,0.10194615274668,-0.0015340819954872,1
-0.06838271021843,0.1003634557128,-0.035023175179958,1
-0.056914508342743,0.03527032583952,-0.044401437044144,1
0.020236194133759,-0.23220177739859,0.0040322244167328,1
0.018774330615997,-0.14209389686584,-0.063268326222897,1
-0.03907722234726,-0.17379425466061,-0.027632385492325,1
0.064274430274963,-0.12390217557549,0.027419306337833,1
0.0035383105278015,0.06827836483717,-0.013240322470665,1
-0.074916839599609,0.17853262275457,0.1147835329175,1
0.014595925807953,0.2705100402236,0.070513285696507,1
0.12447851896286,0.13022168725729,-0.097209423780441,1
-0.03805011510849,-0.18125013262033,0.060587555170059,1
-0.0077800750732422,-0.2062714099884,-0.061704203486443,1
0.044550538063049,0.17863558977842,-0.084474623203278,1
0.027718544006348,0.13933896273375,0.019260711967945,1
-0.15146365761757,0.20426829904318,0.11308119446039,1
0.10262876749039,-0.27323538810015,-0.040785931050777,1
0.035707652568817,0.18471520394087,0.023638397455215,1
0.079445660114288,-0.18725648522377,0.089762486517429,1
-0.08869880437851,-0.14567583426833,0.046313069760799,1
-0.05245178937912,0.11420921236277,0.04058063775301,1
-0.066329687833786,0.076239086687565,0.031145818531513,1
-0.059968590736389,0.09315762668848,-0.039398916065693,1
-0.20437812805176,-0.052607521414757,0.12040782719851,1
-0.12121027708054,0.14768005162477,0.19510758668184,1
0.08754551410675,0.23780747503042,0.17501685768366,1
0.0030092597007751,0.11732610315084,0.015017427504063,1
-0.061068803071976,0.032331041991711,-0.05246152728796,1
-0.07202473282814,0.01019375026226,-0.0097668245434761,1
0.085153758525848,0.1720167323947,0.077996306121349,1
0.13902300596237,0.19934072345495,-0.04618313908577,1
-0.043777048587799,-0.056914798915386,0.0041121318936348,1
-0.095738291740417,-0.13109392300248,0.033227644860744,1
-0.066064298152924,0.11019227653742,-0.072886981070042,1
0.03674852848053,0.15780984610319,0.013550855219364,1
0.1363759636879,0.18742933124304,-0.036008514463902,1
0.014558434486389,-0.2512064948678,0.16037607938051,1
0.020743727684021,-0.16120044887066,-0.08954344317317,1
-0.11807268857956,0.11918219178915,-0.10023672133684,1
0.083675265312195,0.12891594320536,-0.0038322880864143,1
-0.0031318068504333,0.092635773122311,-0.013674736022949,1
-0.069010615348816,0.077739022672176,-0.016773708164692,1
0.016825377941132,-0.19867153465748,0.21617392450571,1
-0.046882450580597,0.10576551407576,-0.052390389144421,1
-0.034918487071991,-0.11633822508156,0.018886104226112,1
-0.013693928718567,0.075910918414593,-0.013185366988182,1
0.13291269540787,-0.20278160274029,0.16684735566378,1
0.19560122489929,0.18895333260298,0.091212399303913,1
-0.16051292419434,-0.15081707760692,-0.0060974881052971,1
-0.16601032018661,0.15133576840162,-0.036978058516979,1
-0.1062348484993,-0.1669883877039,0.032507672905922,1
0.049890518188477,0.076381407678127,-0.0052499398589134,1
0.056012809276581,-0.052832126617432,-0.0014036744832993,1
-0.17694079875946,-0.17144072800875,0.020145915448666,1
-0.13790479302406,-0.20395436137915,0.00097544491291046,1
-0.0028507709503174,-0.072802100330591,0.0013484731316566,1
-0.17874646186829,-0.005828931927681,0.032876171171665,1
0.12599432468414,0.15657299011946,-0.0074471682310104,1
0.086195290088654,0.13150199502707,-0.071377009153366,1
0.081846594810486,0.10050071030855,-0.041801333427429,1
-0.06063187122345,-0.055655043572187,-0.06134881824255,1
-0.22483175992966,-0.1131337704137,0.034426309168339,1
-0.01164311170578,-0.16881559789181,-0.071593649685383,1
-0.043910503387451,-0.10006373742362,-0.011755205690861,1
-0.14051234722137,0.13731995970011,0.051706679165363,1
0.060382127761841,0.086245633661747,-0.039150834083557,1
-0.020391643047333,-0.14305942878127,0.047606743872166,1
-0.091746747493744,-0.0050884634256363,0.024481184780598,1
0.040322363376617,-0.067622218281031,-0.027902461588383,1
0.02310985326767,0.18872033804655,-9.4041228294373e-05,1
-0.085642278194427,-0.010077580809593,0.025873802602291,1
-0.021668016910553,-0.2030369117856,0.10652678459883,1
-0.1403896510601,0.040220953524113,0.060764782130718,1
-0.15440633893013,-0.02821134775877,-0.017685823142529,1
-0.18719258904457,-0.022690273821354,0.085122771561146,1
-0.082843124866486,0.14577426761389,-0.0028139129281044,1
0.023182392120361,-0.26528934389353,0.067117966711521,1
0.10046952962875,0.21971397846937,-0.034350052475929,1
-0.022911310195923,0.077759839594364,-0.036732368171215,1
0.041025578975677,-0.23317634314299,0.18047484010458,1
0.16602379083633,0.19828309863806,0.10053531080484,1
0.16994953155518,0.22458257526159,-0.0029037371277809,1
-0.2505641579628,0.071930505335331,0.018615745007992,1
0.14244854450226,0.17204090207815,0.20004612952471,1
-0.16451072692871,-0.029509142041206,0.031652830541134,1
-0.20097422599792,0.053381539881229,-0.041019298136234,1
-0.12601345777512,0.041088305413723,0.0077452138066292,1
-0.032313406467438,0.12738680094481,-0.056058749556541,1
-0.08933100104332,0.23910140246153,0.041308604180813,1
-0.11361300945282,0.022315189242363,-0.047926105558872,1
0.14374035596848,0.1923405751586,-0.040158778429031,1
0.095000624656677,-0.20770854502916,0.095573134720325,1
-0.064554393291473,0.042957089841366,-0.052146919071674,1
-0.080341577529907,0.00032511353492737,0.010370947420597,1
-0.22959560155869,-0.07426399178803,0.084355674684048,1
0.082556307315826,-0.11581656336784,-0.041867040097713,1
0.18543231487274,0.20261093229055,0.14383018761873,1
0.073446571826935,0.11130505055189,-0.073429703712463,1
0.19096356630325,-0.17122405022383,0.048168890178204,1
-0.10250973701477,-0.090821713209152,-0.045180849730968,1
0.12438350915909,-0.24093095213175,-0.011405229568481,1
-0.081456452608109,0.24307980388403,0.10686592012644,1
0.061583518981934,-0.070436416193843,-0.033622480928898,1
-0.11758545041084,0.013027265667915,-0.025260366499424,1
-0.042945206165314,-0.075761837884784,-0.0056016519665718,1
-0.034818649291992,0.21237450093031,0.062768936157227,1
0.064901232719421,0.070654220879078,0.0093417093157768,1
0.1391179561615,-0.14215895533562,-0.018748961389065,1
-0.11592382192612,0.11888060718775,-0.00039026886224747,1
-0.14121443033218,-0.13762035965919,0.1846497580409,1
0.017698049545288,0.19879993051291,0.002294547855854,1
-0.077816188335419,0.027698092162609,0.026274748146534,1
-0.10851672291756,0.086453385651112,-0.085980318486691,1
0.164326608181,-0.15226653963327,0.018606103956699,1
-0.012916147708893,0.041948951780796,0.00080827623605728,1
0.16641384363174,-0.18517044186592,0.0091523304581642,1
0.032117962837219,0.22548495978117,-0.054573439061642,1
-0.13335779309273,-0.18206828832626,-0.05504434555769,1
-0.19103765487671,0.10372922569513,-0.016989715397358,1
0.081969678401947,-0.081973088905215,-0.034111849963665,1
0.0015259981155396,0.18906011432409,-0.07755159586668,1
-0.14576330780983,-0.073583712801337,-0.015484444797039,1
-0.082604140043259,0.021851919591427,-0.0018276795744896,1
0.14060968160629,-0.22137950360775,-0.081551358103752,1
0.017768621444702,-0.23106146603823,-0.00060183554887772,1
-0.061535030603409,-0.023471668362617,0.0088516250252724,1
-0.021870791912079,0.13589664548635,0.028251595795155,1
-0.16224777698517,0.11206073313951,0.13143379241228,1
-0.012331485748291,0.12661006301641,-0.023384787142277,1
0.015372455120087,-0.20195408910513,0.06231464445591,1
0.13852614164352,0.18956326693296,-0.045963488519192,1
-0.041364550590515,0.21893959492445,-0.032501131296158,1
0.0085192322731018,0.081373982131481,0.0046482160687447,1
-0.026897549629211,0.23478855937719,0.12955840677023,1
-0.18651667237282,-0.043486941605806,0.1189789250493,1
0.058460772037506,0.066833965480328,0.0070513337850571,1
-0.0078290700912476,-0.13682055100799,-0.02991160005331,1
-0.10100683569908,-0.032392457127571,-0.015462957322598,1
-0.10382050275803,0.20399635285139,0.084726922214031,1
-0.19313731789589,-0.090612017549574,0.1325895562768,1
-0.23042285442352,-0.073468018323183,-0.035406827926636,1
-0.074577063322067,-0.17997968941927,0.1744098290801,1
0.17247837781906,0.24722620099783,0.053408913314342,1
-0.087746471166611,0.039893515408039,-0.01927899569273,1
-0.20568642020226,0.029375277459621,-0.051553949713707,1
0.067675411701202,-0.18477415293455,0.070816613733768,1
0.048356652259827,-0.12384358793497,-0.081783175468445,1
-0.032383859157562,-0.26698658615351,0.091460980474949,1
0.16955959796906,0.17439129203558,0.11471309512854,1
0.16373991966248,0.2433265671134,-0.019236288964748,1
-0.15097403526306,0.10833837836981,0.035836897790432,1
-0.13104930520058,-0.20833897590637,0.047173663973808,1
-0.10422879457474,0.021240405738354,-0.06507458537817,1
-0.17932909727097,-0.0048138573765755,-0.095848239958286,1
-0.02722293138504,-0.058383423835039,-0.013827212154865,1
-0.096761494874954,0.11624436825514,-0.021201230585575,1
0.081084966659546,-0.082376550883055,-0.04393332451582,1
-0.041900515556335,0.066803492605686,-0.039076097309589,1
-0.20802891254425,-0.09657976590097,-0.031593546271324,1
0.092511475086212,-0.067676994949579,0.022973485291004,1
-0.049894750118256,0.11270556598902,0.0062667652964592,1
0.11850476264954,0.21061047166586,0.066345922648907,1
-0.062657386064529,0.12395661324263,-0.073421604931355,1
0.0092479586601257,-0.25609744340181,0.14430171996355,1
0.0091584920883179,-0.25292218476534,0.045556880533695,1
0.059071779251099,0.12680756300688,-0.024489983916283,1
-0.12502229213715,0.04756673425436,0.049419857561588,1
-0.016871929168701,-0.23537846654654,0.12651749700308,1
0.067719399929047,0.095966406166553,-0.0010893121361732,1
-0.08549165725708,-0.17174150049686,0.17836809903383,1
0.029490411281586,-0.1932182982564,-0.037685044109821,1
0.019621729850769,-0.22382967174053,0.16638868302107,1
0.04634028673172,-0.12920259125531,-0.039099477231503,1
0.15881341695786,0.20748605579138,-0.054216846823692,1
-0.0019305348396301,-0.22502615302801,-0.023446299135685,1
-0.19721728563309,0.16455747932196,0.046500377357006,1
-0.013186633586884,-0.22805962711573,-0.086362034082413,1
-0.19989895820618,0.1684033498168,-0.044122122228146,1
0.090777933597565,0.20444615930319,0.166509591043,1
-0.16453191637993,-0.081215295940638,-0.056078113615513,1
0.14144212007523,-0.14277943223715,-0.054862879216671,1
0.08022665977478,-0.10389805724844,0.0055946409702301,1
-0.032595813274384,-0.040589943528175,-0.0025787875056267,1
-0.026757657527924,-0.036476828157902,-0.016006447374821,1
-0.18264046311378,-0.027061939239502,-0.045874066650867,1
0.031299948692322,0.087406627833843,-0.040587551891804,1
-0.011434376239777,-0.2623254135251,0.1277115419507,1
0.0078703761100769,-0.22385214269161,-0.049216881394386,1
-0.12859362363815,0.11901257187128,0.10245614498854,1
-0.073478907346725,0.15053521841764,-0.081550575792789,0
-0.087814927101135,-0.0097305551171303,-0.017954222857952,1
0.10843080282211,-0.1302390601486,0.022616155445576,1
0.10950297117233,-0.11552043259144,0.0029940530657768,1
-0.24692612886429,0.046937488019466,0.11866959184408,1
-0.17769756913185,-0.014234267175198,0.0012236014008522,1
-0.16090476512909,0.033701337873936,0.0013494566082954,1
-0.02229243516922,-0.2078900411725,0.095231093466282,1
-0.070574641227722,0.20425917953253,0.15514174848795,1
0.032823264598846,-0.22585251182318,-0.020929887890816,1
-0.037342309951782,0.05939394980669,-0.041147522628307,1
0.044947803020477,-0.12201101705432,-0.015577934682369,1
0.031266987323761,0.23286768049002,0.10706619173288,1
-0.052265226840973,0.1232049241662,-0.025382839143276,1
-0.12592282891273,0.21004169434309,0.13622810691595,1
0.17339318990707,-0.15516716241837,0.20581621676683,1
-0.1145116686821,-0.056656777858734,0.018012009561062,1
-0.064183622598648,-0.079990789294243,-0.0073976293206215,1
-0.021359145641327,-0.051247663795948,0.0001436248421669,1
-0.05643767118454,-0.23236802965403,-0.053151503205299,1
-0.0055572390556335,0.12948309630156,-0.064483299851418,1
-0.15369406342506,-0.02036164700985,-0.050110012292862,1
0.019956946372986,-0.28379545360804,0.019844643771648,1
-0.20289617776871,0.13932169228792,0.018446184694767,1
-0.23888194561005,-0.033027619123459,0.027762807905674,1
-0.16885125637054,-0.20074315369129,-0.018188767135143,1
-0.056750804185867,-0.031839773058891,-0.042213164269924,1
-0.18628507852554,-0.17872264236212,0.11151092499495,1
-0.065867811441422,-0.0947280600667,-0.060010738670826,1
-0.19521087408066,-0.063547130674124,0.11040786653757,1
-0.0696702003479,0.12302153557539,0.035812638700008,1
-0.024356782436371,0.056859694421291,0.0062154307961464,1
-0.15443035960197,0.084136046469212,0.048966340720654,1
-0.074934244155884,-0.22132776677608,0.16347322613001,1
-0.1766457259655,0.12296845763922,-0.082575149834156,1
0.13602966070175,-0.14346776530147,-0.031560324132442,1
-0.091801762580872,-0.19601205736399,0.0052382797002792,1
-0.16579526662827,-0.058323699980974,0.20197174698114,1
-0.0049833655357361,0.076725460588932,0.0069614127278328,1
0.0078148245811462,0.21476533263922,-0.0222432538867,1
-0.12717652320862,-0.074589841067791,0.028045080602169,1
0.0026496648788452,0.093511961400509,0.0061081424355507,1
0.04521381855011,0.16141097992659,-0.026077196002007,1
-0.097985029220581,0.02549984306097,-0.00090193003416061,1
0.12545549869537,0.12043236941099,0.039281412959099,1
0.1747949719429,-0.24251676350832,-0.032588638365269,1
0.19561445713043,-0.18060852587223,-0.050199009478092,1
0.13914495706558,-0.13215347006917,-0.069622151553631,1
0.047746896743774,-0.070617137476802,-0.024390749633312,1
-0.14082789421082,0.11218712478876,0.057547427713871,1
-0.028110027313232,-0.25218484550714,0.050142705440521,1
-0.02381819486618,-0.24514251202345,0.043268896639347,1
-0.22540333867073,-0.014359198510647,0.0252690538764,1
-0.062718987464905,-0.13182537257671,0.050184778869152,1
-0.15446662902832,-0.082645082846284,-0.091177187860012,1
0.06682676076889,-0.10572121664882,0.00090557336807251,1
0.10824179649353,-0.25371054559946,-0.081295475363731,1
-0.057667076587677,0.11477345973253,-0.0050309076905251,1
0.16231346130371,-0.19601579010487,0.065406627953053,1
-0.098338782787323,0.061763606965542,-0.087235413491726,1
0.16785979270935,0.22907506674528,-0.070406727492809,1
-0.11589190363884,0.044940210878849,0.014967821538448,1
-0.024679601192474,-0.092479464132339,0.020049050450325,1
-0.11884096264839,-0.1329458989203,0.011531852185726,1
-0.13235715031624,0.055902294814587,-0.053468018770218,1
0.052734196186066,0.22115122526884,0.17099515348673,1
-0.031505763530731,-0.10821153782308,-0.036020062863827,1
-0.15078696608543,-0.19451484829187,0.02495751529932,1
-0.043667852878571,-0.076472306624055,0.0068208947777748,1
0.092324435710907,-0.22083286195993,-0.049561314284801,1
0.038505613803864,0.093710772693157,0.010423697531223,1
0.080604016780853,0.08630409091711,-0.02394937723875,1
-0.024035274982452,-0.092112290672958,-0.0087419673800468,1
0.16905528306961,-0.19950088858604,0.04704599827528,1
0.09683096408844,-0.23391295224428,0.11683470755816,1
0.026782274246216,-0.12882897630334,0.0222212895751,1
-0.01319432258606,-0.10037707653828,0.0025892034173012,1
0.029663562774658,-0.076436104252934,0.011293865740299,1
-0.0336012840271,-0.067705154418945,-0.020790375769138,1
-0.18652361631393,0.085815437138081,0.17056354135275,1
0.020325899124146,0.13919898122549,-0.074933804571629,1
0.019116580486298,0.072166033089161,0.0063149556517601,1
0.094086587429047,-0.070051012560725,-0.044088460505009,1
0.0086340308189392,0.056217156350613,-0.0083811953663826,1
0.020459771156311,-0.17942754924297,0.034819103777409,1
-0.015426099300385,-0.037737734615803,0.0057412758469582,1
0.023944437503815,0.1359841004014,0.0084655582904816,1
-0.066420048475266,-0.1431528031826,-0.078193694353104,1
0.12066966295242,0.25573908537626,0.092451594769955,1
-0.04005378484726,-0.060522973537445,0.014308072626591,1
-0.17163759469986,-0.024169437587261,-0.076015897095203,1
-0.19459426403046,0.032990537583828,0.051257990300655,1
0.16224318742752,-0.14367114380002,0.12048477679491,1
0.050325453281403,-0.16383796185255,-0.030818082392216,1
-0.12238475680351,-0.17247934639454,0.017901934683323,1
-0.0066659450531006,-0.071106834337115,-0.0081075429916382,1
0.067558407783508,0.21487902849913,0.047048322856426,1
-0.15830633044243,-0.11173036228865,-0.058250576257706,1
-0.096226990222931,-0.067090686410666,-0.075807616114616,1
-0.25435307621956,0.019455179572105,-0.013135857880116,1
0.0019693970680237,-0.25428282469511,0.051906734704971,1
-0.0010467767715454,-0.16369215399027,-0.060036472976208,1
-0.0066843032836914,0.14130788296461,0.0097504556179047,1
0.02319723367691,0.26123764365911,0.10644298046827,1
0.043222844600677,-0.25198893994093,-0.018136069178581,1
-0.016747415065765,-0.064522501081228,-0.041340157389641,1
0.0022575259208679,0.091331906616688,-0.0185861364007,1
-0.0030711889266968,0.2458119019866,0.10304767638445,1
0.017753839492798,0.082443974912167,0.0046045482158661,1
-0.04345715045929,0.0056077390909195,-0.0054622665047646,1
0.08722859621048,0.10554877668619,-0.055934965610504,1
-0.1818373799324,0.00052458047866821,0.13684628158808,1
0.068408370018005,-0.26050085574389,0.022569127380848,1
-0.19188022613525,0.069660045206547,0.16946219652891,1
0.13189446926117,0.17529489845037,0.20900518447161,1
0.047680556774139,0.20333122462034,0.013422086834908,1
-0.074568927288055,0.23163902014494,0.12406677752733,1
0.041738927364349,-0.099357320461422,-0.039829738438129,1
-0.015232443809509,0.050743021070957,-0.0024014934897423,1
-0.1014484167099,0.12172252684832,-0.063290737569332,1
0.13495141267776,-0.25849930197001,0.066250950098038,1
-0.055734425783157,-0.18668752908707,0.13282667845488,1
-0.0076751112937927,0.23313816636801,0.14830758422613,1
0.039058208465576,0.26846238225698,0.10403052717447,1
0.07173877954483,-0.13594313338399,0.042214795947075,1
-0.18864974379539,0.11034289747477,0.14817220717669,1
-0.18442922830582,0.08276080340147,-0.093094907701015,1
0.17821246385574,-0.16620025783777,-0.055701397359371,1
0.18367648124695,-0.20022474229336,0.017132677137852,1
0.055079460144043,0.058629773557186,-0.0048995167016983,1
-0.0098995566368103,-0.20725850760937,-0.064332820475101,1
0.061674833297729,0.070742927491665,0.0047925636172295,1
-0.19482010602951,0.11244650930166,0.1469471976161,1
-0.1785244345665,-0.20027386397123,0.0025657787919044,1
-0.086390733718872,-0.038228899240494,-0.038507461547852,1
-0.016327261924744,0.14199095219374,-0.068738579750061,1
-0.19366520643234,0.15902360528708,0.093467198312283,1
-0.062029123306274,-0.061381183564663,0.013397566974163,1
-0.048661231994629,-0.024239555001259,-0.02823943644762,1
-0.07886603474617,-0.23794028908014,-0.022648997604847,1
0.18324244022369,0.22045930474997,-0.063357695937157,1
0.10141402482986,0.099842570722103,-0.0015934482216835,1
-0.096487820148468,-0.13385857269168,0.041091255843639,1
-0.19377392530441,0.14888242632151,0.088116548955441,1
-0.00058650970458984,0.13528095930815,0.0071560218930244,1
-0.14938071370125,0.01228329539299,0.003254346549511,1
-0.026927292346954,0.21232219785452,0.11058724671602,1
-0.17352268099785,-0.19213478267193,0.013273425400257,1
-0.11072906851768,-0.041332729160786,-0.062449812889099,1
0.066927969455719,0.074877597391605,-0.026252344250679,1
0.0046344995498657,0.15134175866842,-0.058658972382545,1
-0.12619560956955,-0.017697803676128,-0.011203162372112,1
0.0090072751045227,-0.19579140096903,0.21592343598604,1
-0.15887653827667,0.033223651349545,0.0085230991244316,1
-0.037717461585999,-0.077432412654161,-0.020265989005566,1
-0.11062934994698,-0.19973453879356,0.15168059617281,1
-0.05998706817627,0.032205499708652,-0.018375016748905,1
-0.028680980205536,0.055397100746632,0.012298054993153,1
-0.065701127052307,-0.015275828540325,0.0099405273795128,1
-0.18966668844223,-0.063127852976322,-0.057370841503143,1
0.041173696517944,0.22950749844313,0.15378118306398,1
-0.089143007993698,-0.22481075674295,0.10452986508608,1
0.079818069934845,-0.0608513019979,-0.018945030868053,1
0.055089890956879,0.10010527819395,0.0087824389338493,1
0.053034901618958,0.097970493137836,-0.056943833827972,1
-0.10630503296852,-0.0046040713787079,-0.043381594121456,1
-0.099411368370056,0.094809330999851,-0.043345384299755,1
-0.084989905357361,-0.074624428525567,0.019290216267109,1
-0.099033415317535,-0.08720615785569,-0.043472312390804,1
-0.10898149013519,0.11263855546713,-0.089620195329189,1
-0.074723601341248,0.068765185773373,0.015742607414722,1
-0.22085428237915,-0.070150716230273,0.098394401371479,1
-0.15616679191589,0.20294042676687,0.1295738145709,1
0.069694340229034,0.08097780495882,0.015261992812157,1
0.14462780952454,0.19835289567709,-0.084965988993645,1
-0.052291005849838,-0.24776706844568,0.10108519345522,1
0.20749127864838,0.19081678241491,0.077658705413342,1
-0.1446827352047,-0.10680192988366,0.19457017630339,1
-0.01275908946991,0.21432914584875,-0.048179239034653,1
0.068763256072998,0.13834284991026,-0.076386548578739,1
0.12421810626984,-0.11455599870533,0.040237925946712,1
0.17193454504013,0.20705445855856,0.1448061093688,1
-0.16385269165039,-0.1635684221983,-0.016368009150028,1
0.11574125289917,0.16295679658651,-0.053978644311428,1
-0.055579215288162,0.046827472746372,0.022114776074886,1
-0.020584762096405,-0.19773696362972,0.0061651319265366,1
0.016144096851349,0.17347981780767,-0.0088604018092155,1
-0.038617491722107,-0.053694117814302,0.017646513879299,1
-0.054323375225067,-0.1918288692832,-0.080730177462101,1
0.022663354873657,-0.0888780830428,0.0039838328957558,1
-0.048948645591736,0.11468800157309,0.035837702453136,1
-0.032658040523529,-0.027106687426567,-0.012578763067722,1
0.024632453918457,0.12482971698046,0.011809639632702,1
0.15279000997543,-0.13035171292722,-0.061207629740238,1
-0.012906551361084,-0.25324714928865,-0.012356817722321,1
-0.10772553086281,-0.15386435762048,0.16075346618891,1
-0.054315537214279,-0.0085462331771851,-0.019120953977108,1
-0.065274208784103,0.16670783609152,0.067927770316601,1
-0.051272690296173,-0.04225305840373,-0.010745532810688,1
-0.20381620526314,0.052975513041019,0.18344252556562,1
0.13555711507797,-0.25878966599703,0.063072502613068,1
-0.029215812683105,0.053149126470089,-0.020653776824474,1
-0.15168303251266,0.085127092897892,-0.087868452072144,1
0.14542353153229,-0.26188275963068,0.0038808286190033,1
0.0089548230171204,-0.21769464761019,-0.086951691657305,1
-0.027425169944763,0.088764779269695,-0.0047199204564095,1
-0.049685776233673,0.1654149517417,-0.027904704213142,1
-0.032888650894165,-0.074315322563052,0.0020538717508316,1
-0.010180115699768,-0.087694651447237,-0.012037448585033,1
-0.10563573241234,-0.24894595891237,0.014449514448643,1
0.02297443151474,0.11963396519423,0.001328133046627,1
0.076193392276764,-0.092207512352616,-0.023739442229271,1
0.02338033914566,0.16986938565969,-0.038930229842663,1
-0.13303142786026,-0.15568544343114,-0.089749045670033,1
-0.19346776604652,0.050147123634815,0.092526607215405,1
0.16060334444046,-0.14618406817317,0.080524988472462,1
-0.029243648052216,0.091137997806072,-0.056516863405704,1
-0.074269026517868,0.046068720519543,-0.012985847890377,1
-0.051375567913055,0.2489812001586,-0.058167606592178,1
-0.1173689365387,-0.130569960922,0.049877427518368,1
-0.22250175476074,0.070271588861942,0.040689788758755,1
0.16090077161789,0.19895901530981,-0.04767894744873,1
-0.05175992846489,0.16038104146719,-0.060085952281952,1
0.11596590280533,0.17176481336355,-0.0078293457627296,1
-0.097499340772629,0.052681170403957,0.029243879020214,1
0.091577529907227,0.15770911425352,-0.058171525597572,1
-0.068497121334076,-0.031291209161282,0.018844284117222,1
0.060692727565765,-0.057585142552853,-0.001580499112606,1
0.20666551589966,0.21269511431456,-0.022517412900925,1
0.045112252235413,-0.19542824476957,0.0079035088419914,1
-0.18343222141266,-0.018713034689426,-0.04046331346035,1
-0.12324747443199,-0.21676329523325,-0.0080764070153236,1
-0.0029588341712952,0.19575875252485,-0.053048558533192,1
0.16756367683411,0.18289991468191,-0.067252494394779,1
0.066819429397583,0.21654476970434,0.035089828073978,1
0.17188137769699,0.19566609710455,-0.048142649233341,1
0.0073481202125549,-0.094787145033479,0.016332626342773,1
-0.16729491949081,-0.16741289198399,-0.04848363250494,1
0.053090989589691,-0.13772058486938,-0.041508518159389,1
-0.042836129665375,-0.11876157857478,0.024352744221687,1
-0.035134434700012,0.098012752830982,0.030317403376102,1
-0.16758614778519,-0.06431183591485,-0.068463437259197,1
-0.19811704754829,-0.084344696253538,0.10549277812243,1
-0.16650685667992,-0.12848051823676,0.11502078920603,1
-0.0059219002723694,-0.12366096302867,-0.016109339892864,1
0.08461982011795,-0.18745300918818,0.118163369596,1
0.076506316661835,-0.12213235720992,-0.058796383440495,1
-0.17842027544975,0.065110646188259,0.17810044437647,1
-0.12410336732864,-0.18602383136749,-0.050123192369938,1
-0.16963702440262,0.048171378672123,0.13365133851767,1
0.11298221349716,-0.17418672889471,-0.071359597146511,1
0.13787871599197,-0.18617445230484,-0.031420327723026,1
0.0018438696861267,-0.055411301553249,-0.0097518190741539,1
-0.10530567169189,0.031225018203259,-0.03323994576931,1
0.099378168582916,-0.20306651294231,0.070299036800861,1
-0.20395508408546,0.0034979283809662,0.015899963676929,1
-0.070262610912323,0.077030681073666,0.027163453400135,1
0.10794734954834,0.22268828004599,-0.040863797068596,1
-0.15550643205643,0.19317885488272,0.00015207380056381,1
0.030992865562439,0.056129835546017,0.0017694011330605,1
-0.16306841373444,0.053393848240376,0.10616189986467,1
-0.053458094596863,-0.016352780163288,1.7955899238586e-06,1
-0.18208992481232,0.031657598912716,0.077057532966137,1
-0.10875228047371,-0.1102614402771,0.039414770901203,1
-0.18158635497093,-0.030414320528507,0.11133823543787,1
0.13383001089096,-0.17376501113176,-0.086461685597897,1
-0.054342269897461,0.0091214403510094,-0.00068309158086777,1
-0.027674615383148,-0.011307023465633,0.0035293474793434,1
0.029641509056091,0.08628749102354,0.019862666726112,1
-0.12033796310425,0.13628777116537,0.080258972942829,1
-0.16412085294724,0.14737416058779,0.067025177180767,1
0.12736767530441,0.24116062372923,0.07721071690321,1
0.13115972280502,-0.16505796462297,0.062501199543476,1
-0.05927985906601,-0.0092918798327446,0.010915718972683,1
-0.060099810361862,-0.088397993706167,-0.040002040565014,1
0.093955755233765,-0.26927307993174,-0.014830641448498,1
-0.081397414207458,0.19451316446066,0.042389176785946,1
-0.007658839225769,0.070486165583134,-0.039841644465923,1
0.13609832525253,-0.19443146139383,-0.0047181248664856,1
-0.14538353681564,-0.10475887497887,0.051606841385365,1
-0.12588879466057,-0.023669496178627,0.01502763479948,1
-0.16094106435776,0.11943846195936,0.0027969405055046,1
-0.12967595458031,-0.14734916016459,0.048259653151035,1
-0.043894588947296,-0.097064139787108,0.026399567723274,1
0.045475840568542,0.21885823458433,0.12166482955217,1
0.037248313426971,-0.23638490587473,0.16539291292429,1
0.15933513641357,0.2029966339469,0.071349836885929,1
0.11194163560867,0.15323912352324,-0.070507526397705,1
0.12396550178528,0.19782157987356,0.10184643417597,1
-0.18744975328445,-0.16243397817016,0.072015039622784,1
0.12845385074615,0.14734827727079,0.046270705759525,1
-0.07665154337883,-0.033345304429531,0.024219818413258,1
-0.056540578603745,-0.016691781580448,0.01713041216135,1
-0.11756479740143,-0.12034296616912,-0.014287658035755,1
-0.17097917199135,-0.11627759970725,0.042034484446049,1
0.015439450740814,-0.21879480779171,0.062859080731869,1
0.043741166591644,-0.28911531716585,-0.0074150487780571,1
0.08021205663681,-0.10567090753466,0.02569916844368,1
-0.11824151873589,0.17446433752775,-0.027192749083042,0
-0.084061920642853,-0.090293301269412,-0.0051842555403709,1
-0.087914764881134,-0.12881535850465,0.062097243964672,1
0.035346686840057,0.075994111597538,-0.025031447410583,1
-0.064501643180847,0.042155556380749,-0.019518099725246,1
-0.10683858394623,0.22095318883657,-0.029396884143353,1
0.059794008731842,-0.10809706896544,-0.032752633094788,1
-0.11993342638016,0.078136645257473,0.062103159725666,1
0.16217344999313,-0.13756877556443,-0.034226767718792,1
0.13534724712372,0.14693539589643,0.087072230875492,1
0.12879514694214,0.20870801061392,-0.067780829966068,1
-0.0094382166862488,-0.11803639866412,0.0016976967453957,1
-0.053273409605026,0.28031947463751,0.058050505816936,1
-0.046122670173645,0.19430898874998,-0.040631547570229,1
0.14809608459473,-0.24722612649202,0.02995902299881,1
-0.23890253901482,-0.032644286751747,-0.031780667603016,1
-0.17385700345039,-0.063259765505791,-0.056268952786922,1
-0.096852034330368,0.13042283803225,-0.051573000848293,1
-0.23903635144234,-0.080859487876296,0.099408082664013,1
-0.058894991874695,0.018662132322788,-0.0090760812163353,1
-0.1378456056118,-0.18260218203068,0.11728853732347,1
0.043924152851105,-0.060091491788626,-0.0040622130036354,1
-0.031339287757874,0.19003518670797,0.074140973389149,1
-0.21359777450562,-0.032607845962048,-0.05205237865448,1
-0.029045939445496,0.23425098508596,0.099188663065434,1
-0.092859596014023,-0.05973581597209,0.0086208507418633,1
-0.051597595214844,-0.16530033200979,0.058074779808521,1
-0.11623418331146,0.053387351334095,-0.018737219274044,1
-0.069441020488739,0.10135116428137,-0.023246712982655,1
-0.084554851055145,0.11177847534418,-0.01025203615427,1
0.18891912698746,0.19739251583815,0.14061648398638,1
0.0800501704216,-0.12077833339572,-0.020508535206318,1
-0.048937976360321,-0.089726852253079,0.0038198456168175,1
-0.073180675506592,-0.19757859408855,0.098481304943562,1
-0.07926994562149,0.26815723627806,0.081641800701618,1
0.11138755083084,-0.23326525837183,-0.08997955173254,1
-0.039897978305817,-0.0048749968409538,-0.00077428668737411,1
-0.023009777069092,0.28337027877569,0.076379202306271,1
0.10488468408585,-0.17915342748165,-0.0086310207843781,1
-0.093759089708328,-0.082905896008015,0.046070136129856,1
-0.037752270698547,-0.11253805924207,-0.055061802268028,1
-0.20450201630592,-0.10347762517631,-0.055901862680912,1
0.054224491119385,0.1010112836957,-4.3660402297974e-06,1
0.016178369522095,-0.21627671271563,0.15212992578745,1
-0.092832118272781,0.12986200302839,0.055185161530972,1
-0.17536777257919,-0.080428801476955,0.15537700802088,1
0.019084453582764,0.086002804338932,-0.037066966295242,1
-0.11635196208954,-0.018233731389046,-0.073652349412441,1
-0.060750365257263,-0.2185091599822,-0.0803317502141,1
0.01204526424408,-0.07187838293612,-0.02019989490509,1
0.09026712179184,-0.26745126396418,0.033072255551815,1
-0.01286792755127,-0.25722920149565,-0.048004165291786,1
-0.047243177890778,-0.11392149887979,-0.015334784984589,1
0.016897559165955,0.17137887328863,0.047978118062019,1
0.1525599360466,0.22908359020948,0.043928921222687,1
-0.18826240301132,-0.089965723454952,-0.031348869204521,1
-0.05298113822937,0.07746771723032,0.021358318626881,1
-0.21554479002953,0.17202501744032,0.02534107118845,1
-0.19235873222351,0.0093650072813034,-0.034550599753857,1
-0.053366899490356,-0.026310667395592,0.0051776096224785,1
-0.058458596467972,0.001944325864315,0.014734141528606,1
-0.12004286050797,-0.16479726880789,0.19414199143648,1
-0.06921860575676,0.27741350978613,-0.0023412778973579,1
-0.2509840130806,0.049442134797573,-0.023699276149273,1
-0.14252635836601,-0.095197818707675,-0.086522288620472,1
-0.027738094329834,-0.23990911990404,-0.017704539000988,1
0.077361762523651,-0.067408233880997,-0.038082711398602,1
0.052275002002716,-0.059198625385761,0.0039597526192665,1
-0.22196033596992,-0.094465711154044,0.077682711184025,1
-0.24555361270905,0.068296007812023,0.095634318888187,1
0.12819367647171,-0.15805887803435,-0.032599814236164,1
-0.076103150844574,-0.17925058305264,0.056349664926529,1
-0.081070721149445,0.044735975563526,-0.076367221772671,1
0.10346734523773,0.08064491301775,0.012563370168209,1
-0.083471983671188,-0.026836797595024,-0.051690988242626,1
0.081514954566956,-0.20128467679024,0.01518801599741,1
-0.097623139619827,0.075820930302143,-0.047064833343029,1
-0.069575667381287,0.036023892462254,-0.0053007528185844,1
-0.047897577285767,0.040314413607121,0.015841297805309,1
0.0014310479164124,-0.073148822411895,-0.0013874396681786,1
0.043046474456787,0.15248426049948,-0.040092960000038,1
0.15143817663193,-0.18350770324469,0.1908615604043,1
0.075576484203339,0.23723428696394,0.14626879245043,1
-0.043688058853149,-0.066631861031055,0.019221894443035,1
0.074452579021454,0.26936053484678,0.10752034932375,1
0.17536622285843,-0.21249943971634,-0.0076404735445976,1
-0.10052675008774,0.11686205118895,0.026891283690929,1
-0.19957330822945,-0.17182948440313,-0.032950006425381,1
-0.076813191175461,-0.057814836502075,0.029040269553661,1
-0.14951986074448,-0.019253365695477,-0.067127622663975,1
-0.19321724772453,0.08172083646059,-0.053815804421902,1
-0.061720281839371,0.19101019948721,0.10267794877291,1
0.11917400360107,-0.25284893065691,-0.072119072079659,1
-0.062534987926483,0.24704252928495,-0.048140048980713,0
-0.010299742221832,0.073903672397137,-0.03999237716198,1
0.062038838863373,-0.20536313205957,-0.080820851027966,1
-0.12802439928055,0.097137488424778,-0.02982372790575,1
0.084691345691681,-0.16955575346947,0.023199275135994,1
-0.14051231741905,0.034083820879459,-0.043676137924194,1
-0.15691983699799,0.059677623212337,-0.025820828974247,1
-0.0067324042320251,-0.074739122763276,-0.0085716620087624,1
-0.032514214515686,0.074991591274738,-0.012641973793507,1
-0.15095761418343,-0.18683774024248,0.061833448708057,1
0.11708080768585,0.12424536794424,0.0047777742147446,1
-0.03959196805954,0.050931893289089,0.0027428045868874,1
-0.25005739927292,0.075790263712406,-0.034264117479324,1
0.084304094314575,0.19671871513128,0.17731679230928,1
-0.14855337142944,0.15440648049116,0.19022465497255,1
-0.056482821702957,-0.033894844353199,-0.020113132894039,1
0.083641946315765,0.065644703805447,0.016642205417156,1
-0.10734304785728,-0.025031492114067,-0.029974363744259,1
-0.088665306568146,-0.090049248188734,-0.060319356620312,1
-0.11967328190804,0.19732063263655,0.1274818405509,1
-0.066675245761871,0.026407308876514,-0.017120026051998,1
-0.050827652215958,-0.14424516633153,0.0069049298763275,1
0.057038128376007,-0.15851191058755,0.027506314218044,1
-0.16856247186661,0.10718486458063,0.018922187387943,1
0.070910274982452,0.19800033420324,0.10530392080545,1
0.18179994821548,-0.19685785472393,0.11570727080107,1
0.053008198738098,0.053647004067898,-0.0022711679339409,1
-0.090003937482834,0.26439862698317,0.059194475412369,1
0.11725932359695,-0.11592354625463,0.043911464512348,1
-0.039822340011597,-0.015835963189602,0.0015924349427223,1
-0.25034520030022,0.002486415207386,-0.024810798466206,1
0.039742588996887,0.094966240227222,-0.032453238964081,1
-0.14564293622971,0.15956135839224,0.15805881470442,1
0.048699378967285,0.082503400743008,-0.003023236989975,1
-0.10956794023514,-0.0053757727146149,-0.020912289619446,1
-0.14325693249702,0.21387680619955,0.037644915282726,1
-0.092027127742767,0.18637036532164,-0.059865318238735,0
0.0090113878250122,0.2582470998168,0.1098165884614,1
-0.028687655925751,0.2015180811286,-0.020792216062546,1
0.13163417577744,-0.24916327744722,-0.057485580444336,1
0.13124775886536,0.11147025972605,-0.034579835832119,1
-0.04494696855545,0.017831481993198,-0.005294643342495,1
0.16258060932159,-0.16847376525402,-0.045696146786213,1
-0.22342091798782,0.069605596363544,0.0039145275950432,1
0.040597140789032,-0.083974916487932,-0.0379793420434,1
-0.13304373621941,-0.12034949101508,-0.047557137906551,1
0.082490980625153,-0.063424397259951,0.018199987709522,1
0.093943059444427,0.25403713434935,0.14907034486532,1
0.030427515506744,0.079689539968967,-0.025136105716228,1
0.12442058324814,-0.25654234737158,0.097491748631001,1
-0.010822117328644,-0.19520550966263,0.066249042749405,1
0.11452895402908,-0.24083901196718,0.036763578653336,1
0.021862804889679,-0.15603215992451,-0.080953285098076,1
0.040830194950104,-0.0729018766433,-0.0064432844519615,1
0.012834072113037,-0.26372338086367,-0.030605338513851,1
-0.032780110836029,0.19154303520918,-0.0045890808105469,1
-0.08440089225769,0.11712459474802,-0.090920425951481,1
-0.14369824528694,-0.11851763352752,0.069681189954281,1
-0.12409767508507,-0.0219831392169,-0.00045425444841385,1
-0.10353827476501,-0.2603792026639,0.064726054668427,1
0.062995314598083,0.14602402597666,0.034312151372433,1
-0.017811298370361,0.066795580089092,-0.014841713011265,1
0.0037033557891846,-0.067461654543877,-0.0093679800629616,1
-0.090375661849976,-0.12202407792211,-0.058196596801281,1
0.066658675670624,-0.11095055565238,0.0060369744896889,1
-0.059044241905212,0.22445862740278,0.13192332535982,1
0.14151132106781,0.25998198240995,0.09726820141077,1
0.034091889858246,-0.075950041413307,-0.00086817890405655,1
-0.05559840798378,-0.11184621136636,-0.043570064008236,1
0.15852475166321,0.18243964761496,0.033975318074226,1
0.065975785255432,0.12176143378019,-0.034710504114628,1
0.020996689796448,0.069466508924961,-0.011151358485222,1
0.12418133020401,0.1882500872016,-0.077065579593182,1
-0.0056204795837402,0.16635873168707,-0.029586374759674,1
-0.16190835833549,0.10374978929758,-0.07624913752079,1
-0.056456208229065,-0.0095111578702927,0.016751863062382,1
-0.098448604345322,0.10928840190172,0.015511833131313,1
-0.066638231277466,-0.2090138271451,0.16442012041807,1
-0.18923854827881,-0.096173110418022,-0.053640305995941,1
-0.087900042533875,-0.22284925729036,0.061657562851906,1
-0.035317003726959,-0.14749748259783,-0.031452193856239,1
0.0089548826217651,0.24198161810637,0.16445583850145,1
0.010841488838196,0.1306431517005,-0.021761484444141,1
-0.049297869205475,0.18084742873907,-0.053643949329853,1
0.14564883708954,0.23212399333715,0.0083545744419098,1
-0.084400475025177,-0.11388763319701,0.033340148627758,1
0.13975268602371,-0.14909942820668,0.07533548027277,1
-0.037705898284912,-0.24072980135679,0.037383958697319,1
0.10470980405807,-0.083874963223934,0.020106039941311,1
-0.22579038143158,0.069257579743862,0.10758050531149,1
0.061019003391266,0.28564550727606,0.036124490201473,1
0.11871832609177,-0.10464939242229,-0.041996233165264,1
0.069521248340607,-0.14182661473751,-0.016437888145447,1
-0.04236376285553,-0.19081617891788,0.20528630167246,1
0.22748667001724,-0.21242782473564,0.027459122240543,1
0.043328702449799,-0.25667042285204,0.045836701989174,1
0.17172330617905,-0.23374388366938,0.043364994227886,1
0.1314839720726,-0.17225605249405,0.054953522980213,1
-0.021270334720612,0.10734347254038,-0.0042383968830109,1
-0.05868273973465,-0.031532749533653,-0.0039856657385826,1
-0.080141067504883,-0.1874987706542,0.018902443349361,1
0.0016712546348572,0.23804181069136,-0.082820292562246,1
-0.11945840716362,-0.14702271670103,-0.091242022812366,1
-0.082070231437683,-0.039085522294044,-0.032594613730907,1
-0.021944642066956,0.22357296198606,-0.065871208906174,1
-0.1445446908474,0.12646182626486,0.20375771075487,1
-0.12223553657532,0.049857474863529,0.04323223978281,1
-0.21456629037857,0.047485657036304,0.07260087877512,1
-0.16974392533302,0.045525692403316,0.037153758108616,1
0.077919960021973,0.2030405625701,0.027119435369968,1
-0.2301390171051,0.094121865928173,0.040812887251377,1
-0.080364137887955,-0.093560294713825,0.03455489128828,1
-0.042723953723907,-0.060752809047699,-0.032548896968365,1
-0.1212612092495,0.023874573409557,0.012648843228817,1
0.026041746139526,0.19618340581656,-0.051877811551094,1
-0.18345069885254,0.025133229792118,-0.062017522752285,1
-0.104143679142,0.086669437587261,-0.0040713474154472,1
0.144302546978,-0.12342000566423,-0.040289603173733,1
-0.023818075656891,-0.2041522487998,0.055008180439472,1
-0.071020096540451,-0.043022349476814,-0.028904907405376,1
-0.039673388004303,0.15251376479864,-0.068909846246243,1
-0.072477400302887,0.18046107143164,0.084780193865299,1
0.0089268684387207,0.12447410076857,-0.025440193712711,1
-0.054603517055511,0.22680198401213,-0.053068831562996,1
0.20722228288651,-0.18229908496141,-0.014704994857311,1
-0.060418039560318,-0.042728673666716,-0.059933200478554,1
-0.071085631847382,-0.24395655840635,0.081020183861256,1
0.098579585552216,-0.17340524494648,0.036698043346405,1
-0.12066602706909,0.028461597859859,-0.055261179804802,1
-0.090459227561951,-0.058735568076372,0.023710034787655,1
0.023883759975433,0.18352510780096,-0.018882639706135,1
0.061641216278076,0.17944397777319,-0.038185827434063,1
0.12355142831802,0.26381631940603,0.004605732858181,1
-0.21652975678444,0.020868346095085,0.13086854666471,1
-0.029290497303009,-0.070260038599372,-0.041018910706043,1
-0.065143376588821,-0.073029724881053,-0.0085373446345329,1
-0.045475423336029,0.018553957343102,0.0075651332736015,1
0.06841915845871,-0.141576141119,0.0076081529259682,1
-0.10866093635559,0.20648022741079,0.073679722845554,1
-0.075060069561005,0.19746818393469,0.057934269309044,1
-0.016994476318359,0.040260203182697,0.0029360726475716,1
-0.060331702232361,-0.089739639312029,0.0078252330422401,1
0.073570668697357,-0.13542417064309,-0.047754839062691,1
-0.072609603404999,-0.26303730159998,0.10852489620447,1
0.056134819984436,0.16919272392988,0.0010062530636787,1
0.034995555877686,0.12650426477194,-0.02972961217165,1
0.024544179439545,0.085457198321819,-0.0018204748630524,1
0.020813047885895,0.11173742264509,-0.013006366789341,1
-0.23110535740852,0.0063264220952988,-0.07717926800251,1
0.04328590631485,-0.15108797699213,-0.021506503224373,1
0.14430624246597,-0.13541599735618,-0.0027889236807823,1
0.0041829347610474,0.12181726843119,0.011891268193722,1
-0.16755935549736,-0.093260682187974,0.15079858154058,1
-0.11675375699997,-0.016997918486595,0.0062940493226051,1
-0.15192037820816,-0.12530045770109,0.15990602225065,1
-0.096114158630371,0.028374426066875,-0.077545285224915,1
0.052142083644867,-0.09556902339682,-0.0056932792067528,1
-0.14112967252731,-0.087567801587284,-0.0098662599921227,1
-0.14546298980713,0.22978415340185,-0.019372947514057,1
-0.17834010720253,-0.19774749130011,-0.036477781832218,1
0.033252596855164,0.13413498550653,0.00047601014375687,1
0.12128561735153,-0.12634094804525,-0.0023590847849846,1
0.099579989910126,-0.1286133620888,-0.035227067768574,1
0.16488295793533,-0.21015471220016,0.066226221621037,1
0.00011104345321655,0.1097619459033,0.026571787893772,1
-0.13266789913177,0.026301853358746,-0.0062959119677544,1
-0.094425886869431,0.0013167932629585,-0.076019629836082,1
-0.029040336608887,-0.091766238212585,-0.021845407783985,1
-0.0079057216644287,0.13836105912924,-0.025816366076469,1
0.096984386444092,0.1001940742135,-0.02109631896019,1
0.11939978599548,0.19408591836691,0.054866649210453,1
-0.17774018645287,-1.4334917068481e-05,0.090473659336567,1
-0.12707924842834,0.064976207911968,-0.052016973495483,1
-0.20181980729103,-0.16105155646801,-0.0025679096579552,1
-0.015350639820099,-0.21933683007956,0.19277057796717,1
0.030385971069336,0.19611658900976,0.11500278860331,1
-0.13173857331276,-0.017515853047371,-0.002097375690937,1
0.038627982139587,0.16861256211996,-0.012588478624821,1
0.10029286146164,-0.20687724649906,0.033188223838806,1
-0.16895145177841,-0.067322198301554,-0.076872326433659,1
-0.10778939723969,0.029942832887173,-0.043590046465397,1
-0.02549135684967,0.053910650312901,-0.036611072719097,1
0.045685052871704,-0.15104136988521,0.050419725477695,1
-0.037803113460541,-0.072595158591866,-0.003457210958004,1
0.17669898271561,-0.15329360961914,-0.027109675109386,1
0.044299781322479,-0.29262093454599,0.015875361859798,1
0.054884910583496,-0.15723641216755,0.020336680114269,1
-0.059255808591843,-0.05880631506443,-0.057973988354206,1
-0.059500902891159,-0.13352151960135,0.0026462003588676,1
0.023574769496918,0.23123916238546,0.047039598226547,1
0.069239437580109,-0.14748978614807,0.018899671733379,1
0.089473366737366,0.1373393163085,-0.037736393511295,1
0.0797318816185,-0.27854947000742,0.038463868200779,1
0.059428751468658,-0.14628567546606,0.006709061563015,1
0.046546995639801,-0.11467139795423,-0.052212223410606,1
-0.11537364125252,-0.025218851864338,-0.010727293789387,1
-0.069703817367554,0.17073937505484,0.082427211105824,1
0.13577342033386,0.11629935353994,0.037562154233456,1
0.013058185577393,-0.22832617908716,-0.09119999781251,1
-0.088833779096603,0.1785494312644,0.14654790610075,1
-0.25063803792,-0.058052398264408,0.013494201004505,1
0.068076252937317,-0.097028809599578,-0.027167305350304,1
-0.18849089741707,-0.18961659818888,-0.0050156638026237,1
-0.052106946706772,-0.017674423754215,-0.017801396548748,1
-0.12370184063911,-0.20108195394278,0.078935854136944,1
0.060806214809418,-0.1760119125247,-0.091857701539993,1
-0.17248243093491,0.094230838119984,0.054827220737934,1
0.10617607831955,0.12201424688101,-0.050950899720192,1
0.067172706127167,-0.11901594139636,0.021370463073254,1
-0.016473770141602,0.17175509780645,0.024327524006367,1
-0.012139797210693,0.21208297461271,0.075341202318668,1
-0.12925657629967,-0.029693946242332,-0.054470732808113,1
-0.07535907626152,-0.17919559031725,0.19763023406267,1
0.010244309902191,0.091820679605007,-0.034793116152287,1
-0.081400990486145,-0.0028512105345726,-0.063795246183872,1
-0.13516312837601,0.22355576604605,0.071128956973553,1
-0.20885077118874,-0.045218549668789,-0.01592118293047,1
-0.07077819108963,-0.16997614502907,0.0078155770897865,1
-0.16825291514397,-0.084952579811215,0.022822417318821,1
-0.0756616294384,0.03473836928606,0.015066869556904,1
-0.22692328691483,-0.0019819512963295,-0.043778441846371,1
-0.024792075157166,0.057159043848515,-0.0042341724038124,1
0.032651782035828,0.18419932574034,-0.067042946815491,1
0.079867303371429,-0.19214536994696,0.019489452242851,1
-0.10742047429085,-0.096151281148195,0.006349228322506,1
0.073819398880005,-0.083534168079495,0.014805398881435,1
0.055920898914337,0.26697494834661,0.090409405529499,1
0.10027873516083,-0.25410731881857,0.015732660889626,1
-0.018649339675903,0.071182124316692,-0.0068028494715691,1
0.08979719877243,-0.13816347718239,-0.057581998407841,1
-0.13441255688667,0.00092615932226181,0.032934226095676,1
-0.19684752821922,0.053149022161961,0.089478738605976,1
0.013434410095215,-0.11123999301344,-0.013781122863293,1
0.09466964006424,-0.20018853992224,0.00012492388486862,1
-0.18359732627869,0.05092740803957,0.10107975453138,1
-0.093658924102783,0.10877097398043,-0.021070800721645,1
-0.087777763605118,-0.1460513882339,0.046097747981548,1
-0.085204184055328,0.035081915557384,-0.051365740597248,1
-0.064457058906555,-0.19697257876396,0.077630944550037,1
-0.16078624129295,0.053354151546955,-0.097602784633636,1
0.049337267875671,0.085081659257412,-0.045734003186226,1
-0.091150879859924,0.048313625156879,0.013639338314533,1
-0.060433089733124,0.027741558849812,0.0041272863745689,1
-0.049719095230103,0.099729500710964,-0.082943938672543,1
0.083568394184113,0.12376675754786,0.014974221587181,1
-0.030659258365631,0.19187950342894,0.21900052577257,1
-0.11120137572289,-0.18994454294443,0.12681598216295,1
-0.24825704097748,-0.027220033109188,0.0065509006381035,1
0.14524006843567,0.25454097241163,-0.018415033817291,1
-0.1114741563797,-0.038035877048969,0.0060712769627571,1
-0.17587527632713,-0.022895909845829,0.10151455551386,1
0.0091508626937866,-0.17791356891394,0.04472977668047,1
0.00038158893585205,-0.16620353609324,-0.076999098062515,1
0.18836921453476,0.18522121757269,0.052337668836117,1
-0.094343304634094,-0.18449790775776,0.021323949098587,1
0.072812736034393,-0.087599880062044,-0.064649969339371,1
0.043978095054626,-0.10688526369631,-0.0064880028367043,1
-0.055136978626251,-0.051066804677248,-0.042099483311176,1
0.014677345752716,-0.068755539134145,-0.017221547663212,1
-0.070520550012589,0.032841555774212,-0.015213645994663,1
0.18746787309647,-0.22931336611509,0.059443779289722,1
0.06178605556488,0.10468035191298,0.021301351487637,1
0.18307453393936,0.18093021959066,0.0049103796482086,1
0.16927444934845,0.18071719259024,-0.028321981430054,1
-0.013688325881958,-0.11854562535882,0.034023724496365,1
0.070016920566559,-0.12940957397223,-0.054112583398819,1
-0.0097953677177429,-0.047794725745916,0.0042253360152245,1
-0.064922720193863,0.23038863390684,0.08203337341547,1
-0.14381968975067,-0.22525846213102,-0.034826748073101,1
-0.084184914827347,-0.21440815925598,0.032163597643375,1
-0.23378306627274,-0.04236326366663,-0.01629463583231,1
-0.028524875640869,0.055492259562016,-0.0091679915785789,1
-0.1358870267868,0.12317938357592,0.067546315491199,1
-0.063725739717484,-0.017370507121086,-0.045836493372917,1
-0.16386899352074,0.10099128633738,0.021175689995289,1
-0.011494934558868,-0.22334582358599,-0.056859523057938,1
-0.2119432091713,0.073401860892773,-0.073199942708015,1
-0.096524775028229,0.21991058439016,0.073303945362568,1
0.040829360485077,-0.1017791647464,-0.0086317732930183,1
-0.10537931323051,-0.001579724252224,-0.026204623281956,1
-0.23584678769112,-0.085590476170182,0.089735977351665,1
-0.031221568584442,-0.064271990209818,0.01140683144331,1
0.18001621961594,-0.17174981534481,-0.012056417763233,1
-0.13788282871246,-0.082152398303151,0.081000290811062,1
-0.22766953706741,-0.014816388487816,0.14670100063086,1
-0.13583308458328,-0.10534072108567,-0.038946785032749,1
-0.135249376297,0.16589274257421,-0.071186475455761,0
-0.012718021869659,-0.087658240459859,-0.0012451782822609,1
0.068638861179352,-0.080642215907574,-0.016472421586514,1
-0.1602871119976,0.14170790463686,0.15511404722929,1
0.0027302503585815,0.23926436156034,0.099645234644413,1
-0.023389875888824,0.048937298357487,-0.022265054285526,1
0.02778297662735,0.08520232886076,-0.037490986287594,1
0.11422294378281,-0.15338465198874,0.03572791069746,1
0.0023065209388733,-0.18079773336649,0.087368749082088,1
-0.045742690563202,0.19431044906378,0.093126632273197,1
-0.07033434510231,0.15892183035612,-0.019866518676281,1
0.017106354236603,0.10188464075327,-0.048177540302277,1
-0.14007368683815,-0.14716301113367,0.13021229952574,1
-0.083255559206009,-0.13605967909098,0.07108112424612,1
-0.086186051368713,0.16438003629446,0.00018063932657242,1
0.13887000083923,0.12118867784739,-0.090090967714787,1
-0.17357057332993,0.1472404524684,0.16901230067015,1
-0.07050222158432,0.18228854984045,0.051007173955441,1
0.099918901920319,0.16455351561308,-0.097054697573185,1
-0.057824432849884,-0.051947131752968,-0.060006387531757,1
0.12410229444504,0.10205482691526,0.045021183788776,1
-0.05016702413559,-0.20157144963741,0.058647535741329,1
-0.11024677753448,-0.033339686691761,0.025576628744602,1
-0.14420637488365,0.0061657577753067,-0.083395548164845,1
-0.042292237281799,0.016161695122719,-0.029036216437817,1
-0.19356554746628,0.092582248151302,0.144067235291,1
-0.02232700586319,-0.056031856685877,-0.010540999472141,1
0.16845864057541,-0.1598677188158,-0.073345877230167,1
-0.00114905834198,0.16019781678915,0.043949790298939,1
0.11029934883118,0.21561595052481,0.17819810658693,1
0.036033809185028,-0.28140138834715,-0.023940742015839,1
0.053071916103363,-0.086371837183833,0.01167668402195,1
-0.047397434711456,-0.15490499511361,0.037898495793343,1
-0.014194250106812,0.056348197162151,-0.022191397845745,1
-0.11191213130951,0.083393342792988,-0.063146643340588,1
-0.049510538578033,-0.1520144417882,0.0088404715061188,1
-0.0286905169487,0.07540986686945,-0.0015988275408745,1
0.18005686998367,-0.16427648812532,0.0257902815938,1
-0.13764011859894,0.12642502039671,0.094494052231312,1
-0.20387989282608,-0.11139614973217,0.091053821146488,1
0.03150349855423,-0.15289481729269,-0.084251418709755,1
-0.1486634016037,0.10077073425055,-0.01575929671526,1
-0.047423541545868,-0.21670054644346,0.019459016621113,1
0.11997085809708,0.22207485884428,-0.018611110746861,1
0.028136909008026,0.20498888939619,0.21086610108614,1
-0.12321364879608,0.085419557988644,-0.00089716166257858,1
0.055350482463837,-0.16430958360434,-0.018670417368412,1
0.036743402481079,0.086399517953396,-0.017155922949314,1
-0.21760314702988,0.087202601134777,0.094537638127804,1
0.070142865180969,-0.27548754960299,0.035385601222515,1
-0.098282605409622,0.0098891407251358,-0.042476922273636,1
0.065998375415802,0.083542160689831,0.018501356244087,1
0.16116511821747,-0.14875501394272,0.080271296203136,1
-0.20091477036476,-0.10026524047134,-0.014874435961246,1
0.0046505331993103,-0.21238694339991,0.047657497227192,1
0.098526358604431,0.18250127881765,0.020972900092602,1
0.082465350627899,0.18773370236158,-0.0020341649651527,1
0.036835014820099,0.28836437314749,-0.025133721530437,1
-0.17489737272263,0.075026221573353,0.027371160686016,1
-0.069506257772446,0.1083390340209,-0.0086922869086266,1
-0.1178172826767,0.016087785363197,0.023548163473606,1
-0.22335436940193,0.044412888586521,-0.069809146225452,1
0.19367402791977,-0.20208588987589,-0.0103814676404,1
-0.15567430853844,-0.09076086524874,-0.098992422223091,1
-0.0031700134277344,-0.23545718938112,0.1350384131074,1
-0.002737283706665,0.053986988961697,-0.015104152262211,1
0.095106065273285,-0.2014521881938,0.0055549070239067,1
-0.10319155454636,-0.10750709660351,0.050446234643459,1
-0.061101257801056,0.049218662083149,-0.03655282407999,1
0.014855980873108,-0.16718276590109,-0.050639234483242,1
-0.18962359428406,-0.099818427930586,0.16684670001268,1
0.072794198989868,0.13163811713457,-0.0079245194792747,1
-0.042183816432953,0.059041194617748,0.00051311403512955,1
-0.043403029441833,-0.084907798096538,0.026557996869087,1
0.11764603853226,-0.094865305814892,-0.077968589961529,1
-0.15740993618965,-0.13615534827113,-0.06896959990263,1
-0.035557687282562,-0.1243455093354,-0.016852281987667,1
-0.17490091919899,-0.20920394361019,-0.013531245291233,1
-0.061042666435242,-0.012096360325813,-0.046507187187672,1
-0.060683310031891,0.070310480892658,-0.042928032577038,1
0.05533367395401,0.2679833099246,0.11892039328814,1
-0.024165332317352,0.24180110543966,-0.02011763304472,1
-0.022934019565582,0.049537859857082,-0.0035943016409874,1
-0.11412787437439,0.23132481426001,0.081251062452793,1
-0.12789288163185,-0.21370652318001,0.038609780371189,1
-0.17672181129456,-0.16588584333658,-0.05031780153513,1
0.054370880126953,-0.088119179941714,0.022117726504803,1
-0.24030664563179,-0.085908153094351,0.081133387982845,1
-0.10096311569214,-0.071700070053339,-0.059135839343071,1
-0.080247938632965,-0.021987617015839,0.012416981160641,1
0.063637554645538,0.085294894874096,-0.044561661779881,1
0.13818883895874,-0.13335355743766,0.014367081224918,1
0.032996952533722,-0.24782004207373,0.023652374744415,1
-0.21052980422974,-0.099485405255109,0.055566184222698,1
0.0044975280761719,-0.15662136673927,-0.039768785238266,1
0.032714784145355,-0.20345880836248,0.18645016103983,1
0.027633786201477,-0.14401898160577,-0.041777566075325,1
-0.19216665625572,0.15334483236074,0.085073359310627,1
0.096780240535736,0.12778482586145,-0.06330294907093,1
-0.19263917207718,0.14053202420473,-0.046364970505238,1
0.050786435604095,-0.073192525655031,-0.021549850702286,1
0.04020357131958,-0.23618669062853,-0.09088071808219,1
-0.051411211490631,-0.01871794462204,0.0094024911522865,1
0.045624196529388,-0.10200852015987,-0.012489922344685,1
-0.11192190647125,-0.071784354746342,0.046348907053471,1
0.072163939476013,0.19860591739416,0.087561197578907,1
-0.092537671327591,-0.033929161727428,-0.018107421696186,1
-0.0074284672737122,-0.26909651607275,0.062159471213818,1
0.063401520252228,0.047205857932568,-0.015538156032562,1
-0.086804628372192,0.027727656066418,-0.029422573745251,1
-0.0070961117744446,0.095691703259945,-0.0027707740664482,1
-0.04142153263092,-0.076961351558566,-0.0046323165297508,1
0.15965121984482,-0.24419958144426,-0.025958143174648,1
-0.14949771761894,0.15062775462866,-0.047625057399273,1
0.056950926780701,0.05388780683279,0.0014472082257271,1
-0.10212615132332,-0.065558671951294,0.024045847356319,1
-0.13470003008842,-0.12145992927253,0.21440533548594,1
-0.0157750248909,-0.21147568523884,-0.0124516710639,1
0.019443988800049,-0.14821768552065,-0.050880521535873,1
-0.048190414905548,0.075217090547085,-0.02370897680521,1
0.17822277545929,-0.2265048250556,-0.025486893951893,1
-0.22622367739677,0.087126262485981,0.14268567413092,1
-0.054708153009415,-0.041577085852623,-0.0133011713624,1
-0.24375465512276,-0.0019118338823318,-0.070993527770042,1
0.13069903850555,-0.17925275117159,0.13645603507757,1
-0.16284862160683,-0.0074726268649101,-0.088821724057198,1
0.021342039108276,-0.063233584165573,-0.0060653239488602,1
0.04572868347168,-0.17081861197948,0.031206160783768,1
-0.064786076545715,0.093738488852978,0.025997675955296,1
0.070921242237091,-0.16456969082355,0.0067946165800095,1
-0.16881039738655,-0.052707470953465,0.19569415599108,1
-0.037008881568909,0.023136220872402,-0.01939595490694,1
0.088843882083893,-0.20954562723637,0.18370693176985,1
-0.014115512371063,-0.052191503345966,0.0030640363693237,1
-0.13671940565109,0.13296344131231,0.12661486119032,1
-0.075976520776749,-0.22133858501911,-0.077525481581688,1
-0.03666353225708,0.059141047298908,0.018328882753849,1
0.034492194652557,-0.242890201509,-0.019038923084736,1
-0.013795554637909,-0.23245254904032,0.098643101751804,1
0.068667054176331,0.22069066017866,0.17679054290056,1
-0.14640641212463,-0.2185867279768,0.07894042879343,1
-0.093015491962433,0.071922220289707,-0.041609652340412,1
-0.046010434627533,-0.058557529002428,-0.054755993187428,1
0.042832553386688,0.23037158697844,-0.016057848930359,1
-0.047037899494171,0.21162124723196,0.16728100925684,1
0.13321048021317,-0.13844315335155,0.079036585986614,1
-0.17637133598328,-0.086302241310477,0.14528276771307,1
0.054272830486298,0.18997108191252,-0.050056912004948,1
0.0083175301551819,0.12725877016783,0.013990052044392,1
-0.11040586233139,-0.11372737213969,-0.047760985791683,1
-0.13058644533157,0.080149225890636,-0.017899356782436,1
0.17009788751602,-0.22497985512018,0.1219040080905,1
-0.11399412155151,0.070800788700581,-0.0012699142098427,1
-0.060861676931381,0.0075952187180519,0.013443790376186,1
-0.019292175769806,0.10723520070314,-0.04016437381506,1
0.0024564862251282,0.24441691488028,0.064354978501797,1
0.010714769363403,0.17454429715872,-0.05470933765173,1
0.044959545135498,-0.14853593334556,0.045746870338917,1
-0.15483558177948,0.099962912499905,0.075675152242184,1
0.054321110248566,-0.1129563767463,0.0049017891287804,1
0.022265553474426,-0.11329714022577,-0.047418639063835,1
0.036815464496613,-0.095078981481493,0.022584900259972,1
0.040134012699127,-0.17215301096439,-0.056571491062641,1
0.039641916751862,-0.065412241965532,-0.0097441226243973,1
-0.16595882177353,-0.10574894817546,-0.013226620852947,1
0.089234471321106,0.065845035016537,-0.052235521376133,1
-0.16933697462082,0.012575022876263,-0.058444395661354,1
-0.039164483547211,0.014508157968521,-0.0012608841061592,1
0.025403559207916,0.064135499298573,-0.016807705163956,1
0.017382562160492,0.096044488251209,0.013908833265305,1
-0.2220686674118,0.13346049934626,0.10083817690611,1
0.079626381397247,0.070474334061146,0.020690396428108,1
0.0083911418914795,-0.080336628481746,0.013105370104313,1
0.10008859634399,-0.17070665210485,0.0047757178544998,1
0.026529788970947,-0.27317593246698,0.090972878038883,1
-0.0095270872116089,-0.064656239002943,-0.01597073674202,1
-0.1489343047142,-0.047705087810755,0.0044295713305473,1
-0.25992006063461,-0.0018546804785728,-0.037981770932674,1
0.00937819480896,0.095462091267109,-0.015790469944477,1
0.040050148963928,-0.18644088506699,-0.0069023296236992,1
0.087084114551544,-0.20089875906706,-0.008841447532177,1
0.0641770362854,-0.060593228787184,-0.031788893043995,1
-0.14638876914978,-0.11820437386632,0.10309506207705,1
0.1135185956955,0.15247865766287,0.078429110348225,1
-0.016545176506042,0.12507040053606,0.033521965146065,1
-0.053793400526047,0.068506263196468,-0.016511462628841,1
-0.10854947566986,0.1438674852252,-0.071761824190617,0
-0.053959935903549,-0.039042372256517,-0.048963852226734,1
-0.088984161615372,-0.020551025867462,-0.0036269351840019,1
0.089102685451508,-0.12250655516982,-0.072556927800179,1
0.065421402454376,-0.26106078177691,0.027968190610409,1
-0.14217609167099,0.081293471157551,-0.088434144854546,1
-0.20930072665215,-0.070493895560503,-0.086411356925964,1
-0.12572997808456,0.1264716014266,0.010162092745304,1
-0.023862481117249,-0.12532559409738,-0.021851517260075,1
-0.17475515604019,-0.20394359529018,0.054481990635395,1
-0.12623134255409,0.083451338112354,0.016943134367466,1
0.0049291253089905,-0.10566685721278,-0.051089316606522,1
-0.1538479924202,0.067864499986172,-0.041113302111626,1
-0.1054285466671,-0.037255585193634,0.033594720065594,1
0.076471567153931,-0.17198394238949,0.02853087335825,1
-0.049271047115326,0.2356264218688,0.076097376644611,1
-0.16849112510681,-0.16587553918362,0.054580874741077,1
-0.16698759794235,0.038793660700321,-0.096073158085346,1
0.036564409732819,-0.089973989874125,-0.009574867784977,1
0.040483474731445,0.1286518201232,0.035520479083061,1
-0.05542665719986,-0.17389512062073,0.085371248424053,1
-0.21507149934769,-0.11550383642316,0.084275014698505,1
0.15358525514603,-0.25397060066462,0.096756793558598,1
-0.16107028722763,0.14891409128904,0.15278201550245,1
-0.16151213645935,-0.16658941656351,0.10530807822943,1
-0.16288018226624,-0.12499997764826,0.19400624185801,1
-0.15916407108307,0.22666009515524,0.024746216833591,1
-0.17946913838387,0.17806129902601,0.094525016844273,1
-0.21033462882042,-0.068665411323309,0.097362838685513,1
0.037579596042633,-0.28059259802103,0.044909738004208,1
-0.023857653141022,-0.24941351264715,-0.013217963278294,1
-0.08426707983017,0.063990511000156,0.018547751009464,1
0.11469584703445,0.25319942086935,-0.053384065628052,1
0.14483851194382,-0.16255912184715,0.10472074896097,1
0.063841879367828,-0.29356233030558,0.034765407443047,1
-0.22382670640945,-0.081341428682208,0.14580082148314,1
-0.18645784258842,-0.13189137727022,0.16704664379358,1
-0.0063350200653076,-0.10836638323963,0.013242207467556,1
-0.19551375508308,0.16373985260725,0.043209455907345,1
-0.11112916469574,0.024257764220238,0.042689718306065,1
-0.079385042190552,-0.025770746171474,-0.064871117472649,1
-0.18497973680496,-0.021415576338768,-0.046567104756832,1
-0.02869325876236,0.066088251769543,0.020081125199795,1
-0.20781278610229,-0.042241666465998,0.14479281753302,1
0.040731251239777,-0.265002168715,-0.082347810268402,1
-0.19439387321472,0.15009071677923,0.11154221743345,1
0.019547641277313,-0.25435053557158,0.071612901985645,1
-0.020603716373444,-0.092010147869587,0.008175291121006,1
0.029678881168365,-0.2565249428153,0.059712506830692,1
-0.039187729358673,-0.10284298262559,-0.030284203588963,1
0.11275470256805,-0.16334654390812,-0.032005801796913,1
0.076715111732483,0.070709772408009,0.0040468126535416,1
0.084683835506439,-0.17435659468174,0.0021254271268845,1
-0.22776657342911,-0.13137343525887,-0.032950364053249,1
-0.034354090690613,0.11220995336771,-0.021305352449417,1
-0.14790436625481,-0.09797789901495,-0.049915991723537,1
-0.18795356154442,-0.11513711232692,0.070671953260899,1
0.15140891075134,0.14352679997683,0.092808432877064,1
-0.08982527256012,0.018985129892826,0.020283378660679,1
-0.12813237309456,0.12265879660845,0.031416393816471,1
-0.040049076080322,0.21451046317816,-0.044830173254013,1
0.16810548305511,-0.23719198256731,0.10380598157644,1
0.20460647344589,-0.19021300971508,-0.033499367535114,1
-0.063078731298447,0.037319771945477,-0.028538689017296,1
-0.1280280649662,-0.14650037139654,0.056257672607899,1
-0.1974290907383,-0.047927461564541,-0.0020794346928596,1
-0.085672676563263,-0.17415525019169,0.077731184661388,1
-0.17061012983322,0.10986898094416,0.052506066858768,1
-0.22717064619064,-0.10393430758268,0.066389285027981,1
0.045361340045929,-0.24775674194098,0.14628959447145,1
-0.080460280179977,-0.075723661109805,-0.039207808673382,1
-0.11497417092323,-0.026880793273449,0.0018836036324501,1
-0.11294248700142,-0.16284190863371,0.075033761560917,1
-0.036316692829132,0.19716297835112,0.051884666085243,1
-0.18904674053192,-0.060142733156681,-0.021324954926968,1
0.12036156654358,0.22514324635267,0.12567163258791,1
0.036705255508423,-0.22674176841974,0.072882942855358,1
-0.027512788772583,0.19182612746954,0.037481792271137,1
0.058302342891693,-0.090477417223155,-0.020090237259865,1
0.10400289297104,-0.2103965729475,-0.021857388317585,1
0.16982239484787,0.17506661266088,-0.078466214239597,1
0.11337369680405,-0.19401042163372,0.19292569905519,1
-0.24234408140182,-0.093724605627358,-0.008696161210537,1
-0.021949946880341,0.15135460346937,-0.012024462223053,1
-0.036331832408905,0.12603456526995,0.011135086417198,1
-0.10014832019806,0.18583103269339,0.12316294759512,1
-0.15145140886307,0.039853759109974,-0.022107101976871,1
-0.046110570430756,-0.091850130818784,0.0047594830393791,1
-0.086925148963928,0.15835534781218,0.044128529727459,1
0.062368094921112,0.19498424977064,0.21279598027468,1
-0.14801239967346,-0.18697821348906,-0.0067289248108864,1
-0.030054867267609,0.042784430086613,0.0062528774142265,1
-0.066703647375107,0.23247092217207,0.078569747507572,1
-0.10156524181366,0.1684683188796,0.11342541128397,1
-0.13532781600952,-0.23450262099504,-0.0017218887805939,1
-0.020755589008331,0.1912687048316,0.058553747832775,1
-0.0095250010490417,0.113864146173,-0.0020646154880524,1
-0.063503980636597,-0.099775773764122,0.008247546851635,1
0.022179067134857,0.08587770909071,0.018727146089077,1
-0.044338285923004,-0.045589081943035,-0.015877805650234,1
-0.17329129576683,0.066506750881672,-0.013674594461918,1
0.035837471485138,0.15349590033293,-0.068119786679745,1
-0.14884102344513,0.16391279548407,0.044676251709461,1
-0.020674705505371,0.10698098689318,0.020257964730263,1
-0.023032367229462,-0.13922237232327,-0.03425582498312,1
0.1483628153801,0.14889468997717,0.08113843947649,1
0.011025965213776,0.086668007075787,0.021370746195316,1
0.010594189167023,0.15247359126806,-0.062774062156677,1
0.038453102111816,0.22108774632215,0.19222027808428,1
0.028269708156586,-0.15053172782063,0.045338995754719,1
-0.10802268981934,0.19179063290358,0.13413424044847,1
-0.10514622926712,-0.0078581720590591,0.035160146653652,1
0.049763858318329,-0.13850877806544,0.028500504791737,1
-0.17622220516205,0.089477069675922,0.083758123219013,1
-0.0285764336586,-0.17271753400564,-0.045600637793541,1
0.00069081783294678,0.13679569214582,0.023518405854702,1
-0.19209229946136,0.069900698959827,0.00070352107286453,1
0.067830979824066,0.175148896873,0.0092069655656815,1
-0.23571088910103,0.023479431867599,0.095769234001637,1
-0.10495635867119,-0.10050280892756,-0.027795009315014,1
-0.066407859325409,-0.051928695291281,-0.054502367973328,1
-0.090729266405106,-0.19390524178743,-0.078463420271873,1
0.072773218154907,0.28568398207426,0.070970125496387,1
0.1043114066124,-0.12255701236427,0.046869926154613,1
-0.041047036647797,0.19219943135977,0.071145303547382,1
-0.088790982961655,-0.053803704679012,0.025245361030102,1
-0.15040862560272,-0.11506356857717,0.19427268952131,1
0.065693199634552,-0.054845422506332,-0.0042598620057106,1
-0.12788611650467,0.17512442916632,0.18655922263861,1
0.024334192276001,0.24072038382292,-0.029584512114525,1
-0.1811081469059,-0.013784438371658,0.17616329342127,1
0.12492102384567,-0.19860982149839,0.13552445918322,1
0.095153629779816,0.085553504526615,0.0032534152269363,1
0.024564921855927,0.22368492931128,0.14356058090925,1
-0.2144473195076,0.0089459046721458,0.1112697198987,1
-0.17925500869751,0.10955185443163,0.13054885715246,1
0.031154930591583,-0.067909453064203,-0.019486330449581,1
-0.15328222513199,0.14268910139799,0.045538254082203,1
-0.17240118980408,0.14694825559855,-0.047999180853367,1
-0.037871778011322,-0.20738361030817,0.0087040141224861,1
-0.041149139404297,-0.11076946184039,0.021454147994518,1
-0.10679814219475,0.07123488932848,-0.043084822595119,1
-0.058563888072968,0.029272951185703,-0.042568117380142,1
-0.16673490405083,-0.085244840942323,0.05208832770586,1
0.12414443492889,-0.17887869477272,0.15696292370558,1
-0.15957421064377,0.20074387639761,-0.034971959888935,1
-0.15844288468361,-0.070277713239193,0.022823967039585,1
-0.12878206372261,0.19264098256826,-0.057659737765789,0
-0.15401017665863,-0.027541644871235,0.046514146029949,1
-0.079284936189651,-0.15419949218631,-0.094304271042347,1
0.097019851207733,0.10297241061926,0.0037406533956528,1
-0.15357479453087,-0.099184600403532,0.0082795545458794,1
0.091574192047119,0.077868692576885,0.019971318542957,1
-0.13100147247314,-0.1530752107501,0.090405024588108,1
-0.06699013710022,0.041746474802494,0.0076803043484688,1
-0.17990136146545,-0.072431286796927,0.180818118155,1
-0.24393355846405,0.025355853140354,-0.043984301388264,1
0.20052796602249,0.21667244285345,0.039717085659504,1
-0.12433564662933,0.050256632268429,0.038074158132076,1
0.030370771884918,-0.14285315573215,0.022611275315285,1
-0.21522423624992,-0.0091681927442551,0.062202952802181,1
-0.032430469989777,0.076670847833157,0.020071350038052,1
-0.20889604091644,-0.056162696331739,-0.0039607062935829,1
0.042905926704407,0.13621502369642,0.0017048865556717,1
0.069821655750275,-0.057892624288797,-0.010320387780666,1
-0.012219965457916,0.17170243710279,0.014816723763943,1
0.011656999588013,0.074175380170345,-0.038685508072376,1
-0.07705345749855,-0.24335286766291,-0.039585560560226,1
-0.061903595924377,-0.18412411957979,0.064628049731255,1
0.06621515750885,0.088569365441799,-0.017689399421215,1
0.14202737808228,0.11946744471788,-0.043332256376743,1
0.030132293701172,0.23307903856039,-0.018877431750298,1
-0.062003910541534,0.083948649466038,-0.019929714500904,1
-0.052682548761368,0.27114599198103,0.04658767580986,1
0.0033828020095825,0.215765170753,0.049047060310841,1
-0.051502525806427,0.035422466695309,-0.021157331764698,1
-0.03597229719162,-0.031166024506092,-0.014804191887379,1
-0.081395119428635,0.19058861583471,-0.049433678388596,0
0.080351412296295,-0.23813741654158,0.10539758950472,1
-0.12837755680084,0.069355867803097,0.03797098249197,1
-0.047893762588501,-0.047544650733471,-0.053488992154598,1
0.078068017959595,0.15775888413191,-0.026915855705738,1
0.077248334884644,-0.075883649289608,-0.032220758497715,1
0.14425206184387,0.2388513609767,0.13267519325018,1
-0.05152416229248,-0.23847223073244,0.15683206170797,1
-0.092018306255341,-0.22841507941484,-0.052709355950356,1
0.15223127603531,0.16857253760099,0.11993328481913,1
0.066175103187561,-0.074174610897899,-0.018487468361855,1
-0.0058766007423401,-0.24504024535418,0.087705053389072,1
-0.051781177520752,-0.025439038872719,-0.0063464567065239,1
0.029886662960052,-0.28456526249647,-0.039924383163452,1
-0.13389766216278,0.069300167262554,-0.019109316170216,1
-0.064869791269302,-0.15192535892129,0.032175749540329,1
0.025577366352081,-0.088077696971595,-0.027900002896786,1
-0.12751191854477,-0.14313624799252,0.090000085532665,1
-0.17630344629288,-0.12703126855195,0.077982567250729,1
-0.11385455727577,0.13553998619318,0.061411835253239,1
-0.081081330776215,-0.11083335056901,-0.019822083413601,1
-0.17047524452209,0.11243803054094,0.1283063814044,1
-0.15706196427345,-0.13170181959867,-0.014108829200268,1
-0.16656792163849,0.00011726468801498,-0.089750491082668,1
-0.2274409532547,0.12857262045145,0.019177474081516,1
0.17304903268814,0.1621854826808,0.0055800601840019,1
-0.079450160264969,0.039179362356663,-0.010642386972904,1
0.036358773708344,0.26496347039938,0.085384286940098,1
0.14250940084457,-0.22121092677116,-0.033021025359631,1
0.067279636859894,-0.10108737007249,-0.017232991755009,1
-0.13709089159966,-0.054120514541864,0.062613405287266,1
0.17966103553772,-0.20563618838787,0.10312245041132,1
0.086199641227722,0.16508840769529,0.035249374806881,1
0.19718474149704,-0.20236734300852,0.089036650955677,1
-0.040528833866119,-0.066872958093882,-0.022842787206173,1
0.013753592967987,-0.21558710932732,0.12766370922327,1
0.16026729345322,-0.1745246052742,0.034149996936321,1
0.052942514419556,-0.13416926935315,0.013973020017147,1
-0.033127725124359,-0.071294587105513,-0.059545956552029,1
0.029985368251801,0.22287227958441,0.19809687882662,1
-0.062706798315048,0.0022521764039993,0.010977081954479,1
-0.16574642062187,0.044329635798931,0.044199012219906,1
0.13566774129868,-0.18778447061777,0.12847996503115,1
-0.1198862195015,0.044242314994335,-0.0048267617821693,1
0.097541451454163,0.19645743817091,0.071894697844982,1
0.0080084800720215,0.21780689805746,-0.089367784559727,1
0.13131767511368,0.16253139823675,-0.06711545586586,1
-0.035643875598907,0.10622628778219,0.025529429316521,1
0.024171829223633,-0.1444058790803,0.011579222977161,1
-0.14075714349747,0.041933931410313,0.067335180938244,1
-0.10763514041901,0.011938042938709,0.027702786028385,1
-0.133883446455,-0.18838787078857,0.12111964076757,1
0.17257988452911,0.22368856519461,-0.0051892325282097,1
0.01720517873764,0.11123009771109,-0.052404351532459,1
-0.17574369907379,-0.20672569423914,0.020430020987988,1
0.028028726577759,0.16576107591391,0.043956406414509,1
-0.042034029960632,-0.16055563092232,0.06862735003233,1
0.049185633659363,0.25752662867308,-0.025564543902874,1
-0.052148878574371,0.22509133070707,-0.09057978540659,1
-0.15486210584641,0.20632904022932,0.12866169959307,1
0.087414681911469,-0.18035697937012,-0.080314822494984,1
-0.00059592723846436,0.053839363157749,-0.0085776299238205,1
-0.14007759094238,0.19447626918554,0.151197694242,1
-0.020784854888916,0.19685377925634,0.072730295360088,1
0.060485124588013,-0.067498549818993,0.0033271759748459,1
-0.11011764407158,0.20178749412298,0.15965738147497,1
-0.21437549591064,0.076999224722385,0.16373202949762,1
-0.0644391477108,0.25378432124853,-0.057112403213978,0
-0.065405547618866,-0.23039249330759,-0.050301253795624,1
0.14348942041397,-0.1550377830863,0.080193914473057,1
-0.21640738844872,0.090085588395596,0.080884359776974,1
-0.23513358831406,-0.13533418998122,0.02130264788866,1
0.065390169620514,-0.096591264475137,-0.015838824212551,1
0.0308957695961,-0.066166043281555,-0.012392610311508,1
0.13054019212723,-0.17503774911165,0.17637320607901,1
0.077049016952515,-0.21555109322071,0.079708196222782,1
-0.10696002840996,0.21150674670935,0.10856124013662,1
-0.11072480678558,0.012573711574078,-0.070277690887451,1
-0.2136601805687,0.10623876005411,0.027598045766354,1
0.093969702720642,0.23509054630995,-0.003263346850872,1
-0.11809316277504,-0.20134174823761,-0.086488857865334,1
-0.092743933200836,-0.051019325852394,-0.078504115343094,1
0.019989311695099,0.1534845456481,-0.050473071634769,1
-0.18686711788177,0.022176183760166,-0.06338856369257,1
0.0062024593353271,0.14564081281424,0.014780089259148,1
-0.012317359447479,-0.12775138020515,-0.075401827692986,1
-0.17947405576706,0.088044159114361,0.18362783640623,1
0.058467626571655,-0.25524588674307,0.15207201987505,1
-0.019659459590912,-0.10231058835052,-0.013369910418987,1
-0.23055419325829,-0.051996387541294,0.048549167811871,1
-0.07286125421524,-0.10164846770931,-0.051404409110546,1
0.13941377401352,-0.20086662471294,0.095026053488255,1
0.13318604230881,-0.21566729992628,0.038703747093678,1
-0.061997950077057,0.020027816295624,-0.045106418430805,1
-0.034707725048065,-0.064131963998079,0.0036852285265923,1
-0.10187730193138,0.093855507671833,0.0061650797724724,1
0.0022704601287842,-0.21672939509153,0.15701449662447,1
0.092204749584198,0.23251991719007,-0.069497004151344,1
0.15148705244064,-0.22038561850786,0.047384925186634,1
-0.090175926685333,-0.026461258530617,-0.073595128953457,1
0.0098188519477844,-0.066203892230988,-0.016583628952503,1
-0.042719066143036,-0.044828187674284,-0.0073659047484398,1
-0.23864144086838,-0.0034351497888565,0.13163340836763,1
-0.22190433740616,-0.01819697022438,0.061948575079441,1
0.036111295223236,0.12334535270929,0.018719248473644,1
-0.10019531846046,-0.16645111143589,0.062301270663738,1
-0.13138973712921,0.16097297519445,0.13410665839911,1
-0.042499244213104,0.087921880185604,-0.026796467602253,1
-0.11778274178505,-0.0016554221510887,-0.0067308321595192,1
0.068210601806641,0.19377811998129,-0.029192976653576,1
0.081590175628662,-0.20359379053116,-0.099156275391579,1
-0.1219639480114,-0.16697219759226,-0.082124717533588,1
0.086681842803955,-0.15742260590196,0.045602925121784,1
-0.019566774368286,0.12094338983297,-0.064119130373001,1
-0.071595370769501,-0.119219629094,-0.027941465377808,1
-0.10313886404037,-0.020433992147446,-0.075943425297737,1
0.067930400371552,0.06572463363409,-0.0033242478966713,1
0.048935830593109,-0.24796640127897,-0.035558216273785,1
0.068758189678192,-0.20643245428801,0.17597467452288,1
-0.092115879058838,-0.036403559148312,0.018402077257633,1
-0.085104286670685,-0.10529806884006,-0.030495919287205,1
0.005078911781311,0.071586348116398,-0.032581374049187,1
-0.16960445046425,-0.03329099714756,0.09062909334898,1
-0.073144644498825,-0.053029622882605,-0.018218047916889,1
0.052338063716888,0.055079035460949,0.0037771910429001,1
-0.072849690914154,0.025874815881252,-0.013883836567402,1
-0.10890251398087,0.1632070466876,-0.027737580239773,0
-0.010103762149811,0.045639283955097,-0.0096946582198143,1
-0.0029841661453247,0.06920088082552,-0.023088932037354,1
-0.15969604253769,-0.09843677515164,-0.07802364975214,1
0.041413903236389,-0.20434487611055,0.20292717963457,1
-0.022292852401733,0.2162823304534,0.19724208861589,1
0.12973028421402,-0.12269328348339,-0.080165453255177,1
0.048319816589355,0.12364282459021,-0.05170363932848,1
0.12415164709091,-0.14766182005405,0.02814095467329,1
-0.19650894403458,0.099564962089062,-0.0094750747084618,1
-0.061393558979034,-0.14777165278792,0.046614937484264,1
0.1016052365303,-0.08376351185143,-0.011940903961658,1
-0.048855721950531,-0.039943899959326,-0.018236793577671,1
0.041880309581757,-0.21112113445997,-0.040168933570385,1
-0.14828512072563,-0.089577638544142,0.028032265603542,1
-0.092851102352142,-0.090943422168493,0.031749688088894,1
-0.051967620849609,0.19789584726095,0.17484062165022,1
-0.18988284468651,0.10789983719587,0.047214798629284,1
-0.027567923069,-0.029418982565403,0.0042229071259499,1
0.032950878143311,-0.11913849785924,-0.058307848870754,1
-0.060053408145905,-0.054190762341022,0.0049336031079292,1
-0.10124808549881,0.017153382301331,-0.011948220431805,1
-0.092613726854324,0.16633208841085,0.15662238746881,1
-0.00055885314941406,-0.21610900014639,0.16710401326418,1
-0.21384793519974,-0.025135554373264,0.1803020760417,1
-0.08391809463501,0.044406972825527,-0.055258020758629,1
-0.18371132016182,0.06926616281271,-0.041839979588985,1
-0.18095567822456,0.092506073415279,0.1327924951911,1
-0.074505746364594,-0.20733769983053,-0.011486627161503,1
-0.1831382215023,-0.12825211137533,0.1076076105237,1
-0.043379724025726,-0.17519167810678,0.067471213638783,1
-0.21836292743683,-0.039167262613773,0.13094315677881,1
-0.00017207860946655,-0.12547027133405,-0.044681996107101,1
-0.19338050484657,-0.11712888628244,0.15185011178255,1
-0.12677019834518,0.08957701176405,-0.02095153182745,1
-0.11237776279449,-0.09074922464788,-0.019104234874249,1
-0.080017626285553,-0.036464683711529,0.023798726499081,1
-0.022626638412476,0.16208627074957,0.065545842051506,1
0.026116192340851,0.2458249554038,0.069287404417992,1
0.20390522480011,0.1986266002059,0.020670659840107,1
-0.11762887239456,0.13561583310366,0.01990819722414,1
0.032904207706451,-0.15271326526999,-0.028506137430668,1
-0.13517013192177,-0.22520456463099,-0.02732240408659,1
0.068495869636536,0.12269521504641,0.00088506191968918,1
-0.1487663090229,0.01402859389782,-0.056894816458225,1
-0.12330129742622,0.086583994328976,-0.052237220108509,1
-0.0040053725242615,-0.14884520694613,0.04211500287056,1
0.016151368618011,-0.12833409197628,0.035002455115318,1
-0.010586857795715,0.14465751498938,0.038101896643639,1
0.0058950185775757,0.078347437083721,-0.021316446363926,1
0.15063005685806,0.24430813640356,0.078173078596592,1
-0.17784661054611,0.042086876928806,0.18950136750937,1
0.069305598735809,0.092146806418896,0.0005250945687294,1
-0.046067535877228,-0.011812560260296,0.0018181875348091,1
-0.17783978581429,-0.15487715229392,0.13401164859533,1
0.046045005321503,-0.091267198324203,0.021430298686028,1
-0.11615866422653,-0.10212460835464,0.014761783182621,1
0.08811092376709,0.076184950768948,0.0035658404231071,1
-0.23196840286255,0.027327246963978,-0.035723946988583,1
-0.12167280912399,-0.089165025390685,0.035393692553043,1
-0.11690050363541,0.17446475476027,0.11895338445902,1
-0.13192901015282,0.11918821185827,0.11458664387465,1
-0.018200695514679,-0.10684959823266,0.02299927175045,1
-0.04066801071167,-0.054253902286291,-0.016963668167591,1
-0.14381551742554,0.098839975893497,0.21859280019999,1
-0.019434690475464,0.084733344614506,-0.041068755090237,1
-0.0070105791091919,0.046321637928486,0.0027891620993614,1
-0.058283597230911,-0.19014921039343,-0.041762739419937,1
0.11569637060165,0.13945206254721,-0.077392995357513,1
-0.18114227056503,0.031634263694286,0.16242954879999,1
0.12167096138,-0.13526660203934,0.052105076611042,1
-0.038944184780121,-0.064026281237602,-0.0057932361960411,1
0.11780971288681,-0.15666156262159,-0.095034785568714,1
0.077417075634003,-0.17388942837715,-0.024657800793648,1
-0.057863861322403,0.092769928276539,-0.01938021928072,1
-0.043577253818512,-0.20191112160683,0.2061762586236,1
-0.056034177541733,0.24376448243856,-0.084970407187939,1
0.061824321746826,-0.22680082172155,-0.088031429797411,1
-0.034794270992279,-0.0023755803704262,-0.013194717466831,1
-0.026164352893829,-0.076485333964229,0.0072653889656067,1
0.13942986726761,0.15298243612051,0.026769392192364,1
-0.0015532970428467,-0.066387243568897,-0.022406354546547,1
-0.038483679294586,0.21823676675558,-0.074514664709568,1
-0.16109257936478,0.0624755397439,-0.089095778763294,1
-0.041468501091003,0.034382648766041,-0.028596863150597,1
-0.044343054294586,0.056570939719677,-0.045418970286846,1
0.066788852214813,-0.0534000210464,0.0024179592728615,1
-0.081139415502548,-0.13660543039441,-0.073952235281467,1
0.054403364658356,-0.13365714251995,0.03256868571043,1
0.11221641302109,0.16233321279287,-0.028633527457714,1
0.070400297641754,-0.13995204120874,0.0017907023429871,1
-0.017382144927979,0.06996027380228,0.0063226595520973,1
0.089817702770233,0.093485437333584,0.0041560307145119,1
0.097307562828064,0.10596372932196,0.024164274334908,1
-0.04783970117569,-0.26543245464563,-0.066151432693005,1
0.16954505443573,0.15370454639196,0.14397438615561,1
-0.12810617685318,0.025244168937206,-0.0084259286522865,1
-0.058087527751923,0.13161211460829,0.0098761394619942,1
-0.043071925640106,0.24556236714125,-0.048771508038044,1
-0.14734971523285,-0.11137019097805,-0.096590630710125,1
0.035325288772583,0.25420018285513,-0.057486996054649,1
0.05854868888855,0.1444905474782,0.030305720865726,1
-0.13188269734383,-0.02353698015213,0.043572328984737,1
0.018346846103668,0.25580020993948,0.078531838953495,1
0.10584479570389,-0.11825024522841,-0.0015415325760841,1
-0.00083857774734497,-0.14449718594551,-0.030654117465019,1
0.027087390422821,0.16035129874945,-0.011719703674316,1
-0.11301201581955,-0.12445295602083,-0.043270401656628,1
-0.17571413516998,0.1136097535491,-0.055554151535034,1
-0.17239823937416,-0.08558339998126,0.017985112965107,1
-0.042252659797668,0.21791257709265,0.1024310067296,1
0.052831470966339,-0.25302401930094,0.036597795784473,1
0.057787835597992,0.23677431792021,-0.02419763058424,1
-0.15083295106888,-0.075038999319077,0.027142338454723,1
-0.083614081144333,0.023531049489975,0.013080187141895,1
-0.14088034629822,0.11713001877069,0.063061483204365,1
0.05059152841568,0.12029165774584,-0.071359857916832,1
0.069400131702423,-0.13723784685135,-0.087941974401474,1
-0.014377474784851,-0.19393185526133,-0.073008477687836,1
0.044999122619629,0.16929095238447,-0.01645814627409,1
-0.14970254898071,0.23143067210913,0.02522736042738,1
-0.02306205034256,-0.10455734049901,0.02014048397541,1
-0.093399941921234,0.22546418756247,0.073250688612461,1
-0.077744245529175,-0.090563067235053,-0.0210355296731,1
0.14117640256882,-0.18543437868357,0.058204643428326,1
-0.006442666053772,-0.26906155794859,0.036232851445675,1
-0.078739404678345,0.014036163687706,-0.064546316862106,1
-0.14983627200127,-0.11091356910765,-0.057503126561642,1
0.0089989304542542,0.078651301562786,-0.012221746146679,1
-0.12698304653168,-0.091631022281945,0.01695155352354,1
-0.16357228159904,-0.079619217664003,-0.096763253211975,1
0.02159708738327,-0.14668616652489,0.023062489926815,1
-0.057842224836349,-0.20695304125547,0.12774463742971,1
-0.050398409366608,0.090945325791836,0.0043974742293358,1
0.12025624513626,0.18881642073393,0.15948013216257,1
-0.10070678591728,0.17072933167219,-0.0013000443577766,1
0.0071721076965332,0.091072164475918,-0.00089757144451141,1
-0.029054403305054,0.12152931839228,0.0073543563485146,1
-0.17097949981689,-0.033728405833244,-0.056295193731785,1
-0.019207894802094,0.06726785749197,0.011729516088963,1
-0.082828789949417,-0.1707835868001,0.033782109618187,1
-0.049050748348236,0.22975178807974,-0.0020555779337883,1
-0.15041172504425,0.11404324322939,-0.014972217381001,1
0.10547715425491,0.24441614001989,-0.060643844306469,1
0.1533100605011,-0.1418919339776,0.024241752922535,1
-0.19415965676308,-0.070874180644751,-0.026136338710785,1
-0.11362338066101,-0.095251647755504,0.0073995664715767,1
0.20616412162781,-0.18212585151196,-0.067206211388111,1
-0.19478061795235,-0.05848066881299,-0.053775317966938,1
-0.020153820514679,-0.17872802913189,0.022682793438435,1
-0.0035170316696167,0.098048858344555,-0.0022275149822235,1
-0.05879008769989,-0.0002644807100296,0.019088573753834,1
0.17822206020355,0.19954948872328,0.05597398430109,1
-0.11891371011734,0.057794310152531,-0.079724363982677,1
-0.19911199808121,-0.066666353493929,-0.091399870812893,1
0.06147426366806,0.19627549499273,0.081568188965321,1
-0.076023727655411,-0.0339335501194,0.0024759694933891,1
0.056669890880585,-0.22545223683119,-0.053226567804813,1
0.0043109059333801,-0.056399684399366,0.0021673813462257,1
-0.22293320298195,-0.045635808259249,0.032041899859905,1
-0.16467574238777,-0.1130680963397,-0.022468514740467,1
-0.039194107055664,0.25005104392767,-0.019710354506969,1
0.076213240623474,-0.16695917397738,-0.055159576237202,1
-0.053710132837296,-0.021127924323082,-0.0010388121008873,1
0.1832869052887,0.16296001523733,0.028741978108883,1
-0.027653694152832,0.074594475328922,-0.019639067351818,1
-0.088869720697403,0.057830594480038,-0.018119730055332,1
-0.20695859193802,-0.034160152077675,-0.065400175750256,1
-0.21201625466347,-0.083048522472382,-0.059752933681011,1
-0.175477206707,-0.17773047834635,0.10849643498659,1
-0.024630427360535,-0.1834362372756,-0.068862676620483,1
0.098335325717926,0.089372895658016,-0.030251115560532,1
-0.066955804824829,-0.097916760016233,-0.059207908809185,1
-0.23928013443947,0.020735047757626,0.047722764313221,1
-0.097320973873138,0.15384420007467,0.046212770044804,1
0.013370096683502,0.21202739328146,-0.086406376212835,1
-0.086796194314957,-0.098751253681257,0.035199917852879,1
0.059504926204681,-0.079115085303783,0.013354256749153,1
-0.2069865167141,0.01144303381443,-0.07675489038229,1
-0.090809196233749,0.086121879518032,0.024479977786541,1
0.069119870662689,-0.20192784816027,0.14435628801584,1
0.18960464000702,0.21932803839445,0.12189399451017,1
0.080057203769684,-0.13888635486364,0.037314742803574,1
0.083637952804565,0.17170705646276,0.018475726246834,1
0.017493724822998,-0.10848350264132,-0.063186541199684,1
-0.17428335547447,-0.077804641798139,0.040910489857197,1
-0.20114642381668,0.041917659342289,0.091454826295376,1
0.20778840780258,-0.19115483015776,-0.051928363740444,1
-0.094650566577911,0.051641322672367,-0.040845133364201,1
-0.1361722946167,0.0027974024415016,0.010921753942966,1
-0.08122843503952,-0.092616661451757,0.021570540964603,1
0.041530013084412,-0.16642632335424,0.0075683370232582,1
-0.018709003925323,0.20563372224569,-0.012412957847118,1
-0.14680707454681,-0.025782614946365,0.064959935843945,1
0.024943590164185,-0.22027719020844,0.017128966748714,1
-0.13358902931213,0.18138172477484,0.16965157538652,1
0.055351078510284,-0.088396398350596,-0.029835812747478,1
-0.13248819112778,0.023896537721157,-0.035472065210342,1
0.080054342746735,0.18140121549368,-0.087324537336826,1
-0.10959321260452,0.15102129429579,0.012241758406162,1
0.005156397819519,-0.083221169188619,-0.003322497010231,1
-0.042708337306976,0.012614533305168,-0.018909014761448,1
-0.079988420009613,0.041784606873989,0.010656632483006,1
-0.021709203720093,-0.06968361698091,-0.034653335809708,1
-0.17486044764519,-0.0041065737605095,0.20938087254763,1
-0.026588439941406,0.10649856179953,-0.057970024645329,1
-0.066526412963867,-0.13687073811889,0.040113866329193,1
0.095611929893494,-0.12720595113933,0.017573416233063,1
0.073047459125519,0.09515442699194,0.022581100463867,1
-0.16256698966026,-0.057637013494968,0.074087209999561,1
-0.10974818468094,0.04364562779665,-0.057274356484413,1
-0.134889960289,0.0024282038211823,0.044313617050648,1
-0.094060748815536,-0.0083584859967232,-0.0011603608727455,1
-0.027798175811768,-0.20725917071104,0.0073108151555061,1
-0.068836122751236,-0.015198156237602,-0.034267120063305,1
-0.01082456111908,0.23267465084791,0.012866087257862,1
-0.049476146697998,0.02717175334692,-0.025641962885857,1
-0.15316087007523,0.090859569609165,0.032822646200657,1
-0.043838441371918,-0.022824965417385,0.0056212618947029,1
-0.090928584337234,0.091187991201878,0.033840321004391,1
-0.071485251188278,0.12999165803194,-0.048121966421604,1
0.038724958896637,0.072040684521198,0.0036477074027061,1
0.044532597064972,-0.061073713004589,-0.018343098461628,1
0.025846898555756,-0.26010692864656,-0.021655544638634,1
-0.1827740073204,0.0027434825897217,0.1133818551898,1
-0.049254357814789,-0.12262589670718,-0.012930996716022,1
-0.022879183292389,-0.22505312412977,0.03172279894352,1
-0.063841909170151,-0.034648686647415,0.00025107711553574,1
-0.044128358364105,-0.012618578970432,-0.0064882412552834,1
-0.10365879535675,0.16420760005713,0.016097880899906,1
-0.097336560487747,0.16072412580252,0.13059724122286,1
-0.041652262210846,-0.10191705590114,-0.071789793670177,1
0.014950752258301,-0.10011429199949,-0.014207519590855,1
-0.02068430185318,-0.043028827756643,-0.020003862679005,1
0.057450473308563,-0.065060880035162,-0.014572463929653,1
0.12150901556015,-0.11732362769544,-0.084430746734142,1
0.094188868999481,0.14888551086187,0.04379940778017,1
-0.11455795168877,0.048901654779911,-0.030339144170284,1
-0.063552409410477,-0.026069723069668,-0.053091779351234,1
0.06590336561203,-0.21038699895144,0.16284624487162,1
0.063028037548065,-0.14485263451934,-0.073140911757946,1
0.032399415969849,0.15633004158735,-0.0088967457413673,1
-0.083840876817703,0.021172434091568,-0.045015096664429,1
-0.032303631305695,0.19900777190924,0.014581315219402,1
0.11582911014557,0.13692366331816,-0.043171294033527,1
-0.15399712324142,-0.13906786963344,0.021069787442684,1
-0.05814117193222,-0.10113196726888,0.0051538795232773,1
0.075090348720551,0.10346234589815,-0.015255108475685,1
-0.044764757156372,0.06117657572031,0.022554732859135,1
-0.1638395190239,0.085215248167515,0.19630304723978,1
0.03943806886673,-0.05439892783761,0.0013661906123161,1
-0.060984343290329,0.012825831770897,0.0040301755070686,1
0.043476343154907,-0.085817569866776,-0.026660077273846,1
-0.12739160656929,-0.14509789645672,0.11826024204493,1
0.096928536891937,-0.12101059779525,-0.065982222557068,1
0.06189626455307,-0.18760554492474,0.0074092075228691,1
0.031201660633087,-0.087786249816418,-0.0191939920187,1
0.11751466989517,-0.25069055706263,-0.044241212308407,1
-0.10140186548233,-0.013938911259174,-0.056001767516136,1
-0.23296341300011,-0.035390213131905,0.095013834536076,1
-0.12365835905075,-0.037601090967655,-0.0016921386122704,1
0.054903090000153,0.10794930905104,-0.043242216110229,1
-0.049351096153259,-0.20438230782747,0.15302509814501,1
0.014920055866241,0.21538545936346,0.018760576844215,1
0.02668160200119,0.23958449810743,0.16490838676691,1
0.025377929210663,0.26745244115591,0.016613967716694,1
-0.059263229370117,0.028686709702015,0.014144726097584,1
-0.022116839885712,-0.28015478700399,0.087251745164394,1
-0.057520747184753,-0.10150575265288,0.037244237959385,1
-0.050738334655762,0.036636121571064,-0.02533882111311,1
0.0084245800971985,0.2693829163909,0.097313739359379,1
0.098617732524872,-0.2050988227129,0.075231157243252,1
0.14628690481186,0.15632959455252,0.11907266825438,1
0.089956700801849,0.071977101266384,-0.0018728598952293,1
-0.098862439393997,-0.17349252849817,0.076234094798565,1
0.045323312282562,-0.11801927164197,-0.013631641864777,1
0.015862643718719,-0.14840852469206,-0.072751082479954,1
-0.063659012317657,0.1065081730485,-0.059711925685406,1
0.061871826648712,-0.14223968237638,-0.029963120818138,1
0.021526455879211,-0.063201606273651,-0.0025496855378151,1
-0.17015245556831,0.060455091297626,0.21104741841555,1
0.051280200481415,0.1323502138257,0.037014111876488,1
0.00019657611846924,0.12037573009729,-0.03557825088501,1
-0.1795169711113,-0.0057914853096008,0.11479698866606,1
0.022864997386932,0.06611680239439,0.0058618262410164,1
-0.13316488265991,0.014253608882427,-0.069179557263851,1
0.0010116100311279,0.14844911545515,0.0040378496050835,1
0.072823166847229,0.10134758800268,-0.011858120560646,1
0.15455043315887,0.19587146490812,0.043322950601578,1
-0.084625750780106,-0.15791832655668,-0.021769359707832,1
-0.024381101131439,0.27091380208731,-0.063988752663136,1
-0.19665676355362,0.034314028918743,-0.034775793552399,1
-0.090236365795135,-0.19847691804171,0.09388043731451,1
-0.032781958580017,0.15808986872435,-0.041322335600853,1
-0.090688169002533,0.079088665544987,-0.038544021546841,1
-0.17245703935623,0.098977826535702,0.20031187683344,1
0.032350838184357,0.073724620044231,-0.017937935888767,1
0.032222747802734,0.23006411641836,-0.084388546645641,1
-0.031305015087128,0.27628429979086,-0.036551840603352,1
0.076745271682739,-0.17540778964758,0.053872868418694,1
-0.15964007377625,-0.090196101926267,-0.025438360869884,1
0.084143340587616,0.27552901953459,-0.034436158835888,1
-0.072332382202148,-0.26264152675867,-0.049156501889229,1
0.16965025663376,-0.18987780064344,0.093960873782635,1
-0.057420194149017,-0.24087715893984,-0.0018552765250206,1
0.15577083826065,-0.23665034025908,0.071098826825619,1
-0.19055366516113,0.14984748512506,0.029166616499424,1
-0.15262895822525,0.15040596574545,-0.00080545991659164,1
0.072278201580048,-0.21977230161428,-0.053272649645805,1
-0.020827233791351,0.24135630577803,-0.048743411898613,1
-0.056657791137695,-0.0083875879645348,0.018959186971188,1
0.15892392396927,-0.24732510000467,0.04140055924654,1
-0.0026659369468689,0.14880514889956,-0.0644191801548,1
-0.066492348909378,-0.16805703192949,-0.07612394541502,1
-0.14428859949112,-0.039092592895031,-0.079227991402149,1
-0.012668251991272,0.22429647296667,-0.092846158891916,1
0.12546974420547,-0.23591127246618,0.14638837426901,1
-0.12523433566093,-0.097933247685432,0.013427771627903,1
0.076698064804077,-0.10704770172015,0.00014469772577286,1
0.050701439380646,-0.17697490006685,-0.035233370959759,1
-0.045445621013641,-0.099987925961614,-0.010482989251614,1
-0.098565697669983,0.065644301474094,-0.035868845880032,1
-0.036587297916412,-0.017969042062759,-0.012801073491573,1
-0.086506307125092,-0.033126823604107,-0.042190410196781,1
-0.22720354795456,-0.049353320151567,0.10201006382704,1
0.038130104541779,0.10894056409597,-0.040377892553806,1
-0.03272932767868,-0.17079005390406,-0.094433657824993,1
-0.026759743690491,0.20477440208197,-0.067489609122276,1
-0.12308582663536,-0.12145162932575,-0.032496474683285,1
-0.12905505299568,-0.062789108604193,-0.045692399144173,1
-0.060441523790359,-0.27719197422266,-0.0050021484494209,1
0.007839560508728,-0.25776322931051,0.094934947788715,1
0.1328232884407,-0.22505757957697,0.16876990348101,1
0.068899750709534,-0.10488182399422,-0.026024363934994,1
0.076663434505463,0.066669173538685,0.014726191759109,1
0.054567754268646,-0.11928559280932,-0.0052606984972954,1
0.038053870201111,-0.25561230629683,0.16061273962259,1
0.1341398358345,0.12781893461943,-0.059903144836426,1
-0.15241885185242,0.098888240754604,0.19997320324183,1
-0.13596975803375,-0.11317856702954,-0.072095297276974,1
0.044006764888763,-0.19514203816652,0.078328751027584,1
0.11299341917038,0.11964467912912,0.050131194293499,1
-0.070589661598206,-0.1064724791795,-0.034804679453373,1
-0.012757956981659,0.16080798953772,-0.01758386939764,1
-0.099905431270599,-0.00034742802381516,-0.011441864073277,1
-0.044360756874084,0.06941045075655,-0.049389772117138,1
0.17576068639755,-0.16755105555058,0.090482212603092,1
-0.12637308239937,-0.18828947842121,0.068232119083405,1
-0.21391332149506,-0.15943036973476,-0.014929242432117,1
-0.0020709037780762,0.13891654461622,0.036431893706322,1
-0.07329323887825,-0.054211985319853,0.0072260722517967,1
-0.16522550582886,0.039065383374691,0.078178785741329,1
-0.14911592006683,-0.12392502091825,-0.0023869648575783,1
0.040308654308319,-0.11160183697939,-0.0041957721114159,1
0.086946845054626,-0.2246917411685,0.18904913216829,1
-0.12577393651009,0.02067705988884,-0.049276009202003,1
0.051167488098145,0.19155206531286,0.0012529268860817,1
-0.23591476678848,0.10984887927771,0.055248372256756,1
-0.19097423553467,0.0096477493643761,0.16366120427847,1
-0.22969776391983,0.14086558669806,0.058502607047558,1
0.12883657217026,0.20397859066725,0.082048960030079,1
-0.14618575572968,0.057169638574123,0.04043123871088,1
-0.058627843856812,0.089159615337849,-0.026906199753284,1
0.022665143013,-0.26032311469316,-0.042107999324799,1
0.14043438434601,0.12009487301111,-0.063612662255764,1
-0.12609109282494,0.228137396276,0.066782884299755,1
-0.056207895278931,-0.21009574830532,0.029901020228863,1
-0.049273371696472,0.059693358838558,-0.01654764264822,1
-0.17007577419281,-0.20090679079294,-0.037947617471218,1
-0.038760960102081,0.22155036777258,0.014755494892597,1
0.025323927402496,-0.10754579026252,-0.048506572842598,1
0.041061699390411,-0.2494252845645,-0.084136366844177,1
0.19499903917313,-0.18977732956409,0.010194905102253,1
0.075586974620819,0.2621026262641,0.095392741262913,1
0.068664968013763,-0.20207124203444,0.011208511888981,1
-0.054739236831665,-0.013146534562111,-0.035938464105129,1
0.010799705982208,-0.2462360188365,0.048279099166393,1
0.022770285606384,0.20047121495008,-0.066476680338383,1
-0.020890891551971,-0.22249229997396,0.021322198212147,1
-0.12168112397194,0.1296273842454,0.079069517552853,1
0.065049946308136,-0.23881214112043,0.054682947695255,1
0.014361143112183,0.21237095445395,0.055190414190292,1
0.0099069476127625,0.090451709926128,-0.031805671751499,1
0.13966459035873,-0.13813608884811,0.053252898156643,1
-0.044369995594025,0.14446891099215,-0.091335818171501,1
-0.066082835197449,-0.011294461786747,0.02003663033247,1
-0.15018093585968,0.063172556459904,-0.063202507793903,1
-0.16515865921974,0.073191024363041,0.20536897331476,1
0.08477908372879,0.091657422482967,-0.010594949126244,1
-0.16657757759094,0.05750685185194,0.089381538331509,1
-0.054635047912598,0.18511315435171,0.028373718261719,1
0.14068794250488,0.17678924649954,0.10215470939875,1
-0.15376454591751,-0.094495732802898,-0.028979137539864,1
-0.13630327582359,0.080200903117657,-0.058857940137386,1
-0.21899339556694,0.088815130293369,-0.045112103223801,1
-0.075291275978088,0.11047802120447,-0.023975633084774,1
-0.060598313808441,0.0042645186185837,-0.028243899345398,1
0.17160880565643,0.16555710881948,0.026302762329578,1
0.060068786144257,-0.19977926462889,-0.0251469835639,1
0.12181055545807,0.13943011313677,0.042069748044014,1
-0.18937781453133,0.0805649086833,0.039890788495541,1
-0.20120775699615,0.0050846114754677,0.10022082179785,1
0.10170203447342,0.24510826915503,0.070146597921848,1
-0.18200659751892,0.15000724047422,0.047269053757191,1
-0.05138236284256,0.1161630526185,-0.023870058357716,1
-0.17636811733246,0.070586822926998,0.086919195950031,1
-0.13807421922684,0.13478524237871,0.18932681530714,1
-0.070635795593262,-0.057397153228521,-0.0079128816723824,1
-0.034092426300049,-0.027813948690891,-0.0083970800042152,1
-0.0029720664024353,-0.1096896501258,-0.004640594124794,1
0.13949370384216,0.14379774779081,0.063627161085606,1
0.088272631168365,0.077395997941494,0.0089472681283951,1
0.084844052791595,-0.08493934571743,-0.023071311414242,1
-0.00071412324905396,-0.074541967362165,-0.0064474642276764,1
-0.24929445981979,0.015531152486801,0.11625649780035,1
-0.1294079720974,-0.14366129413247,0.064987801015377,1
0.17567294836044,-0.18576720356941,0.014296673238277,1
-0.030970931053162,0.19398706406355,6.9215893745422e-05,1
0.15756869316101,0.13972879201174,0.072035081684589,1
0.11316102743149,0.097391702234745,-0.0068330988287926,1
-0.026525795459747,-0.1981795579195,-0.00051883608102798,1
-0.046903908252716,0.081384070217609,-0.013036765158176,1
-0.098948121070862,-0.058139402419329,-0.087678462266922,1
0.035275042057037,0.076643116772175,-0.024628967046738,1
0.17075192928314,0.200151078403,-0.027496807277203,1
0.022740066051483,-0.24708580225706,-0.037718556821346,1
-0.016250729560852,0.13439451903105,-0.077437445521355,1
-0.061065942049026,-0.044549290090799,-0.0039297118782997,1
0.041822254657745,-0.15138997137547,0.043042592704296,1
0.00069713592529297,-0.170749373734,-0.088254004716873,1
-0.23814308643341,-0.074205847457051,0.10023107379675,1
-0.1225617825985,-0.17430087924004,0.17676762491465,1
0.15930849313736,0.18001150339842,0.12443957477808,1
0.15482074022293,-0.18630290031433,-0.076737008988857,1
0.0089291930198669,-0.18801503628492,0.028108075261116,1
-0.10520333051682,0.17366393655539,0.17170921713114,1
0.05791163444519,0.20437320321798,0.17854905873537,1
-0.096791386604309,-0.16890873014927,-0.062109291553497,1
-0.1861487030983,-0.08986608684063,-0.040283799171448,1
-0.22953116893768,0.087083823978901,0.11517279595137,1
-0.09988009929657,0.029714249074459,-0.030867382884026,1
0.032440841197968,-0.21306121349335,0.063562802970409,1
-0.070884436368942,0.093915529549122,-0.020184181630611,1
-0.019291877746582,0.047902844846249,-0.0062498226761818,1
-0.051073908805847,0.27232428640127,-0.017020203173161,1
-0.038230001926422,0.014758951961994,0.00062219053506851,1
0.091062128543854,-0.092028388753533,0.010092861950397,1
0.015275537967682,0.066688410937786,-0.0026500448584557,1
0.11876863241196,-0.16417547315359,-0.076256394386292,1
-0.020887196063995,-0.045944388955832,0.0026117935776711,1
0.11216360330582,-0.22273810952902,0.13029462844133,1
0.21744167804718,-0.19880371540785,0.035192422568798,1
-0.1917162835598,0.15803744643927,0.094465173780918,1
-0.056848168373108,-0.26846934109926,0.071795277297497,1
-0.017731845378876,-0.19121515005827,-0.081942841410637,1
0.07756382226944,-0.12426426075399,0.038191840052605,1
0.057403862476349,0.26636090129614,0.14104182273149,1
-0.15166082978249,0.14022854715586,0.060211278498173,1
-0.13202774524689,0.16789429634809,0.035130091011524,1
-0.12157833576202,-0.12549504078925,-0.098631389439106,1
-0.16303741931915,0.17418702691793,-0.063705556094646,1
-0.05596786737442,0.030163012444973,-0.012772746384144,1
0.16061800718307,-0.26198660582304,0.05113834887743,1
0.020272791385651,0.12249382585287,0.025215141475201,1
0.14531749486923,0.15113195031881,-0.068224400281906,1
0.045228660106659,-0.19716715067625,0.098450817167759,1
0.013667404651642,-0.099755003291648,0.022934935986996,1
0.061999976634979,0.064666129648685,-0.014256224036217,1
0.079888045787811,-0.11668349429965,-0.07459631562233,1
-0.23378041386604,0.12204537540674,0.013561241328716,1
0.055086076259613,0.17512407153845,-0.082909673452377,1
-0.011013209819794,0.10063480585814,-0.017330780625343,1
-0.12743586301804,0.10154540091753,0.073598809540272,1
0.1016383767128,0.19363763183355,0.096912451088428,1
-0.15263569355011,0.097339056432247,0.011395163834095,1
0.14224308729172,-0.22357839345932,-0.0297472178936,1
0.11953717470169,0.24693443626165,0.0048512890934944,1
-0.021530866622925,0.039087124168873,0.0021428689360619,1
-0.18082761764526,0.078199915587902,0.041642017662525,1
0.02119106054306,-0.15516039729118,-0.019571460783482,1
-0.091548502445221,-0.13673546165228,0.013533994555473,1
-0.068485349416733,0.024344526231289,-0.044729791581631,1
-0.12812089920044,-0.010792247951031,-0.084044866263866,1
0.028821468353271,0.2052890881896,-0.097555570304394,1
0.017381906509399,0.066077910363674,-0.022194966673851,1
-0.097658157348633,0.054223082959652,-0.060181401669979,1
-0.12985497713089,0.014674469828606,-0.094981022179127,1
-0.10229340195656,-0.0067865923047066,0.031105227768421,1
-0.15357264876366,-0.071236781775951,-0.033259265124798,1
0.1353794336319,-0.11836759746075,-0.059241034090519,1
0.13385325670242,-0.23473305255175,-0.060241676867008,1
0.034274160861969,-0.16485249251127,0.051236219704151,1
-0.17385601997375,-0.049058895558119,0.19279963523149,1
-0.080493301153183,-0.23545709997416,0.14619273692369,1
-0.00875324010849,0.097165904939175,0.0025919824838638,1
0.0061770081520081,-0.13709457963705,-0.029729016125202,1
-0.11549070477486,-0.20134424418211,0.029773809015751,1
-0.051449000835419,-0.12227517366409,0.042955219745636,1
-0.074630826711655,0.1553914770484,0.022410295903683,1
-0.014566540718079,0.19056298583746,0.22010297328234,1
-0.22527369856834,-0.0050349831581116,0.16003943234682,1
0.045418560504913,-0.098715961910784,0.019695527851582,1
-0.088107377290726,-0.1504545211792,-0.053322777152061,1
-0.15629011392593,0.061125181615353,-0.017199866473675,1
-0.21568870544434,0.063862405717373,-0.062982693314552,1
-0.075097620487213,0.19740127772093,0.19755924493074,1
-0.155228048563,0.20519449561834,-0.044711537659168,1
-0.14349403977394,-0.0770253688097,0.018220715224743,1
-0.062218427658081,0.20372059196234,-0.074611432850361,1
0.065260589122772,-0.15221391990781,0.0068660229444504,1
-0.028700649738312,0.12412596493959,-0.066322460770607,1
0.040097951889038,0.226228736341,-0.0067595019936562,1
-0.013385653495789,-0.22338446229696,0.16875986009836,1
-0.1391250193119,0.097179494798183,-0.022841818630695,1
-0.12856450676918,-0.17714223265648,-0.0070014819502831,1
0.018343448638916,0.10082926601171,0.0081665888428688,1
0.031977355480194,-0.28836873918772,-0.011602766811848,1
-0.13301053643227,-0.13093007542193,0.11397001892328,1
0.045522272586823,-0.081209521740675,0.016642212867737,1
-0.081007063388824,-0.030394114553928,0.013221450150013,1
0.087005853652954,0.099962018430233,0.015479043126106,1
-0.096935868263245,0.067372374236584,-0.01212290674448,1
0.042992174625397,-0.25076746195555,-0.049097381532192,1
-0.13426995277405,-0.097700302256271,0.045074291527271,1
-0.12058684229851,0.19188737124205,-0.046987824141979,0
-0.18482172489166,0.059996388852596,0.018451042473316,1
0.17099577188492,-0.21821293234825,-0.048131458461285,1
-0.12297588586807,0.14289716631174,-0.013825036585331,1
-0.17710345983505,0.15180530399084,0.10029063373804,1
-0.075276076793671,0.21040614694357,0.14630990475416,1
-0.061772286891937,0.0017751529812813,0.020233504474163,1
-0.19965547323227,-0.077788911759853,0.16579992324114,1
-0.16161394119263,-0.13065540976822,0.063664771616459,1
0.074903666973114,-0.092235441319644,0.0097230598330498,1
-0.13980454206467,0.15037336200476,0.045528031885624,1
0.0045230388641357,-0.06138975918293,-0.01482342928648,1
-0.25395137071609,0.017288446426392,0.096751384437084,1
-0.049279987812042,0.14737359434366,-0.074488416314125,1
0.089583158493042,0.09915741533041,-0.010168612003326,1
-0.15601459145546,-0.025794789195061,-0.071312196552753,1
0.050851166248322,-0.097522118827328,-0.020700581371784,1
0.060229599475861,-0.11007601767778,-0.0018873736262321,1
-0.17719513177872,-0.14799350127578,0.036670438945293,1
0.068385720252991,0.15725290030241,-0.0015286579728127,1
-0.082629978656769,0.073634944856167,0.0067360177636147,1
-0.067423462867737,0.084747307002544,-0.03823272138834,1
-0.053587079048157,0.049090154469013,-0.017664425075054,1
0.19462794065475,-0.19101444631815,0.025625221431255,1
-0.0087290406227112,-0.15224871784449,-0.065599873661995,1
-0.073626130819321,-0.097553873900324,0.041387654840946,1
-0.056475073099136,0.27784963697195,0.073573090136051,1
-0.19167670607567,-0.13630869239569,-0.086666576564312,1
0.10647708177567,-0.09991068940144,0.025465942919254,1
-0.17226457595825,-0.13986971974373,0.010360307991505,1
-0.081502169370651,-0.20357894152403,-0.01594066619873,1
-0.056879580020905,-0.020053081214428,0.005622498691082,1
0.069760382175446,-0.21873115748167,-0.081906020641327,1
-0.12857106328011,0.0073159262537956,0.040873445570469,1
-0.098115742206573,0.069139577448368,-0.054924666881561,1
0.016771078109741,0.24707209318876,-0.035833619534969,1
-0.086988121271133,-0.070991771295667,-0.026602201163769,1
-0.071231365203857,-0.0015493258833885,-0.034976579248905,1
0.0073885321617126,-0.27901279181242,-0.02187106013298,1
-0.2125272154808,-0.046849623322487,0.0079101398587227,1
-0.0071427822113037,0.059915505349636,0.0020745620131493,1
0.13264781236649,-0.15468303859234,0.046474121510983,1
0.03455513715744,-0.088009787723422,-0.05424726754427,1
0.0083606243133545,-0.12460758164525,-0.011428132653236,1
-0.031320571899414,-0.076370077207685,0.020495250821114,1
0.059295356273651,-0.23838617652655,-0.085931319743395,1
0.031381368637085,0.126947902143,0.018095202744007,1
-0.16849344968796,0.10846152156591,-0.011335171759129,1
0.060287833213806,-0.22900790721178,0.085035808384418,1
-0.16374921798706,0.0046855136752129,-0.083304114639759,1
0.006694495677948,-0.25021361559629,0.024744264781475,1
-0.015619695186615,-0.12682129070163,-0.015519388020039,1
-0.098808616399765,0.22109761089087,0.029725417494774,1
-0.0039269328117371,0.26180704683065,0.062578596174717,1
0.0093520879745483,-0.15263478830457,-0.01523120701313,1
0.12405848503113,-0.099246631725691,-0.035293199121952,1
-0.050191640853882,-0.0075506567955017,0.010099701583385,1
-0.18470004200935,-0.088574868626893,-0.038658902049065,1
-0.046874165534973,0.276366494596,-0.0079405084252357,1
0.12282717227936,0.26702683418989,0.074849583208561,1
-0.20070463418961,0.057212688028812,0.14434423297644,1
0.076958119869232,-0.14153932034969,-0.089918173849583,1
-0.037318885326385,0.04496718198061,-0.035492263734341,1
-0.13988068699837,-0.059653796255589,-0.00093653053045273,1
0.066989123821259,-0.26950324326754,0.0096830800175667,1
0.055465638637543,-0.064766280353069,-0.0014425739645958,1
0.14242678880692,-0.12753603607416,-0.054392106831074,1
-0.087559461593628,0.26735659688711,0.0068498849868774,1
-0.027479827404022,-0.092468633316457,-0.055812075734138,1
0.15475070476532,0.18057500571012,0.082248367369175,1
-0.1041334271431,-0.048284471035004,-0.013437904417515,1
0.045220553874969,0.17403342574835,-0.032519415020943,1
0.09802109003067,0.19767629355192,0.20451179891825,1
-0.016599237918854,-0.19807908684015,0.11492077261209,1
0.084741771221161,0.10051199048758,-0.066953666508198,1
-0.090072572231293,0.14513386040926,-0.011389277875423,1
0.035927593708038,0.23210328072309,-0.011505052447319,1
0.094384610652924,0.27224465459585,0.05917464196682,1
-0.10851737856865,0.098135374486446,0.056927300989628,1
0.094398319721222,-0.11028142739087,-0.021732456982136,1
-0.030916035175323,0.28651779145002,0.0010432675480843,1
0.0077984929084778,0.09458564966917,0.010909833014011,1
0.05222225189209,0.21804558485746,0.079184867441654,1
0.059796035289764,0.15501206368208,0.049755752086639,1
0.078044533729553,0.094469837844372,-0.022181369364262,1
-0.031735360622406,-0.1677190810442,0.015433691442013,1
0.063778400421143,0.22240703552961,-0.037356950342655,1
-0.19750607013702,0.089114107191563,0.13256702572107,1
0.10595369338989,-0.11702896282077,0.0046249106526375,1
0.052637457847595,-0.11852644197643,0.02727123349905,1
-0.11829090118408,-0.15708311274648,0.037816174328327,1
0.16875600814819,0.20848422497511,0.16237954050303,1
-0.024994254112244,-0.084002856165171,-0.057999573647976,1
-0.078370273113251,-0.19295375049114,-0.043366007506847,1
-0.052350282669067,-0.047078635543585,0.019007258117199,1
-0.21623542904854,0.089744709432125,-0.055869616568089,1
-0.12583321332932,-0.16403365880251,0.18868421763182,1
-0.095254004001617,0.035471491515636,0.025699608027935,1
-0.075006246566772,-0.054214552044868,0.024557836353779,1
-0.043859422206879,0.10450337082148,-0.039634637534618,1
-0.12519580125809,0.14948847144842,-0.06078378111124,0
-0.12027212977409,0.18313094228506,0.10679217427969,1
-0.0048138499259949,0.21470060199499,0.16932121664286,1
-0.086267977952957,-0.026502437889576,0.005542628467083,1
0.098189413547516,-0.15291555225849,0.014714755117893,1
-0.17627105116844,0.16432180255651,0.10394189506769,1
0.0075506567955017,-0.060178749263287,-0.010277576744556,1
0.14094692468643,-0.16308530420065,0.21545685082674,1
-0.05471271276474,0.054470874369144,-0.0038482323288918,1
-0.22795748710632,-0.018053077161312,0.073976658284664,1
-0.081367403268814,0.19518979638815,0.10917044430971,1
-0.062051653862,-0.045421488583088,0.023154579102993,1
-0.057359248399734,0.052203603088856,0.0042107775807381,1
-0.021215558052063,-0.082590954378247,-0.05828545987606,1
-0.028771638870239,-0.22463693469763,0.16874284297228,1
0.08029443025589,-0.083334418013692,-0.012371398508549,1
0.048930406570435,0.2512297257781,-0.02899981290102,1
0.098461747169495,0.1180716380477,0.004109263420105,1
0.039992988109589,-0.25024562329054,0.0025189444422722,1
-0.05695429444313,0.26146750897169,0.082995213568211,1
-0.20239013433456,0.15478842705488,0.006179191172123,1
0.14114516973495,-0.15852764248848,-0.076874159276485,1
-0.11295226216316,0.11378403753042,0.012725599110126,1
0.024646461009979,-0.092744525987655,-0.016191780567169,1
-0.20803725719452,0.13465074449778,-0.011581785976887,1
-0.16270998120308,-0.22400434315205,0.015737228095531,1
-0.030571460723877,0.037208907306194,0.0019832327961922,1
-0.097126811742783,-0.088739993982017,0.025251545011997,1
-0.16660457849503,-0.087944133207202,0.067362986505032,1
-0.0064005851745605,-0.10262353322469,0.02505911141634,1
0.026691138744354,0.15722527354956,-0.044918015599251,1
-0.13380694389343,0.024261146783829,0.056931667029858,1
0.073091328144073,-0.28435886651278,0.047691643238068,1
-0.070774137973785,0.23434080928564,-0.016635753214359,0
-0.14356562495232,0.12303363531828,0.074939452111721,1
-0.16154226660728,-0.15053980052471,0.1061789765954,1
-0.26201769709587,0.020615018904209,0.0012156739830971,1
-0.020861983299255,0.10301546007395,-0.067523367702961,1
0.0027171969413757,0.17374124377966,-0.032792538404465,1
-0.13068443536758,-0.032160170376301,0.0524085983634,1
0.1949058175087,0.1769200488925,0.11232448369265,1
-0.011225163936615,0.1197914108634,-0.055881671607494,1
0.059012889862061,-0.076149875298142,0.0097180306911469,1
-0.20548710227013,0.0052828788757324,0.046654589474201,1
-0.15428191423416,-0.065511155873537,0.064890541136265,1
-0.081537216901779,-0.010625764727592,-0.0072666481137276,1
0.10130196809769,-0.21847501397133,-0.030904971063137,1
0.063169538974762,-0.24166699498892,0.036434568464756,1
-0.17119470238686,0.0098590105772018,-0.057574689388275,1
-0.15333724021912,-0.13826885446906,0.17083982378244,1
0.048126339912415,0.15594642609358,-0.092401642352343,1
-0.14120948314667,-0.044004768133163,0.017962731420994,1
-0.10291838645935,-0.075762011110783,0.027476109564304,1
-0.13257259130478,0.04547131806612,0.031863637268543,1
-0.033028125762939,0.037348784506321,-0.030978806316853,1
-0.022861063480377,-0.20107705146074,0.19848615676165,1
-0.070758432149887,-0.0087865889072418,0.011572755873203,1
-0.1170726120472,-0.0091605558991432,0.010998032987118,1
0.013534009456635,-0.11606468632817,-0.067501589655876,1
-0.036056697368622,-0.07548937574029,0.0034942924976349,1
-0.22213447093964,0.073913939297199,0.14909870177507,1
0.16258400678635,-0.19073625653982,0.026714779436588,1
-0.16400307416916,0.072527624666691,0.061377458274364,1
0.087148129940033,-0.24618751555681,-0.0096907094120979,1
-0.077982872724533,-0.16932444274426,0.0081189200282097,1
-0.10496842861176,-0.17061615735292,0.20391739159822,1
-0.16747596859932,0.0021994113922119,0.011510290205479,1
-0.19110187888145,-0.038004040718079,0.19401433318853,1
0.060697257518768,0.11928141862154,0.0054531097412109,1
-0.21822130680084,0.066563688218594,0.088467575609684,1
0.096359312534332,-0.2076918259263,0.09699959307909,1
-0.13301938772202,0.13971205800772,0.041847877204418,1
-0.1599283516407,-0.14412952587008,-0.013720415532589,1
-0.097358018159866,0.18317111581564,0.13794628530741,1
0.069904267787933,-0.17399197071791,-0.045243985950947,1
-0.19895225763321,0.032855056226254,0.02642909437418,1
0.21124219894409,-0.19692208617926,0.029835127294064,1
-0.04127562046051,0.10190009325743,-0.040633045136929,1
-0.15331411361694,0.10128087550402,0.00062724202871323,1
-0.056980043649673,0.010473690927029,-0.008804939687252,1
0.043638229370117,-0.22379755973816,0.16657786816359,1
0.027349352836609,-0.11754289269447,-0.020898200571537,1
-0.071636587381363,0.042780436575413,-0.031819492578506,1
0.10676127672195,0.23295780271292,0.020755715668201,1
0.06282901763916,0.048016153275967,0.0030187368392944,1
-0.13252049684525,-0.19556058198214,0.13824927061796,1
-0.12790688872337,-0.12941182591021,0.0070755556225777,1
0.012466430664062,0.059110946953297,0.0053305700421333,1
0.10454934835434,0.15706761926413,0.033886075019836,1
-0.14116114377975,-0.046744994819164,0.042111627757549,1
-0.1646321117878,0.06160257011652,-0.073373787105083,1
-0.17692640423775,0.082364536821842,0.002895213663578,1
-0.1668549478054,-0.099032733123749,0.13721384853125,1
-0.0058032274246216,-0.094495637342334,0.021740339696407,1
-0.17926749587059,-0.17636203765869,0.0065070912241936,1
-0.084571927785873,-0.15925132110715,0.04888790845871,1
-0.017632246017456,0.18162923306227,-0.090659216046333,1
-0.019809603691101,0.15518628805876,0.0033650398254395,1
-0.063630402088165,0.073710583150387,-0.03870628029108,1
0.034096837043762,0.082040064036846,-0.040279127657413,1
-0.064006775617599,0.15530481189489,0.074583016335964,1
0.066373527050018,-0.1634817942977,0.014034859836102,1
-0.11695322394371,-0.00097062438726425,-0.046932689845562,1
-0.042316377162933,0.12816412001848,0.0054034367203712,1
-0.19093534350395,0.18995579332113,-0.0078103020787239,1
-0.22747132182121,0.019328504800797,0.090390495955944,1
-0.11983671784401,0.12089688330889,-0.096936993300915,1
-0.22415733337402,-0.018903113901615,0.10721569508314,1
0.060454189777374,0.056277893483639,-0.018218256533146,1
0.11841911077499,-0.095194784924388,-0.013538099825382,1
-0.081737130880356,0.0069375038146973,0.017320908606052,1
-0.13174700737,-0.041997779160738,-0.074716873466969,1
-0.080453366041183,-0.034700028598309,-0.074021026492119,1
-0.038779973983765,0.18206112831831,-0.069399125874043,1
0.11936634778976,-0.24531961232424,-0.0090880021452904,1
0.047839045524597,0.17424666136503,-0.031395018100739,1
-0.017057240009308,-0.071024168282747,0.0067818313837051,1
-0.077759683132172,0.018619395792484,-0.048652127385139,1
0.0832359790802,-0.17253138870001,-0.07904190570116,1
0.079661011695862,0.20336141437292,-0.082749120891094,1
-0.085077792406082,-0.18063338845968,0.10222070664167,1
0.073314487934113,0.13848691433668,0.001167394220829,1
-0.20142188668251,0.12345453351736,0.14208491891623,1
-0.17239928245544,-0.16487958282232,0.14784846454859,1
-0.061290383338928,-0.13521256297827,-0.09396830946207,1
-0.15472248196602,0.17092176526785,0.075570918619633,1
-0.21398776769638,-0.041971392929554,0.059027425944805,1
-0.098372429609299,0.11187925189734,-0.04381438344717,1
-0.14177078008652,-0.18574824929237,0.11489553004503,1
-0.090977370738983,0.0034357532858849,-0.017774544656277,1
-0.14233732223511,0.037438444793224,0.019166342914104,1
0.0036335587501526,-0.096681802300736,-0.01877348870039,1
-0.11789792776108,-0.2477644905448,0.068987153470516,1
-0.10458081960678,-0.059044051915407,-0.089990057051182,1
-0.13916975259781,0.11120443791151,0.078952603042126,1
-0.15486872196198,0.075892888009548,-0.0078588500618935,1
0.068296611309052,-0.075754435732961,-0.044826112687588,1
-0.15985170006752,0.01979548484087,-0.055790744721889,1
0.022927045822144,0.15496333688498,-0.089208640158176,1
0.017030537128448,0.058520995080471,-0.0078951045870781,1
-0.2260893881321,0.099133960902691,0.021234385669231,1
-0.10247352719307,-0.20829171687365,0.14157900959253,1
-0.092267513275146,0.070037610828876,-0.080345802009106,1
-0.14156401157379,0.0076794996857643,0.065258897840977,1
-0.13808900117874,0.060305051505566,0.058867372572422,1
0.1974424123764,0.19598167389631,0.017520360648632,1
-0.14933979511261,0.16557117551565,0.0062884911894798,1
-0.0026442408561707,-0.060106880962849,-0.025953933596611,1
-0.070326507091522,0.16073592752218,-0.027816034853458,1
0.029994070529938,-0.18753583729267,0.08276491612196,1
-0.0091184973716736,-0.059625588357449,-0.017676204442978,1
-0.1012134552002,0.18362402170897,0.16535099595785,1
0.091090977191925,-0.082530541345477,-0.018835656344891,1
0.077180802822113,-0.16174019500613,-0.052272208034992,1
0.022072732448578,-0.090954475104809,-0.0081025138497353,1
0.096490383148193,0.073890693485737,-0.006062425673008,1
0.1715567111969,0.20186852663755,-0.061570830643177,1
-0.069940388202667,0.12857215851545,-0.058597438037395,1
0.042733073234558,0.13396351784468,-0.048943057656288,1
-0.10794067382812,0.050648771226406,-0.073763273656368,1
-0.091083377599716,-0.028720743954182,-0.035677954554558,1
0.06125944852829,0.20730560272932,0.12512787431479,1
0.044600903987885,-0.22873543947935,0.094515956938267,1
-0.1016791164875,0.22096883505583,0.013562604784966,1
-0.066154539585114,-0.091487885452807,-0.0047187730669975,1
-0.043794870376587,-0.18880096077919,0.19117387384176,1
0.054864764213562,-0.24507053941488,0.091351740062237,1
-0.13088616728783,-0.18707219511271,0.01443113386631,1
-0.0010863542556763,0.18814735859632,-0.026142612099648,1
0.040948808193207,-0.074912799522281,-0.032381020486355,1
-0.12550184130669,-0.082015438005328,-0.091914780437946,1
-0.13057923316956,-0.13629979640245,0.1932945176959,1
-0.20873972773552,-0.018285505473614,0.10884173959494,1
0.080211520195007,-0.10470789065585,-0.024178259074688,1
-0.061922132968903,-0.11415588483214,-0.047574557363987,1
-0.048769652843475,-0.062944937497377,0.011297665536404,1
-0.0093583464622498,0.24528732150793,0.0090233758091927,1
0.08601051568985,-0.11934738606215,0.027847088873386,1
-0.19124662876129,-0.0077686831355095,-0.014667071402073,1
0.10079443454742,0.16459306329489,-0.087468631565571,1
-0.047503411769867,0.05675945430994,0.002072386443615,1
0.047428965568542,0.093231551349163,-0.051130138337612,1
-0.096066057682037,0.13551919907331,0.084218241274357,1
-0.14337214827538,0.18036755174398,-0.037390880286694,1
0.0453240275383,0.12646713107824,-0.062366329133511,1
-0.25598528981209,-0.013172142207623,0.0055195763707161,1
-0.044303834438324,-0.047418408095837,0.018722854554653,1
0.13015747070312,0.21260752528906,0.042526140809059,1
-0.097100019454956,0.047795854508877,-0.005036361515522,1
-0.15715661644936,0.087665148079395,0.087225772440434,1
0.029050052165985,-0.079758457839489,-0.017631530761719,1
-0.17894572019577,0.08175190538168,-0.006555549800396,1
0.049424469470978,0.21244364231825,0.16161128133535,1
-0.17848134040833,0.072217367589474,0.0096350982785225,1
0.12867194414139,-0.10705205705017,-0.067253328859806,1
-0.013843417167664,-0.073793664574623,-0.02373368293047,1
-0.10575926303864,0.06835325807333,-0.067905806005001,1
-0.065843373537064,-0.069176312536001,-0.053260184824467,1
0.081116139888763,-0.11501269228756,-0.0029482766985893,1
-0.055207103490829,-0.03353213518858,-0.02991745620966,1
-0.24526324868202,0.10647665709257,0.075973324477673,1
0.1452197432518,-0.25444334000349,0.05488371104002,1
-0.14537447690964,0.09314052015543,0.041924946010113,1
-0.18832674622536,-0.18491065502167,0.091529406607151,1
-0.037522256374359,-0.12890333496034,0.024939112365246,1
0.083882808685303,0.065497510135174,-0.035143710672855,1
-0.0302694439888,-0.074089592322707,-0.027110181748867,1
-0.049150407314301,0.14092177897692,-0.063725903630257,1
-0.054875016212463,0.18472062796354,-0.090974912047386,1
-0.24750512838364,-0.044316537678242,0.069834150373936,1
-0.053117632865906,-0.0020972639322281,-0.020418159663677,1
0.18133956193924,0.24265252798796,0.018755868077278,1
0.027297079563141,0.19477560371161,-0.027526505291462,1
0.012505650520325,0.20339741557837,0.056460730731487,1
0.076966345310211,-0.099643255030969,-0.014924921095371,1
0.082799792289734,-0.27666152268648,0.083412520587444,1
0.089154064655304,0.14746580272913,0.01019761711359,1
0.043386220932007,0.26045867055655,0.077397160232067,1
-0.17427256703377,-0.0074290558695793,0.20749730616808,1
0.067730009555817,-0.18379094451666,-0.093823596835136,1
-0.049910962581635,0.17939772456884,0.070887036621571,1
-0.087631642818451,0.03556851297617,-0.056826055049896,1
-0.17476376891136,-0.0060635730624199,-0.0016532614827156,1
0.16557466983795,0.15029402822256,0.06965795904398,1
0.14633935689926,0.24182116240263,0.017755523324013,1
-0.064436435699463,0.019382528960705,0.017787270247936,1
-0.040700137615204,0.1758778616786,-0.021575607359409,1
-0.18187707662582,0.016120061278343,0.19218281656504,1
0.065412521362305,0.26462122052908,0.042101599276066,1
0.073737978935242,-0.15930036827922,0.053504444658756,1
-0.016048312187195,0.14441742748022,0.032490469515324,1
0.023754298686981,-0.23078595846891,-0.015461571514606,1
0.098371803760529,0.13919810205698,-0.042678467929363,1
-0.11993235349655,-0.035466536879539,0.014163382351398,1
-0.059862911701202,-0.11210190691054,0.030273519456387,1
0.020382225513458,0.10387083142996,-0.046794839203358,1
-0.14056873321533,-0.18056853115559,-0.00014730542898178,1
-0.016002655029297,0.077206961810589,-0.028035894036293,1
0.027412474155426,-0.074887972325087,-0.036285571753979,1
-0.15886920690536,0.10668646544218,0.10192803293467,1
0.054780244827271,0.092729605734348,0.0068959966301918,1
-0.17203122377396,0.065263949334621,-0.039995893836021,1
0.094849765300751,-0.10420654946938,-0.080537885427475,1
0.11547207832336,0.12181075662374,-0.0043187662959099,1
-0.1044517159462,-0.1286320630461,-0.05977576225996,1
-0.081061244010925,0.024440310895443,-0.032734587788582,1
-0.15298175811768,-0.14467235654593,0.098007507622242,1
0.011643588542938,-0.082776388153434,-0.042840294539928,1
-0.12390702962875,0.17479398101568,-0.01234545558691,1
0.023452341556549,0.15958600491285,-0.092005833983421,1
-0.12425720691681,0.055829338729382,-0.010922931134701,1
0.10835331678391,-0.19218777120113,0.059596426784992,1
0.14782416820526,0.12558134645224,0.078045971691608,1
-0.091722011566162,-0.14332020655274,-0.0043519362807274,1
-0.17905536293983,-0.011789120733738,0.14303132146597,1
-0.090531289577484,0.14298724383116,0.0048320665955544,1
-0.064456313848495,0.19273703545332,-0.021224141120911,1
0.063169538974762,-0.23477657884359,0.0093537718057632,1
0.037877261638641,-0.22846855968237,0.11997044831514,1
-0.235411465168,0.041709192097187,0.03344502300024,1
0.14172101020813,0.24873896688223,-0.037059925496578,1
-0.07477879524231,0.21842148154974,0.14275140315294,1
0.15187734365463,-0.17355882376432,-0.029901839792728,1
-0.19830542802811,0.066156156361103,-0.076612815260887,1
0.02275562286377,0.153196208179,0.032511927187443,1
-0.040799975395203,0.055289410054684,-0.015941791236401,1
-0.075362384319305,0.056684412062168,-0.055308684706688,1
-0.21587318181992,0.094020582735538,0.06526442617178,1
-0.060207009315491,-0.23030845075846,0.068816527724266,1
-0.19677358865738,-0.10688432585448,0.14758176356554,1
0.06158721446991,0.28683971613646,0.055647484958172,1
0.078719258308411,0.18848776072264,0.077457331120968,1
0.17411673069,-0.18308723717928,0.17341587692499,1
-0.17181748151779,0.053678281605244,-0.050971657037735,1
-0.06391242146492,-0.13465152680874,-0.066907584667206,1
-0.055345565080643,-0.054800692945719,-0.040747307240963,1
-0.088174015283585,-0.064050540328026,-0.019117318093777,1
-0.18512165546417,0.031069301068783,-0.014053203165531,1
-0.16902175545692,0.18567558377981,-0.0477289929986,1
-0.13538008928299,0.16809590905905,0.03924647718668,1
-0.053716421127319,-0.081508437171578,0.0077819898724556,1
0.054213285446167,-0.15676119551063,0.022553943097591,1
-0.25606679916382,0.089472509920597,0.026350565254688,1
0.10688763856888,0.13163163512945,-0.021602414548397,1
-0.05295929312706,0.041968084871769,-0.046005561947823,1
0.053442895412445,-0.13066589273512,-0.030269034206867,1
0.042185127735138,-0.15905883535743,-0.059818029403687,1
-0.055694162845612,-0.27165726572275,0.032223455607891,1
-0.070498436689377,0.099742777645588,-0.086369067430496,1
-0.013792753219604,0.15443678945303,-0.044501103460789,1
0.16738790273666,0.17558600753546,-0.051759354770184,1
-0.16008865833282,-0.14981136843562,-0.090032301843166,1
0.10721725225449,-0.22603899985552,0.10440049320459,1
0.062557756900787,-0.24302490800619,0.15130449086428,1
-0.02885514497757,0.14419116824865,-0.0103654935956,1
-0.030210375785828,0.081786476075649,-0.020779870450497,1
-0.025294601917267,0.1405817642808,-0.079093061387539,1
-0.078333586454391,0.16114994138479,-0.05054847151041,1
-0.10410657525063,-0.044471807777882,-0.0043202862143517,1
0.0097487568855286,0.25175600498915,0.029613204300404,1
-0.090606868267059,-0.25313524156809,-0.015332654118538,1
-0.06646740436554,-0.034317791461945,0.0063901618123055,1
-0.10219576954842,-0.21703514456749,-0.002042792737484,1
0.14200645685196,-0.16283700615168,0.01673562079668,1
0.056596577167511,0.12662445753813,0.022832728922367,1
-0.10790991783142,-0.075253162533045,-0.016167409718037,1
-0.054845988750458,0.23962946981192,0.01664749532938,1
-0.23738372325897,-0.026563875377178,-0.00334482640028,1
-0.071334362030029,-0.26650064438581,0.045914344489574,1
0.070782601833344,-0.21184591203928,0.17724157124758,1
0.08703875541687,-0.067428160458803,-0.04886119812727,1
0.010551273822784,-0.17812459915876,-0.0037670135498047,1
0.044478833675385,0.10120137780905,-0.064821824431419,1
0.00031584501266479,0.13211213797331,-0.0096197351813316,1
0.021620810031891,-0.18431562930346,0.044584542512894,1
-0.13764557242393,-0.0053158327937126,-0.013804517686367,1
0.060654640197754,0.16713624447584,-0.04378392547369,1
0.074243605136871,-0.17841743677855,0.044789649546146,1
-0.088793396949768,0.10660433024168,0.013883344829082,1
0.12068122625351,-0.13448687270284,-0.088779486715794,1
-0.12393742799759,0.12207446247339,0.04025050252676,1
0.079922318458557,-0.21599821001291,0.0052307620644569,1
0.10556930303574,-0.20508433878422,0.074912808835506,1
-0.12163278460503,-0.17215246707201,0.067927524447441,1
-0.15485733747482,0.010953515768051,0.066877655684948,1
0.086091160774231,0.15405543893576,0.0024596378207207,1
0.130146920681,0.12280728667974,0.05364154279232,1
-0.11139106750488,-0.17673608660698,0.1000312641263,1
-0.17663788795471,-0.090989768505096,0.10603033751249,1
0.09217232465744,0.21682625263929,-0.014705516397953,1
-0.014797806739807,0.15726255625486,0.0056138560175896,1
-0.018592536449432,0.1283597573638,-0.059027999639511,1
-0.21494406461716,0.12030268460512,0.079730533063412,1
-0.08489391207695,0.13491158932447,0.019358240067959,1
-0.1931027173996,-0.12117740511894,0.011216707527637,1
-0.040888905525208,-0.044631607830524,0.0022702142596245,1
-0.079698503017426,0.16168337315321,-0.097643472254276,0
0.1007382273674,0.23255982249975,0.010714031755924,1
0.00045377016067505,-0.11160565260798,0.00053258985280991,1
0.010304689407349,-0.23574625700712,0.076122902333736,1
0.038432657718658,-0.067226938903332,-0.022398568689823,1
-0.035946667194366,-0.23920471221209,-0.041955374181271,1
-0.082484155893326,0.19253285974264,0.18692343682051,1
-0.057701021432877,-0.028215743601322,0.00031306594610214,1
-0.24690598249435,0.045362524688244,-0.010844640433788,1
-0.15200960636139,0.19578232616186,-0.058796010911465,1
0.021803796291351,-0.074811946600676,0.0095602199435234,1
-0.12484183907509,-0.00090917944908142,0.049688346683979,1
-0.089981853961945,-0.12087706848979,0.036778710782528,1
-0.016288101673126,-0.12324501760304,-0.011351443827152,1
-0.085696786642075,0.15477355569601,0.010387860238552,1
-0.018114924430847,0.11163019388914,-0.031224876642227,1
-0.018468856811523,-0.23720148950815,0.017692312598228,1
0.045186281204224,-0.22669134289026,-0.083509832620621,1
-0.0061405897140503,0.061380662024021,0.0027917474508286,1
-0.02478438615799,-0.059317626059055,0.0122324898839,1
0.18133002519608,-0.23518010228872,0.093457974493504,1
0.061242818832397,-0.15301357954741,0.039089746773243,1
-0.12548705935478,-0.20434530824423,-0.019828125834465,1
-0.044460773468018,0.25668048113585,0.05159766972065,1
-0.15219494700432,-0.11315650958568,0.014889530837536,1
-0.15827783942223,-0.010127641260624,0.086380325257778,1
-0.23907279968262,0.065487526357174,0.057166554033756,1
0.20127457380295,-0.22955127805471,0.003468818962574,1
-0.078020572662354,0.12334706634283,-0.096827618777752,1
-0.1529141664505,0.023785375058651,-0.014363892376423,1
-0.22909146547318,0.064178146421909,-0.052354417741299,1
0.048871994018555,0.088783107697964,-0.021985322237015,1
0.013773381710052,0.22439124435186,-0.054531663656235,1
-0.071620911359787,-0.062722083181143,0.026855833828449,1
0.15058428049088,-0.25371021777391,-0.045950651168823,1
-0.057488024234772,-0.17521761357784,0.10636978596449,1
0.011442124843597,0.27350511401892,-0.0587552562356,1
0.023749589920044,-0.24499065428972,0.13374710828066,1
0.10593980550766,-0.26709837466478,0.077270723879337,1
-0.16884684562683,-0.10983441397548,0.1457080617547,1
-0.024526238441467,0.10133840888739,0.0052385106682777,1
0.0366530418396,-0.14469520375133,-0.016263373196125,1
-0.19607186317444,0.1151836887002,-0.088948167860508,1
0.057914793491364,-0.22309309989214,0.035931043326855,1
0.14995056390762,-0.17862608283758,-0.018351159989834,1
-0.0073590874671936,0.21258293837309,0.056774534285069,1
0.089789271354675,0.17490016669035,-0.026630155742168,1
-0.021197915077209,0.1912914738059,0.01735895127058,1
-0.029694378376007,-0.24956587702036,-0.054317057132721,1
0.081198215484619,-0.22769225388765,0.088871367275715,1
0.13958781957626,0.20154144614935,-0.044215954840183,1
0.035217106342316,-0.085602628067136,0.018647916615009,1
0.065675735473633,0.1727579459548,0.0086037889122963,1
0.037700116634369,-0.10091976076365,0.019517995417118,1
0.013605356216431,-0.19330239295959,0.013166986405849,1
0.065633893013,-0.071929670870304,0.00029477477073669,1
0.099746525287628,-0.20316953212023,0.13903320580721,1
-0.08004167675972,-0.13157601282001,0.059374094009399,1
-0.070692837238312,-0.022213540971279,-0.043769143521786,1
0.13795059919357,-0.23572523146868,0.1541359052062,1
-0.15203151106834,-0.0014072731137276,0.034232966601849,1
-0.12646314501762,-0.1525352858007,0.0032639130949974,1
-0.019769132137299,-0.071117686107755,0.013442389667034,1
-0.16471874713898,0.02431146800518,0.075319029390812,1
-0.12322896718979,0.08015999943018,-0.06829085201025,1
-0.22933229804039,-0.071058232337236,0.031437076628208,1
0.11499863862991,-0.11734214238822,0.019640259444714,1
0.083718597888947,-0.12890602648258,0.021961405873299,1
0.058915913105011,-0.11489232350141,-0.06415169686079,1
0.073320209980011,-0.067974906414747,0.01356016844511,1
-0.10252696275711,-0.2151852324605,-0.016873873770237,1
-0.075588077306747,-0.19429572671652,-0.0021356344223022,1
0.14630556106567,0.19020231813192,0.16441454738379,1
0.084499001502991,-0.086337151937187,-0.0064797475934029,1
-0.067434936761856,0.23801352828741,0.018984757363796,1
0.00058478116989136,-0.12610410712659,-0.072669178247452,1
0.14085918664932,-0.22139348089695,0.046247601509094,1
-0.049664616584778,0.065041042864323,-0.016045771539211,1
-0.04061633348465,0.16118218749762,0.026368677616119,1
-0.092028796672821,-0.062271323055029,-0.07464100420475,1
0.064846336841583,0.13695188611746,-0.017408020794392,1
-0.06865531206131,-0.024369351565838,-0.048629581928253,1
0.16250109672546,0.21842726320028,-0.083681903779507,1
-0.078156441450119,0.042025022208691,-0.023905374109745,1
-0.043582856655121,0.012901432812214,-0.0092375501990318,1
0.19988638162613,-0.19553361833096,0.014270223677158,1
-0.061669439077377,0.073575206100941,0.013069100677967,1
-0.15292492508888,0.013721406459808,0.042591638863087,1
-0.23918920755386,-0.022676423192024,0.13283481448889,1
0.044940173625946,0.15825238078833,0.010714665055275,1
0.017982065677643,-0.2296137586236,0.085994847118855,1
-0.11074930429459,0.1470785215497,0.21631789952517,1
-0.017562687397003,0.13201218098402,0.039223298430443,1
-0.21124929189682,0.073075048625469,-0.065384790301323,1
0.096348464488983,0.23763649910688,-0.08967861905694,1
-0.13222321867943,-0.041687540709972,-0.047873601317406,1
-0.17460680007935,0.14645550400019,-0.038517899811268,1
0.16108757257462,0.22425650805235,-0.0086021721363068,1
-0.050471186637878,0.020455427467823,-0.032168865203857,1
-0.09063321352005,-0.020071305334568,-0.063150696456432,1
-0.20199507474899,-0.16628856956959,-0.038079030811787,1
-0.025183022022247,0.1655500754714,0.067504540085793,1
-0.039866745471954,-0.22901243716478,-0.042828060686588,1
-0.043017864227295,0.081120453774929,-0.02255792170763,1
-0.065854847431183,0.061432935297489,-0.01231611520052,1
0.054897487163544,-0.085306027904153,-0.029184408485889,1
-0.10009652376175,0.048843197524548,-0.0087139531970024,1
-0.06842440366745,0.031578697264194,-0.021363563835621,1
0.18914902210236,-0.17960481345654,-0.044846020638943,1
0.10858732461929,-0.23727525025606,-0.057078517973423,1
0.034303784370422,0.065606318414211,-0.0057033225893974,1
0.072691261768341,0.073368676006794,0.01056270301342,1
-0.093722969293594,0.23824908584356,0.025146774947643,1
-0.018124759197235,0.11378205567598,0.0033331513404846,1
-0.044254660606384,0.22949566692114,-0.044260539114475,1
-0.18321621417999,-0.17429365962744,-0.035389803349972,1
-0.20141291618347,-0.13634969294071,0.059118963778019,1
0.21553075313568,0.20201005786657,0.11406060308218,1
0.18494147062302,-0.18022779375315,-0.017739214003086,1
0.055890023708344,-0.24240108579397,0.00051704794168472,1
-0.027934551239014,-0.20259245485067,0.067586682736874,1
0.0094866752624512,0.13849542289972,0.03486330062151,1
-0.18264648318291,-0.10935888346285,-0.030565582215786,1
0.051307380199432,0.097967527806759,-0.048144347965717,1
-0.16296344995499,-0.1364091783762,0.025930665433407,1
-0.14383384585381,-0.13573691621423,0.10699281841516,1
-0.14310789108276,0.042632110416889,0.037004314363003,1
0.071293771266937,0.28540428727865,0.060688212513924,1
-0.22504237294197,-0.00380539894104,0.062375538051128,1
-0.14439851045609,-0.022484950721264,0.023720555007458,1
0.14292079210281,-0.2282277867198,0.078072778880596,1
-0.01102077960968,0.26529978960752,-0.079512603580952,1
0.051932156085968,0.12559879571199,-0.038295425474644,1
0.10382205247879,-0.14401461184025,-0.0011442378163338,1
-0.15039506554604,0.0093600079417229,-0.034731276333332,1
0.030629098415375,0.16879733651876,0.066831909120083,1
-0.0011968612670898,-0.059061095118523,0.0033179894089699,1
0.096905887126923,-0.089454645290971,-0.077056713402271,1
-0.15705272555351,-0.126305680722,-0.014162413775921,1
0.027647078037262,-0.055554542690516,0.0014825984835625,1
-0.21337747573853,-0.1064768768847,0.11140202730894,1
-0.059311419725418,0.27629943937063,0.011255145072937,1
-0.061490744352341,-0.21066069602966,-0.097330659627914,1
0.014757096767426,0.072905354201794,-0.029375322163105,1
-0.069473624229431,0.047359697520733,-0.0050885751843452,1
-0.078784883022308,-0.19226451963186,-0.050524286925793,1
-0.11947247385979,0.063484899699688,-0.063787721097469,1
0.11791294813156,-0.11279475316405,-0.0010561719536781,1
-0.033363282680511,-0.059064567089081,-0.009577639400959,1
0.044624865055084,-0.13508529216051,-0.0083309188485146,1
0.10377848148346,0.26167770475149,0.055313378572464,1
0.059045970439911,-0.23158902674913,0.074160061776638,1
0.059715628623962,-0.090537548065186,-0.0060296505689621,1
-0.11933541297913,0.05963746458292,0.027092047035694,1
-0.092686235904694,-0.038279801607132,0.0011605247855186,1
0.015230715274811,0.14281136542559,-0.053530015051365,1
0.12449669837952,0.17971008270979,-0.087230406701565,1
-0.088413596153259,0.23657717555761,-0.073513180017471,0
-0.070776075124741,-0.12548172846437,0.027740277349949,1
-0.051029741764069,0.20093562453985,0.063656084239483,1
-0.17623114585876,-0.051831133663654,0.20279733091593,1
-0.22910532355309,-0.067300815135241,0.12285897880793,1
-0.17215192317963,-0.0021487399935722,0.037575535476208,1
-0.038888037204742,-0.017275586724281,-0.024857372045517,1
-0.034415006637573,-0.057633116841316,-0.020700998604298,1
0.049620151519775,-0.066506255418062,-0.005071684718132,1
-0.059732556343079,0.19414784759283,0.17041758447886,1
0.055419385433197,0.099533908069134,-0.036137588322163,1
-0.0081722140312195,-0.06583508476615,0.0086769312620163,1
-0.0066601634025574,-0.10140012064949,-0.034597396850586,1
0.09675544500351,0.10341445356607,-0.011706456542015,1
0.10804980993271,-0.2367225959897,0.089883394539356,1
-0.13771620392799,-0.051734875887632,0.05285906046629,1
0.026655256748199,-0.13356395065784,0.032102018594742,1
-0.11627951264381,-0.1173275411129,-0.022167347371578,1
-0.064647972583771,-0.0089295953512192,0.015544809401035,1
0.13131606578827,-0.17760125547647,0.075164951384068,1
0.051290214061737,0.09271689504385,-0.029985301196575,1
0.025406539440155,0.16654684394598,-0.010621458292007,1
-0.10449397563934,-0.17147231847048,0.1535729393363,1
0.078532040119171,0.16610809415579,-0.069213330745697,1
-0.017680108547211,-0.095012098550797,-0.01840203255415,1
-0.20343852043152,0.1717189475894,0.055819429457188,1
-0.17386016249657,0.11668176203966,0.085534386336803,1
-0.018252849578857,0.10482116788626,-0.0079682394862175,1
0.069023907184601,-0.16962308436632,0.027896232903004,1
0.11253207921982,-0.14506466314197,-0.089974991977215,1
0.063335120677948,0.11567578464746,-0.025273151695728,1
-0.08862429857254,-0.14510743692517,0.093094669282436,1
-0.056113958358765,-0.012288346886635,0.0014482215046883,1
-0.14699110388756,0.10490068048239,0.016042582690716,1
-0.12344837188721,-0.0061079263687134,0.037577964365482,1
0.004834771156311,0.15332656353712,-0.04205309599638,1
0.21566963195801,0.20988269895315,-0.011718697845936,1
0.046443283557892,-0.084479660727084,0.0041914954781532,1
-0.017894625663757,0.084507398307323,0.0094607993960381,1
0.11218059062958,0.28187521547079,0.03940162062645,1
-0.09120124578476,-0.071900444105268,-0.089605525135994,1
-0.15694436430931,0.0094243437051773,0.032383166253567,1
-0.031450688838959,-0.22224573791027,-0.093909941613674,1
0.12799924612045,0.12396218627691,0.044627375900745,1
-0.20419770479202,0.13181821256876,0.038667775690556,1
-0.15121147036552,0.13357286900282,0.097484938800335,1
0.066162765026093,-0.059193853288889,0.0079521462321281,1
-0.1381157040596,-0.029561832547188,0.034816421568394,1
-0.20096117258072,-0.053955897688866,0.0018195733428001,1
0.088901162147522,-0.23542983084917,-0.022293701767921,1
-0.14463585615158,-0.16243013739586,-0.063776038587093,1
-0.080162018537521,-0.076756021007895,-0.0062319710850716,1
-0.15385428071022,-0.16365092247725,0.1519103422761,1
0.049410402774811,-0.17233954370022,-0.064573727548122,1
0.044243514537811,-0.12995749525726,-0.066905036568642,1
-0.18525075912476,0.087992273271084,0.14997465163469,1
-0.057304948568344,-0.11671902053058,0.016859091818333,1
-0.19866216182709,-0.023809410631657,-0.076140835881233,1
-0.19757604598999,0.11256467550993,-0.088997460901737,1
-0.010758697986603,0.05754341930151,-0.022461540997028,1
0.078003764152527,0.25877349823713,-0.0086778178811073,1
0.068307399749756,0.20436196774244,-0.024276293814182,1
-0.16525238752365,0.07146979123354,0.14384610205889,1
0.044887900352478,0.10646329075098,0.01518552005291,1
0.14619570970535,-0.17133612185717,0.0034677162766457,1
-0.1804546713829,-0.069379944354296,0.14916218072176,1
-0.030087530612946,0.14766577631235,-0.07921214401722,1
0.10646432638168,0.19897403568029,0.1998100951314,1
0.10458207130432,-0.11132229771465,-0.020224384963512,1
-0.1526840031147,0.048293195664883,0.051349245011806,1
-0.037051618099213,0.19662924855947,-0.0089334771037102,1
-0.037674725055695,0.15939678996801,-0.055477984249592,1
-0.037277162075043,0.063709609210491,-0.041697792708874,1
-0.061486572027206,-0.07940180785954,0.022905625402927,1
0.12301164865494,-0.15155563130975,0.061292298138142,1
0.055220544338226,-0.083770606666803,-0.045207358896732,1
-0.067036896944046,0.17272686213255,0.078438319265842,1
-0.13690793514252,0.077267207205296,0.075342930853367,1
-0.11471688747406,-0.22074218094349,0.096802689135075,1
0.064351677894592,0.11000556498766,-0.049041666090488,1
-0.23690050840378,0.034703023731709,0.10614962130785,1
0.18590956926346,0.20017971843481,0.13386277109385,1
0.056984603404999,0.10379488021135,-0.03761000931263,1
0.01263427734375,-0.079030530527234,0.010785549879074,1
-0.035672128200531,-0.26189944893122,-0.059566847980022,1
0.061417162418365,-0.28064205497503,-0.0077134445309639,1
0.017706751823425,-0.059073183685541,-0.001712866127491,1
0.10060387849808,0.20839016884565,0.0012949407100677,1
0.10733419656754,0.12418825179338,0.015152432024479,1
0.10129487514496,0.21792333573103,0.069284938275814,1
0.035224080085754,0.089421905577183,-0.017466522753239,1
-0.1160463988781,-0.1142844138667,-0.019791014492512,1
-0.042406857013702,0.18026702851057,0.041613586246967,1
0.084286630153656,-0.084581076167524,-0.0021967515349388,1
0.032159090042114,0.15102022141218,0.0031113550066948,1
0.054604113101959,-0.10146874794737,0.023558102548122,1
0.099291861057281,0.23092552274466,0.0032237991690636,1
-0.22342136502266,-0.070146236568689,-0.018891431391239,1
0.13733690977097,-0.25629434734583,-0.0059009566903114,1
0.062994062900543,-0.17464163154364,-0.055594883859158,1
-0.033203065395355,-0.084696759469807,-0.026248380541801,1
0.069142043590546,0.17797943204641,-0.064501114189625,1
0.13647550344467,-0.16426777839661,0.061352945864201,1
-0.23587521910667,-0.12368455342948,0.049467943608761,1
-0.023353815078735,-0.061286572366953,-0.03424546122551,1
0.034558296203613,-0.16882561147213,-0.080990955233574,1
0.15121525526047,-0.15870074182749,0.061342917382717,1
-0.2371538579464,0.13432580977678,0.0058023855090141,1
0.11553561687469,0.18255522102118,-0.022768683731556,1
0.13812649250031,0.15950252860785,-0.023637726902962,1
0.16514384746552,-0.14104577153921,-0.060412831604481,1
0.16734623908997,0.15236695855856,-0.089487157762051,1
-0.20098152756691,-0.049132563173771,-0.048964723944664,1
-0.19136518239975,-0.053754463791847,0.082807056605816,1
-0.082603454589844,-0.24976716190577,-0.038051970303059,1
0.10536962747574,0.12332322448492,0.044291406869888,1
0.13516813516617,-0.1155795250088,-0.012663684785366,1
0.077434360980988,0.09950702637434,-0.013265654444695,1
0.056805789470673,0.22293647378683,0.057390294969082,1
-0.16533327102661,0.11675382405519,-0.0029179975390434,1
0.0074660778045654,0.2697681710124,-0.048213586211205,1
-0.093902587890625,0.14156544953585,-0.014876075088978,1
-0.24520820379257,-0.041631177067757,0.12360615283251,1
0.029898285865784,-0.16729529947042,-0.025211907923222,1
-0.13917404413223,0.11695740371943,0.02999197691679,1
-0.075616329908371,0.2012077793479,0.034028217196465,1
0.19724643230438,0.21634244173765,0.042719580233097,1
-0.094894886016846,0.089638344943523,-0.024458669126034,1
0.059926867485046,0.067916117608547,-0.025005370378494,1
-0.17615252733231,0.095093213021755,-0.011745266616344,1
0.089382708072662,0.22663121670485,0.047649197280407,1
-0.032972276210785,-0.27045016735792,-0.0094552263617516,1
-0.14217275381088,0.008722759783268,0.04647920280695,1
-0.15731900930405,-0.17962363362312,0.013200499117374,1
-0.0037505030632019,-0.079006103798747,0.00099431723356247,1
-0.04290384054184,0.0054626315832138,-0.0027404949069023,1
0.09172385931015,-0.074394417926669,-0.027432389557362,1
-0.066914319992065,-0.16548065841198,-0.047685369849205,1
0.087145745754242,-0.21434634923935,-0.093423016369343,1
-0.10021325945854,-0.15208037570119,0.22127640992403,1
0.098518013954163,-0.25585065037012,0.11794031411409,1
0.0085451006889343,0.2469954714179,-0.046925581991673,1
-0.076851367950439,-0.15174335241318,0.0022224709391594,1
-0.064934134483337,-0.24515714496374,-0.0033100619912148,1
0.045731544494629,0.068087004125118,-0.01428796350956,1
-0.15262246131897,0.038748227059841,0.062827534973621,1
-0.053909689188004,-0.045032288879156,0.018150947988033,1
-0.11494788527489,0.071845851838589,0.051743738353252,1
-0.0048189759254456,-0.14967432245612,-0.0075231939554214,1
-0.15495792031288,-0.024957783520222,-0.014131389558315,1
-0.20862585306168,0.065749861299992,0.045923881232738,1
-0.0098099112510681,0.16929744929075,-0.022676214575768,1
-0.093588501214981,0.1706575974822,-0.026365898549557,1
-0.18525499105453,0.15683581680059,-0.075845070183277,1
0.12302178144455,-0.11011952161789,-0.032487593591213,1
0.042182207107544,0.1732416972518,-0.087035655975342,1
0.088571727275848,0.2372644469142,0.098427914083004,1
0.12489479780197,-0.13428637385368,0.036476142704487,1
-0.15509366989136,0.079931862652302,-0.048883564770222,1
0.11973315477371,-0.24490690976381,0.062819801270962,1
-0.07286810874939,-0.14051004499197,-0.095374099910259,1
0.11154359579086,0.17892553657293,0.21972424536943,1
-0.19567945599556,0.055160693824291,0.16509590297937,1
0.045153677463531,-0.093638794496655,0.0095085352659225,1
0.015035688877106,0.072525642812252,-0.011084459722042,1
-0.053523927927017,-0.041919711977243,-0.031042076647282,1
0.026199221611023,-0.085006477311254,0.01622062176466,1
0.097255825996399,0.080011956393719,0.0010375753045082,1
-0.049324929714203,-0.17737650126219,0.018399618566036,1
-0.036809742450714,0.034138269722462,-0.015544749796391,1
0.056758761405945,0.088560156524181,0.0040261745452881,1
0.052162945270538,-0.13438883423805,0.033079281449318,1
-0.10485857725143,0.016902334988117,-0.051634587347507,1
0.094435930252075,0.076653711497784,-0.0088308677077293,1
-0.062352687120438,0.040300615131855,-0.011253602802753,1
-0.0036404132843018,0.12812464684248,-0.081462122499943,1
-0.18943300843239,0.014072254300117,0.20638901740313,1
-0.10813340544701,-0.044907588511705,-0.0015994384884834,1
-0.094664394855499,0.083482764661312,0.015873394906521,1
-0.10073193907738,-0.15356086567044,-0.042070761322975,1
-0.081224650144577,-0.092882728204131,-0.034836106002331,1
-0.11959066987038,-0.20518090575933,0.098720498383045,1
-0.18044927716255,-0.03537855297327,0.19133549183607,1
0.11471009254456,0.23818113654852,-0.069871306419373,1
-0.016977965831757,0.039564244449139,-0.0023817345499992,1
0.022581100463867,0.093228332698345,-0.030196629464626,1
0.11685359477997,0.097131617367268,-0.010063074529171,1
-0.26634335517883,0.044392697513103,0.014091230928898,1
-0.048180997371674,-0.27014077454805,0.0027661845088005,1
-0.0011664032936096,0.27216403931379,0.10211702436209,1
0.0075417757034302,-0.19087598472834,0.023864328861237,1
-0.068461716175079,0.13854422420263,-0.089436165988445,0
-0.070084780454636,-0.023510508239269,0.014545120298862,1
-0.16582137346268,0.026973821222782,-0.049331031739712,1
0.0096851587295532,0.17086520045996,0.0097982361912727,1
-0.14981576800346,-0.062605146318674,-0.030727326869965,1
0.10043448209763,-0.1031374973245,0.034974329173565,1
-0.046933352947235,-0.24185518175364,0.13623005896807,1
0.04556792974472,-0.10103105439339,-0.042118847370148,1
-0.029652714729309,0.2404762133956,0.09752007573843,1
0.0091835856437683,-0.21757034212351,0.2013850286603,1
-0.031584322452545,-0.15439116209745,0.06389032304287,1
0.011481881141663,0.14795037358999,0.0017829015851021,1
0.13191920518875,0.23596208542585,-0.0012541189789772,1
-0.072752714157104,-0.1057711080648,0.022226683795452,1
0.051840245723724,0.11191508919001,-0.021552018821239,1
0.040114402770996,0.095111437141895,-0.010149531066418,1
-0.025678813457489,0.042628936469555,0.0048977807164192,1
-0.12359514832497,-0.067013669759035,-0.079319469630718,1
0.059373676776886,-0.12822506204247,0.030953019857407,1
-0.014978229999542,-0.07768227905035,-0.031125858426094,1
-0.091472923755646,0.056637160480022,-0.010189272463322,1
0.085936903953552,0.063791893422604,0.012897945940495,1
-0.096343636512756,0.18451460450888,-0.036042384803295,0
-0.042746603488922,-0.17019803076982,0.077941216528416,1
-0.046770572662354,0.012666419148445,-0.0010460093617439,1
0.045808672904968,0.078367166221142,-0.00028832256793976,1
-0.055883288383484,-0.037192821502686,0.019041813910007,1
-0.043480157852173,-0.19056380540133,0.21435115486383,1
-0.14109408855438,-0.10877208597958,-0.01659894734621,1
0.025747299194336,-0.27687887102365,0.03503505140543,1
-0.041442930698395,-0.097314001992345,-0.035525754094124,1
-0.02016693353653,-0.082555150613189,-0.058916062116623,1
-0.039006531238556,-0.015247821807861,0.003729410469532,1
0.091124951839447,-0.22322550415993,-0.003836914896965,1
0.10568189620972,-0.089099706150591,0.016919620335102,1
-0.12357568740845,-0.17958642542362,0.18147499114275,1
-0.089905470609665,-0.10888878349215,-0.076517693698406,1
0.0078575611114502,-0.22360194474459,0.11075339466333,1
-0.075844794511795,0.25143500417471,0.0083810091018677,1
-0.16856610774994,0.15827100723982,0.16565688699484,1
0.078037440776825,0.16254987567663,-0.058164522051811,1
-0.043946981430054,-0.080536812543869,-0.0023916736245155,1
0.14895325899124,-0.15419708564878,0.2143210247159,1
-0.26483601331711,-0.041611928492785,0.0227976962924,1
0.073691189289093,-0.084429891780019,0.0044534206390381,1
-0.064691364765167,-0.11538052465767,0.030279435217381,1
-0.061298906803131,0.21314900368452,0.10968521982431,1
-0.066567927598953,-0.19901213049889,0.11124388128519,1
0.082955658435822,-0.28128307312727,-0.0082759037613869,1
-0.025608897209167,0.1339078322053,0.032296553254128,1
-0.0097827911376953,0.096269883215427,-0.039381667971611,1
-0.063377737998962,0.026372395455837,-0.05522995442152,1
-0.0068855881690979,-0.081072371453047,0.011633291840553,1
-0.023310720920563,-0.22315230220556,0.16113505512476,1
-0.16834723949432,-0.13031743839383,-0.049227736890316,1
-0.033531427383423,0.20281114429235,0.095608182251453,1
0.054848968982697,-0.083062535151839,-0.038340285420418,1
0.14568692445755,-0.17757748067379,0.17925722151995,1
-0.22968119382858,-0.075244953855872,-0.0051243975758553,1
-0.028784334659576,0.095861487090588,-0.052761055529118,1
-0.19722092151642,-0.029632940888405,-0.009109728038311,1
0.013468563556671,-0.11937963031232,-0.049346387386322,1
0.041997730731964,-0.15814724937081,-0.041256628930569,1
0.04619836807251,0.22078865021467,0.045828804373741,1
0.038612902164459,0.22486113756895,-0.059980802237988,1
-0.17925378680229,-0.091388448141515,0.0067843422293663,1
0.087095260620117,-0.19164749979973,0.052970983088017,1
0.034529864788055,0.15729036182165,-0.044474467635155,1
-0.02055561542511,-0.1077127456665,0.027779072523117,1
-0.080598413944244,0.14988363534212,-0.066583670675755,0
0.10855227708817,-0.23265827447176,-0.062609158456326,1
-0.035127580165863,0.057111047208309,-0.0047792717814445,1
-0.0068744421005249,-0.097163091879338,0.021220631897449,1
0.15121382474899,-0.25582244247198,-0.02308152616024,1
-0.038308203220367,-0.26259074360132,0.069946244359016,1
0.038078248500824,-0.20726472139359,-0.099993411451578,1
-0.1047123670578,0.031300537288189,0.031137906014919,1
0.0026000142097473,0.28071846812963,0.02262631803751,1
-0.17952015995979,0.0084802284836769,0.10186018794775,1
-0.04120808839798,0.034685932099819,-0.028262048959732,1
-0.014990270137787,-0.1361221820116,-0.052036873996258,1
0.0086137652397156,-0.063881322741508,-0.017230071127415,1
-0.052911520004272,0.055448271334171,0.0069398507475853,1
-0.091173261404037,-0.092460926622152,-0.04109538346529,1
-0.080991208553314,-0.10141544940416,-0.054622925817966,1
-0.010124802589417,-0.28835811465979,0.072236515581608,1
-0.11886939406395,-0.040038589388132,0.041909448802471,1
-0.0051811933517456,0.082028202712536,0.010989017784595,1
-0.12056761980057,-0.22051944583654,-0.053647868335247,1
-0.1418485045433,-0.067082159221172,-0.0065347477793694,1
-0.033318936824799,0.054338760674,0.0098775699734688,1
0.014399945735931,-0.18213168531656,-0.040802694857121,1
-0.15920096635818,0.082900188863277,-0.097164422273636,1
0.03940349817276,-0.20695771276951,0.071293391287327,1
-0.23406726121902,-0.015000537037849,0.0041616037487984,1
-0.23248153924942,-0.14327766001225,0.046135418117046,1
0.087727725505829,-0.096511864569038,0.027044303715229,1
0.11762672662735,-0.20995683223009,-0.022946745157242,1
0.17288994789124,0.18657319992781,-0.073261231184006,1
-0.15113335847855,-0.08272042311728,-0.022453159093857,1
-0.03884893655777,-0.034416288137436,-0.026640892028809,1
0.06546014547348,0.15548687428236,-0.035931549966335,1
-0.063861906528473,0.052474193274975,-0.019096069037914,1
-0.064570665359497,0.090702600777149,-0.0096160992980003,1
-0.082642763853073,-0.17334073781967,0.0021981373429298,1
-0.15117359161377,0.05566268414259,0.010913081467152,1
-0.060733884572983,0.088113032281399,0.015300907194614,1
-0.20072749257088,-0.067852977663279,0.089047349989414,1
0.01353245973587,-0.28700143843889,-0.032488189637661,1
-0.065248072147369,-0.0037454962730408,-0.058399073779583,1
-0.05219966173172,-0.1895634829998,-0.032352767884731,1
-0.046111464500427,-0.092042005620897,-0.016843870282173,1
-0.13969665765762,-0.078445382416248,0.0078537985682487,1
-0.0480996966362,-0.037279509007931,0.015147037804127,1
-0.049927771091461,0.10009672492743,-0.015057884156704,1
-0.20471799373627,0.10943972319365,0.13977748900652,1
-0.10767692327499,0.073323927819729,-0.063544847071171,1
-0.050496995449066,-0.029728829860687,0.002070240676403,1
-0.076530396938324,0.092324964702129,-0.07986206561327,1
-0.061500251293182,-0.016085505485535,-0.014340378344059,1
-0.16109529137611,0.060127668082714,0.10118206590414,1
0.10325449705124,0.10192232578993,-0.076582878828049,1
-0.061088651418686,-0.096400012727827,-0.028967969119549,1
0.065452694892883,0.073036380112171,-0.022504568099976,1
-0.086505025625229,-0.048447780311108,-0.040809854865074,1
0.12785583734512,-0.21033637970686,-0.048925787210464,1
0.10296338796616,-0.098580759949982,-0.06778609007597,1
-0.015552818775177,-0.16025480255485,-0.036542348563671,1
0.011306166648865,0.11253329366446,-0.062325246632099,1
-0.14912268519402,0.18368970602751,0.039965219795704,1
0.12071543931961,-0.18756897747517,0.1499894335866,1
-0.07819002866745,0.043031774461269,-0.031197845935822,1
0.019700348377228,0.20950853079557,0.062067836523056,1
0.073422193527222,-0.24022173136473,0.12337402254343,1
-0.045223534107208,-0.020882233977318,0.0095975026488304,1
0.094395399093628,-0.18366897106171,0.096670307219028,1
0.14532768726349,-0.24770001322031,0.048777684569359,1
0.0076954364776611,0.16419728845358,-0.0034236535429955,1
-0.23554807901382,-0.013767629861832,0.03092385083437,1
0.028046011924744,-0.064335715025663,0.004643090069294,1
0.10494536161423,-0.18716026097536,-0.016664177179337,1
0.069943964481354,-0.089162449352443,0.018010661005974,1
-0.096120059490204,0.1521126255393,-0.01471870392561,0
-0.14950665831566,0.070891581475735,0.01539721339941,1
-0.10903614759445,0.021001219749451,-0.079909406602383,1
0.081749618053436,0.11059496551752,-0.066629201173782,1
-0.12072759866714,0.057014845311642,-0.050259351730347,1
-0.13713601231575,-0.16517617553473,0.05877710133791,1
-0.079828649759293,-0.22929928451777,0.15115515142679,1
0.058521687984467,0.16711737960577,-0.089697942137718,1
-0.041142225265503,0.064376823604107,-0.033639378845692,1
0.08623343706131,-0.17766437679529,0.061545848846436,1
-0.24009758234024,0.057850413024426,-0.013024963438511,1
-0.11286005377769,-0.015528500080109,-0.050859279930592,1
0.059023857116699,0.21391900628805,0.033019699156284,1
-0.15078657865524,0.10237415879965,-0.00083865970373154,1
0.022448003292084,-0.091865673661232,-0.025889940559864,1
0.02981823682785,0.19973316043615,0.12696901708841,1
0.16347992420197,0.14252796024084,0.10637224465609,1
0.092076897621155,-0.11697765812278,-0.022984310984612,1
-0.20780071616173,0.089713163673878,0.1168129965663,1
-0.14349043369293,0.14251168817282,0.050209783017635,1
0.028967976570129,0.18841110914946,-0.086191337555647,1
-0.17782348394394,-0.10345663875341,0.028727628290653,1
0.00059640407562256,0.056991957128048,0.004511259496212,1
-0.034007847309113,0.041456274688244,0.0048848763108253,1
0.020485520362854,0.072622038424015,-0.028725191950798,1
-0.10845297574997,-0.046110332012177,-0.082394771277905,1
0.037035524845123,-0.17814377695322,0.024016365408897,1
-0.061348140239716,-0.036426730453968,-0.0017674937844276,1
-0.13736915588379,-0.1479769051075,0.075635321438313,1
-0.093212693929672,-0.11438310239464,0.013516075909138,1
-0.080351322889328,-0.23972973972559,0.11342591792345,1
-0.046149849891663,0.20630642026663,-0.021704934537411,1
-0.018082916736603,-0.034952364861965,-0.0028330311179161,1
-0.068637013435364,-0.12306244112551,0.0017212405800819,1
0.077400147914886,-0.2027777582407,0.089854724705219,1
-0.071439176797867,0.19129797071218,-0.073722928762436,1
0.065642654895782,-0.05925440788269,-0.0071466490626335,1
-0.084697037935257,0.10289401561022,-0.032073803246021,1
0.037504374980927,0.060164369642735,-0.0074048563838005,1
0.18015533685684,-0.16203040629625,0.14985931664705,1
-0.18669340014458,-0.032159343361855,0.082168884575367,1
-0.03605979681015,-0.085080056451261,0.0033344849944115,1
-0.12252813577652,0.051717646420002,0.044041000306606,1
-0.012240409851074,0.093801237642765,0.016493104398251,1
-0.1266160607338,0.055369488894939,0.041825480759144,1
-0.13180983066559,0.085468046367168,0.057938493788242,1
0.089015245437622,0.21265356987715,0.03032273799181,1
-0.03124064207077,-0.091411277651787,0.019689753651619,1
-0.065318197011948,-0.036607459187508,0.0190524533391,1
-0.027222871780396,0.069919906556606,-0.037572614848614,1
0.04087769985199,-0.058348003774881,0.002799354493618,1
0.11178296804428,-0.095027172472328,-0.068697281181812,1
-0.13750573992729,-0.18317433446646,0.022721610963345,1
0.024181425571442,0.16029410809278,0.050220906734467,1
0.10200196504593,0.13030911237001,0.042120911180973,1
0.17768484354019,0.21855591982603,0.086024649441242,1
0.071370661258698,-0.14178464189172,-0.041772276163101,1
-0.081819087266922,0.0049469098448753,0.017444454133511,1
-0.20216104388237,-0.14115607365966,0.10347106307745,1
-0.027716934680939,0.031669102609158,-0.017674975097179,1
-0.12533468008041,0.19364144653082,0.16071721166372,1
0.1059935092926,0.27524214237928,0.0096009373664856,1
-0.047619521617889,-0.02257114648819,-0.0091870799660683,1
-0.11048024892807,0.12513098865747,-0.01837981492281,1
-0.07294175028801,0.015082083642483,0.024597488343716,1
0.086217045783997,0.085815511643887,0.023790113627911,1
0.098343431949615,-0.10303762624972,0.010422386229038,1
0.18007719516754,-0.17417152225971,-0.070430405437946,1
0.13037842512131,-0.15509461611509,-0.095149554312229,1
-0.11482262611389,-0.19426557421684,0.13542372733355,1
-0.027693569660187,-0.076710825785995,-0.012804605066776,1
-0.061592549085617,-0.20077084004879,0.20033598691225,1
0.096189320087433,0.23537697643042,0.038180835545063,1
-0.066669344902039,0.091996721923351,-0.029351599514484,1
-0.061028063297272,0.0044858306646347,-0.0072715356945992,1
-0.13793855905533,0.1086006835103,-0.03690692037344,1
-0.18307191133499,0.13812667876482,0.1588107869029,1
0.1757784485817,-0.22074849158525,-0.06351550668478,1
0.084671914577484,-0.21971908211708,0.089724592864513,1
-0.035261809825897,-0.12044659629464,-0.035566933453083,1
0.076989769935608,0.10231690853834,-0.069997169077396,1
-0.075639188289642,-0.23386801034212,0.14904736727476,1
0.031775891780853,-0.24330811947584,-0.037547990679741,1
0.20322233438492,-0.20241816341877,-0.068603746592999,1
-0.045264482498169,-0.23941431194544,-0.07424671202898,1
-0.11611199378967,0.087544851005077,0.034722201526165,1
0.10394924879074,0.21561267226934,0.055628657341003,1
0.10359519720078,-0.16626323014498,0.050854243338108,1
0.059261202812195,0.2443892583251,0.1312574967742,1
-0.1546565592289,0.16846256703138,0.072972930967808,1
-0.22824269533157,0.010893076658249,-0.025451920926571,1
0.11592596769333,0.19774632900953,0.023006282746792,1
-0.07109522819519,0.026617102324963,-0.059559479355812,1
-0.21113756299019,-0.047496132552624,0.045508898794651,1
-0.16486898064613,-0.19930858165026,0.066229693591595,1
0.023465871810913,-0.077924707904458,-0.0048236548900604,1
-0.19685509800911,-0.013317115604877,0.027052439749241,1
0.15402311086655,0.17841970175505,0.092267610132694,1
-0.097949922084808,-0.018343381583691,0.022916294634342,1
0.16147303581238,0.13989301770926,0.0063618049025536,1
-0.10979560017586,0.21757086366415,0.041473425924778,1
-0.060458093881607,-0.12328700721264,-0.090543940663338,1
-0.16359549760818,0.18565490096807,-0.05655213445425,1
-0.097110122442245,0.021481223404408,0.020511411130428,1
0.062947332859039,-0.12243366613984,0.012853644788265,1
0.087400257587433,-0.12028228491545,0.037188664078712,1
-0.096818804740906,-0.17942740023136,0.066342167556286,1
0.074308335781097,0.22224500030279,0.13116683810949,1
0.065142691135406,-0.048483122140169,-0.004719652235508,1
-0.14240521192551,0.047500066459179,-0.0052006468176842,1
-0.14834606647491,-0.051923900842667,-0.022489793598652,1
0.023635149002075,0.25743620842695,0.16001833230257,1
-0.021687805652618,0.22063102573156,0.021260507404804,1
-0.18910390138626,0.036722131073475,0.04322388023138,1
-0.035216867923737,0.24019589275122,0.047993399202824,1
-0.0089847445487976,0.13264002650976,-0.074364751577377,1
-0.16499945521355,0.041479624807835,0.046082682907581,1
-0.19045075774193,-0.0063730552792549,0.20719862729311,1
0.14846521615982,0.22066309303045,0.015699967741966,1
0.065004050731659,-0.19769675284624,-0.058721505105495,1
-0.17974418401718,-0.033559359610081,-0.0013400539755821,1
-0.18382248282433,-0.0406832434237,-0.062015183269978,1
-0.035449922084808,-0.12430659867823,-0.00028306990861893,1
-0.069711714982986,-0.030453115701675,-0.029951430857182,1
0.065687298774719,0.28173940628767,0.0075607374310493,1
0.15228480100632,-0.18732792139053,0.031603761017323,1
-0.13753432035446,0.066549815237522,-0.046930961310863,1
0.12138915061951,0.13189574331045,0.032808259129524,1
0.084911644458771,0.11155202239752,0.013284474611282,1
0.10177856683731,-0.23549304157495,-0.06072673946619,1
-0.043269693851471,-0.1313396692276,-0.0036033540964127,1
-0.00094336271286011,-0.11361714452505,-0.06373056769371,1
0.083366572856903,-0.17218144237995,-0.0038240700960159,1
-0.073926359415054,0.2369629368186,-0.012591660022736,0
-0.084067404270172,0.08360993117094,0.032501868903637,1
-0.068295657634735,-0.13820993155241,0.0049336701631546,1
0.10235738754272,-0.12623911909759,-0.0071788057684898,1
-0.11095610260963,-0.19421697407961,0.18383563309908,1
-0.070970833301544,-0.1680563390255,-0.0059390142560005,1
-0.1054276227951,-0.11963085457683,0.036114402115345,1
0.026343882083893,-0.22201333940029,-0.02546388655901,1
-0.056490987539291,0.14789309352636,-0.0014263838529587,1
-0.021945178508759,0.17228841036558,-0.097026154398918,1
-0.16194570064545,-0.064417880028486,0.096795342862606,1
0.18489438295364,-0.19373343884945,-0.0048941001296043,1
0.13628607988358,-0.15488634631038,0.081862337887287,1
0.10114401578903,0.088546149432659,-0.06520414352417,1
-0.20953533053398,0.068602032959461,0.11320465058088,1
-0.14418372511864,-0.043434094637632,-0.046175129711628,1
-0.040862262248993,-0.053558189421892,-0.04401058703661,1
-0.077796936035156,0.11992437392473,0.035104729235172,1
0.066913902759552,-0.11445921193808,-0.022686347365379,1
0.031723499298096,0.11352217942476,-0.051074370741844,1
0.093476533889771,0.17641197890043,-0.041172459721565,1
0.12509018182755,0.20299180597067,-0.09064556658268,1
-0.20778059959412,-0.14496287330985,0.1119124814868,1
-0.06420761346817,0.11803755909204,-0.02870037406683,1
0.024562001228333,-0.090652683749795,0.012141473591328,1
-0.099572360515594,0.20331793278456,-0.014709867537022,0
0.047551155090332,0.22809421271086,0.029643006622791,1
0.19332134723663,-0.22225897014141,0.0036940053105354,1
-0.10518252849579,0.22942801564932,-0.021809875965118,0
0.032991528511047,0.21803208440542,0.1355229690671,1
-0.18795081973076,-0.094163785688579,0.15669598430395,1
0.038149774074554,-0.085710651241243,-0.014657758176327,1
0.020223379135132,0.12326364964247,0.0023283138871193,1
-0.083020806312561,0.026920907199383,0.012670062482357,1
0.087266087532043,-0.19246305525303,-0.071868263185024,1
-0.063833117485046,0.14395872503519,0.06918091326952,1
-0.14784705638885,-0.17165005207062,0.084846474230289,1
-0.10966837406158,0.046144686639309,-0.068929843604565,1
-0.049759149551392,0.10351756960154,0.0086753442883492,1
0.13178366422653,-0.14346759393811,-0.068149276077747,1
-0.081457138061523,-0.017278328537941,-0.052538000047207,1
-0.13562425971031,-0.13149788975716,0.12199970334768,1
0.013696908950806,-0.11987461149693,-0.044650577008724,1
-0.16080740094185,-0.097964487969875,-0.044028557837009,1
0.059439182281494,0.12856058031321,-0.02412436902523,1
-0.0014474987983704,0.17166253179312,-0.048328138887882,1
-0.050222039222717,0.11896961182356,-0.050112299621105,1
-0.035203039646149,-0.048526611179113,-0.032169885933399,1
-0.025890648365021,0.064189098775387,-0.040789939463139,1
0.072267115116119,-0.074243159964681,0.0044705048203468,1
0.067395985126495,-0.095551695208997,-0.034388549625874,1
0.025720059871674,-0.20328136533499,0.011869020760059,1
-0.094716399908066,0.14374525099993,0.0052275881171227,1
-0.081951558589935,0.26694729179144,-0.031938508152962,0
-0.081911265850067,0.052796401083469,-0.062723331153393,1
0.075770795345306,0.13995759934187,0.019311115145683,1
-0.16932925581932,-0.071492532268167,0.19599584490061,1
-0.13312751054764,-0.19550615549088,-0.037277407944202,1
-0.18193703889847,-0.01848965883255,0.078527055680752,1
0.087418973445892,-0.22438685595989,0.072495050728321,1
0.055419027805328,-0.20403838902712,-0.077856235206127,1
-0.021300852298737,0.12803927809,-0.055673845112324,1
-0.19407552480698,-0.18927324563265,0.046185679733753,1
-0.0075145363807678,-0.063939452171326,-0.027731068432331,1
-0.13287261128426,0.099796794354916,0.065340809524059,1
0.1321827173233,0.17835750430822,-0.052806109189987,1
-0.14380270242691,0.13431645184755,0.021815367043018,1
-0.0094251036643982,-0.23602891713381,-0.016398370265961,1
0.16885787248611,0.16544049233198,0.10231002420187,1
-0.15576732158661,0.043825350701809,0.018232427537441,1
-0.005858302116394,-0.19261255115271,0.054441660642624,1
0.087558090686798,-0.20722421258688,0.011454157531261,1
-0.11008578538895,0.089610211551189,-0.040875665843487,1
-0.05195215344429,-0.0062762126326561,-0.031113535165787,1
-0.2280797958374,0.11082526296377,0.0030517354607582,1
-0.038078486919403,0.059746749699116,-0.02771470695734,1
0.15322172641754,0.23762782663107,0.057965762913227,1
0.11826384067535,0.13766225427389,0.031031146645546,1
-0.029841125011444,-0.036991871893406,-0.0099891796708107,1
-0.10725376009941,-0.046832200139761,-0.017271421849728,1
-0.1774120926857,0.20119645446539,0.091126330196857,1
-0.0091432332992554,-0.19029470533133,0.00057613849639893,1
-0.085084080696106,-0.18205163627863,-0.090586669743061,1
-0.093956917524338,-0.070436498150229,-0.085223034024239,1
-0.18108260631561,-0.13574666157365,-0.047586195170879,1
-0.10977786779404,0.1037421002984,-0.014786668121815,1
0.053119957447052,0.16778849810362,0.014778219163418,1
-0.030271053314209,0.053696654736996,0.010021261870861,1
-0.080824345350266,-0.21842039376497,-0.0024554282426834,1
-0.17382010817528,0.078702159225941,0.11360245198011,1
-0.075675368309021,-0.094436294399202,-0.054648391902447,1
0.18620127439499,-0.19259629398584,0.01988860219717,1
0.0039834976196289,-0.17145559936762,-0.044957056641579,1
0.054265797138214,0.27261354774237,-0.060120150446892,1
0.080966293811798,0.1023521348834,-0.0025845095515251,1
0.11651355028152,-0.18206947296858,0.012325063347816,1
-0.13010832667351,-0.11446399707347,-0.041447155177593,1
-0.020498692989349,0.22925051301718,-0.0017828941345215,1
-0.20153048634529,-0.14081101864576,-0.076360382139683,1
0.064316153526306,0.18085684627295,-0.080615200102329,1
0.050822257995605,0.14937940984964,-0.06047561019659,1
0.0061492323875427,-0.22166118770838,0.1057567819953,1
0.0026035904884338,-0.072272578254342,-0.022794887423515,1
0.096342265605927,-0.076450990512967,0.014034397900105,1
-0.1687176823616,0.13480616360903,0.16903495043516,1
0.0033478140830994,-0.11580874584615,0.02877364307642,1
-0.085342824459076,-0.0051049292087555,-0.011968038976192,1
0.012840449810028,0.13139080256224,0.036239199340343,1
0.072016417980194,-0.11820413731039,-0.0059617534279823,1
0.081764221191406,0.27582766860723,0.075327910482883,1
-0.058437943458557,-0.10475786449388,0.035870313644409,1
-0.14051616191864,0.033140279352665,0.061083666980267,1
-0.12307426333427,0.072673164308071,0.013818226754665,1
-0.25739815831184,-0.026851870119572,0.025243155658245,1
-0.046888291835785,0.20785804837942,0.017169542610645,1
-0.047659814357758,-0.13768906518817,-0.077967241406441,1
-0.060811877250671,0.053730227053165,-0.059370703995228,1
0.092390775680542,0.081234715878963,-0.035117380321026,1
0.11111515760422,-0.11121584847569,-0.029867865145206,1
-0.21007359027863,0.1117407605052,0.070984028279781,1
0.035574853420258,-0.24542544037104,0.062979929149151,1
-0.10492071509361,-0.068132691085339,-0.085832566022873,1
-0.086803138256073,0.09125529974699,0.03762724250555,1
0.10797363519669,-0.20192927122116,0.19312184303999,1
-0.20340421795845,-0.067150853574276,0.13952877372503,1
-0.076568901538849,-0.029164291918278,-0.064508892595768,1
0.054305851459503,-0.19163451343775,0.031201742589474,1
-0.18068367242813,-0.098499093437567,0.045659638941288,1
0.049648702144623,0.15282257646322,-0.089848607778549,1
-0.047178983688354,0.12570499628782,0.0020819380879402,1
-0.068208396434784,0.19692965596914,0.096312887966633,1
-0.097185522317886,0.26134272664785,0.089045472443104,1
-0.066177934408188,0.15477409213781,0.081079937517643,1
0.00012481212615967,0.13733648508787,-0.076651372015476,1
-0.24293249845505,0.061834283173084,0.066630028188229,1
-0.18504762649536,-0.060364127159119,0.17004726082087,1
-0.0075526833534241,0.20387154072523,0.12879941612482,1
-0.24638026952744,0.044592194259167,-0.0063830390572548,1
0.15738469362259,-0.24196688085794,0.11054980009794,1
-0.08263310790062,0.10275445133448,-0.054653607308865,1
-0.052048206329346,0.065544910728931,-0.057823665440083,1
0.098216235637665,-0.25788386911154,0.11348593980074,1
-0.037460625171661,0.034250058233738,0.00098631531000137,1
0.15447449684143,-0.14389148727059,0.033435188233852,1
0.0080638527870178,0.20235984772444,0.063628956675529,1
0.098115205764771,0.19269620627165,0.13589876145124,1
-0.07584947347641,-0.19089539349079,-0.027238108217716,1
-0.16577199101448,-0.0022211074829102,0.024679861962795,1
0.035601675510406,0.091511063277721,0.020121909677982,1
0.025277137756348,0.073564924299717,0.009547270834446,1
-0.05279266834259,0.078469999134541,0.0096470937132835,1
-0.047011911869049,0.19611748307943,0.023074015974998,1
-0.048428535461426,0.078795455396175,0.007901631295681,1
-0.011077523231506,0.072976194322109,0.0010222345590591,1
0.047976195812225,-0.24264877289534,0.070677645504475,1
-0.1823922097683,-0.02590598911047,0.0053258314728737,1
-0.095866829156876,-0.10192818520591,0.049913115799427,1
0.15263366699219,0.23899980634451,0.045181103050709,1
-0.16827601194382,0.15499367564917,0.08057551831007,1
0.093836009502411,-0.18075101822615,-0.083228923380375,1
0.011705100536346,0.2000485882163,0.076267011463642,1
-0.082603007555008,-0.090853321366012,0.025914840400219,1
-0.00098580121994019,-0.20807669311762,0.10186318308115,1
-0.096541583538055,-0.24423495680094,0.051323726773262,1
-0.039505064487457,0.11753722280264,-0.0027976036071777,1
0.20607483386993,-0.20704631507397,0.12195203453302,1
-0.22287571430206,-0.021466329693794,0.11957865208387,1
-0.1085801422596,-0.0072303488850594,-0.044717200100422,1
0.010428607463837,-0.053101982921362,0.0015624910593033,1
-0.10413455963135,0.029352687299252,-0.013901002705097,1
0.010197520256042,-0.059455439448357,-0.0055130943655968,1
-0.21880152821541,0.048654668033123,0.058806903660297,1
-0.017447233200073,0.2180585488677,0.069883324205875,1
0.012652814388275,0.095234878361225,-0.0093786343932152,1
-0.048832714557648,0.1353759393096,-0.016685977578163,1
0.0049751400947571,0.05970936268568,0.0037126541137695,1
-0.001933217048645,-0.1986375823617,0.023514918982983,1
-0.022822499275208,-0.035735994577408,0.005342923104763,1
-0.14003306627274,0.13386196643114,0.1350397542119,1
0.089786469936371,-0.090595022775233,-0.0090385302901268,1
-0.14764356613159,-0.077356521040201,-0.014319263398647,1
-0.039110243320465,0.24928166717291,0.024978548288345,1
0.04133552312851,0.10287015885115,0.025616087019444,1
0.026498794555664,0.12099563330412,0.010258980095387,1
0.062865436077118,0.1122288480401,0.02794886380434,1
-0.070539802312851,0.21890928596258,-0.092712767422199,0
0.082324743270874,-0.21979119628668,0.12900651246309,1
0.072907328605652,0.050617583096027,-0.011662013828754,1
-0.049843490123749,-0.0025026723742485,-0.00090382248163223,1
-0.098232865333557,0.2068999633193,0.012007184326649,1
-0.16016492247581,-0.22887835651636,0.0086918622255325,1
-0.01691472530365,0.044273145496845,-0.010638348758221,1
0.11125087738037,0.14502312988043,-0.051472127437592,1
-0.26477721333504,0.0015382021665573,0.0029066130518913,1
0.083525896072388,0.17267998307943,-0.014229170978069,1
-0.027696967124939,0.056026764214039,-0.01617170125246,1
-0.062276244163513,0.052529834210873,0.013434492051601,1
-0.06819623708725,-0.0056581348180771,-0.030178494751453,1
0.11445039510727,-0.19874057173729,0.098253004252911,1
0.16029924154282,0.24434163421392,0.10572654753923,1
0.20257592201233,-0.20403802394867,-0.072848744690418,1
-0.005490243434906,0.19482358545065,0.084968246519566,1
0.083150207996368,0.25881996005774,0.11823279410601,1
-0.19750145077705,0.085929654538631,0.13262692838907,1
0.042677640914917,0.17366876453161,0.041648477315903,1
-0.12548351287842,-0.078278848901391,0.019437216222286,1
0.021983325481415,0.072417549788952,-0.0068168640136719,1
0.00033938884735107,0.14274971932173,-0.050761222839355,1
-0.23512443900108,-0.077132407575846,0.050233595073223,1
0.067822098731995,0.059222660958767,-0.023961126804352,1
-0.0070967674255371,0.22236265987158,0.054328389465809,1
-0.057347238063812,0.046935401856899,-0.04241456836462,1
-2.9981136322021e-05,-0.084117149934173,-0.038743406534195,1
0.068123281002045,0.19497787207365,0.00095719844102859,1
-0.06445187330246,-0.12996274232864,-0.067098066210747,1
-0.010887563228607,-0.04704437404871,0.0014294236898422,1
-0.082275211811066,0.046543680131435,0.015727572143078,1
0.080062091350555,-0.093247707933187,-0.016205906867981,1
-0.18361347913742,0.025976814329624,0.20397714525461,1
0.047311544418335,0.07903229445219,-0.036525636911392,1
-0.1980362534523,-0.01525891572237,0.081953518092632,1
-0.022608935832977,0.21521242707968,0.10909297317266,1
-0.095645159482956,-0.12581858597696,0.043524496257305,1
-0.091551303863525,0.072165332734585,-0.067520476877689,1
-0.047037959098816,-0.0051731169223785,-0.017804928123951,1
0.028085649013519,-0.21287947893143,0.083159275352955,1
-0.016346991062164,-0.13436859846115,0.036028653383255,1
-0.11026602983475,-0.091359655372798,-0.092018686234951,1
0.10338091850281,0.15558492392302,0.029872126877308,1
-0.054207891225815,0.081637166440487,-0.020982481539249,1
0.024676084518433,0.089251957833767,0.01519450545311,1
0.045544624328613,-0.21467470377684,0.0071072950959206,1
-0.15710490942001,0.095562972128391,0.068579249083996,1
0.073011696338654,-0.1861771941185,-0.022689066827297,1
-0.045534908771515,-0.074501460418105,-0.028121747076511,1
0.19118899106979,-0.17126037180424,0.080327056348324,1
0.045273661613464,0.074093155562878,0.010800808668137,1
0.10773533582687,-0.16233562678099,-0.026206135749817,1
-0.19256687164307,0.038770817220211,0.020842559635639,1
0.067745983600616,-0.22649387270212,0.17018934339285,1
-0.12832224369049,-0.20514097809792,0.090880371630192,1
-0.17991110682487,-0.011097505688667,-0.08969996124506,1
-0.19338962435722,0.15887164324522,0.050277881324291,1
-0.14232847094536,-0.10930214077234,-0.089445687830448,1
0.078890264034271,-0.21989564597607,0.063137806952,1
-0.073672473430634,0.025620572268963,0.023857139050961,1
-0.13508060574532,-0.17770698666573,-0.092254944145679,1
0.018160402774811,-0.15835853666067,-0.041579186916351,1
-0.033836543560028,-0.007915586233139,-0.0098275020718575,1
-0.22452753782272,-0.028397649526596,0.043160192668438,1
-0.1747290790081,0.075817786157131,0.012199930846691,1
-0.023637652397156,-0.056292448192835,-0.037262730300426,1
-0.087643563747406,0.18830042332411,0.089889965951443,1
-0.1581364274025,-0.20586700737476,0.088773615658283,1
0.17505377531052,0.24724628776312,0.0087499916553497,1
-0.2222067117691,0.083466105163097,-0.036217428743839,1
-0.053029209375381,-0.070563303306699,-0.036913774907589,1
0.069832324981689,0.12632010132074,0.031025148928165,1
0.13415569067001,-0.12609250098467,-0.043156392872334,1
0.17171132564545,0.19213747233152,0.15483549982309,1
0.030848622322083,-0.20835010707378,0.10232893377542,1
-0.14891123771667,0.12769942730665,0.073272697627544,1
-0.12523707747459,0.0083496868610382,0.01500665396452,1
0.19468396902084,0.20919897407293,-0.0074112191796303,1
-0.056250482797623,0.1567005738616,0.052884139120579,1
-0.069588720798492,0.14240621775389,-0.049633510410786,0
-0.10801896452904,-0.052588518708944,0.00010959059000015,1
-0.052514582872391,0.20466586202383,0.14671327918768,1
0.020122110843658,0.12355352193117,0.010330393910408,1
-0.1424406170845,0.077578119933605,-0.022429756820202,1
-0.14316835999489,0.046931736171246,0.017726562917233,1
0.097380042076111,0.16042246669531,-0.095203846693039,1
-0.082405060529709,-0.18883979320526,0.097791828215122,1
0.12246763706207,-0.17172379046679,0.09327282756567,1
-0.26116454601288,0.063444592058659,0.0012029185891151,1
-0.055525124073029,-0.21084745228291,0.10284177213907,1
-0.036644160747528,-0.053877636790276,-0.0087987259030342,1
0.054895341396332,0.11907137185335,-0.011807195842266,1
0.021730720996857,0.066822968423367,0.0011763125658035,1
-0.097021877765656,-0.15440321713686,-0.090761512517929,1
0.14165240526199,-0.16053088009357,0.2207000926137,1
0.099318206310272,-0.078161964192986,-0.062035389244556,1
-0.14243257045746,0.10027947276831,-0.062611125409603,1
-0.015474379062653,0.061029709875584,0.0068729743361473,1
-0.035014927387238,0.030460245907307,-0.013074614107609,1
-0.12875163555145,0.22714816778898,-0.006101094186306,1
-0.030090987682343,-0.071793578565121,0.0028240382671356,1
-0.2136704325676,-0.10743253910914,0.10784358531237,1
-0.087377220392227,0.07019155472517,-0.0026054456830025,1
-0.087765842676163,-0.11235478520393,0.026261352002621,1
-0.13233688473701,-0.099220314528793,-0.071324534714222,1
-0.062514573335648,0.24936773627996,0.07865596562624,1
0.067146301269531,-0.10997846815735,-0.034489944577217,1
0.026523888111115,0.22301556915045,0.10529602319002,1
0.019713521003723,-0.10434623807669,-0.030800133943558,1
-0.17924311757088,-0.1475559361279,0.093172214925289,1
-0.21233606338501,0.12135783582926,0.04314710944891,1
0.084711313247681,-0.19385226070881,0.12962124496698,1
0.070207536220551,-0.060444101691246,-0.039092279970646,1
0.087155640125275,-0.22131939232349,0.13448854535818,1
0.10193336009979,0.14000963419676,-0.059845581650734,1
-0.12165263295174,-0.17272714525461,0.19222817569971,1
0.14803034067154,0.25549044460058,-0.040275998413563,1
-0.084742188453674,0.18394263833761,0.081314079463482,1
0.035639703273773,-0.12165522947907,-0.035849370062351,1
0.05171924829483,0.28576999157667,-0.033765777945518,1
0.058573067188263,-0.084232266992331,-0.015106424689293,1
-0.083736807107925,0.058664433658123,-0.073345527052879,1
0.10639280080795,-0.21472745388746,0.0012276992201805,1
0.045551419258118,-0.24395643919706,0.17248729616404,1
-0.185626745224,0.12628584355116,0.11519915610552,1
-0.034092247486115,-0.064714148640633,-0.049145646393299,1
-0.19808435440063,0.043314181268215,-0.03555303812027,1
-0.12329691648483,0.019900478422642,-0.0017393752932549,1
-0.062902092933655,-0.010803326964378,0.019004993140697,1
-0.013808250427246,0.10168274492025,-0.0077679380774498,1
0.035225331783295,-0.072565862908959,-0.0021909028291702,1
-0.20334613323212,-0.031181380152702,-0.071204796433449,1
-0.088011771440506,0.11757714301348,0.033048190176487,1
-0.13644653558731,0.12790224701166,0.070871330797672,1
0.10495638847351,0.22498499602079,-0.083640266209841,1
0.17711728811264,0.16346054524183,-0.097272031009197,1
-0.040630340576172,0.20937480777502,0.11676155775785,1
-0.19411763548851,-0.063814800232649,-0.064223691821098,1
-0.050534427165985,0.047659002244473,-0.040534965693951,1
-0.11756134033203,0.20319797843695,0.011856816709042,1
0.15209764242172,-0.13595293462276,-0.038570292294025,1
-0.0085961818695068,0.069443918764591,0.012603290379047,1
0.072709023952484,0.10772270709276,-0.07880824059248,1
-0.0093713402748108,-0.071980891749263,0.0090407729148865,1
-0.12672585248947,0.095641247928143,-0.095832593739033,1
-0.1219839155674,-0.0094293132424355,-0.069101847708225,1
0.14617973566055,0.24298428744078,-0.064107522368431,1
-0.082242548465729,0.13758420199156,-0.065979428589344,1
-0.05941504240036,0.0087220296263695,-0.012149296700954,1
0.074973046779633,0.21339946240187,-0.070930562913418,1
-0.20931476354599,0.073773257434368,-0.083634130656719,1
0.11524945497513,-0.25737685710192,0.08844169229269,1
0.058124601840973,0.10224013775587,-0.01366912573576,1
0.055681049823761,0.16167926043272,-0.0098804458975792,1
-0.20325481891632,0.073640041053295,0.094378121197224,1
-0.064256310462952,0.15756996721029,0.070865727961063,1
0.012294352054596,0.17993464320898,0.033576682209969,1
-0.056536346673965,0.0043524950742722,-0.016447506844997,1
0.13389533758163,-0.26443911343813,-0.023802377283573,1
-0.027154266834259,0.050202466547489,0.0058334246277809,1
-0.23884689807892,-0.0022593513131142,0.067432515323162,1
-0.005433976650238,-0.24809014052153,-0.059841729700565,1
-0.13900324702263,0.12325558811426,0.15845534950495,1
-0.14495944976807,0.0046237260103226,0.031705938279629,1
0.036784172058105,0.072315849363804,-0.032967232167721,1
-0.076998174190521,0.012645982205868,-0.0017421469092369,1
-0.046043813228607,0.11448755115271,0.0054328218102455,1
0.083767890930176,0.1524523422122,-0.01565433293581,1
0.10016065835953,-0.21134889125824,0.099224306643009,1
-0.13256752490997,0.085145615041256,0.053497053682804,1
-0.15950980782509,-0.06032919883728,0.097117505967617,1
-0.076815009117126,0.16498168557882,-0.0089830681681633,1
-0.016136884689331,0.04518536478281,0.00059238821268082,1
-0.094707816839218,-0.056330561637878,-0.035108469426632,1
-0.067237615585327,0.080814994871616,0.021464668214321,1
-0.0021108984947205,-0.086689606308937,-0.024201452732086,1
-0.16504943370819,-0.077896915376186,-0.045587047934532,1
-0.17835110425949,-0.1459369584918,0.017332993447781,1
0.069782435894012,-0.044563371688128,-0.001583643257618,1
0.031062662601471,0.17382305115461,-0.06008942425251,1
-0.16757860779762,-0.090987461619079,0.16994305700064,1
-0.013691008090973,-0.16538798063993,0.02600933611393,1
0.14637845754623,-0.16843715310097,0.098815239965916,1
-0.20190888643265,-0.091458718292415,0.10020331293344,1
-0.074524253606796,-0.064899887889624,0.0023468658328056,1
-0.047949016094208,-0.10725542437285,-0.015003427863121,1
0.14846688508987,-0.17160873860121,0.10765288025141,1
-0.066344082355499,-0.061283569782972,-0.00069456547498703,1
-0.13545754551888,0.16846799105406,0.095260106027126,1
0.014200627803802,0.18064107745886,0.011105760931969,1
0.090997993946075,0.22672944515944,-0.020342670381069,1
0.070107042789459,0.10829345136881,-0.043184295296669,1
-0.22809112071991,0.052332706749439,-0.036781214177608,1
-0.094566702842712,-0.14252347126603,0.039617642760277,1
-0.05017676949501,-0.11030112951994,-0.079390376806259,1
-0.096178948879242,0.16598948091269,-0.093730814754963,0
-0.1924222111702,-0.013462863862514,0.15799818187952,1
-0.078207463026047,0.043003983795643,0.019101820886135,1
-0.088430523872375,0.05344995111227,-0.0028574541211128,1
0.099655449390411,0.23987527936697,0.01317223906517,1
0.028928399085999,-0.098571180016734,0.021705761551857,1
-0.03341805934906,-0.12247260846198,-0.0087625831365585,1
-0.16097545623779,0.20916604250669,-0.049062691628933,1
-0.016713798046112,0.27986364811659,0.09477124363184,1
-0.038123667240143,0.022908590734005,0.0039425864815712,1
-0.074568599462509,-0.24784598499537,-0.062463469803333,1
0.0081180930137634,0.068451531231403,-0.013654828071594,1
0.020634710788727,-0.090648359619081,-0.0023924186825752,1
0.032476842403412,-0.21904016286135,0.093805618584156,1
-0.10588803887367,-0.032894253730774,-0.0044828429818153,1
-0.060253977775574,0.031129039824009,-0.0429402962327,1
-0.083467185497284,0.027065448462963,0.019179083406925,1
-0.14555868506432,0.19074305146933,0.086300052702427,1
0.11038088798523,0.11366181820631,-0.039581835269928,1
-0.061572551727295,-0.15767351165414,0.029103927314281,1
0.077302396297455,0.11711423844099,-0.038706995546818,1
-0.00079554319381714,-0.27759940177202,-0.023548424243927,1
-0.17576164007187,-0.016573324799538,0.087948061525822,1
-0.051394522190094,-0.24247357994318,-0.013434402644634,1
-0.14489609003067,-0.019591204822063,0.056697927415371,1
-0.062826752662659,0.064763836562634,-0.059424363076687,1
-0.038807690143585,-0.051994811743498,-0.042033605277538,1
-0.067572504281998,-0.18086200207472,0.00025148689746857,1
0.02767413854599,-0.086313091218472,-0.018717400729656,1
-0.060561895370483,-0.25498858839273,-0.065130122005939,1
-0.19881409406662,-0.13571285828948,-0.021498918533325,1
0.15511459112167,0.17976882308722,-0.082317858934402,1
-0.23038494586945,-0.012391418218613,0.062900327146053,1
-0.16579887270927,-0.066725477576256,-0.034382924437523,1
-0.062939465045929,-0.15234632790089,-0.054901488125324,1
-0.17856311798096,0.13901270180941,0.14409817010164,1
0.035021185874939,0.20514201372862,0.13421160727739,1
0.024589240550995,-0.17463344335556,0.0012741461396217,1
0.016459167003632,-0.19669460505247,0.068119458854198,1
-0.24652752280235,0.02032283693552,-0.0082235857844353,1
-0.18584415316582,-0.15565834566951,0.04813826829195,1
-0.088314592838287,0.16388925164938,0.0053883716464043,1
0.031718909740448,0.2720640823245,0.0063570961356163,1
-0.021747350692749,0.14054774492979,0.0029971525073051,1
-0.17374530434608,-0.093610574025661,-0.089500866830349,1
-0.079411655664444,-0.16875752806664,0.20386708527803,1
-0.021319210529327,0.062132216989994,-0.0061217769980431,1
0.016164004802704,-0.209626480937,0.15001086145639,1
-0.0059190392494202,-0.1250024382025,-0.035106532275677,1
0.074023187160492,-0.085871234536171,0.012244373559952,1
0.077268898487091,0.068487755954266,-0.0028637126088142,1
-0.086798101663589,-0.18074702471495,0.18493563681841,1
-0.1774377822876,-0.09191148262471,-0.0054284557700157,1
-0.23798021674156,-0.10048716835445,0.029142327606678,1
0.05696576833725,0.17766799777746,0.084832482039928,1
-0.027495741844177,0.037158571183681,-0.022025339305401,1
0.046242594718933,0.10830659419298,0.01204464584589,1
-0.08805775642395,0.0055694580078125,-0.023012265563011,1
-0.023742139339447,-0.24331503361464,0.16745752841234,1
-0.12611192464828,-0.073531456291676,-0.0026472732424736,1
-0.16134750843048,0.074295468628407,0.025056011974812,1
-0.0046263337135315,0.055785246193409,0.0017330348491669,1
-0.18417304754257,-0.10835869982839,0.1466024890542,1
-0.18975841999054,0.13032165914774,-0.077906347811222,1
0.10258913040161,0.18962698429823,0.2015178874135,1
-0.10529118776321,-0.21669839322567,-0.071310602128506,1
-0.1581946015358,0.042545713484287,-0.075395405292511,1
-0.13334023952484,0.15537338703871,0.12554306536913,1
-0.18380638957024,0.11114086955786,-0.011593200266361,1
-0.13178494572639,0.24450673907995,0.071214370429516,1
-0.17562559247017,0.02231140434742,-0.045928575098515,1
-0.079632341861725,0.1029639467597,-0.022910170257092,1
-0.059237658977509,-0.10831420402974,0.03735189139843,1
-0.016695618629456,0.22095092386007,-0.015260152518749,1
0.11184763908386,0.09903996437788,0.023315131664276,1
-0.055745542049408,-0.22133889049292,0.032922148704529,1
-0.15841656923294,-0.18200474977493,0.024024121463299,1
-0.10442477464676,-0.08683796133846,0.012985207140446,1
-0.018560886383057,-0.088033057749271,0.013110801577568,1
0.087109684944153,0.27823453396559,0.071608878672123,1
-0.043602883815765,-0.11977465078235,-0.067655242979527,1
-0.21799635887146,-0.11190759204328,0.12962866574526,1
0.15624511241913,0.20886593312025,-0.02559544891119,1
-0.029068410396576,-0.24178900569677,-0.010531544685364,1
-0.044257640838623,0.26202749460936,0.086462773382664,1
-0.0015889406204224,-0.29176237434149,0.03946128487587,1
0.026538729667664,-0.071701392531395,-0.030408829450607,1
0.1218421459198,0.14029317349195,-0.017741531133652,1
-0.061788439750671,-0.15329283103347,0.037981435656548,1
0.064299821853638,-0.079051641747355,-0.010168589651585,1
-0.16431626677513,0.012521475553513,0.038868926465511,1
-0.027957558631897,-0.02011751383543,0.0045222267508507,1
0.089927911758423,0.066674120724201,0.016541875898838,1
-0.18766248226166,-0.061942473053932,-0.020560376346111,1
0.21440082788467,-0.22521408647299,0.016596160829067,1
-0.0232093334198,0.078215695917606,-0.0029415115714073,1
0.079023838043213,0.072062574326992,0.0042630657553673,1
0.029544532299042,0.16721989959478,0.012236572802067,1
0.093959867954254,0.20402898639441,0.18861294537783,1
0.12288790941238,-0.23279220610857,0.060514092445374,1
-0.14393126964569,-0.16138572245836,0.045541025698185,1
0.055511057376862,0.13789121061563,-0.016845270991325,1
-0.021126925945282,0.10304958373308,-0.031535051763058,1
0.1153776049614,-0.091311788186431,-0.048453457653522,1
-0.20910954475403,-0.13696204125881,0.10152157396078,1
-0.079305291175842,0.050932250916958,0.017973400652409,1
-0.13296586275101,0.13452214747667,0.040279261767864,1
0.06584358215332,0.22215219587088,-0.04175041615963,1
-0.11465308070183,0.033616371452808,0.034061335027218,1
-0.039802849292755,-0.13558147847652,0.011335715651512,1
-0.0078703761100769,-0.20238666981459,0.14123762398958,1
-0.11267852783203,0.080575712025166,-0.07021913677454,1
0.049522817134857,-0.12367626093328,0.035329781472683,1
-0.1180345416069,0.15798541158438,0.12037473171949,1
-0.06986203789711,0.17968665808439,0.13060946017504,1
0.033580243587494,-0.24495316296816,0.099274106323719,1
-0.13787597417831,0.19839116185904,0.017906062304974,1
-0.14502194523811,-0.18019238859415,0.13813591748476,1
-0.04487806558609,-0.063195187598467,-0.018463097512722,1
-0.028587639331818,0.10509196668863,-0.021040476858616,1
0.090358257293701,-0.18831999599934,0.11996225267649,1
0.2240691781044,-0.20133655518293,-0.0080238655209541,1
-0.066050291061401,0.085172198712826,0.027779407799244,1
-0.0013706684112549,-0.23034735769033,-0.0034590885043144,1
0.17449033260345,0.22844599932432,0.1192984059453,1
-0.027088463306427,-0.23827899247408,-0.064543858170509,1
0.091312229633331,-0.21726339310408,0.12742684036493,1
-0.020317554473877,-0.26771783083677,-0.041686072945595,1
0.038337171077728,0.14613796025515,-0.030005596578121,1
0.018181562423706,-0.2612866088748,-0.022619031369686,1
-0.089967012405396,0.1047255769372,-0.085864268243313,1
0.028674721717834,-0.15126196295023,-0.026824995875359,1
-0.079739302396774,0.016520746052265,-0.018599979579449,1
-0.077382773160934,-0.038394279778004,-0.014389000833035,1
-0.051733642816544,-0.016600981354713,-0.012867219746113,1
-0.12738305330276,0.063166581094265,-0.085045836865902,1
-0.14468061923981,0.072867281734943,0.070937745273113,1
-0.030491709709167,0.23861318081617,-0.064577586948872,1
-0.047569334506989,-0.26639104634523,0.0099402144551277,1
-0.052220672369003,-0.20595712959766,0.16156477481127,1
-0.06324091553688,0.11547987908125,-0.021729238331318,1
0.077974677085876,0.1647759899497,-0.068700931966305,1
0.090450942516327,-0.1569397971034,0.042890124022961,1
-0.12016499042511,-0.0055985376238823,0.019678764045238,1
-0.065763920545578,-0.16896856576204,-0.041947811841965,1
-0.24000352621078,0.037954710423946,0.11725384742022,1
0.0019465088844299,0.26995357125998,0.084781341254711,1
-0.039517104625702,0.19738363474607,0.15054664760828,1
-0.027994155883789,-0.22727987915277,0.028388544917107,1
-0.16611436009407,-0.097227765712887,0.1464134529233,1
-0.089258253574371,-0.15894232690334,0.099143363535404,1
0.16920083761215,-0.16384965926409,0.10719656199217,1
-0.10277059674263,-0.22032275050879,0.15648210793734,1
0.083090662956238,-0.1693404391408,-0.0026040747761726,1
0.062005877494812,0.22505041211843,-0.0897611156106,1
-0.097163408994675,0.016452312469482,0.0055465027689934,1
-0.082724750041962,0.18618073314428,-0.051849417388439,0
0.023906886577606,-0.089386139065027,0.017662271857262,1
-0.0081796646118164,0.086309663951397,-0.046775504946709,1
0.21069246530533,-0.19330877810717,0.089050196111202,1
-0.069260478019714,-0.11877495236695,-0.012630850076675,1
-0.22080582380295,0.023060284554958,0.15018057078123,1
0.10382932424545,-0.19280441105366,-0.032344453036785,1
0.088610529899597,0.1085120216012,0.0066284760832787,1
0.062160432338715,0.067158557474613,-0.002109706401825,1
-0.12389823794365,-0.051605932414532,-0.049728415906429,1
-0.07215541601181,0.059287153184414,-0.0080801472067833,1
0.033364355564117,-0.12636754848063,-0.0054306164383888,1
-0.083488494157791,0.017676711082458,0.0057867392897606,1
-0.10185673832893,-0.13846112042665,0.053302831947803,1
0.031879007816315,-0.22933385521173,0.041339583694935,1
-0.024682581424713,-0.18550959974527,0.071644581854343,1
-0.12230855226517,0.20988687127829,-0.052585162222385,0
-0.16600257158279,-0.14177764952183,0.12592156976461,1
-0.092546582221985,0.068241111934185,-0.026876695454121,1
0.19114279747009,0.17185246199369,-0.073277600109577,1
-0.095098614692688,0.16506024450064,0.064817659556866,1
-0.12018746137619,0.16166388243437,-0.071235500276089,0
-0.10445061326027,0.21540912240744,-0.023593194782734,0
0.047304213047028,0.052929870784283,-0.0015148594975471,1
0.068505883216858,-0.15171831846237,0.016320094466209,1
-0.16865402460098,0.1173352971673,-0.050341404974461,1
-0.1182507276535,0.16860788315535,0.0019795224070549,1
-0.17757630348206,-0.13495357707143,0.13590920716524,1
0.11064827442169,0.086672715842724,-0.011052913963795,1
-0.040718853473663,-0.15960925444961,0.038077294826508,1
-0.1342985033989,-0.094465534668416,0.038843639194965,1
0.059279501438141,-0.064690984785557,0.0069647207856178,1
-0.24825149774551,0.077031396329403,0.0080342218279839,1
-0.065985530614853,-0.058624446392059,0.024188958108425,1
-0.1373935341835,-0.16172271966934,0.11158580332994,1
-0.056009769439697,0.068163342773914,-0.028498195111752,1
-0.1671287715435,0.18307336419821,0.04414027184248,1
-0.089358597993851,0.017553716897964,-0.074876315891743,1
0.037825703620911,-0.15728871524334,0.018525458872318,1
0.11885875463486,0.14396920055151,-0.0019068643450737,1
0.1424703001976,-0.13072029873729,-0.060794331133366,1
-0.19270461797714,0.10329715162516,-0.055210940539837,1
0.030831456184387,-0.098312153248116,-0.0011094734072685,1
-0.20701560378075,-0.022260755300522,-0.084993299096823,1
-0.18648189306259,-0.13347565382719,-0.006820522248745,1
-0.20860785245895,-0.1612010858953,-0.026525713503361,1
-0.12012186646461,0.24840950220823,0.073165364563465,1
0.050780236721039,-0.27382720261812,0.1038565710187,1
0.024677097797394,0.10338792949915,0.0080593600869179,1
-0.13173833489418,-0.032612025737762,0.018133334815502,1
-0.15242514014244,-0.079704729840159,-0.045958526432514,1
-0.19165754318237,0.0024292021989822,0.16500619798899,1
-0.15109407901764,-0.12548061646521,-0.091503508388996,1
0.041802406311035,0.19194357842207,-0.04987757652998,1
-0.065667927265167,0.21438040584326,0.024301342666149,1
-0.17015019059181,-0.037596024572849,0.12187422066927,1
0.12046355009079,-0.18607568740845,-0.021484330296516,1
0.071197390556335,0.17899068444967,-0.088456336408854,1
0.0082170963287354,-0.22438321262598,0.17277405411005,1
-0.18527099490166,0.1210623010993,0.032476015388966,1
-0.18286603689194,-0.05212964117527,-0.064860597252846,1
-0.04140967130661,-0.073638264089823,-0.058033175766468,1
0.071612656116486,-0.15086694434285,0.023123294115067,1
0.15172064304352,-0.17956674844027,0.15700610727072,1
-0.13675326108932,0.088129349052906,0.010597430169582,1
0.013216435909271,0.26486950367689,0.094850428402424,1
-0.006688117980957,0.14959477633238,-0.04981305450201,1
-0.017352521419525,0.096408672630787,-0.018121622502804,1
-0.055524528026581,0.01588099449873,0.019651629030704,1
0.029736578464508,-0.21429094672203,0.00070489943027496,1
0.059048414230347,0.18369149416685,-0.10106119513512,1
-0.059143483638763,0.07033821195364,-0.0059755370020866,1
0.011771142482758,-0.05310745164752,0.0056037455797195,1
0.0091848373413086,0.16656299680471,-0.088692437857389,1
0.080111801624298,0.18121653050184,-0.025703184306622,1
0.050474226474762,-0.11877411790192,0.012379370629787,1
0.08992999792099,-0.16843407601118,0.017516642808914,1
0.14518314599991,0.14021752029657,0.062148965895176,1
-0.15015494823456,-0.11324736475945,-0.039800636470318,1
-0.038939833641052,-0.0054386332631111,-0.016388423740864,1
0.049750745296478,-0.10826582834125,0.01862820237875,1
-0.063879072666168,-0.02372919768095,-0.01101691275835,1
-0.097183525562286,0.22245689481497,-0.0014047473669052,1
-0.11551329493523,0.08694963902235,-0.044004656374454,1
-0.22719895839691,0.0092103555798531,0.1504497602582,1
-0.066247671842575,-0.067085947841406,-0.02562839537859,1
0.030420303344727,-0.17846018821001,0.014334686100483,1
0.17822676897049,-0.16060988977551,0.19286229461432,1
-0.044585525989532,-0.050045680254698,0.016242392361164,1
0.15217250585556,0.16224243491888,0.074247635900974,1
0.088966906070709,-0.27322348207235,-0.045097164809704,1
0.043956696987152,-0.11357107572258,0.0041093155741692,1
-0.21947276592255,-0.10843203216791,0.10411969572306,1
-0.16505932807922,-0.13888745754957,-0.020227693021297,1
-0.18560945987701,0.056268684566021,-0.032005742192268,1
-0.025039315223694,-0.061365455389023,-0.017071038484573,1
-0.11671495437622,-0.061218563467264,0.03683552891016,1
0.15114337205887,0.19919656962156,0.12506548315287,1
-0.027647852897644,0.048907123506069,-0.026597090065479,1
-0.023829340934753,0.25887211412191,0.075148053467274,1
-0.086645394563675,-0.053703911602497,-0.013913862407207,1
-0.079223185777664,0.22444554418325,-0.088650986552238,0
0.2055384516716,0.19389667361975,0.00083785504102707,1
0.082621335983276,0.23684441298246,0.079145304858685,1
0.16228586435318,0.22623565047979,-0.043396644294262,1
-0.19759717583656,-0.1143565941602,0.046514414250851,1
-0.055408895015717,0.077068738639355,-0.038661561906338,1
0.03814834356308,-0.24120948463678,0.073404051363468,1
0.10883164405823,0.11338224261999,-0.089213892817497,1
0.02375191450119,-0.059154935181141,0.002876028418541,1
-0.092546015977859,0.11560773104429,-0.093243844807148,1
0.082776188850403,-0.090851873159409,-0.05746703594923,1
0.051923274993896,-0.098727859556675,-0.065041862428188,1
-0.13764819502831,-0.13802441582084,0.097519867122173,1
0.03312736749649,-0.19965071976185,0.012096479535103,1
-0.17336994409561,0.019285075366497,-0.071803398430347,1
0.080276012420654,-0.2102387174964,0.060632146894932,1
-0.16381531953812,0.13196410983801,0.1886368766427,1
0.069507479667664,0.23238339275122,0.14689173549414,1
0.0024837851524353,-0.27074383944273,0.10154355317354,1
-0.14325326681137,0.1435619816184,0.12555996328592,1
-0.20747983455658,-0.12239298410714,-0.022339701652527,1
0.017424404621124,0.24554773420095,0.15232802182436,1
0.14561635255814,0.19332664459944,-0.079640448093414,1
0.072561800479889,-0.12665252014995,-0.013031147420406,1
-0.053207010030746,0.14180975407362,0.055143669247627,1
-0.099020332098007,-0.074969060719013,-0.027684301137924,1
-0.15877822041512,-0.11046304460615,0.045376606285572,1
-0.19700452685356,-0.084218496456742,-0.086061902344227,1
-0.056457042694092,-0.026684552431107,-0.030238315463066,1
0.079069077968597,-0.080006452277303,-0.01536213606596,1
0.10896104574203,0.20317190140486,0.15155316144228,1
0.0039784908294678,-0.2038591504097,0.13323578983545,1
-0.14407283067703,-0.12495112419128,0.1781415566802,1
-0.0035912394523621,0.23544543236494,0.17850825935602,1
-0.044911086559296,-0.060871582478285,-0.025325395166874,1
0.11585015058517,-0.15248122066259,0.014634244143963,1
-0.22050234675407,0.038012586534023,-0.02121914178133,1
0.024873554706573,-0.2223389223218,0.19983971863985,1
-0.17084622383118,0.18634267896414,0.032643042504787,1
0.093614101409912,0.080266021192074,0.001596599817276,1
-0.12411212921143,0.03797223418951,0.02376938611269,1
0.19242948293686,-0.20012145489454,0.010322101414204,1
-0.16853326559067,0.15588810294867,0.00045859068632126,1
-0.14439776539803,0.14815684407949,0.093133144080639,1
0.024268984794617,-0.22201646864414,-0.091652128845453,1
-0.16308072209358,0.098869435489178,-0.075044736266136,1
-0.23023989796638,0.032173804938793,0.1185725107789,1
-0.18715253472328,-0.036620624363422,0.0074395909905434,1
0.18481510877609,0.2454896196723,0.043183073401451,1
0.11839932203293,0.22517945617437,0.011247351765633,1
0.10603111982346,0.1018328294158,-0.028645180165768,1
-0.18120408058167,-0.045630738139153,-0.07888276129961,1
-0.018204212188721,0.049752615392208,-0.0057918354868889,1
-0.042491972446442,-0.1892815977335,-0.023280292749405,1
-0.11198911070824,-0.049233008176088,0.018853761255741,1
-0.065707683563232,-0.18636272102594,-0.096827730536461,1
-0.14455625414848,-0.035771004855633,0.058728821575642,1
-0.11061543226242,0.10765831917524,0.0063861832022667,1
0.0970419049263,-0.20476633310318,0.18120715767145,1
-0.20720383524895,-0.13973585143685,0.021945215761662,1
-0.12478110194206,-0.14107050746679,0.010445140302181,1
-0.11360985040665,0.19317283481359,-0.058043904602528,0
0.1066027879715,-0.15046792477369,-0.037472754716873,1
0.11022967100143,-0.16918926686049,-0.023088254034519,1
0.11185896396637,-0.18756742030382,0.040314771234989,1
-0.020736932754517,0.074684225022793,-0.039073519408703,1
0.019331574440002,-0.10220679012127,0.014719381928444,1
-0.23755693435669,0.045240171253681,0.12920700758696,1
0.16758358478546,0.21150010079145,0.12931255251169,1
-0.12119224667549,0.21992962807417,0.048583529889584,1
-0.22385862469673,-0.017655029892921,0.12357496470213,1
0.060385346412659,-0.10536761349067,0.0059508606791496,1
-0.088218420743942,-0.18285673856735,0.022571124136448,1
-0.095586210489273,0.023769676685333,-0.021806135773659,1
0.061888694763184,0.17421301454306,-0.012394711375237,1
-0.12087661027908,0.15812107175589,0.13321723788977,1
0.098526537418365,0.25941141694784,0.086823143064976,1
-0.090590178966522,-0.062281347811222,-0.041019067168236,1
-0.15119117498398,-0.1420477218926,0.065614677965641,1
-0.087107092142105,0.017405472695827,0.010894231498241,1
-0.065971732139587,-0.13082686252892,-0.062637276947498,1
0.048337936401367,0.12719827145338,-0.018334180116653,1
-0.16904798150063,-0.15188640356064,0.016940839588642,1
-0.049416542053223,0.15770771354437,-0.096466466784477,1
-0.20888429880142,-0.11332494672388,-0.027038775384426,1
-0.21464377641678,0.020878612995148,-0.019220240414143,1
0.080672204494476,-0.10622277762741,0.030939191579819,1
-0.13288849592209,-0.072473663836718,-0.030622325837612,1
-0.068137168884277,0.18934505432844,-0.09365938603878,0
-0.081306368112564,-0.23581256717443,0.10964522510767,1
0.053166091442108,0.087385721504688,0.0045445784926414,1
-0.081027656793594,-0.23746427148581,0.075643204152584,1
-0.074609696865082,0.042352415621281,0.012446723878384,1
0.15567988157272,-0.24314893037081,0.11793125420809,1
-0.17392429709435,0.050116293132305,0.17634820193052,1
0.094318091869354,-0.080637266859412,0.010332368314266,1
-0.03297632932663,0.17842151969671,-0.040214851498604,1
-0.047436416149139,0.24224906414747,-0.051840022206306,1
-0.050250232219696,0.23391660302877,-0.021679095923901,1
-0.10728743672371,-0.21808598190546,0.060076400637627,1
-0.013929128646851,-0.045837879180908,-0.013088539242744,1
0.10458409786224,-0.08626792486757,-0.061881013214588,1
0.0044211745262146,-0.12224010378122,0.022299140691757,1
-0.0035157799720764,0.069640569388866,0.007648877799511,1
-0.0016285181045532,-0.049659822136164,-0.0062455162405968,1
-0.15790000557899,-0.037770874798298,0.080572761595249,1
-0.024357736110687,0.12360791116953,-0.017126329243183,1
0.15499997138977,0.24858742207289,-0.049491472542286,1
-0.014392375946045,0.22315108031034,-0.077463872730732,1
-0.026045262813568,0.059517480432987,-0.00011035054922104,1
-0.015665709972382,-0.17426910251379,0.010660953819752,1
-0.040434300899506,-0.038734138011932,-0.0090470835566521,1
0.026552379131317,-0.14340671896935,-0.014006957411766,1
-0.053580611944199,0.15167673677206,-0.015159703791142,1
0.098915338516235,0.1156602576375,-0.028704740107059,1
0.0072112083435059,0.053496144711971,0.0044636428356171,1
0.12645953893661,-0.23710649460554,0.037797302007675,1
-0.12223759293556,-0.2055821493268,0.025104872882366,1
-0.10114729404449,0.012102447450161,0.0092688277363777,1
0.11091405153275,0.23450305312872,0.041056878864765,1
0.068630397319794,-0.1079048588872,0.0088683068752289,1
0.072869896888733,0.22115900367498,0.17911783605814,1
0.018094778060913,-0.15976852551103,-0.057163633406162,1
-0.13088098168373,0.1313618645072,0.01984753459692,1
-0.033845722675323,0.033579520881176,-0.0047985091805458,1
-0.14712482690811,-0.016834549605846,0.0079837664961815,1
-0.080173283815384,-0.032568998634815,0.011164359748363,1
-0.052629798650742,-0.063780732452869,-0.013954527676105,1
0.085577785968781,-0.11121405661106,-0.014268018305302,1
-0.19564524292946,0.041126899421215,0.1021456643939,1
-0.067433565855026,0.028442926704884,0.0033299550414085,1
-0.16156902909279,0.12290050834417,0.1387485191226,1
-0.088628202676773,0.056517235934734,0.022395499050617,1
-0.085735678672791,-0.0255341604352,-0.020250014960766,1
-0.22061711549759,0.11445973068476,0.079271651804447,1
-0.21975046396255,0.11187576502562,-0.024005748331547,1
-0.047542214393616,0.27908774465322,-0.020156055688858,1
0.086186826229095,-0.10028173204046,-0.03312436491251,1
-0.061512976884842,-0.085522800683975,-0.0025444254279137,1
0.027345299720764,-0.13488704711199,-0.021158404648304,1
0.015387833118439,-0.079360764473677,0.0008653923869133,1
-0.13604784011841,-0.20247063785791,0.10009215027094,1
-0.11505764722824,-0.15275767445564,0.064867667853832,1
-0.023944497108459,0.12715693563223,0.033301994204521,1
-0.069501578807831,-0.032308176159859,-0.021286346018314,1
-0.040117263793945,0.065405152738094,-0.012976311147213,1
-0.1313596367836,-0.0020930469036102,0.016560412943363,1
-0.04566353559494,-0.15150626003742,-0.0072329267859459,1
-0.15586560964584,-0.087779411114752,0.021382264792919,1
-0.046228349208832,-0.023083873093128,-0.010388128459454,1
-0.11846193671227,-0.1708667203784,0.044895447790623,1
-0.061686813831329,0.013315662741661,-0.022317849099636,1
-0.16549038887024,0.073098413646221,-0.0065950527787209,1
-0.20035770535469,-0.067211825400591,-0.086490616202354,1
-0.017529964447021,0.10151211172342,-0.075063265860081,1
-0.053993284702301,-0.15394788235426,0.048369981348515,1
-0.077978610992432,-0.0054450929164886,0.0024146214127541,1
-0.078977167606354,0.13324768096209,-0.094124056398869,0
-0.054628163576126,0.22593723982573,0.1460335329175,1
-0.12018230557442,-0.18476627767086,0.024238303303719,1
-0.17351123690605,0.19045927375555,0.039432935416698,1
-0.099170982837677,-0.10467031272128,-0.083093725144863,1
-0.16373494267464,-0.10413183178753,-0.081730626523495,1
0.056874573230743,0.14809385687113,0.043764241039753,1
-0.20755857229233,0.070906780660152,0.0099838748574257,1
-0.04225742816925,0.038700707256794,0.0015320554375648,1
0.069539844989777,0.19204562157393,-0.017043761909008,1
-0.069312959909439,-0.036763660609722,-0.0062818005681038,1
-0.10068556666374,-0.10665367497131,-0.071985431015491,1
0.071968376636505,-0.17573876678944,-0.050889067351818,1
0.036529362201691,0.13028884679079,-0.037493899464607,1
-0.23828160762787,0.057096563279629,-0.0080662593245506,1
-0.20855525135994,-0.026830211281776,-0.062142096459866,1
-0.14284411072731,0.18984513729811,0.089655138552189,1
-0.19736412167549,-0.019661791622639,-0.059124939143658,1
-0.13432016968727,-0.040329087525606,-0.089853495359421,1
0.046066582202911,-0.19532250612974,0.0080720707774162,1
-0.15660071372986,0.19728600233793,0.13739710301161,1
-0.12400993704796,0.25262828916311,0.056290023028851,1
-0.0033913850784302,-0.2290477976203,0.033358246088028,1
-0.088741302490234,-0.12885452620685,0.026002250611782,1
0.086258113384247,0.15779300779104,-0.064830020070076,1
0.071327865123749,-0.064802818000317,-0.023480676114559,1
-0.052334249019623,0.20723705738783,0.14578319340944,1
-0.16645896434784,0.20405753701925,0.078065551817417,1
-0.13976481556892,-0.16127017512918,-0.078007720410824,1
-0.15509223937988,-0.13040011189878,0.13761862367392,1
-0.045985162258148,-0.055201295763254,0.015272997319698,1
-0.14177751541138,0.024351380765438,0.00017330795526505,1
0.091659128665924,-0.1008196643088,0.029725901782513,1
0.070694267749786,0.2535011395812,0.11939529329538,1
-0.12367171049118,0.23491337150335,-0.012042634189129,0
-0.12344786524773,-0.13144178688526,0.074904970824718,1
0.084577798843384,0.097432248294353,-0.0029522851109505,1
-0.15137845277786,-0.076143153011799,0.043470747768879,1
0.17751562595367,0.1938498839736,0.065664730966091,1
0.10383886098862,-0.11849665828049,-0.064739726483822,1
0.0012884736061096,0.084023736417294,0.015183441340923,1
0.085376560688019,0.20050477236509,0.097974725067616,1
-0.043276727199554,-0.055747844278812,0.0087288692593575,1
0.051701903343201,-0.25031477957964,0.08037418872118,1
0.046638786792755,-0.28261408954859,0.029317162930965,1
-0.049586534500122,0.020145885646343,-0.021505460143089,1
0.17220401763916,-0.19186374545097,0.047000981867313,1
-0.16219997406006,0.050677694380283,0.023737169802189,1
0.083507597446442,-0.16166542842984,0.072637923061848,1
0.084191620349884,0.23191817849874,-0.046075537800789,1
-0.12163543701172,-0.16568586230278,0.12644996494055,1
-0.066419452428818,-0.19675908982754,0.18930125981569,1
-0.14913639426231,-0.011267796158791,-0.01573122292757,1
-0.16170883178711,0.033402793109417,-0.070981115102768,1
0.076644718647003,-0.18124578148127,-0.061264559626579,1
0.086606740951538,-0.20319346338511,-0.065133839845657,1
-0.090122699737549,-0.046807006001472,-0.049490101635456,1
-0.1018625497818,0.070210196077824,-0.063520669937134,1
-0.15820607542992,0.032148726284504,-0.097065057605505,1
-0.070099860429764,0.068643741309643,-0.066610284149647,1
0.013396143913269,0.090743415057659,0.0038769766688347,1
0.0019826889038086,-0.1065920884721,0.010527431964874,1
-0.19727271795273,-0.12520848028362,0.10211000591516,1
-0.15875381231308,-0.072101034224033,-0.066332593560219,1
-0.017040312290192,0.091783784329891,0.01804580539465,1
-0.18294370174408,0.058358661830425,0.047059334814548,1
-0.16807335615158,0.15437515825033,0.072011344134808,1
0.16643315553665,0.23407285660505,-0.037569098174572,1
0.020791709423065,0.19866590946913,0.096732430160046,1
0.026737630367279,-0.10813984461129,0.0106056407094,1
-0.11466437578201,0.16487469524145,0.021612517535686,1
-0.053846180438995,-0.15934938937426,-0.078012749552727,1
-0.05155211687088,0.0098652616143227,0.0066350623965263,1
0.088136434555054,0.21260990947485,0.14069176465273,1
-0.10684055089951,-0.11908427253366,0.030116431415081,1
-0.18550050258636,-0.13982270285487,0.11697710305452,1
-0.062420189380646,-0.13461918011308,-0.020448833703995,1
-0.1229365170002,0.1738086566329,-0.052817307412624,0
0.084848701953888,-0.23217422515154,0.0097278580069542,1
0.14737409353256,-0.15115081891418,0.03368902951479,1
-0.038027048110962,0.20161568373442,-0.065538190305233,1
-0.034391820430756,-0.17248990386724,0.052904047071934,1
-0.16672670841217,-0.11253554839641,0.044134832918644,1
-0.15123224258423,-0.02034092694521,-0.046522371470928,1
-0.027807891368866,0.0080858021974564,0.0027763620018959,1
-0.25033667683601,0.075568504631519,0.070588953793049,1
0.021308898925781,-0.093957616016269,-0.03069069236517,1
0.049780189990997,0.18948768824339,-0.040724247694016,1
-0.12455037236214,-0.13732601702213,-0.0088661834597588,1
-0.095569223165512,0.20914974063635,-0.0092979893088341,0
0.0020268559455872,0.22975470870733,0.093461938202381,1
0.074369251728058,-0.10134917020332,-0.057898141443729,1
-0.18697953224182,-0.093189307488501,-0.092603452503681,1
-0.086683303117752,0.10016267746687,0.024219520390034,1
0.077026844024658,0.14996852725744,0.020570181310177,1
0.061693131923676,0.090665481984615,0.020058870315552,1
-0.10173404216766,-0.19854375720024,0.070608012378216,1
0.097390115261078,-0.14701052010059,-0.046811006963253,1
-0.083231061697006,-0.25121479481459,0.12857908755541,1
-0.051450163125992,0.16115968674421,-0.070694133639336,1
-0.1559667289257,-0.12162259407341,0.0072989240288734,1
-0.0067890286445618,0.09591930359602,-0.02377001196146,1
-0.034292340278625,-0.10897571500391,-0.026955783367157,1
0.084932446479797,0.061856843531132,-0.035791598260403,1
-0.22174257040024,-0.040109433233738,0.10798358172178,1
0.058972120285034,-0.197320766747,-0.0046880170702934,1
0.095874309539795,0.20512165874243,0.15058303624392,1
-0.081680476665497,-0.043720666319132,0.010211251676083,1
0.082670390605927,0.1079156473279,0.031493492424488,1
-0.14646464586258,-0.11540286894888,0.07421912997961,1
-0.0072565674781799,0.045546390116215,0.0048853829503059,1
-0.11157524585724,0.17444398254156,0.19473394006491,1
-0.12018686532974,-0.09205877315253,-0.067797385156155,1
-0.067420303821564,0.13620068877935,0.049225129187107,1
0.15877467393875,0.25280203670263,0.040628105401993,1
-0.11120370030403,0.17248406261206,-0.02038387209177,0
0.055850923061371,-0.098301619291306,0.018549181520939,1
0.11915612220764,-0.20853461325169,0.15570225566626,1
-0.037564098834991,-0.15325482562184,-0.085880808532238,1
-0.00057756900787354,0.15872769802809,-0.027821823954582,1
-0.0062602162361145,-0.10412077093497,-0.069689609110355,1
-0.033967435359955,-0.086565473116934,-0.015593752264977,1
0.00079935789108276,0.14265618473291,0.0080225840210915,1
-0.036601901054382,0.023462750017643,0.005446694791317,1
0.067428886890411,-0.16089942678809,-0.0097796991467476,1
-0.26702558994293,-0.028185844421387,0.030462436378002,1
-0.11449912190437,0.1120520606637,0.056175373494625,1
0.086753904819489,0.19418209046125,0.13903684169054,1
-0.12338477373123,0.1815136000514,-0.01015643030405,0
0.046054780483246,-0.15164597332478,-0.058190487325191,1
0.1523602604866,0.13238387554884,0.0029372498393059,1
0.040162265300751,-0.14993307739496,-0.020226813852787,1
0.10535907745361,0.1203298792243,-0.0076692625880241,1
-0.088629245758057,-0.13595571741462,0.035406865179539,1
0.025024056434631,0.21734850853682,0.097522087395191,1
-0.032124876976013,-0.2749349847436,0.094720251858234,1
-0.011810958385468,-0.16672103852034,0.041797257959843,1
0.079415619373322,0.075745664536953,0.022769831120968,1
-0.17716321349144,0.18633779138327,0.12770194560289,1
-0.017242014408112,-0.14779091253877,-0.093179248273373,1
0.028530895709991,0.16960226744413,-0.0033379644155502,1
-0.05583855509758,0.0071456283330917,-0.005034975707531,1
0.051186144351959,-0.05431205779314,-0.0032956078648567,1
-0.16302472352982,0.086220733821392,0.17502667754889,1
-0.090645730495453,0.17260905355215,-0.0149752125144,0
-0.14129346609116,-0.029861487448215,0.028948180377483,1
0.17029708623886,0.17158266156912,-0.085230499505997,1
-0.15989321470261,-0.21172472834587,0.00020142644643784,1
0.16015446186066,0.22593023627996,0.086639352142811,1
0.17806732654572,0.17493390291929,0.15973763912916,1
0.0097226500511169,-0.10030119447038,-0.00023838132619858,1
0.020140051841736,0.26773839443922,0.078623749315739,1
0.071258246898651,0.18183749169111,-0.0025204867124557,1
-0.16329157352448,0.10127601772547,0.20583380013704,1
-0.22292324900627,-0.026878528296947,0.0088370069861412,1
-0.068529486656189,-0.19918081909418,-0.080847695469856,1
-0.057028472423553,-0.042476609349251,-0.059566453099251,1
-0.1523212492466,-0.11013603024185,-0.04470494389534,1
-0.065050929784775,0.010284349322319,-0.041339635848999,1
-0.19175162911415,-0.089490155689418,0.05696452409029,1
-0.031193554401398,0.12377136200666,0.019958958029747,1
-0.20601382851601,0.0098269060254097,0.12193777412176,1
0.098973453044891,0.20287325233221,0.1638812199235,1
0.14569407701492,-0.12792476639152,-0.098046816885471,1
0.1026337146759,0.26504801958799,0.011896073818207,1
-0.015668451786041,-0.12240187637508,-0.085464283823967,1
-0.10659179091454,-0.081106906756759,0.026535682380199,1
0.046948492527008,0.25935014337301,0.060419656336308,1
0.074614822864532,-0.14278551563621,0.0031000226736069,1
0.030413925647736,0.1082975640893,0.015224754810333,1
-0.16543284058571,0.063413865864277,0.13341372460127,1
-0.13372817635536,-0.099966174282599,-0.025489024817944,1
-0.025026142597198,-0.032661095261574,-0.012627176940441,1
0.14542418718338,0.16966601461172,-0.055844262242317,1
-0.12582096457481,-0.23935293406248,0.093702964484692,1
-0.22597971558571,-0.044663514941931,-0.010784290730953,1
0.08308345079422,-0.19038016349077,0.087514646351337,1
-0.12618345022202,-0.034019663929939,-0.040529452264309,1
-0.16515010595322,0.038707189261913,-0.019138000905514,1
-0.042631566524506,0.22309987992048,0.034238569438457,1
-0.23427072167397,-0.036710537970066,0.12482539564371,1
-0.21909081935883,0.10309960693121,0.13968016952276,1
-0.038139045238495,-0.13801622018218,0.039849102497101,1
-0.018876671791077,-0.2664360627532,0.033232122659683,1
-0.10818356275558,0.076537691056728,-0.093946106731892,1
0.097483336925507,-0.1894159540534,0.19423127919436,1
-0.0033906102180481,0.060629390180111,0.0043671578168869,1
-0.14082235097885,0.035895980894566,0.044945992529392,1
-0.014214515686035,0.14966229349375,-0.071658246219158,1
0.039853453636169,0.21487864106894,-0.027426078915596,1
-0.089757531881332,-0.011398784816265,-0.068867094814777,1
-0.0018513798713684,-0.19273556023836,-0.063648976385593,1
0.13801175355911,0.20165833085775,0.053064130246639,1
-0.033170998096466,0.090427704155445,0.018130980432034,1
-0.013336837291718,0.20901703089476,-0.000544473528862,1
-0.16625875234604,0.19215943664312,0.052351452410221,1
-0.14987018704414,-0.09644442377612,0.036837004125118,1
-0.059360951185226,0.2008004412055,0.19514525681734,1
0.01985228061676,-0.23849264532328,0.082390911877155,1
-0.013578414916992,0.13773842900991,0.046033039689064,1
-0.062927305698395,0.024928979575634,-0.051453217864037,1
0.15519499778748,-0.16587273031473,0.0071547105908394,1
-0.091012239456177,-0.24162741750479,0.046390846371651,1
0.16625559329987,-0.17785094678402,-0.010267190635204,1
-0.174699395895,-0.027586661279202,0.03867956250906,1
-0.15129321813583,-0.023909844458103,-0.030269391834736,1
-0.17544093728065,0.033334814012051,0.088394068181515,1
-0.19170540571213,0.15879528969526,0.10559024661779,1
-0.089316934347153,0.077983923256397,-0.05362806469202,1
-0.13367903232574,0.025906898081303,0.00046563893556595,1
-0.13547393679619,-0.15849154815078,0.093869917094707,1
0.057347297668457,0.08256608992815,-0.017059423029423,1
0.12127441167831,-0.18360286951065,0.086972527205944,1
-0.049960792064667,0.038299955427647,0.012465663254261,1
-0.11995142698288,-0.099671449046582,-0.058740355074406,1
-0.071082949638367,0.044676415622234,-0.041177123785019,1
-0.061645448207855,0.045002155005932,-0.060624651610851,1
0.14419132471085,-0.16329642385244,0.066464923322201,1
0.074585855007172,-0.15863884612918,-0.006624735891819,1
-0.032600462436676,-0.12015554495156,-0.01672150939703,1
-0.068400293588638,0.12938918918371,0.051962085068226,1
-0.16503542661667,0.14887922257185,-0.025797329843044,1
0.038856685161591,-0.11145565658808,-0.076384365558624,1
0.093631088733673,-0.073544399812818,0.022127635776997,1
-0.18719944357872,0.17854084819555,0.0031554624438286,1
-0.048086941242218,0.21150460094213,0.083740182220936,1
0.028904676437378,0.17234655469656,0.042878367006779,1
-0.15157443284988,0.10123773664236,0.084135018289089,1
-0.015360116958618,0.20157574862242,0.11296541243792,1
0.025030910968781,-0.067907780408859,-0.025317944586277,1
-0.011499881744385,-0.16978929191828,0.042518757283688,1
0.0028390288352966,-0.078983737155795,-0.019873850047588,1
-0.10828748345375,-0.028710000216961,-0.0059266313910484,1
-0.005399763584137,-0.077585678547621,-0.021200932562351,1
0.073538243770599,-0.27961132675409,0.046016909182072,1
0.17710602283478,0.23216023296118,0.10436598211527,1
-0.13532876968384,0.011773318052292,-0.005763478577137,1
0.13549596071243,-0.2481702491641,0.13180113583803,1
0.1780087351799,-0.20300550013781,0.11516175419092,1
-0.031444847583771,-0.1796964481473,-0.04848750680685,1
-0.035616934299469,-0.11637155152857,-0.053984940052032,1
-0.21622610092163,0.15569921582937,0.01259221881628,1
-0.098465472459793,-0.0424614995718,0.009540356695652,1
0.071530044078827,0.2214246019721,-0.064626149833202,1
-0.02813321352005,0.047435633838177,-0.024909012019634,1
-0.10521233081818,0.17115028947592,0.037390492856503,1
0.10485810041428,0.23508458584547,0.078479371964931,1
-0.25445404648781,0.025539495050907,0.043484233319759,1
0.017042994499207,0.19271188229322,0.036829680204391,1
-0.05161988735199,-0.083331802859902,-0.018384404480457,1
-0.033990323543549,0.037187330424786,-0.013424746692181,1
0.010291159152985,-0.071739830076694,-0.038229174911976,1
-0.13140147924423,-0.029519595205784,0.025295026600361,1
-0.0066994428634644,-0.18596862256527,-0.075749762356281,1
-0.19052496552467,0.13925632089376,-0.078548289835453,1
0.13072842359543,-0.16267768293619,0.040654204785824,1
0.033765017986298,-0.23905316740274,0.080076403915882,1
0.093440413475037,-0.071294942870736,0.0065898671746254,1
-0.077896595001221,0.17738803476095,-0.019018441438675,0
-0.068148344755173,-0.17090525478125,-0.080288134515285,1
-0.075669497251511,0.24288948625326,-0.051671199500561,0
-0.23699042201042,0.010214723646641,0.14193633943796,1
0.0096598267555237,-0.055772427469492,-0.006007120013237,1
0.032696127891541,-0.24850531667471,-0.067365705966949,1
-0.18638771772385,0.019296400249004,0.11692482978106,1
-0.1216567158699,0.011399015784264,-0.050795137882233,1
0.074912130832672,-0.12488096393645,-0.057263277471066,1
-0.23832422494888,-0.095653396099806,-0.024967655539513,1
-0.12747746706009,0.25053115934134,-0.0019239261746407,1
0.080285251140594,0.18842291086912,0.0056028142571449,1
-0.23285442590714,0.12941678613424,0.05067316442728,1
0.010551273822784,-0.21073186397552,-0.034395687282085,1
-0.030856549739838,-0.23851101845503,-0.08739859983325,1
-0.15621048212051,0.021070159971714,0.071392975747585,1
0.029489576816559,-0.059156075119972,0.004199430346489,1
0.054352700710297,-0.06060940772295,-0.020287625491619,1
0.087202668190002,-0.18834615498781,-0.053141497075558,1
0.080592811107635,-0.068559896200895,-0.017513684928417,1
-0.18741455674171,-0.13130081817508,-0.015188820660114,1
-0.16576725244522,0.19405325502157,-0.055457346141338,1
0.0060420632362366,-0.057629141956568,-0.016399450600147,1
-0.22083938121796,0.02821921557188,0.10938087850809,1
0.027936577796936,0.17227058857679,0.024772047996521,1
0.010143041610718,0.1066921427846,-0.024573363363743,1
0.055063545703888,0.13264597207308,-0.018229149281979,1
-0.098994612693787,0.18475129455328,0.12312170118093,1
0.047148644924164,-0.1143358387053,0.013444758951664,1
-0.10842800140381,-0.031266525387764,-0.031398922204971,1
-0.078185558319092,0.077540092170238,-0.028855420649052,1
-0.09576028585434,-0.21658270061016,0.15415621548891,1
-0.018134295940399,-0.19007078558207,0.060227140784264,1
0.075770199298859,0.16370414942503,0.0035020783543587,1
0.16435587406158,-0.14293951168656,0.12985780090094,1
-0.13400676846504,-0.047350957989693,-0.089501425623894,1
-0.0092066526412964,0.25423064082861,-0.014945261180401,1
0.048417329788208,0.10993973165751,0.013758085668087,1
0.18553030490875,0.20496698468924,0.055597633123398,1
0.13008469343185,-0.20810317993164,-0.075293004512787,1
0.013988971710205,0.21958654373884,-0.039355590939522,1
0.031611800193787,-0.056649878621101,-0.0016973242163658,1
0.014556765556335,0.10166319459677,0.00073856860399246,1
-0.11915391683578,0.18591602891684,-0.0025525167584419,1
0.086202800273895,-0.24510330706835,0.040648080408573,1
-0.0087354779243469,-0.075615361332893,0.0093518272042274,1
-0.12670266628265,0.20355650037527,-0.061080507934093,0
0.078721106052399,-0.077301371842623,-0.019531466066837,1
-0.092166066169739,-0.088074092753232,-0.051496349275112,1
-0.22999709844589,0.11416823416948,0.0572404935956,1
-0.042966604232788,0.13313365727663,0.047628805041313,1
-0.054615169763565,0.21935703605413,-0.070610105991364,1
0.12760305404663,-0.14871960505843,0.065212525427341,1
0.020328998565674,0.13637109845877,0.0072920098900795,1
-0.14439263939857,-0.082988290116191,0.099520184099674,1
-0.045118629932404,-0.12123006023467,-0.059793956577778,1
-0.050891548395157,0.1544536575675,0.060066364705563,1
-0.12721797823906,-0.14822183921933,0.053152970969677,1
-0.07571068406105,-0.13360910862684,0.019401289522648,1
0.067000210285187,-0.22944257408381,0.0550442263484,1
0.12322187423706,0.10199204832315,-0.076788999140263,1
0.026171982288361,0.2755211815238,0.01694642752409,1
-0.13317531347275,-0.23108083754778,0.0015000849962234,1
-0.19169905781746,0.11410022526979,-0.079686991870403,1
-0.037692606449127,0.055703870952129,0.009436123073101,1
-0.03506726026535,0.16578014940023,0.030341804027557,1
0.058679282665253,-0.14767931029201,-0.0010703429579735,1
-0.091251760721207,0.060565195977688,-0.053549565374851,1
0.029381632804871,-0.077410914003849,-0.017981790006161,1
-0.049307942390442,0.040283553302288,0.012937493622303,1
-0.01073557138443,-0.089314628392458,-0.043957069516182,1
-0.15929690003395,-0.140889801085,-0.049238942563534,1
0.024526953697205,-0.086928351782262,0.019412837922573,1
0.19222164154053,0.19326468557119,0.074831731617451,1
-0.21014213562012,0.10068132728338,0.0016664192080498,1
-0.10657072067261,-0.026798240840435,-0.086524087935686,1
-0.088838934898376,0.030581377446651,-0.028518050909042,1
-0.20794638991356,-0.074500788003206,-0.02510903775692,1
0.089942634105682,-0.13601297140121,0.033004753291607,1
-0.24094930291176,-0.098340949276462,0.091000698506832,1
-0.14779946208,-0.15424780920148,0.14199125021696,1
-0.071734428405762,0.019450947642326,-0.020440317690372,1
-0.11496528983116,-0.10480406554416,0.060616664588451,1
-0.024869978427887,-0.24366226047277,-0.084423042833805,1
0.011442542076111,0.12139158695936,0.025519110262394,1
-0.018965184688568,0.1777593716979,-0.018581807613373,1
-0.0090504884719849,-0.13197924569249,-0.00021152943372726,1
0.079960584640503,0.11635998636484,-0.084473632276058,1
-0.043725907802582,-0.084682045504451,-0.010987557470798,1
-0.026989042758942,0.073277555406094,-0.033958621323109,1
-0.1758679151535,-0.058521136641502,0.17808178812265,1
0.11333680152893,0.23911087960005,0.05612900108099,1
-0.1228112578392,-0.16257970780134,0.077033631503582,1
0.18804001808167,0.22032656520605,0.02729693800211,1
-0.049483358860016,-0.18483113497496,-0.099256962537766,1
0.006693422794342,0.14366353303194,-0.018918506801128,1
-0.092749178409576,0.091987751424313,-0.09242407232523,1
-0.041477620601654,0.18151285499334,-0.040120869874954,1
-0.083903968334198,0.05670190602541,0.012117989361286,1
-0.023835480213165,-0.036559723317623,-0.010741226375103,1
0.1648970246315,0.25283592194319,0.0098914802074432,1
-0.26535668969154,0.0052641108632088,0.034292422235012,1
0.13893240690231,-0.13830014690757,0.052377574145794,1
0.017001748085022,-0.20058939605951,0.10387482494116,1
-0.099576562643051,-0.051232874393463,-0.035494722425938,1
-0.081860810518265,0.079983405768871,0.00075205415487289,1
-0.2229685485363,-0.10476432368159,0.11322291940451,1
-0.16953077912331,0.20774581283331,0.058812089264393,1
-0.060640692710876,0.11820601671934,-0.025586105883121,1
0.092084646224976,0.1993076428771,0.20227099210024,1
-0.034268260002136,0.10597337037325,-0.029975056648254,1
-0.094252973794937,-0.24017561227083,-0.076350599527359,1
-0.18797373771667,-0.026660606265068,0.078286223113537,1
-0.095428645610809,0.15000274032354,-0.054354302585125,0
-0.25462007522583,0.03263895958662,0.02995603531599,1
-0.16221189498901,-0.10452792607248,0.087245814502239,1
0.064312636852264,-0.0877236565575,0.0026604756712914,1
-0.20297068357468,-0.056555338203907,-0.026736706495285,1
-0.042886197566986,0.13001424819231,-0.021750278770924,1
-0.11948066949844,0.15847679227591,-0.087652198970318,0
0.034974753856659,0.11693204194307,0.026366747915745,1
-0.018907427787781,0.087418712675571,-0.020871296525002,1
0.055153131484985,0.072749741375446,0.002844862639904,1
0.00084376335144043,0.2330681309104,0.15303612500429,1
-0.14995321631432,-0.037139765918255,-0.01466953009367,1
0.18196529150009,-0.18967199325562,0.12374041229486,1
-0.091118067502975,-0.24220306426287,-0.046733699738979,1
-0.11931812763214,-0.080313127487898,-0.014744289219379,1
-0.12092661857605,0.048735089600086,0.04093150049448,1
0.11071729660034,0.17180874198675,0.018731869757175,1
-0.1147346496582,0.017845086753368,-0.027868151664734,1
-0.043945014476776,-0.21566015481949,-0.092672500759363,1
0.0092728137969971,-0.13075343705714,-0.05513758212328,1
0.098649322986603,0.20045157521963,0.19116931408644,1
-0.04868745803833,0.031354464590549,0.013715572655201,1
-0.09050065279007,0.047438554465771,-0.026269130408764,1
-0.19650426506996,-0.15863379463553,0.03728886693716,1
-0.16236364841461,0.06683299690485,0.032975248992443,1
0.1064453125,0.1863866969943,0.19474189728498,1
-0.055591851472855,0.10034846514463,-0.060006536543369,1
-0.068074345588684,0.010918736457825,-0.030216135084629,1
-0.048567891120911,-0.041324205696583,0.018790014088154,1
0.0033596754074097,-0.24581871181726,0.058914415538311,1
0.12239825725555,0.17998572438955,0.027270048856735,1
-0.16098946332932,-0.18900609761477,-0.017587251961231,1
-0.12400463223457,-0.19986508786678,-0.084085427224636,1
0.033701181411743,0.18871106952429,-0.077927581965923,1
-0.068768888711929,-0.21015366911888,-0.065051518380642,1
0.0530886054039,-0.1923711374402,-0.025379493832588,1
0.10991775989532,-0.11312192678452,0.040027715265751,1
-0.085639804601669,0.0072752013802528,-0.063402406871319,1
-0.098003655672073,-0.17784931510687,0.13648337870836,1
-0.13681271672249,-0.10991586372256,-0.040051393210888,1
-0.095956534147263,-0.12545508891344,-0.084470026195049,1
-0.22185122966766,-0.047093760222197,-0.060614809393883,1
-0.00086283683776855,0.13598423451185,-0.055883295834064,1
-0.0052729845046997,0.075856737792492,-0.019866965711117,1
-0.10928195714951,-0.15444638580084,-0.075653560459614,1
-0.17146366834641,0.19389151781797,-0.031498663127422,1
-0.075650572776794,-0.10820016264915,-0.022930078208447,1
-0.080470323562622,-0.19577237963676,0.0091732516884804,1
-0.065509796142578,0.25173180550337,-0.053950503468513,0
-0.088891506195068,-0.080776147544384,0.033398531377316,1
0.058149397373199,0.042301081120968,0.0032715871930122,1
0.10065239667892,0.17888029664755,0.021130837500095,1
-0.1324514746666,0.055578045547009,0.025069154798985,1
0.10181003808975,0.17094349116087,-0.086960934102535,1
-0.081299990415573,0.21094705909491,0.057546280324459,1
0.1060853600502,-0.16079460084438,-0.044411346316338,1
-0.11450532078743,-0.10068979114294,-0.08864539116621,1
-0.019847095012665,0.095437996089458,-0.044583901762962,1
0.12642401456833,0.15844052284956,-0.047641307115555,1
0.11391872167587,-0.1445342823863,-0.0036055967211723,1
-0.0228670835495,0.14754994958639,-0.022835984826088,1
0.040000200271606,-0.23620540648699,-0.088055953383446,1
0.084945380687714,-0.19860052317381,0.067687571048737,1
0.14942628145218,0.24507757276297,0.12866897135973,1
-0.14858335256577,0.047581396996975,0.015131257474422,1
0.052419304847717,0.065757445991039,0.0026980042457581,1
0.064577102661133,0.21931856125593,0.18821684271097,1
0.024542510509491,-0.070698762312531,0.0058018192648888,1
0.13114655017853,0.25384654849768,0.019366540014744,1
-0.012246012687683,0.10353668779135,0.0095213800668716,1
-0.019899725914001,-0.21135344356298,-0.010047473013401,1
-0.0030058026313782,0.2334583029151,-0.040430046617985,1
-0.14757424592972,-0.060435395687819,-0.042494505643845,1
-0.099144339561462,0.042299382388592,-0.077495910227299,1
-0.025683581829071,0.098345153033733,-0.02156125754118,1
0.13916820287704,-0.24578755348921,0.11672381311655,1
-0.090121984481812,-0.094697253778577,0.049020312726498,1
-0.10813754796982,0.023069977760315,-0.056509420275688,1
0.07874584197998,0.082930020987988,-0.0052689388394356,1
0.011444270610809,0.23305311053991,-0.016536451876163,1
-0.17328903079033,-0.11434921622276,0.065439932048321,1
-0.029440760612488,0.20682366937399,0.13025955110788,1
-0.11407813429832,0.2306415066123,0.088252909481525,1
0.030944764614105,-0.20857987552881,0.069962590932846,1
0.10025483369827,-0.20419583469629,0.005125992000103,1
-0.18658408522606,-0.15937601774931,0.13777790218592,1
-0.090504348278046,-0.078343590721488,-0.0051167979836464,1
0.028313457965851,0.18002187460661,-0.089628256857395,1
0.092956721782684,0.18713700026274,0.20230949670076,1
-0.14265742897987,0.11426994949579,0.1065234914422,1
-0.075924575328827,-0.13317449763417,-0.0060324594378471,1
-0.019363820552826,-0.16028016060591,0.010583087801933,1
0.1554736495018,-0.16124803200364,0.2151367738843,1
0.049342930316925,-0.1812402382493,0.081706903874874,1
0.18973261117935,-0.19240041077137,0.10578884929419,1
-0.1369109749794,0.074169255793095,0.0063886120915413,1
0.020386278629303,0.20856159180403,-0.050435818731785,1
-0.10225909948349,-0.2543905004859,0.0097936168313026,1
0.0020868182182312,-0.26417698711157,-0.077298678457737,1
-0.042021572589874,0.13265117257833,0.0051248446106911,1
-0.049231648445129,0.043118201196194,0.0088599696755409,1
0.039197027683258,-0.26942842453718,0.080474875867367,1
0.090407133102417,0.2754355892539,-0.016541250050068,1
-0.041792452335358,0.070165045559406,0.023429997265339,1
0.009745180606842,-0.066898692399263,0.0046532675623894,1
0.16018611192703,0.18460353463888,0.055853523313999,1
-0.069510102272034,0.082392685115337,0.023918576538563,1
-0.013728499412537,-0.077694008126855,-0.049387231469154,1
0.052382588386536,-0.06509480252862,-0.00013460963964462,1
-0.13382789492607,-0.13385429978371,0.12399687618017,1
-0.15681585669518,0.01896545290947,0.089555628597736,1
-0.077831387519836,-0.051681559532881,-0.027822062373161,1
0.019137978553772,0.069004319608212,-0.0040800496935844,1
0.076401352882385,-0.100527434377,-0.007667250931263,1
0.077601730823517,0.18710439652205,0.019496433436871,1
0.15713948011398,-0.16811101138592,0.10433391481638,1
0.12583589553833,0.18616708368063,-0.040913194417953,1
-0.075396120548248,0.20599227398634,0.039156347513199,1
-0.0077210068702698,-0.17012209445238,0.042015448212624,1
0.005215048789978,0.23576539009809,-0.061767101287842,1
-0.11639469861984,-0.18975459039211,-0.050600782036781,1
0.036855280399323,0.24620046466589,-0.081014432013035,1
-0.22664362192154,-0.067349765449762,0.092504866421223,1
-0.019651830196381,0.19896461814642,0.0279226526618,1
-0.013108670711517,-0.26377252489328,-0.077245786786079,1
-0.033024966716766,0.041207768023014,-0.023224614560604,1
0.010197341442108,0.091938875615597,-0.016208052635193,1
0.1114359498024,-0.19715226441622,-0.012843601405621,1
-0.013905465602875,0.19848599284887,0.20048326998949,1
-0.21591112017632,0.10257590562105,0.088881097733974,1
0.030917584896088,0.16652842611074,0.03194272518158,1
-0.061953783035278,-0.21706846356392,-0.092592403292656,1
-0.037973761558533,-0.21351964771748,0.1623080894351,1
0.081498682498932,0.074108384549618,-0.014320604503155,1
-0.11895728111267,0.036747179925442,-0.023546241223812,1
-0.073187530040741,-0.11913192085922,-0.062320128083229,1
-0.093460559844971,-0.044338062405586,-0.034845508635044,1
0.087103188037872,-0.10421964293346,-0.019025601446629,1
-0.13574835658073,0.051095210015774,0.060745619237423,1
0.02283650636673,0.19094475358725,0.014765553176403,1
-0.24488300085068,0.088789455592632,0.056496940553188,1
0.020934641361237,0.081187032163143,-0.025298312306404,1
0.16633147001266,0.1742295846343,0.035440839827061,1
0.047975778579712,0.080969758331776,0.018184967339039,1
-0.1855925321579,-0.047648061066866,0.02678856998682,1
-0.10829257965088,0.23085989803076,0.083184368908405,1
-0.041049301624298,0.023419491946697,0.0028253570199013,1
0.047505259513855,0.21881782263517,0.16076696664095,1
0.17927598953247,0.15637471526861,-0.088738493621349,1
-0.085271716117859,0.0026712939143181,-0.046851180493832,1
0.04453057050705,0.20067267864943,-0.096258718520403,1
0.012960910797119,-0.23957676440477,0.073812894523144,1
-0.07430362701416,0.097873724997044,0.0032523646950722,1
-0.024626314640045,0.20668297261,0.19695327430964,1
0.097230076789856,-0.20464050769806,-0.018528543412685,1
-0.0061796903610229,0.08426808565855,0.013666436076164,1
-0.015070497989655,-0.21680118888617,-0.013580180704594,1
0.15158182382584,-0.17242310196161,0.16148924082518,1
-0.048947930335999,-0.22626962512732,0.15295202285051,1
0.030707478523254,0.23478131741285,0.15708165615797,1
0.067503869533539,-0.27925882488489,0.0055557563900948,1
-0.24760779738426,-0.039670966565609,-0.047921992838383,1
-0.053022980690002,-0.049101024866104,-0.016928143799305,1
-0.17024728655815,0.041889972984791,0.010541267693043,1
-0.03893917798996,0.19152673333883,0.0075083374977112,1
0.096047818660736,0.13847383111715,-0.091061167418957,1
0.092916071414948,0.20073293894529,-0.050886049866676,1
-0.0082599520683289,-0.20150294154882,0.0029673129320145,1
-0.11853709816933,0.18694781512022,0.11138037592173,1
-0.066898018121719,-0.125962337479,-0.017895616590977,1
0.096892774105072,-0.18324264883995,0.21680397540331,1
-0.043320119380951,-0.20088010281324,-0.022191241383553,1
-0.015176236629486,-0.20389035344124,-0.039053335785866,1
0.098909020423889,-0.22355379909277,-0.041726186871529,1
-0.071696579456329,-0.0071276053786278,0.0231898650527,1
-0.13785853981972,0.20800947397947,-0.024413965642452,1
-0.017293035984039,0.21743904799223,0.14108061045408,1
-0.12327539920807,0.18980791419744,0.12182105332613,1
0.057420969009399,0.23460092395544,0.042257837951183,1
0.10909825563431,-0.16467396914959,-0.038201041519642,1
-0.19441562891006,0.049500189721584,-0.066614881157875,1
-0.035171687602997,0.21338751167059,0.11156163364649,1
0.077590823173523,-0.21575663983822,-0.07603557407856,1
-0.082804650068283,-0.12241203896701,-0.002214141190052,1
-0.040649473667145,0.062658615410328,-0.044123210012913,1
0.15616989135742,-0.17450153082609,0.04207656532526,1
-0.086297959089279,0.26987677067518,0.028853207826614,1
0.029369294643402,-0.087572193704545,0.020006269216537,1
-0.16424813866615,-0.11914470046759,-0.05748575180769,1
-0.19024303555489,0.10004834085703,0.096840851008892,1
-0.12326276302338,-0.21024289727211,0.068541899323463,1
0.1596657037735,-0.20548020303249,0.13301561027765,1
-0.019950449466705,0.06078016012907,0.010172076523304,1
0.11870270967484,-0.22802072018385,0.17434258013964,1
-0.1633009314537,0.098915494978428,0.18104376643896,1
0.0090199708938599,-0.27798768132925,0.029931515455246,1
0.091699242591858,-0.083666566759348,-0.031858332455158,1
0.19892930984497,-0.23245782405138,0.045866228640079,1
-0.037317991256714,0.014583609998226,0.003402553498745,1
0.13270485401154,-0.22707342356443,-0.0099054127931595,1
0.078244984149933,0.25711973756552,-0.0084754005074501,1
0.10310012102127,0.11990167945623,-0.050493597984314,1
-0.012153804302216,-0.10560189001262,-0.002750463783741,1
0.053517162799835,0.12014897912741,-0.029438503086567,1
0.095312297344208,0.17661633342505,0.030262887477875,1
0.062098264694214,0.14539586752653,0.044477880001068,1
0.0058680176734924,-0.1453117839992,0.032951876521111,1
-0.017209529876709,0.078427769243717,-0.021634578704834,1
0.13786309957504,0.21193178743124,0.15658561140299,1
0.12986820936203,0.21333422511816,0.095616556704044,1
-0.063319385051727,0.24216207116842,0.063509255647659,1
0.16185075044632,-0.18346247822046,0.10921324044466,1
-0.073601543903351,0.12607746571302,-0.051299743354321,1
-0.026578962802887,-0.19711307436228,0.013837248086929,1
-0.05349937081337,0.2054745182395,0.069997124373913,1
-0.14580306410789,-0.083067391067743,0.03403165191412,1
-0.05105122923851,-0.017412550747395,0.0034827664494514,1
-0.16096222400665,0.0068414136767387,0.062927283346653,1
0.041717052459717,0.089347563683987,-0.010739929974079,1
0.03106153011322,-0.17759819328785,-0.053067304193974,1
-0.10542577505112,0.17204546183348,-0.022274650633335,0
0.12745493650436,-0.12128171883523,-0.011243514716625,1
-0.18987819552422,0.013417676091194,-0.056636832654476,1
0.12226313352585,-0.25234837085009,-0.068527363240719,1
-0.12256410717964,0.18974240869284,-0.085640333592892,0
-0.16825225949287,-0.086952278390527,-0.031385399401188,1
0.16828119754791,-0.14342971518636,-0.013057373464108,1
-0.063040435314178,-0.016197316348553,0.0083870813250542,1
-0.047728955745697,-0.044808711856604,0.0090545192360878,1
-0.1884306371212,-0.070048501715064,-0.012707524001598,1
0.11028689146042,-0.12299430556595,0.042339630424976,1
-0.1308431327343,-0.13138779252768,-0.022759832441807,1
-0.053273797035217,-0.10714659607038,-0.022625029087067,1
0.14655643701553,-0.12282947078347,0.0001748725771904,1
-0.090797007083893,0.08441486209631,-0.034880332648754,1
-0.088753908872604,-0.010074764490128,-0.073383785784245,1
0.11686450242996,0.23869209736586,0.099944449961185,1
-0.031394004821777,-0.018162310123444,-0.011057414114475,1
-0.15794679522514,0.025346644222736,0.082570396363735,1
-0.018428862094879,0.16552000492811,-0.016884066164494,1
0.014790236949921,-0.12929951399565,0.010432489216328,1
0.12120878696442,0.11110150068998,0.042359285056591,1
0.053586661815643,-0.12906540557742,-0.086767554283142,1
0.12459510564804,0.19751649349928,0.011473029851913,1
-0.12786141037941,-0.15384866669774,0.1684533432126,1
-0.093967616558075,0.20991792529821,0.16483021527529,1
0.099051773548126,-0.27236136049032,0.035357877612114,1
0.023640930652618,-0.11905103363097,-0.025229975581169,1
0.085529983043671,-0.14860105141997,0.059553682804108,1
0.16652530431747,0.19165625423193,0.17009858042002,1
-0.056254088878632,-0.047797169536352,-0.058436319231987,1
-0.16322892904282,-0.090269985608757,-0.066120885312557,1
-0.20961648225784,0.10218041390181,-0.024808250367641,1
0.067157387733459,-0.1529797911644,-0.035652928054333,1
-0.059126377105713,0.016277998685837,-0.0064203962683678,1
-0.044561147689819,0.25719567388296,0.041280522942543,1
-0.0038695335388184,0.064623959362507,0.00428606569767,1
-0.06365117430687,-0.09320623241365,-0.026840232312679,1
0.029046297073364,-0.20986782759428,-0.033004365861416,1
-0.085163682699203,0.064493365585804,0.0064722523093224,1
0.089831709861755,0.098482929170132,-0.032366588711739,1
0.024275600910187,0.21703060716391,0.081626005470753,1
0.012135922908783,0.18851654976606,0.083003200590611,1
0.026158928871155,0.1907806918025,0.0068521276116371,1
-0.029329001903534,0.23138888925314,0.0098271518945694,1
-0.0047770142555237,-0.23300894349813,0.016748495399952,1
0.11488407850266,-0.25956539064646,-0.010065831243992,1
-0.18739727139473,-0.12893652915955,-0.065187782049179,1
0.051782667636871,-0.12464876659214,0.031854584813118,1
-0.058079570531845,0.060626871883869,0.010615490376949,1
0.00015062093734741,0.19324856251478,0.011797696352005,1
0.057827830314636,-0.10606393124908,0.0075085237622261,1
-0.10870698094368,-0.24579212814569,0.094963915646076,1
-0.049004018306732,-0.12041841819882,-0.035625755786896,1
-0.085568904876709,0.015648521482944,-0.026540406048298,1
0.025289237499237,0.15517144650221,0.011780261993408,1
-0.16292640566826,-0.094898117240518,-0.082627259194851,1
-0.17211872339249,-0.10937011335045,0.081801883876324,1
-0.13787624239922,0.03083186596632,-0.036470346152782,1
0.064998209476471,-0.15559609234333,-0.0030933320522308,1
-0.17994537949562,-0.064149677753448,0.025241084396839,1
-0.033941924571991,0.052490778267384,0.011973686516285,1
-0.1305815577507,-0.11450072098523,-0.025328598916531,1
-0.22291833162308,0.046660669147968,0.057185985147953,1
-0.034013271331787,0.099076174199581,-0.04745952039957,1
-0.094112604856491,-0.021023161709309,0.014761231839657,1
-0.12742161750793,0.0065113082528114,-0.042510993778706,1
-0.16781014204025,-0.09437768207863,0.030638299882412,1
-0.17803639173508,-0.0870825285092,0.066362746059895,1
-0.18164798617363,0.017211101949215,0.19105207175016,1
0.073993027210236,-0.084703801199794,-0.034472391009331,1
0.099024713039398,-0.16331520676613,-0.0930045992136,1
-0.041829764842987,0.033173121511936,0.0041883960366249,1
0.15223836898804,0.23045223206282,-0.035239815711975,1
-0.050383329391479,0.10143072158098,-0.02096901088953,1
-0.040521502494812,-0.24235016852617,-0.024159006774426,1
-0.066174209117889,-0.025353237986565,0.011653326451778,1
-0.022457122802734,0.032395385205746,0.0046083256602287,1
0.037877559661865,0.1596841737628,-0.043776765465736,1
-0.017872929573059,-0.066823069006205,-0.025208242237568,1
0.044203460216522,-0.19812701642513,-0.097032785415649,1
0.053457498550415,-0.11669295281172,-0.04226678609848,1
0.21821743249893,0.19312896579504,0.092432595789433,1
0.021507740020752,0.078551448881626,-0.0048568844795227,1
-0.17922127246857,-0.086407629773021,0.0983971580863,1
0.039406061172485,0.059575818479061,0.0031741335988045,1
0.010443270206451,0.26125308126211,0.0047344192862511,1
-0.10300707817078,-0.19542149454355,-0.080106288194656,1
0.0075591206550598,-0.230319686234,0.17577020078897,1
-0.0014050006866455,-0.12711226753891,0.019778683781624,1
-0.10331723093987,0.065531142055988,-0.020768962800503,1
0.082187116146088,0.17500596493483,0.038360320031643,1
0.10078889131546,-0.20975835621357,-0.019797153770924,1
0.030533850193024,0.25081446021795,0.0663922727108,1
-0.1288143992424,-0.021066144108772,-0.060459285974503,1
0.17340052127838,-0.18882782757282,0.002275325357914,1
-0.055682331323624,-0.23022802919149,-0.058561891317368,1
0.16294229030609,0.14515442401171,-0.097059287130833,1
0.11029082536697,-0.24912973493338,0.014642804861069,1
0.07125198841095,0.21363209933043,0.086666993796825,1
-0.0070641040802002,-0.086488577537239,-0.03963814675808,1
0.12736433744431,0.11930374056101,0.030084557831287,1
-0.047390043735504,-0.085289396345615,-0.055165633559227,1
-0.1246699988842,-0.12824272364378,0.019686944782734,1
-0.20463284850121,0.091009102761745,0.1654015108943,1
-0.14045196771622,-0.043703339993954,0.069802023470402,1
-0.22295677661896,0.009661391377449,-0.080561853945255,1
0.083874821662903,0.099501959979534,-0.059945710003376,1
0.090756356716156,0.18486394733191,-0.015905179083347,1
0.13676577806473,-0.17034491151571,0.17591721564531,1
0.065108358860016,-0.27600283175707,0.11298499256372,1
-0.066734969615936,-0.072321178391576,0.020646385848522,1
0.11145341396332,0.087742604315281,0.013510726392269,1
-0.17131447792053,0.03969844430685,0.10507611185312,1
0.032235205173492,-0.1336634978652,-0.0039089396595955,1
0.061159908771515,0.20155858248472,0.087238050997257,1
-0.21370255947113,0.0049938783049583,-0.051667772233486,1
-0.037441074848175,0.039620764553547,-0.032771699130535,1
-0.013408541679382,0.21780278533697,0.034669660031796,1
0.07654881477356,0.064293347299099,-0.022769711911678,1
0.007526159286499,0.064922891557217,0.0018670856952667,1
0.051673173904419,0.21233417838812,-0.021180018782616,1
-0.00024294853210449,-0.20364371687174,0.21648324280977,1
-0.14764177799225,-0.19529204070568,-0.083880923688412,1
0.072981774806976,-0.079425636678934,0.0063461437821388,1
-0.098873138427734,0.018379583954811,-0.060910873115063,1
-0.1165971159935,0.080581195652485,-0.032125182449818,1
-0.11682388186455,0.026183508336544,0.020584709942341,1
-0.062515050172806,-0.17323818057775,-0.084191881120205,1
-0.16889807581902,-0.014775201678276,0.062608189880848,1
0.10314851999283,0.082423128187656,0.028965525329113,1
-0.072892636060715,-0.068565558642149,-0.030833832919598,1
-0.059328496456146,-0.10855855885893,0.037593320012093,1
0.015406429767609,0.28064327687025,0.023253403604031,1
-0.066515803337097,0.022999964654446,0.01020509749651,1
-0.034166574478149,0.072407223284245,0.0087893977761269,1
-0.0639728307724,0.14212141185999,-0.062434457242489,1
0.10878044366837,0.18552132695913,0.11104240268469,1
-0.18032184243202,0.11207360774279,-0.015638239681721,1
-0.090111792087555,0.14305787533522,-0.088033981621265,0
-0.078999400138855,-0.045636851340532,-0.0095372721552849,1
0.0039070844650269,-0.087074741721153,-0.045174188911915,1
-0.014742791652679,-0.18226211518049,-0.036248728632927,1
0.086778938770294,0.071459136903286,-0.039758361876011,1
0.036411345005035,-0.12870439514518,0.0337820276618,1
-0.008912205696106,0.11924292892218,-0.0097661688923836,1
0.12896853685379,-0.15980491042137,0.046566642820835,1
-0.0060046315193176,0.13803073018789,-0.0775086581707,1
0.090759932994843,-0.20477482676506,0.17905075103045,1
0.056285083293915,0.071185372769833,0.0093678459525108,1
0.09731525182724,0.2319705709815,0.1794396713376,1
-0.019369721412659,0.18693187087774,0.0090704262256622,1
-0.14607486128807,-0.11187978181988,0.14490384608507,1
-0.15266910195351,0.15336146205664,0.0085171535611153,1
-0.014938473701477,-0.24476186186075,0.15883559733629,1
0.082823216915131,-0.28063436597586,0.00045201927423477,1
0.12940448522568,-0.14311800897121,-0.090872474014759,1
0.1350092291832,-0.2121709138155,0.15810365229845,1
-0.061133295297623,0.2142418846488,0.18723516911268,1
-0.057509541511536,-0.25300883501768,0.060687370598316,1
0.043963193893433,-0.1000048861606,-0.04167065769434,1
-0.068114906549454,-0.20544625073671,0.026903681457043,1
-0.03248131275177,0.18359430879354,-0.031956017017365,1
-0.091746956110001,0.14188124984503,0.011904306709766,1
-0.23404920101166,0.047021485865116,-0.064635343849659,1
-0.16722100973129,-0.079268731176853,-0.087527014315128,1
-0.059454530477524,0.11689237505198,-0.02139437943697,1
0.066760897636414,-0.10792682226747,-0.075635857880116,1
-0.026918590068817,-0.029040813446045,-0.0062884911894798,1
0.10553413629532,-0.17077521979809,-0.080293715000153,1
0.010137319564819,0.27935745567083,0.092505075037479,1
0.13175708055496,0.18431686609983,0.078954361379147,1
-0.059417009353638,0.022228509187698,0.01266298443079,1
-0.016543388366699,0.060086719691753,0.0086336359381676,1
0.14079463481903,0.13827233761549,0.014222227036953,1
0.047231733798981,-0.092438005376607,-0.012952364981174,1
-0.067412048578262,-0.19263789057732,0.15333194285631,1
0.019483029842377,-0.13325837254524,-0.065771959722042,1
-0.13920566439629,-0.13493242487311,-0.058509550988674,1
0.067932784557343,-0.053992301225662,-0.018944717943668,1
0.033578991889954,0.18902721256018,-0.05986725538969,1
0.085043132305145,-0.098072166903876,-0.030967079102993,1
0.066081345081329,0.043873004615307,-0.011191986501217,1
-0.077736526727676,0.21318381279707,0.086614347994328,1
0.02743399143219,-0.18773914128542,-0.054370574653149,1
0.049136340618134,0.23901649564505,-0.045901156961918,1
-0.11446744203568,0.034552194178104,-0.079192146658897,1
-0.014039576053619,0.067325808107853,-0.013463839888573,1
-0.10989370942116,0.20328237861395,-0.0044946596026421,1
0.042406499385834,-0.11338078137487,-0.030600145459175,1
0.12574499845505,-0.22116349637508,0.054634727537632,1
0.12340670824051,0.22885801643133,0.01690386980772,1
0.0038744807243347,-0.063851416110992,-0.025618270039558,1
-0.12821906805038,0.20926900953054,0.091456569731236,1
-0.1369588971138,0.070634387433529,-0.0071704760193825,1
0.025533974170685,0.1962271258235,-0.060850292444229,1
0.0098453164100647,0.27880545705557,0.072471268475056,1
0.18482983112335,0.16370203346014,0.10757552832365,1
0.15655505657196,0.17265643924475,0.034388691186905,1
0.093727469444275,0.071391172707081,0.011254720389843,1
-0.035050272941589,0.073397777974606,-0.0052923038601875,1
-0.18307954072952,0.0085397735238075,0.19520784169436,1
0.16384154558182,0.17632900923491,0.069258123636246,1
0.092921674251556,-0.091704767197371,-0.002216212451458,1
0.05902487039566,-0.042938526719809,0.0055640265345573,1
0.020242035388947,-0.1444945409894,-0.069636553525925,1
-0.16343340277672,-0.10973614454269,0.072162739932537,1
0.10978120565414,-0.23250446468592,-0.02528128027916,1
0.061744153499603,0.20382260531187,0.011277534067631,1
-0.20509713888168,0.0088576078414917,-0.026383586227894,1
-0.070940554141998,-0.077716337516904,0.021716617047787,1
-0.17172294855118,0.14732577651739,0.021357409656048,1
-0.021660506725311,0.087028615176678,-0.059197656810284,1
0.012154996395111,-0.065418753772974,-0.020899593830109,1
-0.17311155796051,0.20496549457312,0.0091084763407707,1
-0.060113787651062,0.036079131066799,0.01733685284853,1
0.051108717918396,-0.13391004130244,-0.015397392213345,1
-0.060261696577072,-0.13053685054183,0.047477975487709,1
0.052041709423065,0.25063621252775,0.13050911575556,1
-0.02099484205246,0.25184290856123,-0.053384125232697,1
-0.19043159484863,-0.11876626498997,0.12082124501467,1
-0.19145691394806,-0.039998061954975,-0.089329116046429,1
-0.16558083891869,-0.079302025958896,0.11498066037893,1
-0.052127003669739,0.19328140467405,0.077492438256741,1
0.14159452915192,0.18537535518408,0.17383692413568,1
0.0088359117507935,-0.11693176999688,0.016799330711365,1
-0.075031965970993,-0.063437301665545,-0.041158892214298,1
0.018415868282318,0.098755352199078,-0.0043193623423576,1
-0.047100841999054,0.016383819282055,-0.021605141460896,1
0.17544960975647,0.21208240836859,-0.026025258004665,1
0.056030333042145,0.23578857630491,0.083594270050526,1
-0.12413612008095,-0.14759059995413,-0.025797985494137,1
-0.08941912651062,0.065483205020428,0.019614912569523,1
-0.0028141736984253,-0.14738921448588,-0.007342591881752,1
-0.015989184379578,-0.092314081266522,-0.0044077336788177,1
-0.11797893047333,0.15049316734076,0.01192020624876,1
-0.045165717601776,3.1366944313049e-05,-0.033840827643871,1
-0.055044412612915,0.034301824867725,0.020977400243282,1
0.028658211231232,0.071347795426846,-0.0047387704253197,1
-0.13074758648872,-0.041996136307716,0.010471753776073,1
-0.081225454807281,-0.10105486423708,0.01852273195982,1
0.12440723180771,-0.12023011595011,-0.031586445868015,1
-0.03354799747467,0.023227535188198,0.0050403252243996,1
-0.082683026790619,0.10802277177572,-0.081171058118343,1
0.028245031833649,0.20633023232222,-0.0029340982437134,1
-0.12026160955429,-0.082210382446647,0.037893749773502,1
-0.099089473485947,0.077892698347569,-0.036638297140598,1
-0.069055497646332,0.055187799036503,0.0047722831368446,1
-0.24588614702225,-0.042134515941143,0.084205634891987,1
-0.041180074214935,-0.046771496534348,-0.037584356963634,1
-0.17448970675468,-0.20561591535807,-0.034819193184376,1
-0.10326984524727,0.15913685411215,-0.041143767535686,1
0.070462107658386,0.062749169766903,0.010112144052982,1
-0.037517309188843,0.0091033652424812,-0.01740587502718,1
-0.11362990736961,-0.18594732880592,0.033512718975544,1
0.061598420143127,0.049461536109447,-0.012925922870636,1
-0.077921539545059,0.051476784050465,-0.0020043775439262,1
-0.071283340454102,0.049893371760845,-0.037861600518227,1
0.059198558330536,-0.19524808228016,0.061283364892006,1
0.17740219831467,0.17077278345823,-0.025515340268612,1
0.18806952238083,0.23259528726339,0.0094277635216713,1
0.031681299209595,0.13086382299662,0.029261231422424,1
-0.070775717496872,0.061056412756443,-0.063524283468723,1
0.065664052963257,0.10427991300821,-0.023457467556,1
0.13264590501785,0.22387101501226,0.12707943469286,1
0.14576011896133,-0.18481479585171,0.02010453492403,1
0.058319985866547,0.060922645032406,0.0028698965907097,1
-0.17784112691879,-0.075574327260256,0.053949646651745,1
0.020469844341278,-0.26955189555883,-0.043780148029327,1
-0.13332581520081,-0.15361494570971,0.095932252705097,1
-0.022612929344177,-0.037320032715797,-0.0068311020731926,1
0.078857421875,0.081498511135578,0.022513724863529,1
-0.041036546230316,0.13545819371939,-0.078205697238445,1
-0.1260901093483,-0.16019893810153,0.038933359086514,1
0.15960997343063,0.16061436384916,0.054659992456436,1
-0.2414967417717,-0.056575655937195,-0.0054563507437706,1
-0.21466985344887,0.010925941169262,-0.032896809279919,1
0.071239531040192,-0.27795473486185,0.092468969523907,1
-0.12925618886948,-0.16769407689571,-0.091834090650082,1
-0.056237459182739,0.039872162044048,0.01140546053648,1
-0.076979696750641,-0.023316472768784,0.0022498741745949,1
-0.053485155105591,0.026859439909458,0.00591791421175,1
-0.017897427082062,-0.04918522760272,-0.00036580115556717,1
-0.16900464892387,-0.016387149691582,-0.029216922819614,1
-0.14116662740707,0.12055272608995,0.12427858263254,1
-0.058318763971329,-0.20456387847662,0.14829652756453,1
0.10418516397476,-0.11326423194259,0.02788757532835,1
0.15258640050888,0.15040319412947,-0.046528361737728,1
0.095302760601044,-0.18839204311371,-0.095729760825634,1
-0.20922300219536,0.0064171627163887,0.084855146706104,1
-0.052833735942841,-0.20668123662472,0.17505853623152,1
-0.071149170398712,-0.27033997327089,0.066381826996803,1
-0.050358235836029,0.11116883903742,-0.076437346637249,1
-0.050130903720856,0.046620480716228,0.0010961517691612,1
0.12866985797882,0.21790184825659,-0.0059213936328888,1
0.11613327264786,0.220235042274,0.027796201407909,1
-0.077774047851562,0.021704815328121,0.016557283699512,1
-0.047119975090027,0.017389699816704,-0.019092254340649,1
0.081977307796478,-0.19291504472494,0.090491868555546,1
-0.15550872683525,-0.033982880413532,0.0046210512518883,1
0.059013247489929,0.23394905775785,-0.056467287242413,1
-0.13741546869278,-0.13229691237211,0.081545732915401,1
0.029742658138275,-0.15616231784225,-0.045212991535664,1
-0.030613124370575,0.10884860903025,0.030870452523232,1
0.064073145389557,-0.2571908608079,0.1119931563735,1
0.079930245876312,-0.19017516821623,0.21981356292963,1
-0.0050535798072815,0.11165332049131,-0.015486247837543,1
-0.068389743566513,-0.078646089881659,0.017526753246784,1
0.0045729875564575,0.26733653992414,0.10961354523897,1
0.12143290042877,-0.21027693152428,-0.058153718709946,1
-0.083750277757645,-0.064469683915377,-0.049252785742283,1
-0.01318746805191,0.06867565959692,-0.0044959113001823,1
-0.024180054664612,-0.061610754579306,-0.02307815849781,1
-0.16745999455452,-0.12415829673409,-0.020137138664722,1
-0.010864794254303,-0.054812893271446,-0.022216059267521,1
0.12768477201462,0.137277148664,-0.055360913276672,1
-0.07335764169693,0.053642325103283,-0.059445418417454,1
0.0073822736740112,-0.075686745345592,-0.028045393526554,1
-0.056662738323212,-0.13652639091015,-0.066665366292,1
-0.2030825316906,0.019105464220047,0.03755759447813,1
-0.073051065206528,-0.075994309037924,-0.021337114274502,1
-0.03515213727951,-0.085133889690042,-0.051889389753342,1
-0.070479393005371,0.024982072412968,0.02408017963171,1
0.066175699234009,0.14693868905306,-0.011165499687195,1
-0.12302726507187,0.024295009672642,-0.0089511200785637,1
0.054163098335266,0.087844453752041,-0.011601753532887,1
-0.070810288190842,-0.01452149450779,-0.054984994232655,1
0.0472611784935,-0.16993203014135,-0.021729364991188,1
-0.039930284023285,-0.033212959766388,-0.027586363255978,1
0.032660782337189,0.10275810211897,-0.045534461736679,1
0.063051819801331,0.20238959044218,0.06624361872673,1
-0.075536489486694,0.24921765178442,-0.005494736135006,1
-0.0088024139404297,0.12887062877417,-0.017476536333561,1
-0.041874706745148,-0.0037451833486557,-0.0047441944479942,1
0.029372036457062,-0.11734610795975,0.010461263358593,1
0.019235074520111,-0.1063251234591,-0.040559396147728,1
0.020522356033325,0.21732088178396,0.13717383891344,1
0.011484861373901,-0.15934778004885,-0.062493845820427,1
-0.21849405765533,-0.056052394211292,-0.0054368898272514,1
-0.18582105636597,0.09352483600378,0.013752959668636,1
-0.0059564709663391,0.11135909706354,-0.035578228533268,1
0.056652188301086,0.063368879258633,-0.018287971615791,1
-0.16307502985001,-0.026378840208054,0.0099660828709602,1
-0.21602138876915,-0.019269153475761,0.13762373477221,1
-0.18878787755966,0.12370073050261,0.1455367282033,1
-0.01139897108078,0.18208362907171,0.022130064666271,1
-0.0070692300796509,0.236198566854,0.061974950134754,1
0.033851444721222,-0.070796431973577,0.0011257380247116,1
-0.03736025094986,-0.17920257151127,-0.023055247962475,1
-0.092517912387848,-0.08149217441678,0.010036297142506,1
0.066570818424225,-0.26054764539003,-0.0095261558890343,1
0.18367952108383,-0.16429745405912,-0.08733806759119,1
0.04327130317688,0.19770806282759,0.018559820950031,1
-0.10954892635345,-0.10515486309305,0.071209542453289,1
-0.063685864210129,0.18698843568563,0.21473679691553,1
0.033053636550903,0.2179986461997,-0.016887634992599,1
0.10410034656525,-0.086186760105193,-0.050689421594143,1
0.072472393512726,0.095823176205158,-0.061200477182865,1
-0.21766722202301,-0.048512436449528,0.16010045260191,1
0.10168898105621,-0.1009639359545,-0.0025747641921043,1
-0.10504335165024,0.17195226997137,0.13220394402742,1
0.12089544534683,0.16359999030828,0.088169999420643,1
-0.09033328294754,0.052386470139027,0.024040393531322,1
-0.15839102864265,-0.056851796805859,0.035498656332493,1
0.014935493469238,0.28696074336767,-0.030190035700798,1
-0.10714355111122,-0.00068405270576477,-0.0033014193177223,1
-0.043136954307556,-0.15106599405408,0.022928200662136,1
-0.061753183603287,-0.2404688373208,0.026946000754833,1
0.088897407054901,0.17232819646597,0.048672772943974,1
-0.015955209732056,-0.097663432359695,-0.010426111519337,1
-0.10707122087479,0.20973297208548,0.14108922332525,1
0.21580642461777,0.20470752567053,0.10025542229414,1
0.11392813920975,0.2284767255187,0.14436269551516,1
-0.064507782459259,-0.27038734406233,-0.026595331728458,1
0.031637251377106,0.06831269711256,-0.013272948563099,1
-0.019877433776855,0.13606771081686,-0.034578464925289,1
0.079695343971252,0.22688715904951,-0.068093501031399,1
0.13140749931335,-0.25184056907892,0.0015318691730499,1
-0.20384952425957,-0.11024304386228,0.0054376050829887,1
-0.18999955058098,-0.14766632765532,0.13973694294691,1
-0.030662059783936,-0.17341411113739,-0.052207946777344,1
-0.16607129573822,0.034724734723568,0.080899097025394,1
-0.019604384899139,0.064246453344822,-0.017566405236721,1
-0.06358802318573,0.18987112492323,0.18906760960817,1
0.059734046459198,0.20408271998167,0.18909630924463,1
0.057180225849152,-0.17103057354689,-0.0040942654013634,1
-0.1226701438427,-0.078996431082487,0.042095802724361,1
0.027571320533752,0.25872554630041,0.13122267276049,1
-0.16891291737556,-0.077653450891376,0.035791017115116,1
-0.1361366212368,0.16147118061781,-0.094806216657162,1
-0.064513832330704,-0.19672367721796,0.049096263945103,1
-0.21988731622696,0.12704592198133,0.036127515137196,1
0.048572361469269,-0.075317548587918,-0.0013803914189339,1
-0.16561806201935,0.097380302846432,0.012865759432316,1
0.020246624946594,0.29028641432524,-0.022073194384575,1
-0.17520993947983,0.096987567842007,-0.072617590427399,1
0.13657337427139,-0.21346497535706,0.0064610913395882,1
-0.045490562915802,-0.11299627739936,0.0042174011468887,1
0.059295296669006,0.14085679501295,0.027762450277805,1
-0.011504411697388,0.27380573004484,-0.0034955367445946,1
0.13553136587143,-0.17660839855671,-0.0073609575629234,1
-0.07577720284462,-0.18614799529314,0.019452229142189,1
0.10191375017166,0.21040644496679,0.074112363159657,1
-0.032858788967133,0.034963943064213,-0.0074351951479912,1
0.016684591770172,-0.16818296164274,-0.070193186402321,1
-0.12913691997528,0.027841411530972,-0.088394492864609,1
0.039223432540894,0.27715840190649,0.099224098026752,1
-0.18791550397873,-0.11251578014344,0.091363601386547,1
0.1164430975914,0.20380868762732,0.17124522477388,1
0.0080018639564514,-0.17196521908045,-0.0060216262936592,1
-0.0076681971549988,0.19964971393347,0.18367695063353,1
-0.17885282635689,-0.036315940320492,0.1871374770999,1
0.019016981124878,0.14202510565519,-0.057844765484333,1
-0.14545089006424,0.13260658830404,-0.078424744307995,1
0.023590564727783,-0.26684898883104,0.092943020164967,1
-0.017679810523987,0.25190009921789,0.15378878265619,1
-0.082358866930008,0.19381179660559,0.055800542235374,1
-0.055655151605606,0.19458668678999,0.19802591949701,1
-0.17273393273354,-0.063626125454903,0.077968738973141,1
-0.2359191775322,0.069312550127506,0.031961031258106,1
0.0070780515670776,-0.21679717302322,-0.069653533399105,1
0.13557857275009,0.16335912793875,0.040075436234474,1
-0.043376505374908,-0.2304702475667,-0.079615369439125,1
-0.16319966316223,0.14006371051073,0.11358187347651,1
-0.16940027475357,0.14725513011217,0.00042585283517838,1
-0.041000545024872,0.074122987687588,-0.048163779079914,1
-0.083768278360367,0.14790908247232,0.026555292308331,1
-0.12629872560501,-0.012399323284626,-0.086323767900467,1
-0.076610416173935,-0.062620867043734,0.031557746231556,1
-0.1569721698761,0.22555252164602,0.070316083729267,1
-0.012065649032593,0.19178607314825,0.088006161153316,1
0.087554514408112,-0.22176592051983,0.15482682734728,1
-0.08759531378746,-0.17033995687962,0.04179972410202,1
-0.15755850076675,-0.013709090650082,0.0055890902876854,1
-0.18001782894135,0.17326226085424,0.096448458731174,1
-0.19535699486732,-0.091605051420629,0.1841110214591,1
0.062005341053009,-0.22606066614389,0.051379390060902,1
-0.10235130786896,0.1807863637805,0.011724688112736,1
0.089178860187531,0.20979281514883,-0.035805866122246,1
0.079809486865997,-0.054477158933878,-0.03832533210516,1
-0.033324599266052,0.15440022200346,-0.026307061314583,1
-0.13914114236832,0.13041948527098,0.0046589747071266,1
0.092811405658722,0.18556418269873,-0.0097408890724182,1
-0.067110866308212,-0.25881690531969,0.014899455010891,1
0.17679709196091,-0.16822001338005,0.15230640023947,1
-0.0547896027565,0.066826097667217,0.019169263541698,1
-0.11320194602013,-0.089276494458318,-0.082709841430187,1
-0.0065308809280396,-0.16542421281338,0.019507564604282,1
-0.021520793437958,-0.11799238808453,0.022670589387417,1
-0.064601004123688,0.087651066482067,-0.047009937465191,1
0.086655080318451,0.25609459728003,-0.02973548322916,1
0.1257649064064,0.14748837798834,-0.046859391033649,1
-0.032325446605682,-0.20699817687273,-0.0095561444759369,1
-0.17621886730194,0.050078488886356,0.19012052565813,1
-0.023705542087555,-0.26974854618311,0.012906186282635,1
-0.16299903392792,-0.1809891089797,-0.022441782057285,1
-0.02153617143631,0.098860718309879,0.027803473174572,1
0.062677383422852,0.15878345817327,-0.095067858695984,1
-0.060827106237411,0.15338059514761,-0.014461614191532,1
0.14704805612564,-0.2064391374588,0.094032593071461,1
0.10222536325455,0.21374630182981,0.17143280059099,1
-0.02404922246933,0.25172441452742,-0.069406412541866,1
0.030754566192627,0.075132288038731,-0.0090617164969444,1
0.18966037034988,0.22285573929548,0.019936963915825,1
-0.16640830039978,0.0013314113020897,0.22296670824289,1
-0.074752956628799,0.16253697127104,-0.0059542581439018,1
-0.15908113121986,-0.12027709744871,0.1470682695508,1
-0.035040557384491,-0.059109531342983,0.013639219105244,1
-0.13778284192085,-0.11812611483037,0.023943863809109,1
-0.20525145530701,0.018887221813202,-0.049329049885273,1
0.039923548698425,-0.10108711221255,-0.024640172719955,1
-0.09558978676796,-0.24346826225519,-0.049342021346092,1
0.10406279563904,0.19088088721037,-0.083131216466427,1
0.065393626689911,-0.14404255524278,-0.047004528343678,1
-0.17979249358177,0.068391509354115,0.11754613369703,1
-0.19524967670441,0.1523105725646,0.1407822445035,1
0.060315370559692,-0.059991586953402,-0.0051272958517075,1
-0.11061325669289,0.002627857029438,-0.049318514764309,1
0.10569703578949,0.1922500655055,0.017565198242664,1
-0.099754452705383,-0.19155588001013,-0.043720722198486,1
0.069382667541504,0.068828828632832,0.0098631754517555,1
0.0056101679801941,-0.06169430911541,-0.0062431767582893,1
0.024939954280853,-0.10990878846496,-0.056489653885365,1
-0.025861382484436,0.086386106908321,0.013764031231403,1
-0.022976100444794,-0.077466491609812,0.016167633235455,1
-0.030667006969452,0.2600207850337,0.062162928283215,1
0.050911843776703,-0.22579089552164,0.075514324009418,1
0.11445093154907,0.20429896563292,0.028917588293552,1
0.056757390499115,0.13157648593187,0.029528714716434,1
0.036732733249664,0.26746632903814,0.060959748923779,1
-0.037398219108582,-0.14781787246466,0.057546883821487,1
-0.059078842401505,-0.10995481535792,0.040471665561199,1
0.038395762443542,-0.20709396153688,0.16105545312166,1
-0.10916936397552,0.12670671194792,0.005778469145298,1
0.027284622192383,0.22197999805212,0.10153833776712,1
-0.076409876346588,-0.046528335660696,0.020771376788616,1
-0.098207712173462,0.1712823137641,0.041039250791073,1
0.054520726203918,0.22622903436422,0.098223336040974,1
-0.036610543727875,-0.18990106135607,0.09779567271471,1
-0.12244495749474,0.082615993916988,-0.017906971275806,1
-0.12830817699432,0.017813347280025,-0.0063222125172615,1
0.10237485170364,0.17971073836088,0.0665527805686,1
-0.039846062660217,-0.076784938573837,-0.0032293125987053,1
0.079467475414276,0.13842635601759,-0.031781516969204,1
0.077928066253662,-0.1995707526803,-0.093529067933559,1
0.15241521596909,0.20749934762716,-0.048809826374054,1
-0.15892863273621,0.093965567648411,0.07688070088625,1
0.11592841148376,0.27723094075918,0.027751617133617,1
-0.14134684205055,-0.19149661809206,0.024593368172646,1
0.094153583049774,-0.15414665266871,0.0078570172190666,1
0.12980836629868,0.14181982725859,0.019155196845531,1
0.085313737392426,-0.096503224689513,-0.045001126825809,1
0.012811899185181,0.094766654074192,0.021031960844994,1
-0.015311121940613,-0.11769368685782,-0.045115254819393,1
-0.11273398995399,0.0053753927350044,-0.011308424174786,1
0.0050604343414307,0.090413026511669,0.012234099209309,1
-0.086715459823608,-0.02723902463913,0.0022924467921257,1
-0.031680166721344,-0.097890655975789,0.0010541006922722,1
-0.21177011728287,-0.08987767342478,0.13727035373449,1
0.078067362308502,-0.097370084840804,-0.016497768461704,1
-0.13146942853928,-0.13061020150781,-0.02143844217062,1
-0.23508715629578,0.094671912491322,0.097317554056644,1
0.11305803060532,0.1750618442893,-0.096336178481579,1
0.1087064743042,0.26410754770041,0.033467121422291,1
-0.16667261719704,0.097327344119549,0.071154691278934,1
-0.083633869886398,0.051652781665325,-0.028759501874447,1
-0.17475736141205,-0.13399663195014,0.15955082327127,1
-0.10505214333534,-0.01372891664505,-0.046600796282291,1
-0.028202712535858,0.18055715411901,0.036110699176788,1
0.12165707349777,-0.19010096788406,0.019171021878719,1
-0.033270418643951,-0.11801665835083,-0.046243228018284,1
-0.15794292092323,0.089182160794735,0.16878292709589,1
-0.087879627943039,0.1901792511344,0.15484421700239,1
0.076947510242462,-0.20393698662519,0.039394162595272,1
-0.099288702011108,0.085722126066685,-0.085621304810047,1
0.11830931901932,-0.16413580626249,0.075896166265011,1
-0.074901849031448,0.20312675088644,-0.041874118149281,0
0.044647336006165,0.21493383497,0.17944870144129,1
0.056877613067627,0.084327720105648,0.021690554916859,1
0.085586369037628,0.12510090321302,-0.084417276084423,1
0.066590845584869,-0.26214601844549,0.01654476672411,1
-0.043355941772461,-0.051075421273708,0.00491613894701,1
0.061996459960938,0.20575051754713,0.11607906967402,1
-0.097311496734619,0.08545721322298,-0.0036051645874977,1
0.049054086208344,0.12820712476969,0.015781790018082,1
-0.045469880104065,0.13508171588182,0.019626051187515,1
-0.14515852928162,0.16035284847021,0.1017228141427,1
-0.077042758464813,-0.085934828966856,0.036186568439007,1
-0.24251532554626,-0.063102405518293,-0.060297161340714,1
-0.054517656564713,-0.11712530814111,0.020685270428658,1
0.18901944160461,-0.16698586195707,-0.067111514508724,1
-0.07835578918457,0.019623212516308,0.026027180254459,1
-0.18353965878487,-0.10111939196941,0.17689766734838,1
-0.079413712024689,0.091163404285908,0.002820260822773,1
-0.12043052911758,-0.036277174949646,-0.093623396009207,1
-0.028993189334869,0.12195760756731,-0.043219141662121,1
0.037712872028351,0.21170061081648,0.035444639623165,1
0.1203528046608,-0.16780681908131,-0.081704527139664,1
0.012078762054443,0.060599558055401,0.0025074854493141,1
-0.023941338062286,0.077441118657589,-0.023915268480778,1
0.020470380783081,-0.25032239407301,0.15612298995256,1
-0.2052703499794,0.13513981550932,0.13587058335543,1
0.078434109687805,0.25072424858809,-0.044959180057049,1
0.12449842691422,-0.18958465009928,-0.065103992819786,1
-0.075255304574966,-0.042582616209984,-0.0094908103346825,1
-0.029594779014587,-0.047833062708378,-0.0067297145724297,1
0.15454798936844,0.20602681487799,-0.038921386003494,1
0.079845011234283,-0.14224030822515,-0.035011373460293,1
0.14417308568954,-0.12839972414076,0.023621551692486,1
0.014923095703125,-0.10499315615743,-0.027695283293724,1
0.0027686953544617,0.15706818550825,0.015781618654728,1
-0.08026048541069,0.043929748237133,0.0020257458090782,1
-0.14154064655304,0.10227262228727,-0.017117880284786,1
0.16082465648651,0.15851470082998,0.030414178967476,1
-0.00019466876983643,0.072854302823544,-0.024849146604538,1
-0.11333519220352,0.11329851299524,-0.0018037036061287,1
-0.026424944400787,0.010271899402142,0.0060261562466621,1
0.13150268793106,-0.24046254903078,-0.051633097231388,1
0.14521497488022,-0.24966142326593,-0.056128464639187,1
-0.030048012733459,0.027535907924175,-0.010886795818806,1
0.024338006973267,0.18244659155607,0.060611635446548,1
0.06897246837616,-0.12179479748011,0.022569365799427,1
0.126609146595,-0.12899448722601,-0.010569028556347,1
-0.22291222214699,-0.1134736109525,-0.055456727743149,1
0.074174702167511,-0.21922066062689,-0.042374409735203,1
0.17063015699387,-0.21430872380733,-0.061417020857334,1
-0.10888066887856,-0.071258474141359,-0.069305785000324,1
0.030308961868286,0.21739479154348,0.12498242408037,1
-0.0051407217979431,-0.11672148667276,-0.041358575224876,1
0.039826273918152,0.10889316350222,0.028325013816357,1
-0.072638869285583,0.050487361848354,-0.021200425922871,1
-0.040957152843475,-0.11282210703939,-0.058052390813828,1
0.015900611877441,-0.12699206918478,0.012565799057484,1
-0.03038614988327,0.09238225966692,-0.0091915503144264,1
-0.12993201613426,-0.012513309717178,-0.050757803022861,1
-0.10017669200897,0.2135628387332,-0.079155847430229,0
0.045182168483734,0.1611538156867,-0.018292620778084,1
0.037024259567261,0.074737571179867,0.0073428824543953,1
-0.094620734453201,0.0013017952442169,0.00020786374807358,1
0.094284176826477,0.20538374036551,0.080344803631306,1
-0.035397231578827,-0.11639955081046,-0.017340831458569,1
0.016359388828278,0.088784985244274,0.017219118773937,1
-0.051055997610092,0.011528417468071,-0.026447281241417,1
0.14683479070663,0.14214950054884,0.015874646604061,1
0.014192283153534,0.060654871165752,0.00083191692829132,1
0.13230276107788,0.24823566526175,0.11098121851683,1
0.0103480219841,0.24550484865904,0.065885812044144,1
0.089421212673187,-0.20960319042206,0.072047643363476,1
-0.12447947263718,-0.094316532835364,-0.081855081021786,1
-0.19454032182693,0.07261385768652,0.13502227514982,1
-0.069499135017395,0.14830102771521,-0.094062261283398,0
0.044869184494019,0.17658429592848,-0.090455930680037,1
-0.19893661141396,-0.13684662804008,-0.0090409740805626,1
-0.21470400691032,-0.08480155095458,0.048389382660389,1
0.060554623603821,-0.10501662269235,-0.052491225302219,1
-0.052936017513275,-0.093361422885209,-0.040984600782394,1
-0.043715178966522,0.053023912012577,0.013447634875774,1
-0.082658648490906,0.1672932729125,0.017934523522854,1
-0.15838131308556,-0.12785058654845,0.011544145643711,1
-0.035206317901611,0.23169853538275,-0.040886111557484,1
0.11238044500351,-0.2633196786046,0.10940787941217,1
-0.16618359088898,0.100182749331,-0.0165771022439,1
-0.036534011363983,0.1007369235158,0.018469043076038,1
-0.038604021072388,0.13894536346197,-0.0024499818682671,1
0.066380202770233,0.13515911251307,-0.054003179073334,1
-0.15021660923958,0.012139566242695,-0.012098468840122,1
-0.14520171284676,0.030469916760921,0.071394704282284,1
-0.16467824578285,0.047582380473614,0.0097938105463982,1
-0.042917430400848,-0.086906569078565,0.0092131048440933,1
0.042386949062347,0.095158420503139,-0.022070743143559,1
-0.19778817892075,-0.041825801134109,0.056417770683765,1
-0.080640256404877,0.030415274202824,0.018248490989208,1
0.022465348243713,-0.15507856011391,-0.078306116163731,1
-0.071836799383163,0.08898850530386,0.0053192153573036,1
-0.039998531341553,0.10421625524759,0.010880820453167,1
0.15028989315033,0.21590953320265,0.050263486802578,1
-0.17577946186066,0.052527077496052,0.12479359656572,1
0.20461910963058,0.22396232932806,0.017348296940327,1
0.012339234352112,-0.12481032684445,-0.075392015278339,1
0.032197535037994,-0.096718637039885,-0.058832563459873,1
-0.0048189163208008,0.21885394304991,0.078989662230015,1
-0.10606819391251,-0.19191836565733,0.029530495405197,1
-0.066209137439728,-0.075929533690214,0.020479418337345,1
-0.012714326381683,0.26846738904715,0.029232159256935,1
-0.022392809391022,0.18942659348249,-0.066736958920956,1
0.084560096263885,0.19431480020285,-0.068879939615726,1
0.08006477355957,0.12444729357958,0.0068990513682365,1
-0.1688075363636,-0.15693638473749,0.077801309525967,1
-0.037640273571014,0.029477588832378,-0.030779801309109,1
-0.091662675142288,0.23874618858099,-0.053611844778061,0
-0.12995851039886,0.1406688913703,0.055201150476933,1
-0.13847464323044,0.038086093962193,0.045775629580021,1
-0.062426894903183,-0.17606069147587,0.026514768600464,1
-0.050285398960114,0.057731680572033,0.020267330110073,1
0.12903535366058,0.22006028145552,-0.067091912031174,1
-0.052145510911942,-0.022358179092407,-0.0032873377203941,1
-0.038082182407379,-0.20957715064287,0.17683712393045,1
0.14380043745041,-0.17462627589703,0.017407782375813,1
-0.055035531520844,-0.25767024606466,-0.050159595906734,1
0.13430243730545,-0.16444483399391,0.077637396752834,1
-0.097122251987457,-0.17734245955944,0.012438073754311,1
0.044208228588104,0.07224278897047,-0.024151906371117,1
0.11185324192047,0.17904000729322,-0.041501671075821,1
-0.13862371444702,-0.16649459302425,0.042177967727184,1
0.041970133781433,0.22113057225943,0.11531659215689,1
0.11778491735458,0.22729583829641,-0.013850085437298,1
0.021345794200897,0.062419824302197,-0.0074128061532974,1
0.17952591180801,0.22615151852369,-0.041794076561928,1
-0.097231060266495,-0.21606695652008,-0.040999419987202,1
-0.12546423077583,-0.062625460326672,-0.019026584923267,1
-0.048332393169403,-0.00036447495222092,0.00075214356184006,1
-0.0210200548172,0.047079361975193,-0.015294574201107,1
-0.2340729534626,-0.10948547162116,0.10597939044237,1
-0.15393435955048,-0.094552035909146,0.012439392507076,1
-0.056944817304611,-0.00015481561422348,5.476176738739e-06,1
-0.10897701978683,-0.16517328470945,0.2030828371644,1
0.034765601158142,-0.14395414292812,0.013633705675602,1
-0.20143711566925,0.14372546225786,0.10540520399809,1
-0.19755831360817,-0.079080997034907,0.054289393126965,1
-0.092380672693253,0.2595926746726,0.04721113294363,1
-0.12221983075142,0.19922103732824,0.099034927785397,1
-0.01430732011795,0.19028230756521,-0.0027832165360451,1
-0.02358877658844,0.064190559089184,-0.038899578154087,1
-0.19285374879837,0.099094562232494,-0.075619265437126,1
-0.031676113605499,0.096364118158817,-0.023861810564995,1
-0.09415927529335,-0.20828463882208,0.049740955233574,1
0.10254913568497,-0.2078682333231,0.028369054198265,1
-0.065103799104691,-0.17025448381901,-0.0042531564831734,1
-0.013457357883453,0.14344554394484,-0.031086534261703,1
-0.014632523059845,-0.099808906030376,0.0014309734106064,1
-0.18575316667557,0.099554620683193,0.081552304327488,1
-0.085535824298859,-0.19270422309637,0.17106316238642,1
-0.26408326625824,-0.013380408287048,-0.0015668347477913,1
-0.070322751998901,0.17563881725073,0.079266168177128,1
0.020965278148651,-0.1427002325654,-0.083026181906462,1
-0.05199471116066,0.20651265233755,0.034392967820168,1
-0.01344883441925,-0.22509060055017,-0.057723999023438,1
0.095515131950378,0.090661726891994,0.016922496259212,1
-0.082194209098816,-0.0024221315979958,0.0078983679413795,1
0.099302232265472,0.17839240282774,-0.016714029014111,1
0.094022333621979,-0.24611658602953,0.011902242898941,1
-0.13035881519318,0.082226030528545,0.034570910036564,1
0.077242612838745,0.24475278705359,0.039053998887539,1
0.050805151462555,-0.093360885046422,0.019823335111141,1
-0.16784715652466,0.047197811305523,7.4498355388641e-05,1
0.0017641186714172,-0.29056563228369,0.021866768598557,1
-0.034865617752075,-0.15459556132555,0.062027677893639,1
-0.026206314563751,0.099845118820667,-0.0019782111048698,1
-0.064006268978119,-0.21456007659435,-0.078605428338051,1
-0.1037879884243,0.17978521436453,-0.038202829658985,0
-0.18006053566933,-0.1396912895143,0.14476177841425,1
0.023559272289276,-0.066496662795544,-0.02280805259943,1
-0.082261443138123,0.14377581328154,-0.023561649024487,1
-0.021842002868652,0.073762811720371,0.0089889541268349,1
0.09250545501709,-0.101123646833,0.0053489282727242,1
-0.14841860532761,0.032623402774334,-0.045160911977291,1
0.060438752174377,0.061705760657787,-0.019965797662735,1
-0.053210943937302,-0.023658387362957,-0.005118764936924,1
-0.013643443584442,-0.24345051497221,0.17399884015322,1
-0.13548922538757,0.18090944737196,0.034772537648678,1
-0.055876672267914,0.24731381982565,0.021178692579269,1
-0.077827781438828,-0.18444666266441,0.11845102161169,1
-0.10215026140213,0.0088921785354614,0.012783609330654,1
-0.067824393510818,-0.12857446819544,0.055546529591084,1
0.0061529278755188,-0.21980207413435,0.054790779948235,1
0.10100561380386,0.14031981676817,-0.002244658768177,1
0.087416470050812,-0.064409576356411,-0.00010138005018234,1
0.041305243968964,-0.10263333329931,-0.066770628094673,1
0.11116653680801,-0.091953963041306,-0.065101318061352,1
-0.15201368927956,-0.2124542966485,0.10788694769144,1
0.038095593452454,-0.08542881719768,-0.00068593770265579,1
0.080134034156799,-0.1794121786952,0.079353280365467,1
0.013246655464172,-0.26547934859991,0.085413388907909,1
0.034693717956543,0.20706664770842,0.20834905654192,1
-0.21444433927536,0.10832791775465,-0.06545265763998,1
0.058171570301056,0.057356558740139,-0.0141776278615,1
-0.062025815248489,0.21529307216406,0.10789982229471,1
-0.050280183553696,0.0017745643854141,-0.022182323038578,1
0.057592153549194,-0.070807356387377,0.0097817927598953,1
-0.15936744213104,-0.16926344484091,0.12840837985277,1
-0.083267599344254,-0.10017820185749,-0.043915949761868,1
-0.2018069922924,-0.14968143776059,0.080582164227962,1
0.030342996120453,-0.14967342838645,0.040586680173874,1
-0.11993750929832,-0.23293221741915,-0.054417937994003,1
-0.06028825044632,-0.014262400567532,-0.051771022379398,1
0.1364751458168,-0.19555328041315,0.1978472545743,1
0.15501827001572,0.24949713796377,0.086212374269962,1
-0.023461222648621,-0.25005046278238,0.039013803005219,1
-0.10113188624382,-0.20906294137239,0.019736997783184,1
-0.065110266208649,0.25255670398474,-0.0080590099096298,1
-0.1859804391861,-0.053812108933926,0.13937643915415,1
-0.010213196277618,0.097190223634243,-0.039210692048073,1
-0.12104806303978,0.068956799805164,-0.016006298363209,1
-0.20619639754295,-0.0035623982548714,0.087309502065182,1
-0.15374344587326,0.19334759563208,0.010900147259235,1
-0.069869518280029,0.23906084150076,0.12430050224066,1
0.15946620702744,0.16152473539114,0.052021317183971,1
-0.11397206783295,-0.067157916724682,0.038573853671551,1
0.12069469690323,-0.21187887340784,-0.021335482597351,1
-0.12657809257507,0.1400119587779,0.18584146350622,1
0.044519364833832,-0.27158243209124,0.12991882115602,1
0.10400706529617,-0.16442760080099,0.081311441957951,1
-0.0039978623390198,-0.10806775093079,0.022467941045761,1
-0.1761320233345,0.013920992612839,0.099542014300823,1
-0.14307367801666,0.03982362896204,-0.075840629637241,1
-0.038505971431732,0.1402181610465,-0.080920614302158,1
-0.26365768909454,0.046922780573368,0.047349385917187,1
-0.13978976011276,-0.12198128923774,0.15478486567736,1
0.019848227500916,0.24464904516935,0.0045230612158775,1
0.059238433837891,0.10300718992949,0.025938414037228,1
-0.018859803676605,-0.20622908324003,-0.02878949791193,1
-0.097283810377121,-0.26647094637156,-0.006872333586216,1
-0.14682170748711,0.140884809196,0.08840549737215,1
0.056289851665497,-0.21125418692827,-0.097780283540487,1
-0.048072576522827,0.05774936825037,-0.019485451281071,1
-0.24925872683525,-0.077543042600155,-0.022240437567234,1
-0.099017918109894,0.064015828073025,-0.038079753518105,1
-0.18767634034157,-0.068210728466511,0.061839453876019,1
-0.00021958351135254,0.082896716892719,-0.018702745437622,1
0.12449687719345,0.10778992623091,-0.01420309394598,1
0.039405286312103,0.2220089957118,0.1348869279027,1
-0.11458796262741,0.18789388984442,-0.022120170295238,0
-0.089994251728058,0.046959631145,0.016157634556293,1
-0.13291728496552,0.077697344124317,0.073868326842785,1
0.18472510576248,-0.2041355445981,0.0025892779231071,1
-0.06031060218811,0.13274299353361,0.03825031965971,1
0.06668359041214,-0.064915094524622,-0.022206865251064,1
-0.19184610247612,-0.1330417431891,-0.066643677651882,1
-0.099875718355179,0.16024243086576,0.017673455178738,1
0.015804350376129,0.078158743679523,0.00349111109972,1
-0.092224448919296,-0.13409405946732,0.082331411540508,1
0.07832533121109,0.16529985517263,0.022459201514721,1
0.17062020301819,-0.22586409002542,0.02113851159811,1
0.13073515892029,-0.1407777518034,0.07261561602354,1
-0.20152121782303,-0.025994367897511,0.016629166901112,1
0.032954752445221,-0.078515524044633,-0.03804475069046,1
-0.17540913820267,-0.020680963993073,0.026315785944462,1
0.046858370304108,-0.12717234902084,-0.076127946376801,1
-0.023236334323883,-0.045335162431002,-0.0045385435223579,1
-0.0088051557540894,-0.14003455266356,0.028867229819298,1
0.11241734027863,0.2381968125701,0.038025610148907,1
-0.14672589302063,0.057267419993877,-0.0077128931879997,1
0.18034201860428,0.1700449809432,0.15799082070589,1
-0.0179523229599,0.25593837350607,-0.005933590233326,1
-0.11422550678253,0.075114749372005,-0.0013049319386482,1
-0.044999897480011,0.13584490865469,0.041325516998768,1
-0.20801991224289,-0.0035555735230446,-0.093255095183849,1
-0.0715112388134,-0.076353697106242,0.019789956510067,1
-0.028916001319885,0.063177667558193,-0.050172165036201,1
-0.19563212990761,-0.14411940053105,0.064535178244114,1
-0.024473667144775,-0.11898570880294,-0.011897221207619,1
-0.21241396665573,-0.073369979858398,-0.0070235058665276,1
0.02722305059433,0.11839055269957,-0.057253301143646,1
-0.020917952060699,0.060791246592999,-0.041002608835697,1
-0.070272952318192,-0.23163149505854,-0.01597522944212,1
0.061547994613647,0.16006448119879,0.020801268517971,1
-0.093811810016632,0.034561924636364,-0.03281906992197,1
0.09941178560257,-0.25116062909365,0.009270079433918,1
-0.16680437326431,-0.071415767073631,0.051961116492748,1
-0.16496041417122,0.16563408821821,-0.081013448536396,1
0.10363286733627,-0.17027352005243,-0.015049204230309,1
0.052294850349426,-0.059908144176006,-0.0094360858201981,1
-0.14260023832321,-0.20547883957624,0.020677179098129,1
-0.14946341514587,0.19442727416754,-0.04215220361948,1
-0.099882125854492,0.1221017614007,0.0049294903874397,1
0.17417818307877,-0.21126704663038,0.086243845522404,1
0.049198687076569,-0.20679716765881,0.071451582014561,1
-0.083712160587311,-0.073011238127947,-0.045883767306805,1
-0.044281184673309,0.011369027197361,-0.012742228806019,1
-0.039384365081787,-0.07928453758359,0.019701316952705,1
-0.20760279893875,0.019992351531982,0.078415207564831,1
0.16566950082779,-0.18702305108309,-0.041076876223087,1
-0.26284396648407,-0.024065315723419,0.00096070021390915,1
0.091594874858856,-0.17130947858095,0.0085373073816299,1
-0.018120229244232,0.22631552070379,-0.062783926725388,1
-0.060548603534698,-0.14971350878477,-0.014357924461365,1
0.18469023704529,-0.16886176913977,0.12910737842321,1
-0.24419856071472,-0.037120632827282,0.12237564474344,1
0.046224355697632,-0.053428586572409,-0.0039168894290924,1
-0.048066020011902,0.065852142870426,0.0017064586281776,1
0.032185137271881,-0.28660357743502,0.060960300266743,1
0.17096853256226,0.15962436050177,-0.081871159374714,1
-0.038242340087891,0.19664835184813,-0.083475425839424,1
0.10537952184677,-0.084316931664944,-0.009694866836071,1
-0.17780944705009,-0.025575332343578,0.00084098428487778,1
0.11607539653778,0.27341299504042,0.074677564203739,1
-0.060498595237732,0.089069403707981,0.033855937421322,1
0.057580769062042,-0.049805853515863,0.0036123171448708,1
-0.17987737059593,-0.15811393409967,0.13009432703257,1
0.075030386447906,-0.074805818498135,0.013544790446758,1
-0.2432267665863,-0.024889439344406,0.12385343760252,1
-0.02060478925705,-0.15720282122493,-0.026307545602322,1
0.030190408229828,-0.09207851998508,-0.052125260233879,1
0.10951268672943,-0.19984129816294,0.09769544750452,1
-0.23330003023148,0.10357410460711,0.0091158524155617,1
-0.06438535451889,0.11718190461397,0.020398519933224,1
-0.092314481735229,-0.13783002644777,0.039773553609848,1
0.025368571281433,0.12526469677687,0.026966229081154,1
0.0041779279708862,-0.21372052282095,0.13063625246286,1
0.034826159477234,0.11353480070829,-0.0346584841609,1
-0.091379046440125,-0.16094994172454,0.021899566054344,1
-0.11630195379257,-0.24509004503489,0.085023172199726,1
0.017515122890472,-0.065969921648502,-0.020666524767876,1
-0.073757171630859,0.030560962855816,-0.023132413625717,1
0.13816493749619,-0.15842725709081,0.054473392665386,1
-0.13062280416489,0.14595768600702,0.021193869411945,1
-0.041788280010223,0.27187814563513,-0.040160797536373,1
-0.095674932003021,0.1897946819663,-0.043816275894642,0
0.048912107944489,-0.1165773589164,0.0026782378554344,1
0.047411441802979,0.27296035736799,0.013117201626301,1
-0.061340689659119,-0.12436092086136,-0.0044379234313965,1
0.13056808710098,0.22892289608717,0.11522733420134,1
-0.020448684692383,0.10713485628366,-0.072194911539555,1
-0.1568421125412,-0.12080851383507,0.053735978901386,1
-0.048018574714661,0.21921958774328,-0.055017054080963,1
-0.080738246440887,-0.24898511916399,0.12855363637209,1
-0.21433806419373,0.097055159509182,0.022087045013905,1
0.081696689128876,-0.13220899179578,0.040300019085407,1
0.09393584728241,-0.068581558763981,0.023018650710583,1
-0.14699977636337,0.040440298616886,0.01105573028326,1
0.040775239467621,-0.22596486657858,0.12223804742098,1
0.030858099460602,0.23836710304022,0.17976555973291,1
-0.18633708357811,0.077655516564846,0.13099160045385,1
-0.074750810861588,0.2388356551528,-0.053287193179131,0
-0.049511253833771,-0.19878308475018,0.086103774607182,1
0.023063778877258,-0.088273912668228,-0.0022067651152611,1
-0.10823702812195,0.054090090095997,-0.016730435192585,1
-0.063659489154816,-0.069727338850498,-0.030296541750431,1
-0.099920749664307,-0.0048746094107628,0.010436110198498,1
-0.012300610542297,-0.22460275143385,-0.043956764042377,1
-0.11361354589462,-0.13904544711113,0.032246850430965,1
-0.13900721073151,-0.020093344151974,-0.094183836132288,1
0.13734567165375,0.11342857033014,-0.085608683526516,1
0.17165440320969,0.1644614264369,-0.054610706865788,1
-0.21147006750107,-0.16473162174225,0.048784874379635,1
-0.11986449360847,0.15025009959936,0.17663646489382,1
0.10236889123917,-0.19713404774666,0.021349661052227,1
-0.16844880580902,-0.043787702918053,0.21926850825548,1
-0.12238001823425,-0.18694294244051,0.13739363104105,1
-0.1941112279892,-0.049201555550098,-0.080595105886459,1
-0.21635919809341,0.14664011448622,-0.030534140765667,1
-0.083881974220276,-0.0095714628696442,-0.019323922693729,1
-0.030283868312836,-0.17798735946417,-0.034173250198364,1
-0.092741876840591,-0.0096520334482193,-0.050229005515575,1
0.1116868853569,-0.1417990475893,-0.076261721551418,1
0.13986092805862,0.17674075812101,0.035173274576664,1
-0.14475119113922,0.059313766658306,-0.047057323157787,1
-0.064917623996735,-0.0007028728723526,-0.008945606648922,1
-0.078605085611343,-0.22941220551729,0.1515269652009,1
-0.050281792879105,-0.053645957261324,0.019005410373211,1
-0.19519838690758,-0.11352912150323,0.080106325447559,1
-0.040789484977722,0.1321020051837,-0.00055240094661713,1
-0.11230915784836,0.16276329010725,0.10495921224356,1
0.0093256831169128,0.24596690386534,-0.0048029497265816,1
-0.047152578830719,0.054596565663815,-0.051263220608234,1
0.0052263736724854,0.12753769010305,0.012618906795979,1
-0.048116862773895,-0.094644332304597,-0.017958134412766,1
-0.12503108382225,-0.17024505883455,0.099597863852978,1
-0.054588079452515,0.017099313437939,-0.0057951137423515,1
0.051844835281372,0.24217578023672,0.059304676949978,1
-0.21787863969803,0.056971065700054,0.16901644319296,1
0.13925057649612,-0.13112763315439,-0.099143907427788,1
-0.0040358304977417,0.094995431602001,-0.034411408007145,1
-0.0016413331031799,-0.12529597990215,-0.075142689049244,1
0.088102459907532,0.23334481567144,0.078650273382664,1
-0.015369474887848,-0.065558977425098,-0.023195847868919,1
-0.19838729500771,-0.11885503306985,0.09066953510046,1
-0.14551278948784,-0.054336212575436,-0.022443696856499,1
-0.12180781364441,0.13316590338945,0.068834148347378,1
0.1458540558815,-0.24851439148188,0.027891382575035,1
-0.032805502414703,-0.024049751460552,-0.016055636107922,1
-0.071389019489288,0.065389357507229,0.018678687512875,1
0.093676030635834,-0.11938894912601,-0.039329126477242,1
-0.038730800151825,-0.21778441220522,-0.030574932694435,1
-0.12937170267105,-0.15460566431284,0.11012167483568,1
-0.13414585590363,-0.0086074024438858,-0.092252850532532,1
0.062520444393158,0.19842817634344,-0.0058324113488197,1
-0.12291705608368,-0.079265067353845,0.035046331584454,1
-0.14923018217087,-0.19605793058872,0.10561410337687,1
-0.10674631595612,0.077159650623798,-0.093803152441978,1
-0.019090056419373,-0.11962630040944,-0.077470988035202,1
0.11715644598007,-0.23841168731451,0.0068901479244232,1
-0.0036340951919556,0.19488283246756,-0.069368712604046,1
-0.029631912708282,0.067376427352428,-0.045098267495632,1
0.0031206011772156,0.066851697862148,-0.026491455733776,1
0.033935606479645,0.2254775390029,-0.055475614964962,1
0.056348145008087,0.055478028953075,-0.00014966726303101,1
-0.1844510436058,0.039443798363209,0.091720141470432,1
-0.070613592863083,-0.20948922634125,-0.053620412945747,1
-0.044329106807709,-0.16898836195469,0.083827786147594,1
0.10238981246948,-0.21490060538054,-0.077309258282185,1
-0.23205742239952,-0.048073343932629,-0.065140634775162,1
0.10194879770279,0.17626216262579,0.051721788942814,1
-0.10224288702011,-0.083954907953739,0.012072674930096,1
-0.00069385766983032,-0.19007696211338,0.10442880541086,1
-0.15348613262177,-0.0075716376304626,-0.036715388298035,1
0.0081614255905151,0.13778056949377,-0.041280947625637,1
0.067209780216217,0.12403025478125,-0.087048951536417,1
-0.10664084553719,0.10398396104574,0.040272034704685,1
0.14706075191498,0.17119469493628,0.13894676417112,1
-0.11665531992912,0.083201609551907,0.053026102483273,1
-0.15280562639236,-0.14347156882286,-0.088931940495968,1
0.060433804988861,0.086874075233936,0.0078862756490707,1
0.16651391983032,0.16100057214499,0.14548151940107,1
-0.10566899180412,-0.16263575106859,-0.006277360022068,1
-0.10505691170692,-0.19872385263443,-0.075106181204319,1
0.0071848034858704,0.10956680029631,-0.06985467672348,1
-0.17650523781776,0.04083988815546,0.066975198686123,1
0.010200321674347,-0.10406535211951,0.011976264417171,1
-0.09207010269165,-0.19155379384756,0.083387203514576,1
0.13323611021042,-0.10811940021813,-0.046670876443386,1
0.12387025356293,0.09944199770689,0.0010083690285683,1
-0.0586778819561,-0.25227784365416,0.020776264369488,1
-0.019407212734222,0.063671223819256,0.008768118917942,1
-0.22148177027702,-0.049493245780468,-0.038858607411385,1
-0.055464506149292,-0.22235049307346,-0.036032550036907,1
-0.17511069774628,-0.028878226876259,0.038623414933681,1
0.10015910863876,0.20232137292624,0.19573173671961,1
-0.05755478143692,-0.2252629622817,0.064598105847836,1
-0.1178480386734,0.15196784585714,0.12469793111086,1
0.022933542728424,0.24587567895651,0.080065049231052,1
-0.081146001815796,-0.20086469501257,0.056392192840576,1
-0.047892332077026,-0.20247272402048,0.021967664361,1
0.067524254322052,-0.17671053856611,0.069416277110577,1
-0.12407931685448,0.12290997058153,0.10762970894575,1
-0.11946493387222,-0.053934190422297,-0.036643527448177,1
0.07724267244339,-0.052019733935595,-0.01683946698904,1
-0.092953205108643,0.024898998439312,0.01608432084322,1
0.091015756130219,0.16188593953848,0.012431897222996,1
0.037867665290833,-0.094947677571326,0.011542089283466,1
0.051454901695251,0.1432546004653,0.0028405413031578,1
0.00056129693984985,0.12633346766233,-0.0071698352694511,1
-0.049933016300201,0.10143499821424,0.010836012661457,1
-0.016865670681,-0.22929740697145,-0.040698692202568,1
-0.13593742251396,0.15778165310621,0.06701572984457,1
-0.091275870800018,0.05064419656992,0.035392083227634,1
-0.053544282913208,0.11158645898104,-0.0040676519274712,1
-0.09529173374176,0.063086830079556,-0.084754385054111,1
-0.097697407007217,-0.2372639849782,-0.0071944892406464,1
0.034230649471283,0.06874892860651,-0.011304698884487,1
0.11691808700562,0.19120176881552,-0.029689960181713,1
-0.20702248811722,-0.089229708537459,0.12021572142839,1
0.019055783748627,0.13174416869879,-0.063481390476227,1
-0.16123223304749,-0.12769249267876,0.10135255008936,1
-0.24207103252411,-0.054049268364906,0.086074121296406,1
-0.055261731147766,-0.078614277765155,-0.016819067299366,1
-0.14672830700874,-0.20607172697783,0.13113071769476,1
0.12199425697327,-0.16115745902061,-0.076533548533916,1
-0.15231618285179,0.13638966530561,0.066166557371616,1
-0.015567362308502,-0.041883870959282,-3.0718743801117e-05,1
-0.028456032276154,-0.02756367623806,-0.0030126497149467,1
-0.043616771697998,-0.12703112326562,-0.032535888254642,1
0.024514079093933,-0.19362200051546,0.0061285123229027,1
0.09262228012085,0.14665823429823,-0.061716489493847,1
-0.15697094798088,0.049825005233288,0.03222044557333,1
0.12635499238968,-0.15464268252254,-0.073479823768139,1
0.085492491722107,0.092436783015728,-0.013905361294746,1
0.015033006668091,-0.22203858941793,0.19342396408319,1
-0.095896989107132,0.22368647903204,0.0048891827464104,1
0.066331326961517,0.26937820762396,0.0185187458992,1
0.073644816875458,-0.049512565135956,-0.01314552873373,1
-0.19599980115891,0.015433982014656,-0.064447306096554,1
0.092945277690887,-0.19546937197447,0.020675592124462,1
0.098279654979706,-0.16676090657711,-0.016581043601036,1
-0.086675941944122,-0.047967687249184,-0.019221715629101,1
0.10754060745239,0.18417914956808,0.057586930692196,1
0.16659504175186,-0.24027941375971,-0.016542740166187,1
-0.17711091041565,-0.082344736903906,0.16282673925161,1
0.11480087041855,-0.26029611378908,-0.050329089164734,1
-0.03022289276123,-0.10432090424001,0.012657262384892,1
-0.10608315467834,-0.089016107842326,-0.075260080397129,1
-0.0054852366447449,0.23704772442579,0.034170188009739,1
-0.030209839344025,-0.082236176356673,0.0020011588931084,1
-0.097486346960068,-0.041851013898849,-0.037643648684025,1
-0.15769800543785,0.089389093220234,-0.063915602862835,1
0.17500764131546,-0.24325536936522,0.074987910687923,1
-0.24529936909676,-0.10430225683376,0.048745609819889,1
-0.12505760788918,-0.11168813332915,0.032771416008472,1
-0.069615066051483,-0.015084482729435,-0.063906386494637,1
-0.074958622455597,0.20243372768164,0.022125549614429,1
-0.088508397340775,0.0087509751319885,0.02213179320097,1
-0.19385665655136,-0.099947345384862,-0.04036657512188,1
-0.12626820802689,0.14729561656713,0.058199621737003,1
0.0012844204902649,-0.052675031125546,-0.0031949505209923,1
-0.0011667013168335,0.066082008183002,0.0020772889256477,1
-0.17514139413834,0.14246024936438,0.14023693650961,1
-0.060553550720215,-0.21227353066206,0.022662490606308,1
-0.087746113538742,-0.033492229878902,0.031754173338413,1
-0.17095482349396,-0.074629934504628,0.076852507889271,1
-0.07647442817688,0.15676712244749,0.0051417574286461,1
0.11031073331833,0.25827880948782,-0.061155296862125,1
0.010326266288757,0.091486684978008,-0.031742207705975,1
-0.078303247690201,0.15106546133757,0.037606425583363,1
-0.12299472093582,0.24716164916754,-0.0066900178790092,1
0.12805050611496,-0.24326760321856,0.016094043850899,1
-0.041750907897949,0.021611697971821,-0.014857448637486,1
0.097972214221954,-0.14728778228164,-0.030045032501221,1
-0.057016462087631,-0.035468623042107,-0.00035683065652847,1
-0.076388120651245,-0.15962019562721,0.079841069877148,1
-0.13689434528351,-0.146907646209,0.17868203669786,1
-0.23483687639236,0.015683427453041,0.052563913166523,1
0.095822334289551,-0.16937221586704,-0.071799926459789,1
-0.14758977293968,0.14863593131304,0.18771339207888,1
-0.058878719806671,-0.053482186049223,-0.012506611645222,1
-0.070437878370285,0.18877717107534,0.02794898301363,1
-0.050758719444275,0.061587803065777,-0.057464055716991,1
0.085481345653534,-0.089034829288721,-0.052989386022091,1
-0.083778947591782,0.17583777755499,0.044686384499073,1
0.11247581243515,-0.26008377224207,0.088572092354298,1
-0.087811946868896,0.11927930265665,-0.021645106375217,1
-0.042579293251038,-0.10013024887303,-0.074277199804783,1
0.009009838104248,-0.083660600706935,-0.019964627921581,1
-0.082967281341553,-0.11354123242199,0.039670221507549,1
-0.21658411622047,0.073202542960644,0.12244930118322,1
0.064095675945282,0.11657514423132,-0.034799732267857,1
0.10879570245743,-0.13147960975766,-0.010198153555393,1
-0.17492690682411,-0.18376621603966,-0.051865644752979,1
-0.02112603187561,0.064999140799046,-0.032656140625477,1
-0.0022985935211182,0.27677991241217,-0.056261882185936,1
0.052524626255035,0.22101580351591,-0.053568489849567,1
-0.1646783053875,-0.16916308552027,0.16327515989542,1
-0.15117278695107,-0.18950565159321,0.12938628345728,1
-0.073069721460342,-0.19434341043234,-0.044566370546818,1
-0.021499156951904,0.06903388351202,-0.038054250180721,1
-0.047540128231049,0.21379419416189,-0.029865093529224,1
-0.034000813961029,0.13903341442347,-0.078338645398617,1
0.062205135822296,0.17447455972433,0.078865058720112,1
0.092057049274445,-0.26054454594851,-0.036523744463921,1
-0.19857501983643,0.13566703349352,0.031321369111538,1
0.028756439685822,-0.22555204480886,0.14943670481443,1
0.042829275131226,-0.086118279956281,-0.021948054432869,1
-0.17865738272667,0.078452073037624,0.16770099848509,1
-0.05564022064209,0.16080208867788,-0.048343308269978,1
-0.015414893627167,0.14251705259085,-0.064044341444969,1
-0.014694452285767,0.27066051214933,-0.035679474473,1
0.0022017955780029,-0.13889288529754,-0.068821527063847,1
-0.0058990716934204,0.043873108923435,0.0047795549035072,1
-0.18360880017281,-0.032678224146366,0.12516842037439,1
-0.11150676012039,-0.12747571803629,-0.0055822357535362,1
0.13514673709869,0.24736147373915,0.10207878798246,1
-0.12019723653793,-0.12772157788277,-0.076066188514233,1
0.010392367839813,-0.069208344444633,-0.014588795602322,1
0.012180805206299,-0.13848082721233,-0.073741190135479,1
-0.21092668175697,0.13754516094923,-0.011182583868504,1
0.074598252773285,-0.1268543228507,-0.03644634783268,1
0.17227107286453,-0.16384801268578,-0.001153402030468,1
0.072713971138,0.18283154815435,-0.059968262910843,1
-0.010703861713409,-0.072227342054248,0.0014975368976593,1
-0.037440836429596,-0.17420675605536,0.029386930167675,1
-0.001599907875061,0.056824631989002,0.0022476390004158,1
-0.06434965133667,0.17390959709883,0.053707271814346,1
0.022371828556061,0.062631033360958,-0.015184469521046,1
-0.15613257884979,-0.18234807252884,0.030751205980778,1
-0.055936813354492,-0.23734576255083,0.015930153429508,1
-0.057483494281769,0.20242138952017,0.18709006160498,1
-0.18190941214561,-0.087998148053885,-0.077095583081245,1
0.14193427562714,-0.12381469830871,0.021947734057903,1
0.053278267383575,0.13511426001787,-0.029183611273766,1
-0.18042594194412,0.072241626679897,0.17549832910299,1
0.024765968322754,-0.062457490712404,-0.010911576449871,1
0.059252679347992,-0.18565957993269,0.033776499330997,1
-0.03568297624588,0.11680973321199,-0.0072104930877686,1
-0.01735782623291,-0.26008834689856,0.12022871524096,1
0.18061572313309,-0.19605937600136,0.0029360577464104,1
-0.024109065532684,0.16727616637945,-0.023878425359726,1
0.054148018360138,0.22108464688063,0.076414354145527,1
0.030644118785858,-0.071476154029369,0.0038976520299911,1
-0.02761846780777,0.24864470213652,-0.066955894231796,1
-0.1516669690609,0.21976199001074,0.055462293326855,1
-0.169861972332,0.11373513191938,0.085246659815311,1
-0.10371053218842,0.17317792028189,-0.01463707536459,0
-0.017266929149628,0.095360405743122,0.00062080472707748,1
0.05791825056076,0.21390249580145,0.13750524073839,1
0.13969552516937,-0.16685289889574,-0.070533834397793,1
0.013123989105225,-0.091615844517946,-0.053393498063087,1
-0.082546591758728,-0.027054905891418,0.00044167786836624,1
0.15587025880814,0.18208196014166,0.17789513617754,1
0.17353993654251,0.18286671489477,-0.045250602066517,1
0.10726326704025,0.12269511073828,0.0027155876159668,1
-0.1792303621769,-0.038694769144058,0.11990625411272,1
-0.031198680400848,0.015166088938713,-0.0040866062045097,1
0.076556384563446,0.22534140199423,0.11795400828123,1
-0.037377297878265,-0.079407799988985,0.016436293721199,1
-0.17092761397362,0.16199599951506,-0.078421138226986,1
0.10045713186264,0.25813760608435,0.0095218643546104,1
-0.039129197597504,-0.044565133750439,-0.0059683248400688,1
0.15226799249649,-0.21467041224241,-0.051885180175304,1
-0.070902824401855,-0.069827698171139,-0.045851401984692,1
-0.0014021992683411,0.19342964142561,0.0051390007138252,1
-0.071866154670715,0.038133881986141,0.022306956350803,1
0.016590654850006,0.28155197948217,-0.04181257635355,1
-0.16419461369514,-0.029627844691277,-0.045051954686642,1
0.12165832519531,0.162802092731,-0.074286289513111,1
0.10672080516815,-0.082440996542573,0.027088649570942,1
0.094837725162506,0.23857193440199,-0.072818413376808,1
0.11523014307022,-0.11677233874798,-0.024243988096714,1
-0.0033321380615234,0.09154849499464,-0.0062446668744087,1
0.067401111125946,0.23201807588339,0.17037915438414,1
-0.095945686101913,0.094451956450939,-0.047148413956165,1
-0.04955917596817,-0.050509184598923,-0.016031228005886,1
0.019939839839935,0.076183520257473,-0.032664388418198,1
-0.053922533988953,0.045471675693989,-0.038614474236965,1
-0.16195315122604,0.029152326285839,0.078348912298679,1
-0.18967059254646,-0.092933322302997,-0.062496714293957,1
0.053387582302094,0.2687579318881,-0.065381474792957,1
0.018594980239868,0.18515243381262,0.018500708043575,1
-0.084811002016068,-0.0758266299963,0.0032516047358513,1
0.041651666164398,0.071462891995907,-0.022799946367741,1
-0.036181747913361,0.062521450221539,-0.015844531357288,1
0.02762109041214,-0.095856687985361,0.012506954371929,1
0.11002713441849,-0.11175107955933,-0.076943941414356,1
-0.00019407272338867,0.051236100494862,-0.0025968551635742,1
0.11218333244324,-0.10536478133872,0.038297809660435,1
-0.22600305080414,0.10279551893473,0.13513398915529,1
0.032889425754547,0.097651161253452,0.022354908287525,1
-0.095616549253464,-0.073588069528341,-0.00091475993394852,1
0.18092864751816,-0.21712362766266,0.070266090333462,1
0.054223001003265,-0.060809180140495,-0.021389573812485,1
-0.21524053812027,0.061451934278011,0.08979294449091,1
-0.0065156221389771,-0.069839347153902,-0.030510313808918,1
-0.20957386493683,0.029631115496159,-0.080363839864731,1
-0.22539666295052,0.12048251181841,0.015373297035694,1
-0.20797580480576,-0.048401344567537,0.045995377004147,1
0.087224364280701,0.2330175563693,0.097429551184177,1
-0.087703973054886,0.11136735230684,0.041437886655331,1
0.053589642047882,-0.08067680709064,0.016915716230869,1
-0.080436646938324,0.22493305057287,0.0010578706860542,1
-0.015139162540436,-0.10664573218673,-0.045333117246628,1
-0.17527222633362,-0.019267819821835,-0.04630322009325,1
0.020928263664246,0.093524448573589,0.020223267376423,1
-0.10072684288025,0.17430051416159,-0.029979415237904,0
0.010088205337524,-0.26581779867411,0.078313209116459,1
-0.037454843521118,0.15383168309927,-0.015133395791054,1
-0.16764822602272,0.10897492617369,-0.057106755673885,1
-0.10338443517685,0.11651665717363,0.0017126873135567,1
0.13180536031723,-0.20942166447639,-0.029944613575935,1
-0.072616130113602,-0.25917967408895,0.11125939339399,1
0.20052874088287,-0.20362336933613,0.044211409986019,1
-0.04074090719223,0.0011248663067818,-0.019556768238544,1
-0.11130404472351,-0.070414477959275,0.016820915043354,1
-0.098643392324448,-0.0031473115086555,-0.045932732522488,1
-0.032728254795074,-0.05408214405179,-0.020834274590015,1
-0.025002002716064,-0.056578267365694,0.0080533400177956,1
-0.069250851869583,-0.080484915524721,-0.082084886729717,1
0.094843089580536,0.096553333103657,0.017106562852859,1
-0.029195845127106,0.11759763211012,-0.020815178751945,1
-0.16496896743774,0.02996026724577,-0.079668983817101,1
-0.12594041228294,0.14346357434988,-0.00060846656560898,1
0.12612253427505,0.21072789281607,0.049953930079937,1
0.0077646374702454,0.23317613452673,-0.019949428737164,1
0.012818992137909,0.17838972061872,-0.028486609458923,1
-0.11952719092369,0.11093594878912,-0.031102262437344,1
-0.11435854434967,0.0060041099786758,-0.0011755153536797,1
0.043864250183105,0.070842750370502,-1.237541437149e-05,1
-0.1010699570179,-0.045639965683222,-0.0065358951687813,1
-0.047080993652344,0.18428694456816,-0.087755925953388,1
-0.049933075904846,0.28242062777281,0.01060526072979,1
-0.074948877096176,0.25972261279821,0.012293584644794,1
-0.033930122852325,-0.27110037952662,0.076410867273808,1
0.056993246078491,0.079475678503513,-0.0015988722443581,1
-0.21567523479462,-0.16816814988852,0.032786823809147,1
-0.10043221712112,-0.010508380830288,0.012349404394627,1
0.15394395589828,-0.2369484230876,0.045864649116993,1
0.083372831344604,0.24070667475462,0.014701217412949,1
0.033636450767517,0.24645610898733,-0.088435851037502,1
-0.13131991028786,-0.10567448986694,0.010596491396427,1
-0.098254024982452,0.024500049650669,-0.052534162998199,1
0.13213497400284,0.17177083343267,0.088447593152523,1
0.068400263786316,0.095275573432446,-0.011387586593628,1
0.021104156970978,0.069513686001301,-0.02602680772543,1
0.052747309207916,-0.19601254910231,0.10624498873949,1
0.10945284366608,0.22545405477285,0.18140133470297,1
-0.2337988615036,-0.0075145661830902,0.040480948984623,1
0.0045331716537476,-0.13548464328051,-0.027439936995506,1
0.012789189815521,-0.066596690565348,-0.0033835917711258,1
-0.11791944503784,0.026919640600681,0.041404314339161,1
-0.16817998886108,-0.094523537904024,0.064152605831623,1
-0.087977439165115,-0.20727910101414,0.031102523207664,1
-0.25206971168518,-0.047763027250767,-0.0142717435956,1
-0.056255877017975,0.10796778649092,-0.025190211832523,1
-0.040308177471161,0.092878647148609,0.0052829161286354,1
-0.21538507938385,-0.13674993813038,0.061807237565517,1
0.099698603153229,0.156697653234,-0.084817104041576,1
0.12390637397766,0.15920063108206,0.035264864563942,1
-0.013729572296143,0.13699121028185,0.022498816251755,1
0.030401051044464,-0.23938400298357,-0.092032831162214,1
-0.049645781517029,0.20775892585516,0.13037434965372,1
0.11988335847855,-0.27863822132349,0.027366504073143,1
-0.10439071059227,-0.056854695081711,-0.027904599905014,1
-0.017946898937225,-0.043224334716797,0.0012706145644188,1
0.017124831676483,-0.16665877401829,0.039787821471691,1
-0.11152386665344,0.11416930705309,-0.058700807392597,1
0.057337641716003,0.17451568692923,0.013168565928936,1
-0.14970830082893,-0.026498071849346,0.038558341562748,1
-0.050780981779099,0.0082976296544075,-0.0086564645171165,1
-0.056174099445343,0.018672481179237,0.0070600584149361,1
0.12270027399063,0.2077020034194,0.12540281563997,1
-0.040647804737091,-0.23468206077814,-0.046898506581783,1
-0.00035011768341064,0.25392135232687,0.15700981765985,1
0.1107542514801,0.10020507127047,-0.025109887123108,1
-0.20822739601135,-0.12090564332902,-0.031732685863972,1
0.15983557701111,0.13526242226362,0.076911203563213,1
0.10055726766586,-0.12910557352006,-0.062440194189548,1
0.083567798137665,0.11625727266073,-0.0065969526767731,1
-0.19991120696068,0.095842935144901,-0.035098247230053,1
-0.093974530696869,0.016685992479324,-0.018725164234638,1
-0.11430045962334,0.15583976358175,0.21329686790705,1
0.03983461856842,-0.25319872051477,-0.061500884592533,1
-0.13167631626129,0.00081772357225418,0.016622327268124,1
-0.029962360858917,-0.12537867762148,0.019824557006359,1
0.071798384189606,-0.19889059662819,0.15457717329264,1
-0.0487260222435,0.041399173438549,-0.0048530325293541,1
-0.24644094705582,-0.040660168975592,0.12428941577673,1
-0.20504173636436,0.0031503438949585,-0.055385760962963,1
0.18729847669601,-0.1652762517333,0.19266933947802,1
0.15515214204788,-0.21354997903109,0.11308442801237,1
0.026003003120422,0.18564756959677,0.035410471260548,1
-0.15908128023148,0.002708226442337,0.0019625648856163,1
0.080172717571259,-0.14272880926728,-0.011938735842705,1
-0.082616895437241,0.19506820291281,0.16541592031717,1
-0.1695601940155,0.19745083898306,0.043205954134464,1
-0.047646045684814,0.084620453417301,-0.07151622325182,1
-0.0092524290084839,0.21036871522665,-0.00061657279729843,1
0.052484273910522,0.21861588209867,0.00144112855196,1
-0.12073475122452,-0.16381651163101,0.18436283618212,1
-0.024978160858154,0.043554939329624,-0.0047059282660484,1
-0.15148413181305,0.088886521756649,0.11960133165121,1
-0.038538694381714,0.25743698328733,-0.018458597362041,1
0.088757216930389,0.19174965471029,0.01131159812212,1
0.060109913349152,-0.15150136128068,-0.091610193252563,1
0.14670604467392,0.21316768974066,0.079762779176235,1
0.099455416202545,-0.23058120161295,0.17092765122652,1
-0.17041027545929,0.10408789664507,0.14631291478872,1
0.093843638896942,-0.25452270358801,0.042769372463226,1
0.052317917346954,-0.16974065452814,0.035846136510372,1
0.033334493637085,-0.21921014785767,0.031784497201443,1
0.14541655778885,-0.20795554667711,0.13989151269197,1
0.026977002620697,0.14106189459562,0.028915621340275,1
-0.16164299845695,-0.17248662561178,0.013320453464985,1
-0.038754045963287,0.058224521577358,0.0021573677659035,1
0.040886223316193,-0.10696628829464,-0.040879271924496,1
-0.037303745746613,-0.21754841506481,0.15120465308428,1
-0.26429384946823,0.039231412112713,0.012061454355717,1
0.063603103160858,0.056858234107494,0.0030951872467995,1
-0.15249499678612,0.12394703179598,0.079198904335499,1
0.18713182210922,-0.23394175618887,0.0080651268362999,1
0.11279875040054,-0.10035988915479,-0.031228668987751,1
0.007817804813385,-0.13950042426586,-0.073071531951427,1
0.063473641872406,-0.099365526461042,-0.015526838600636,1
0.13916712999344,-0.25977589935064,-0.024952560663223,1
-0.15383923053741,-0.14532469958067,-0.06596402078867,1
-0.098576188087463,0.10682568699121,-0.084828622639179,1
-0.24851089715958,0.072616018354893,0.078653074800968,1
-0.13964182138443,-0.14534112811089,0.18369219452143,1
0.13147753477097,0.11388870328665,0.014972023665905,1
-0.035245835781097,-0.10381683334708,0.010989047586918,1
0.061313450336456,0.17073895782232,-0.046522222459316,1
0.023324310779572,-0.13892164453864,0.030221544206142,1
-0.072246968746185,-0.16577807068825,0.075873143970966,1
0.02890145778656,-0.062329202890396,0.0022713467478752,1
0.034320473670959,0.09242919832468,-0.038906417787075,1
-0.054117113351822,0.060173742473125,-0.033138073980808,1
0.11929273605347,0.16798873990774,-0.035260207951069,1
-0.093181103467941,-0.097228263504803,-0.0070357248187065,1
-0.20186564326286,-0.025338627398014,-0.09085139259696,1
0.13208335638046,-0.21322872489691,0.14225316792727,1
-0.25204789638519,-0.071735125035048,-0.0007183626294136,1
-0.13600435853004,-0.17591288685799,-0.091169096529484,1
0.019131481647491,0.12031222134829,-0.015746295452118,1
-0.049108445644379,-0.017300829291344,-0.013876102864742,1
-0.090670138597488,0.059079863131046,-0.010552294552326,1
-0.18604776263237,-0.0492869541049,0.068555288016796,1
-0.045173346996307,-0.10288868332282,-0.022487826645374,1
0.00025725364685059,0.093669794499874,0.0067350789904594,1
-0.15618178248405,-0.10500469477847,0.17789003998041,1
-0.07749155163765,-0.014070495963097,0.019735865294933,1
0.19549226760864,0.22301694005728,-0.041105568408966,1
-0.13348934054375,-0.13803566619754,0.15444725006819,1
-0.24994194507599,-0.089018060825765,0.056383065879345,1
-0.018004715442657,-0.076357482001185,0.021160833537579,1
0.042372584342957,0.25322800129652,0.11936158686876,1
0.011964738368988,0.062989436089993,-0.0093355178833008,1
0.006722629070282,0.21516414731741,-0.065685704350471,1
-0.17646977305412,-0.195033878088,0.060044147074223,1
0.070694088935852,-0.071538241580129,0.013837434351444,1
-0.054205775260925,0.063270233571529,-0.024494282901287,1
0.095114529132843,0.084558270871639,-0.021210484206676,1
0.033033430576324,-0.20178261399269,0.11001829057932,1
-0.098565965890884,-0.23389897495508,-0.06667310744524,1
-0.079283684492111,-0.0053157359361649,-0.0033597722649574,1
-0.0025082230567932,0.098425768315792,0.018868550658226,1
-0.21342679858208,0.072470836341381,0.16200574487448,1
0.070440292358398,-0.046695455908775,0.0010847821831703,1
-0.067883282899857,-0.24743615835905,0.073076792061329,1
0.10002565383911,0.23984830826521,-0.047927603125572,1
0.053765833377838,0.12702759355307,-0.011556096374989,1
-0.076823860406876,0.23640214651823,0.069012217223644,1
-0.21288883686066,-0.050239883363247,0.072077341377735,1
-0.25818514823914,-0.019822172820568,-0.036615945398808,1
-0.21645399928093,-0.097544057061896,0.036719955503941,1
0.11926889419556,-0.10947667714208,-0.063050098717213,1
-0.05598971247673,-0.16786068677902,-0.011549741029739,1
-0.05672699213028,-0.057669509202242,-0.02361012250185,1
0.030558705329895,0.18712513893843,-0.079426988959312,1
0.028397977352142,-0.11289881356061,0.0084414631128311,1
-0.18953061103821,-0.12286183796823,0.058452568948269,1
0.064119875431061,0.23461940139532,-0.064149722456932,1
-0.024282932281494,0.097213588654995,-0.035589896142483,1
-0.062064826488495,-0.04708531498909,-0.0021820589900017,1
0.027505457401276,0.24700625985861,0.080003134906292,1
-0.16962131857872,0.14091313630342,0.11821905523539,1
-0.11863073706627,-0.035150051116943,-0.016750253736973,1
0.0054644346237183,0.13675677031279,0.013006769120693,1
0.089731335639954,0.13042899221182,-0.045971088111401,1
-0.0016335844993591,-0.11905102059245,-0.053646743297577,1
0.024355947971344,0.25307985395193,0.086515702307224,1
-0.060402512550354,-0.12777011282742,0.034967266023159,1
0.023007035255432,-0.12151828221977,0.0015258491039276,1
0.02084892988205,0.20656930655241,0.20589352399111,1
-0.0058259963989258,-0.22138399630785,0.061548545956612,1
-0.15302309393883,-0.029363922774792,0.018428884446621,1
-0.12811154127121,0.052117563784122,0.037910379469395,1
-0.23429423570633,0.059131868183613,0.014845244586468,1
-0.093266487121582,-0.087099529802799,-0.082454539835453,1
0.1324211359024,-0.20045720040798,0.18797863274813,1
-0.22663527727127,0.0079916641116142,-0.035824947059155,1
0.015801310539246,0.057001553475857,-0.0060534253716469,1
-0.21511149406433,0.045798830688,-0.002089224755764,1
-0.15291172266006,0.11116249114275,-0.096468307077885,1
0.20118618011475,0.18645369261503,0.030771397054195,1
-0.023254334926605,0.26033782213926,-0.052995756268501,1
-0.061239659786224,0.048066951334476,-0.023964241147041,1
-0.20279371738434,-0.018716268241405,-0.057077638804913,1
0.10818475484848,-0.14050589501858,-0.016032658517361,1
0.032956004142761,-0.10360018070787,-0.027844354510307,1
-0.073296785354614,-0.20581303536892,0.11144075542688,1
-0.22289782762527,0.01571062207222,-0.065020821988583,1
0.17116898298264,-0.19331804662943,-0.055107317864895,1
-0.092438459396362,0.17157223075628,0.21145225316286,1
-0.085889101028442,0.19265445321798,0.00079589337110519,1
-0.065121471881866,0.028202556073666,-0.02714541554451,1
-0.16270205378532,-0.0054354891180992,0.030892916023731,1
0.093884825706482,0.23966082185507,0.092858888208866,1
-0.1608079969883,-0.032236620783806,0.07872860878706,1
-0.090724855661392,-0.029555611312389,-0.054876796901226,1
-0.068849265575409,-0.16134177520871,0.045346140861511,1
-0.056307017803192,-0.0020828545093536,-0.0011110231280327,1
-0.16000586748123,0.088641710579395,0.076883055269718,1
-0.1639070212841,0.10083661228418,0.12835868448019,1
0.054773151874542,-0.25946768373251,-0.02776587754488,1
0.026750087738037,0.074201099574566,-0.014532923698425,1
-0.19559550285339,0.097060985863209,0.029713653028011,1
0.096847057342529,0.27097057551146,0.02878100425005,1
-0.073941022157669,0.064829789102077,-0.018344737589359,1
-0.050886869430542,0.010896906256676,0.010647617280483,1
-0.01497620344162,-0.067293860018253,-0.030857875943184,1
-0.0055111050605774,-0.19187138229609,0.065152041614056,1
0.054181754589081,-0.10773564036936,0.013633280992508,1
-0.15948423743248,-0.08079613558948,-0.088956452906132,1
-0.040660679340363,0.28374483436346,-0.0011265128850937,1
-0.20779854059219,0.14486124366522,-0.041430301964283,1
-0.14937043190002,0.093536041676998,-0.021236784756184,1
-0.10920342803001,-0.2388879135251,-0.063426367938519,1
-0.0254847407341,-0.060055065900087,0.0027810111641884,1
-0.10286781191826,0.18426083773375,0.1628725156188,1
-0.038487732410431,0.082718275487423,-0.012676574289799,1
-0.10046285390854,0.0094462931156158,-0.0078368559479713,1
0.040823400020599,-0.23265797644854,0.056189395487309,1
-0.23564839363098,0.05888807028532,0.045188464224339,1
0.10496002435684,0.2085450515151,0.023928456008434,1
-0.10245969891548,0.21113970130682,0.16065683215857,1
0.037407338619232,0.17101439088583,0.028654098510742,1
0.037619352340698,-0.19549716264009,0.10536063462496,1
-0.13779690861702,0.19581278413534,0.050253637135029,1
0.18324810266495,0.18287392705679,0.046176694333553,1
-0.11687445640564,0.16865595430136,0.05245553702116,1
0.056644141674042,-0.2092557772994,0.023095138370991,1
0.16401010751724,-0.18942400068045,0.029435731470585,1
-0.1624952852726,0.05849776417017,0.096728645265102,1
0.12275612354279,0.17306884378195,0.041818536818027,1
-0.056419909000397,0.018729075789452,0.006004773080349,1
-0.13402217626572,0.16396152228117,-0.01652454584837,1
0.18240636587143,-0.15753421932459,0.19738540798426,1
-0.06070539355278,0.11124057322741,0.041993699967861,1
-0.14981570839882,0.085722751915455,0.037220560014248,1
0.074270308017731,-0.20302111655474,0.04454443603754,1
0.047205924987793,0.10255659371614,-0.050751149654388,1
-0.06716251373291,0.053918592631817,0.0045731142163277,1
0.088702976703644,0.2033896073699,0.068229876458645,1
-0.11736026406288,-0.16402929276228,0.065183892846107,1
0.18318796157837,0.23980306833982,0.017527803778648,1
0.15689134597778,0.17863386124372,0.084097571671009,1
0.14269071817398,0.17196991294622,-0.01263202726841,1
-0.093161880970001,-0.16838999837637,0.16171593219042,1
0.16723245382309,0.15396734327078,0.0062052682042122,1
0.12472897768021,-0.23642990738153,-0.025402270257473,1
-0.041458547115326,0.044347621500492,-0.034554816782475,1
0.03456711769104,-0.07089870236814,-0.0095442458987236,1
-0.054993182420731,-0.096311746630818,-0.041068360209465,1
-0.02052903175354,-0.18517974764109,0.067498236894608,1
-0.088933348655701,0.17724104970694,0.045353733003139,1
-0.090021431446075,-0.23609534651041,-0.069114908576012,1
-0.029940783977509,0.24367444962263,-0.058321297168732,1
0.0038215517997742,-0.098475749837235,-0.0043703615665436,1
0.05435836315155,0.10753666609526,-0.005851648747921,1
0.078378200531006,0.25516360253096,0.020431034266949,1
-0.085428982973099,0.022194437682629,-0.042248621582985,1
0.05792248249054,0.22207164019346,0.12652482837439,1
-0.039374947547913,-0.15914340689778,-0.01127078384161,1
0.039551377296448,0.088146723806858,-0.0015937313437462,1
0.031749546527863,-0.19520203024149,0.061120696365833,1
0.11874496936798,0.12699504941702,0.05634530633688,1
0.048688888549805,-0.085690320469439,0.010733559727669,1
-0.10603120923042,-0.1206335965544,-0.019268982112408,1
0.1326225399971,0.17586430162191,-0.054960384964943,1
-0.12714901566505,-0.1364711523056,0.16445349901915,1
0.09622186422348,-0.24806965142488,-0.072607882320881,1
0.091902375221252,-0.093010304495692,-0.013689003884792,1
0.17794215679169,-0.1626367866993,0.17858345061541,1
-0.088780701160431,0.080339945852757,-0.018848739564419,1
-0.014551818370819,-0.082505581900477,-0.016815289855003,1
0.042208850383759,-0.26909849792719,-0.072428114712238,1
0.085051357746124,0.21520363539457,0.11660522967577,1
-0.17521697282791,0.10895282775164,-0.086713090538979,1
-0.096873164176941,0.16316344588995,0.019056521356106,1
-0.20424938201904,0.12490978091955,-0.025159575045109,1
-0.11349189281464,0.12512788921595,-0.013351149857044,1
-0.15714046359062,0.013758197426796,0.058612205088139,1
0.041118979454041,0.20130386203527,0.064484938979149,1
0.00052684545516968,-0.20128328353167,0.12171296030283,1
0.20439779758453,-0.19032034277916,-0.061582826077938,1
0.10414165258408,-0.19058026373386,0.080059565603733,1
-0.10005927085876,-0.025990419089794,0.029183514416218,1
-0.010413229465485,-0.067979790270329,-0.03841133415699,1
-0.034252226352692,0.2134161517024,0.064494535326958,1
0.046816766262054,-0.2276198938489,0.19130606204271,1
-0.13829028606415,-0.11752744577825,-0.0013882741332054,1
-0.095437288284302,-0.22029519081116,0.036582633852959,1
-0.13924646377563,0.12214729934931,0.21302706748247,1
0.073281168937683,-0.048996970057487,0.0022832974791527,1
0.06098085641861,-0.059452060610056,-0.026329062879086,1
0.11333531141281,-0.2089374512434,0.083111099898815,1
-0.13542392849922,-0.047720402479172,-0.044053494930267,1
-0.073415875434875,-0.08034323528409,0.0062735006213188,1
-0.19372695684433,0.084327481687069,0.098949380218983,1
-0.15259623527527,0.20950581878424,-0.0052898600697517,1
-0.095620930194855,-0.04896679893136,-0.0028937831521034,1
0.11037307977676,-0.15670954063535,-0.037970915436745,1
0.19682604074478,0.22732957452536,-0.015158243477345,1
0.096615135669708,-0.17789572477341,-0.00077521055936813,1
-0.17085069417953,0.087597511708736,0.016647823154926,1
-0.18157583475113,0.12548249214888,0.036923013627529,1
-0.2235968708992,0.067843027412891,0.056113861501217,1
-0.070504128932953,-0.2293835952878,0.098806045949459,1
-0.075181126594543,0.080001138150692,-0.084608912467957,1
-0.23182466626167,0.0044567957520485,-0.068168394267559,1
0.17549502849579,0.16013693064451,-0.021853916347027,1
0.090985298156738,0.24378024786711,-0.079347178339958,1
-0.12505474686623,-0.16342703253031,-0.088579975068569,1
0.078604519367218,-0.12448253668845,-0.0039575845003128,1
-0.070130944252014,0.16231473535299,-0.020773254334927,1
-0.013932526111603,-0.095214919187129,-0.00077970325946808,1
-0.028851926326752,0.21248804777861,-0.027952894568443,1
0.090924441814423,0.14954596012831,-0.043250784277916,1
-0.22034487128258,-0.089662749320269,-0.070873409509659,1
0.074246466159821,-0.080617839470506,-0.0084027722477913,1
0.04731023311615,-0.069229444488883,-0.026651330292225,1
0.055495917797089,-0.14829669892788,-0.067244708538055,1
-0.047081649303436,0.11187466233969,0.019923098385334,1
-0.045349717140198,-0.078487800434232,-0.00095125287771225,1
-0.066846340894699,-0.14578887447715,-0.019519031047821,1
0.10003906488419,-0.24021876603365,0.0225865021348,1
0.073063552379608,-0.067341811954975,0.0067579373717308,1
0.14762967824936,-0.2301723882556,-0.061318837106228,1
0.027137637138367,-0.08234354108572,-0.023646056652069,1
-0.10252413153648,0.036439515650272,0.020557977259159,1
-0.05475789308548,0.1249595656991,0.017622657120228,1
-0.14343547821045,-0.065500888973475,0.043151281774044,1
0.0017862915992737,-0.14964723214507,-0.025745891034603,1
-0.13452422618866,0.18044968694448,0.033529721200466,1
0.12657570838928,-0.188381947577,-0.09379205852747,1
-0.21327114105225,0.1684894785285,0.070352502167225,1
-0.10889920592308,0.067262701690197,0.04620211571455,1
-0.082101255655289,-0.07540967874229,0.0071410164237022,1
0.011406123638153,0.13324405997992,0.017567209899426,1
-0.025217711925507,-0.031137354671955,0.0021832063794136,1
-0.088148504495621,-0.19489803910255,0.091254509985447,1
0.151187479496,-0.13099012896419,-0.018222339451313,1
-0.18242418766022,-0.17902713268995,0.089996851980686,1
0.13481879234314,0.13246580213308,-0.073167398571968,1
0.10190904140472,0.20055546611547,0.11660345643759,1
0.14674156904221,0.18824624270201,0.0076221227645874,1
-0.14698606729507,0.012910887598991,-0.096207205206156,1
-0.19549083709717,0.061675287783146,-0.018910937011242,1
-0.13546684384346,-0.039193380624056,-0.0033023729920387,1
-0.14335468411446,-0.072033662348986,-0.05290962010622,1
-0.17290979623795,-0.14213056117296,-0.040585242211819,1
0.095555543899536,0.1801745519042,0.08051248639822,1
-0.26719829440117,-0.012637473642826,0.026594422757626,1
0.11474424600601,0.22091200202703,0.050077840685844,1
0.096087574958801,-0.25060570985079,0.013525672256947,1
-0.047208070755005,-0.070541355758905,0.0065583512187004,1
0.10382187366486,-0.078903682529926,-0.0053971484303474,1
0.15233415365219,0.20146550983191,-0.06027502566576,1
-0.10665729641914,-0.049741946160793,-0.00084016472101212,1
-0.2041352391243,0.094807915389538,-0.02408505231142,1
0.058100342750549,0.068414770066738,-0.011778317391872,1
-0.23204210400581,0.070347093045712,0.12840432673693,1
-0.10559949278831,0.0066773444414139,-0.062355875968933,1
0.067412257194519,0.23832046240568,0.073726065456867,1
0.021825671195984,0.10066340118647,0.019489109516144,1
0.022317111492157,0.07783081382513,-0.038015596568584,1
-0.086655139923096,-0.26305470615625,0.080722026526928,1
0.12331086397171,-0.21021635085344,0.0034945383667946,1
0.068870186805725,0.15974386781454,0.018193356692791,1
0.047844171524048,0.23318912833929,0.092890284955502,1
0.044510066509247,0.25586026161909,0.023811511695385,1
-0.21858873963356,0.059400595724583,0.092672921717167,1
-0.11544904112816,0.20428871363401,0.038146458566189,1
-0.071707397699356,0.11921814829111,-0.013081021606922,1
0.13699448108673,0.11802568286657,-0.047315664589405,1
0.070550858974457,0.11951298266649,0.022233486175537,1
0.048865675926208,0.19616847485304,0.075775124132633,1
0.16593962907791,-0.21542858332396,-0.083815358579159,1
0.04389101266861,-0.14676211029291,0.027239762246609,1
-0.12942224740982,-0.14120966941118,-0.012492574751377,1
0.045625746250153,-0.20501931756735,0.1644638851285,1
-0.10703271627426,0.042156629264355,-0.043237917125225,1
0.013678550720215,-0.25694411247969,0.095000214874744,1
-0.015516817569733,0.086768813431263,-0.055712103843689,1
-0.15570712089539,-0.083655834197998,0.10290683060884,1
-0.025549292564392,0.14052700251341,-0.055260203778744,1
0.053080499172211,-0.15962636098266,-0.097400944679976,1
-0.05176454782486,0.22932090610266,-0.019267693161964,1
-0.037061870098114,0.2476674541831,0.11617373675108,1
0.018595993518829,-0.26556270569563,0.10236512869596,1
-0.013761162757874,-0.17892039567232,-0.036540135741234,1
-0.081666857004166,-0.071290101855993,-0.034660749137402,1
0.1134649515152,-0.23350862413645,0.076409943401814,1
0.12263238430023,-0.14082396775484,0.0070430561900139,1
-0.012143671512604,-0.18870490044355,-0.034070014953613,1
-0.21164333820343,-0.13117842562497,0.026137433946133,1
0.060858190059662,-0.11412739008665,-0.002978228032589,1
-0.15656962990761,0.15297677367926,0.096435554325581,1
-0.036910474300385,-0.046946480870247,-0.027923218905926,1
-0.06267836689949,-0.18840412050486,-0.0053515881299973,1
-0.0011892914772034,-0.10455871000886,-0.00079343467950821,1
-0.062936037778854,0.017822898924351,0.012417249381542,1
0.12429666519165,0.23712658137083,0.15260151773691,1
0.071295082569122,0.15292304009199,-0.023804016411304,1
0.080802917480469,-0.2827520146966,-0.0071789845824242,1
0.099280774593353,-0.19423009455204,-0.023093305528164,1
-0.036825597286224,0.13365768641233,-0.031195022165775,1
-0.089748978614807,-0.1104436814785,0.026380382478237,1
-0.21962356567383,0.0184411033988,-0.038587830960751,1
-0.05316761136055,-0.095710757188499,0.021129824221134,1
0.15166670084,-0.21591691672802,0.12495198100805,1
-0.034649729728699,0.10966227203608,0.034944251179695,1
0.098648607730865,-0.1019058986567,-0.040613494813442,1
0.055946409702301,0.20371022075415,0.028428636491299,1
-0.099527090787888,-0.077967371791601,-0.072983458638191,1
-0.12362843751907,0.22647180408239,-0.02261083573103,0
0.14155495166779,-0.12534860894084,-0.012648247182369,1
0.035383999347687,0.19227909296751,-0.054072573781013,1
0.21532672643661,0.21145131438971,-0.031193591654301,1
0.029300689697266,-0.071827059611678,0.0019699782133102,1
0.080335915088654,-0.22528553754091,-0.068701326847076,1
-0.15722781419754,-0.15171440690756,0.17987047880888,1
-0.0066221356391907,0.15304978936911,-0.047287710011005,1
0.15002125501633,-0.13407014682889,0.0027684345841408,1
-0.05014356970787,-0.022598870098591,-0.027429543435574,1
-0.078577369451523,-0.22632027417421,0.039280109107494,1
0.032478392124176,-0.064200971275568,-0.023967899382114,1
-0.11076411604881,0.056052513420582,-0.062280207872391,1
-0.17810001969337,0.13681819289923,0.10598293691874,1
-0.12484073638916,-0.069372642785311,-0.056922003626823,1
-0.17223483324051,0.11511876434088,0.14447560161352,1
0.12232691049576,-0.21651185303926,-0.047565035521984,1
-0.10749083757401,-0.06584095954895,0.011218808591366,1
-0.22624433040619,-0.15298801288009,0.05851598829031,1
-0.12036693096161,0.015761122107506,-0.001662589609623,1
0.016976714134216,-0.19588853418827,-0.094902936369181,1
-0.099001199007034,-0.0014912784099579,0.030209459364414,1
-0.13821870088577,0.18672212213278,0.14091243594885,1
0.070949733257294,-0.098642986500636,0.0040857568383217,1
-0.019475400447845,-0.19526272267103,0.046920925378799,1
-0.017943203449249,-0.077853197231889,-0.018524929881096,1
0.043487966060638,-0.13821015506983,0.020136550068855,1
0.073174059391022,0.25186812132597,0.083320684731007,1
-0.022012889385223,-0.2232128828764,-0.08056303113699,1
0.11201757192612,-0.14060643687844,0.042020998895168,1
-0.10670375823975,0.13209938257933,0.094773657619953,1
0.0065804719924927,0.078679375350475,-0.00624930113554,1
-0.074750810861588,0.21786519140005,-0.06416942179203,0
0.14182412624359,0.16412981599569,0.0098126381635666,1
-0.11182221770287,0.18209230154753,-0.076304532587528,0
0.1377814412117,0.13136767596006,-0.032715111970901,1
-0.10917738080025,-0.15299010276794,-0.084845043718815,1
-0.087116181850433,-0.14314919710159,0.062583260238171,1
-0.15944683551788,-0.020580425858498,-0.085084434598684,1
-0.12288701534271,0.052034921944141,0.01731713861227,1
0.16563338041306,-0.19881792366505,0.15293129533529,1
-0.18988519906998,0.087503455579281,-0.011439226567745,1
0.068545043468475,-0.25270593911409,-0.045062862336636,1
-0.13401961326599,0.035046465694904,0.04594811052084,1
0.12929207086563,0.11910992115736,-0.0048144161701202,1
0.066644132137299,-0.04885458946228,0.0017925724387169,1
-0.039754629135132,0.082870803773403,0.016835875809193,1
0.12828212976456,-0.20569455623627,-0.043036349117756,1
0.091027975082397,0.067750670015812,-0.061183579266071,1
-0.1479526758194,0.23215644806623,0.048106007277966,1
0.045703113079071,-0.1290270742029,-0.0069641247391701,1
-0.036658465862274,0.27494566887617,0.029652819037437,1
0.011321544647217,-0.25941338390112,-0.034636832773685,1
-0.022911012172699,-0.20412386208773,-0.087487600743771,1
0.026220858097076,-0.26019073277712,0.011207230389118,1
-0.039183557033539,0.079237245023251,-0.02424294501543,1
0.14694374799728,-0.14004073292017,-0.052142940461636,1
0.06112539768219,0.091295279562473,-0.038380533456802,1
-0.011350810527802,-0.12059834972024,-0.017717994749546,1
-0.0044426321983337,-0.053138863295317,-0.010663688182831,1
0.024413764476776,-0.25419222563505,0.10266853123903,1
0.055101454257965,0.071161292493343,0.0005076602101326,1
-0.046075284481049,-0.14563837647438,-0.046637423336506,1
-0.037897884845734,-0.06413884088397,-0.041941456496716,1
0.013686835765839,0.1350577250123,0.016300953924656,1
-0.045514345169067,-0.068506188690662,-0.0249058380723,1
-0.19171321392059,0.078003935515881,0.18496411293745,1
0.089436411857605,-0.07559398189187,0.0097998753190041,1
-0.12713477015495,0.080213092267513,0.020767338573933,1
-0.092097878456116,-0.0024640411138535,-0.0562908872962,1
0.063906788825989,0.1231844201684,-0.034947358071804,1
-0.17040482163429,-0.054562639445066,-0.010213457047939,1
-0.022106111049652,0.16032787412405,-0.051273949444294,1
0.033187985420227,0.12200439721346,-0.066909156739712,1
-0.011027276515961,0.16928078979254,-0.036773771047592,1
-0.14823633432388,0.17700650542974,0.1019709482789,1
-0.02262932062149,-0.069974513724446,-0.034486182034016,1
0.16742491722107,0.15502395480871,0.17030487209558,1
0.16839575767517,0.14549144357443,-0.0071104541420937,1
-0.075310796499252,-0.079763237386942,-0.063063196837902,1
-0.14537698030472,0.089821524918079,0.010983549058437,1
0.06173700094223,-0.26580622047186,0.0047523006796837,1
0.10474091768265,0.16775753349066,-0.025444619357586,1
-0.24355664849281,0.012566365301609,0.023088000714779,1
-0.15293660759926,-0.1122628422454,0.094943217933178,1
-0.045881688594818,-0.19826236367226,0.057352118194103,1
-0.13391733169556,0.039204679429531,-0.08230160176754,1
-0.029804587364197,0.17430251091719,-0.0096714943647385,1
-0.019018948078156,0.14104037731886,0.03580729663372,1
-0.10053786635399,0.013452962040901,0.021931819617748,1
0.063640654087067,0.051839075982571,-0.021420061588287,1
-0.10221827030182,-0.13429089263082,-0.058606766164303,1
0.12076514959335,0.1311179921031,-0.014744974672794,1
0.070777237415314,-0.082041461020708,0.0034061074256897,1
0.044910490512848,-0.13912606984377,-0.0078250467777252,1
0.015081584453583,0.098604328930378,0.0057891085743904,1
0.027820646762848,0.23969393223524,-0.031937062740326,1
0.074405431747437,0.22207625955343,0.11818095296621,1
0.079092442989349,-0.22582346946001,0.00010981410741806,1
0.20511955022812,0.22143762558699,0.097322382032871,1
0.083328604698181,0.12207106500864,0.0028089284896851,1
0.13561940193176,0.11222820729017,-0.085712917149067,1
-0.034627020359039,0.1199142113328,-0.029631339013577,1
0.00036501884460449,0.11922588199377,-0.0040181949734688,1
-0.061493158340454,-0.12530625984073,-0.031212031841278,1
-0.10347712039948,0.15446641296148,-0.0093679055571556,0
-0.097487986087799,-0.15348942950368,-0.073041997849941,1
0.18055510520935,-0.18626415729523,0.16817807406187,1
0.033942639827728,0.105718575418,-0.041701108217239,1
-0.011707365512848,0.061151199042797,0.0029219016432762,1
-0.2592031955719,-0.033895201981068,0.075582899153233,1
-0.00064581632614136,-0.097344446461648,0.013082392513752,1
-0.00015479326248169,-0.050330631434917,-0.0013822466135025,1
-0.032607078552246,-0.0030383989214897,0.0017438605427742,1
0.042335748672485,0.075610138475895,-0.011426664888859,1
0.090593278408051,0.20447593182325,0.097446613013744,1
-0.062080502510071,0.16294791549444,-0.05652679502964,0
0.014670491218567,0.05772127956152,9.3035399913788e-05,1
-0.10641139745712,-0.032561950385571,-0.032960586249828,1
0.033196985721588,0.11665736883879,0.00035809725522995,1
-0.13820293545723,0.015137799084187,-0.091485720127821,1
-0.055671632289886,0.072075746953487,0.015932150185108,1
0.030919373035431,-0.2237516567111,0.13672632724047,1
-0.040672838687897,0.15266069024801,0.052374437451363,1
0.033970296382904,-0.26616231352091,0.12780595570803,1
0.0026753544807434,0.14386301487684,-0.019328124821186,1
-0.11897087097168,-0.053632576018572,-0.049129158258438,1
-0.16260480880737,0.13674648851156,0.17831320315599,1
-0.0248743891716,0.11085500568151,0.017529159784317,1
0.067222118377686,0.11540373414755,-0.01663189381361,1
-0.18254905939102,-0.10097343189409,-0.015886358916759,1
-0.12645161151886,-0.22348948568106,0.062709987163544,1
-0.20724710822105,-0.073283854871988,0.002850167453289,1
-0.089660048484802,0.20507531613111,0.074363626539707,1
-0.086619228124619,0.23737498372793,0.07361014932394,1
-0.23006212711334,-0.067042663693428,0.030161418020725,1
0.049610793590546,-0.22652984410524,0.0409299954772,1
0.087257385253906,-0.12781380861998,-0.059733502566814,1
-0.065615564584732,-0.17367408424616,0.056992143392563,1
-0.0052992701530457,-0.11871096305549,0.0078180804848671,1
0.060272574424744,0.16358148306608,-0.098077017813921,1
0.085579693317413,-0.060775939375162,-0.02972861379385,1
-0.25134736299515,-0.0070982128381729,0.024533741176128,1
-0.13150036334991,0.035794280469418,-0.092974688857794,1
-0.19726857542992,-0.082056110724807,-0.020637981593609,1
0.059014976024628,0.2097378000617,-0.048994868993759,1
-0.028295576572418,0.21338089555502,-0.059984624385834,1
-0.053765028715134,-0.15776401013136,-0.040679171681404,1
0.024255633354187,0.16671373695135,0.0046097859740257,1
0.0067400932312012,-0.13282917067409,0.017642125487328,1
-0.0052524209022522,-0.11297598294914,-0.014322780072689,1
-0.13699150085449,-0.1949969381094,-0.015813149511814,1
-0.2351890206337,-0.020411401987076,0.10919220000505,1
-0.031424820423126,-0.045835006982088,0.00037101656198502,1
0.10772931575775,0.12156776338816,-0.046878933906555,1
-0.23324623703957,0.028781034052372,0.059619076550007,1
0.020551323890686,-0.24635639041662,-0.016125999391079,1
-0.091285645961761,0.038297228515148,-0.01539284735918,1
0.0080108642578125,-0.13075527735054,-0.0091992020606995,1
-0.12574136257172,0.0029779598116875,-0.056232415139675,1
-0.022816002368927,-0.12225906923413,-0.021898873150349,1
-0.090337812900543,-0.13020144402981,-0.035915158689022,1
-0.086307346820831,0.072733007371426,-0.066165380179882,1
-0.054451435804367,-0.10232382896356,-0.037670284509659,1
-0.14140340685844,0.12773915380239,0.20352444797754,1
-0.011250674724579,0.092096082866192,-0.016694031655788,1
0.035613000392914,-0.23400428146124,0.15563774853945,1
-0.05876237154007,0.014967083930969,-0.0059519782662392,1
-0.094761103391647,-0.052565470337868,0.021338738501072,1
0.0063050389289856,-0.15352395549417,-0.023070566356182,1
-0.092112213373184,-0.059486474841833,0.033519499003887,1
0.10093802213669,0.27229817956686,0.090835876762867,1
0.11410170793533,0.19682043045759,-0.054175227880478,1
0.034473776817322,0.20413585752249,-0.03618410974741,1
-0.14799451828003,0.04440326243639,0.038669027388096,1
-0.1485887169838,0.05847292393446,0.079289622604847,1
-0.092328816652298,-0.12136123888195,-0.017571441829205,1
-0.023658692836761,-0.098063549259678,0.0080920606851578,1
0.06297641992569,-0.0538668371737,-0.0076460614800453,1
0.036562263965607,0.28255584090948,-0.0041016861796379,1
0.057847440242767,0.15287714451551,0.050000928342342,1
0.19871371984482,-0.19495116174221,0.019021563231945,1
-0.052351325750351,0.25150593370199,-0.0066539794206619,1
-0.14183673262596,-0.083326023072004,0.051973931491375,1
-0.12421602010727,0.084542028605938,-0.066943787038326,1
-0.17651852965355,-0.12575199827552,0.10527811199427,1
-0.074531108140945,-0.13252748548985,-0.035250656306744,1
0.073274075984955,-0.10918180458248,-0.059239968657494,1
-0.073542445898056,-0.2061739563942,-0.042869903147221,1
0.094382226467133,0.15941836684942,-0.060016468167305,1
0.073170006275177,-0.057294845581055,-0.0058370009064674,1
-0.0065266489982605,0.12118986994028,0.0023422688245773,1
-0.092170268297195,-0.22215569019318,0.0015079230070114,1
-0.069465756416321,0.22270532697439,0.046387702226639,1
0.10770279169083,-0.20410941541195,-0.068624094128609,1
0.096491098403931,0.076246656477451,-0.044281609356403,1
-0.095740795135498,0.091003827750683,-0.067438535392284,1
0.15109527111053,-0.17565139383078,0.076852895319462,1
0.13166397809982,-0.23684949427843,0.061433956027031,1
-0.062300115823746,-0.095240845344961,0.028075821697712,1
-0.04704886674881,-0.17950025200844,-0.023183181881905,1
-0.018302977085114,0.12055984884501,-0.059862621128559,1
-0.11352369189262,0.21390863507986,0.06480535119772,1
-0.19505351781845,0.085020758211613,0.12148969620466,1
-0.11948987841606,-0.086284852586687,0.04220774024725,1
-0.05913308262825,-0.0094974189996719,0.0046620145440102,1
-0.25354075431824,0.083307929337025,0.068244181573391,1
0.092469871044159,0.16165309399366,-0.048674434423447,1
-0.02997225522995,0.073913387954235,-0.03131840378046,1
-0.22277191281319,-0.047786500304937,0.081439010798931,1
-0.0045218467712402,0.11572491377592,-0.012028194963932,1
-0.036387979984283,-0.0917979022488,-0.058955267071724,1
0.010901391506195,0.081634558737278,-0.037012055516243,1
-0.086588829755783,-0.23803073912859,-0.032487101852894,1
-0.03975921869278,0.23275866359472,0.13299786299467,1
0.02201908826828,-0.10199169884436,-0.0027791038155556,1
-0.17880839109421,0.059772558510303,0.18228965252638,1
0.034443140029907,0.074958674609661,-0.0078632384538651,1
0.11059635877609,0.13656219094992,-0.064251370728016,1
-0.23784548044205,0.030867733061314,0.015455476939678,1
0.026224434375763,0.18179222196341,-0.060794807970524,1
-0.16274616122246,-0.13514177873731,-0.0028476491570473,1
-0.030137836933136,-0.15943626314402,-0.041639596223831,1
-0.070761263370514,0.13920674473047,-0.092842645943165,0
-0.11007684469223,0.12247208505869,0.050587438046932,1
-0.0049677491188049,0.08869194239378,0.019841425120831,1
-0.05437034368515,-0.013889089226723,-0.02160882204771,1
-0.14890307188034,0.11252946406603,0.16160332411528,1
-0.12945413589478,0.16217517107725,0.11708825081587,1
-0.011461079120636,0.16582932323217,-0.0068069323897362,1
-0.18243274092674,-0.021520301699638,0.18222377449274,1
0.017009973526001,0.079591311514378,0.014864757657051,1
-0.10922330617905,0.14930475503206,-0.048650316894054,0
0.17349451780319,-0.21223426610231,-0.049092493951321,1
0.054016292095184,-0.058123584836721,-0.012636974453926,1
-0.024331390857697,-0.093822138383985,-0.07052343338728,1
-0.023601114749908,-0.11969430558383,-0.085583321750164,1
0.19844710826874,0.17885603755713,0.093445800244808,1
-0.14076533913612,-0.10179948969744,-0.050247356295586,1
-0.027722060680389,0.051766194403172,0.0010896101593971,1
0.14737379550934,0.15745302289724,0.0088926255702972,1
-0.20748779177666,0.12472590059042,-0.010954223573208,1
0.077081739902496,-0.13494484871626,-0.025197818875313,1
0.084755659103394,0.063712291419506,-0.00074606388807297,1
-0.038762629032135,-0.0087504312396049,-0.0016020610928535,1
-0.0042453408241272,0.079616375267506,0.012046560645103,1
0.052942097187042,-0.12219943664968,-0.080163836479187,1
-0.058292418718338,0.070613496005535,-0.058540768921375,1
-0.0032298564910889,0.067704908549786,-0.0067312642931938,1
-0.058114051818848,-0.12344859167933,-0.076270334422588,1
-0.14625218510628,-0.11062862724066,0.084852613508701,1
0.17483085393906,0.17157530039549,0.045300491154194,1
-0.096859455108643,0.14054267853498,-0.036686487495899,0
-0.23573309183121,0.041645266115665,0.0045891329646111,1
0.065251529216766,-0.072119297459722,0.0030688792467117,1
0.088771760463715,0.17175831645727,-0.070236071944237,1
-0.021180331707001,-0.11607193574309,-0.028986312448978,1
0.13958132266998,0.174435518682,0.18022092431784,1
-0.10948452353477,0.018415465950966,0.014302216470242,1
-0.03107613325119,-0.079155158251524,-0.050319150090218,1
0.092833757400513,0.0703369602561,-0.037246964871883,1
0.078853249549866,0.22451391071081,0.17383537441492,1
-0.049786984920502,-0.029053993523121,-0.02537552267313,1
-0.119309425354,-0.15299368649721,0.079995773732662,1
0.072585821151733,0.072768710553646,-0.002233125269413,1
0.016768276691437,-0.24807127565145,-0.031225807964802,1
-0.099064201116562,-0.16078248992562,0.19272027164698,1
-0.16305512189865,0.089469887316227,-0.098358303308487,1
-0.021617949008942,-0.09732410358265,-0.055663086473942,1
0.067189395427704,0.054903648793697,0.006179466843605,1
-0.014595627784729,-0.088978769257665,-0.0094213411211967,1
0.10629677772522,0.12629618495703,-0.00088489055633545,1
-0.11072131991386,-0.24753085523844,0.031974107027054,1
0.092176616191864,0.23874392360449,0.00043848156929016,1
0.028577029705048,0.29222439974546,0.060165256261826,1
-0.12290149927139,-0.13472478836775,-0.0019447579979897,1
-0.12048888206482,-0.25595993548632,0.055095598101616,1
-0.04801481962204,-0.068548187613487,-0.039427228271961,1
0.024716198444366,0.24013372510672,0.15805838257074,1
0.029141247272491,0.094883106648922,-0.04359894990921,1
-0.082612723112106,-0.010809689760208,-0.040391452610493,1
0.0037643313407898,-0.18274461477995,-0.080175712704659,1
-0.024864315986633,0.2130299732089,0.073079861700535,1
-0.16403347253799,0.022204242646694,-0.091641221195459,1
0.0026934742927551,0.075837485492229,-0.036396630108356,1
-0.091009378433228,-0.009360708296299,0.019165106117725,1
0.01943564414978,0.11158608645201,-0.028916902840137,1
-0.1276770234108,0.090914525091648,-0.094694890081882,1
-0.047005414962769,0.061143048107624,0.013485141098499,1
0.0016090273857117,-0.087559229694307,0.013672031462193,1
-0.085791409015656,0.20759507268667,-0.028034240007401,0
0.065166473388672,0.15829440206289,0.0039992481470108,1
0.015074610710144,0.21539648622274,0.1666331961751,1
-0.054657280445099,-0.022157981991768,0.019418872892857,1
0.027656972408295,-0.11680242605507,-0.02360587567091,1
-0.11997246742249,-0.18564909696579,0.17590344697237,1
0.012692868709564,-0.061528880149126,0.0012367218732834,1
0.090666353702545,-0.10716571565717,-0.034335233271122,1
0.14307743310928,-0.14534918218851,0.066857315599918,1
0.14806586503983,0.14205219596624,-0.051679044961929,1
0.068857192993164,-0.10637935157865,0.0027300044894218,1
-0.0088149309158325,0.12728878110647,-0.030913643538952,1
0.13555693626404,-0.20336905866861,0.16233829408884,1
-0.1221499145031,-0.12857107818127,0.066017858684063,1
0.054785132408142,0.27412965148687,0.028938092291355,1
0.056024253368378,-0.19340769946575,0.011424534022808,1
-0.0096002221107483,-0.20967695862055,0.027932323515415,1
-0.08704274892807,-0.17030328512192,0.12429035454988,1
-0.10837608575821,-0.091889449395239,-0.097728677093983,1
0.16678375005722,-0.18643456697464,0.075667090713978,1
-0.15533286333084,0.12089348584414,0.048486687242985,1
0.12045735120773,-0.15567948669195,-0.0050919577479362,1
0.038219511508942,0.1234730258584,-0.0071632191538811,1
-0.21621641516685,-0.13239312916994,0.053606174886227,1
-0.072658836841583,0.10383192449808,-0.042719192802906,1
-0.14565408229828,-0.14572294056416,0.097979284822941,1
0.10280120372772,0.19494371861219,0.20760820060968,1
-0.014672160148621,-0.20411494374275,0.037220060825348,1
0.03619372844696,-0.14219019934535,-0.042510353028774,1
-0.035398125648499,-0.19016263633966,0.21674508601427,1
0.086649596691132,0.10697927325964,-0.077144145965576,1
0.040302157402039,0.098177559673786,-0.062701232731342,1
-0.12924209237099,0.11499341577291,0.22197050601244,1
-0.017439603805542,0.10661178082228,-0.06602168828249,1
0.098473310470581,0.07818978279829,-0.038464181125164,1
0.13353186845779,-0.11372310481966,0.0050048753619194,1
-0.04906815290451,0.020339377224445,-0.032403089106083,1
-0.025892734527588,0.13252659887075,-0.016912512481213,1
-0.043336391448975,0.010219983756542,0.0032887384295464,1
0.042324841022491,-0.14064068719745,0.032445527613163,1
-0.19179981946945,-0.0018493384122849,0.051558636128902,1
-0.12604129314423,-0.13157448172569,0.063725106418133,1
-0.20405235886574,-0.068776853382587,-0.054523602128029,1
0.020314455032349,-0.091913384385407,-0.0097233131527901,1
0.22143584489822,-0.2021836861968,0.0021027997136116,1
-0.22482731938362,-0.1144780786708,0.015978656709194,1
0.15387111902237,-0.21205765753984,0.11391209810972,1
0.069480240345001,-0.047758713364601,0.0040834918618202,1
-0.095483720302582,-0.012099236249924,-0.081673391163349,1
0.16115516424179,-0.16844691336155,0.1555492952466,1
0.061462581157684,0.062935777008533,0.0081562325358391,1
0.091685354709625,-0.081315154209733,0.020795427262783,1
-0.0026574730873108,0.17367290705442,0.00445356965065,1
0.10293900966644,0.26623686403036,0.012745432555676,1
-0.082601517438889,-0.20445541292429,-0.044529117643833,1
-0.0066357851028442,0.20396807044744,0.087483175098896,1
-0.18414601683617,0.011574819684029,0.11556481570005,1
0.092751860618591,0.27037205547094,0.085377462208271,1
0.0038343667984009,-0.21970937401056,0.20119339972734,1
0.056229174137115,-0.12478162720799,-0.079894535243511,1
-0.08139181137085,-0.10051569639472,-0.04033350199461,1
-0.13155925273895,0.046256817877293,-0.022043131291866,1
0.011218965053558,-0.14244669303298,0.023538924753666,1
-0.19298392534256,0.08979145437479,0.061362333595753,1
0.12506175041199,0.1780623421073,0.12850610166788,1
0.093760669231415,-0.19719085097313,0.21156293898821,1
-0.097795754671097,0.16967930644751,0.069585509598255,1
-0.25040575861931,-0.0029080137610435,0.080223344266415,1
0.061464190483093,0.11281806975603,-0.058186255395412,1
-0.077294558286667,-0.13541536033154,-0.053100258111954,1
-0.055358797311783,-0.25471071153879,0.13540241867304,1
-0.18485349416733,-0.10680197970942,-0.012239642441273,1
0.18775701522827,0.23992421478033,0.037316687405109,1
-0.043235838413239,0.11216310411692,0.0052128955721855,1
-0.033750236034393,0.017872340977192,0.0020476803183556,1
0.057213246822357,-0.11069492250681,-0.044531002640724,1
-0.16429454088211,0.13776812702417,0.1342706605792,1
-0.12749135494232,0.13327515870333,0.14898865669966,1
-0.14536476135254,-0.062184058129787,-0.082590393722057,1
-0.1296688914299,0.0093600302934647,-0.091718606650829,1
-0.062093675136566,0.049004070460796,0.0064682289958,1
-0.14888298511505,-0.099026657873765,0.091280199587345,1
0.078872978687286,0.05998145788908,-0.040813006460667,1
0.075370252132416,-0.134809974581,0.029377818107605,1
0.038746774196625,-0.083583233878016,-0.026755385100842,1
-0.10250446200371,-0.080923989415169,-0.01418524235487,1
0.04532653093338,-0.20844488590956,0.0072828680276871,1
0.023508846759796,0.071916081011295,-0.007400818169117,1
0.049115419387817,0.14373760670424,-0.082268454134464,1
-0.062163531780243,-0.095946671906859,0.01712604612112,1
0.066659390926361,0.19694750756025,0.042194992303848,1
-0.10561940073967,-0.15723183751106,0.017887815833092,1
-0.11753091216087,0.030439861118793,0.018898285925388,1
-0.21244716644287,-0.14428149163723,0.045262031257153,1
0.12746286392212,-0.20346955955029,0.12851763516665,1
0.031700372695923,0.059535555541515,-0.008696511387825,1
0.21013325452805,0.19202967733145,-0.074064053595066,1
-0.17062357068062,-0.033812493085861,0.07728224247694,1
-0.05659157037735,0.14944223314524,0.037810653448105,1
0.12584400177002,0.11327282339334,0.024997599422932,1
-0.20320099592209,0.03217076510191,0.14227513223886,1
0.0054374933242798,-0.2344566360116,0.14611519128084,1
-0.17090117931366,0.049564577639103,0.20580873638391,1
-0.12477761507034,-0.15149584040046,0.10432896763086,1
-0.19267046451569,0.10922033339739,0.1229484602809,1
-0.25318074226379,0.089525498449802,0.012609578669071,1
-0.1661651134491,-0.13489920645952,-0.019372351467609,1
-0.079133182764053,0.032620437443256,-0.014877341687679,1
-0.011149764060974,0.23278226703405,0.010553158819675,1
-0.051426321268082,0.198361299932,0.026627704501152,1
0.04857736825943,0.075180597603321,0.01378683000803,1
0.14520627260208,0.25494473427534,-0.0053750202059746,1
0.032058537006378,0.14926814287901,-0.03864835947752,1
-0.10560986399651,-0.2215945199132,-0.074485272169113,1
-0.037705957889557,0.027354843914509,0.0027010962367058,1
-0.21433311700821,-0.10694409348071,-0.068269245326519,1
0.098987281322479,0.27859222143888,0.043961852788925,1
-0.098170816898346,0.016878128051758,-0.031080938875675,1
0.02079164981842,0.079381994903088,0.0066844448447227,1
-0.078534573316574,-0.15611767396331,-0.094119302928448,1
-0.018852770328522,-0.057132136076689,-0.0011195242404938,1
-0.060057818889618,-0.19417227804661,-0.013933829963207,1
0.11237025260925,-0.19961134344339,0.18158102780581,1
-0.084665656089783,-0.22889188677073,0.14886287599802,1
-0.14883136749268,-0.02388484030962,0.057522796094418,1
-0.24374696612358,-0.095607402268797,0.035630442202091,1
-0.076735556125641,0.078538067638874,-0.0072581693530083,1
-0.10053151845932,0.0011369436979294,-0.056364499032497,1
-0.082074642181396,-0.075460229068995,0.03447737544775,1
0.14147567749023,-0.21416164189577,0.10269636660814,1
-0.030289351940155,0.068565331399441,0.01048582047224,1
0.0047074556350708,-0.11885218322277,-0.05024491250515,1
-0.022348523139954,-0.21652222424746,0.11378867179155,1
-0.1550544500351,-0.10044423933141,0.15178688615561,1
-0.16428992152214,-0.135382771492,0.16203711181879,1
-0.095450907945633,-0.018614657223225,-0.0020586624741554,1
-0.077243059873581,0.057900510728359,-0.013903550803661,1
0.11556416749954,0.19793324917555,-0.00067363679409027,1
-0.025833547115326,-0.090379135683179,0.0022464320063591,1
-0.055069774389267,-0.17516431212425,0.016789384186268,1
-0.13527750968933,0.23199906200171,-0.024585299193859,1
-0.1055700480938,0.18226661533117,0.14758721739054,1
-0.21472081542015,-0.037699304521084,-0.025253616273403,1
0.032188415527344,0.23927494138479,0.010354422032833,1
0.17823255062103,-0.18155144900084,-0.067081280052662,1
-0.12222692370415,-0.036519296467304,-0.080619789659977,1
-0.1935328245163,0.085847653448582,0.044993110001087,1
-0.06533345580101,0.046204797923565,-0.0006105974316597,1
0.070353209972382,0.21797888725996,0.02737844735384,1
0.096068918704987,0.13895902782679,-0.027325987815857,1
0.038701236248016,-0.22845434397459,-0.067540936172009,1
-0.00035756826400757,-0.11081521399319,-0.02402325719595,1
0.022414207458496,-0.084209034219384,0.017057545483112,1
0.1002721786499,0.078513644635677,-0.037295065820217,1
0.061196386814117,-0.10522453580052,-0.036103338003159,1
-0.11810955405235,0.076172597706318,-0.037160091102123,1
-0.024261176586151,-0.093333696015179,-0.008184127509594,1
-0.097622275352478,0.013890884816647,0.014607064425945,1
-0.140619546175,-0.036269292235374,-0.031166963279247,1
-0.039951860904694,-0.00026284903287888,-0.018332220613956,1
0.045579135417938,0.19952248781919,-0.030608616769314,1
-0.057618349790573,-0.15358113124967,-0.069009929895401,1
-0.082417339086533,0.24008997529745,0.11079234629869,1
0.0025179386138916,0.12057372182608,-0.077108420431614,1
0.18395501375198,-0.2334116473794,-0.021054975688457,1
0.062567472457886,-0.20014446228743,0.0086072608828545,1
-0.018951892852783,0.28204955905676,0.0124132335186,1
-0.15089535713196,0.056972213089466,0.041390620172024,1
-0.14392775297165,0.020674146711826,-0.061658479273319,1
-0.050920873880386,-0.1145312814042,-0.056919768452644,1
0.12016516923904,-0.12874394655228,0.052648641169071,1
0.046781420707703,0.27399765700102,0.0016127824783325,1
-0.066478073596954,-0.22725305706263,0.040026150643826,1
-0.14473557472229,0.20136024802923,0.026436887681484,1
-0.037634313106537,-0.20951225608587,-0.0045032650232315,1
0.17257088422775,-0.21927566081285,0.0058784410357475,1
0.16680282354355,-0.14491643756628,0.21090299636126,1
-0.059028446674347,0.11087407916784,-0.0025248453021049,1
-0.18176770210266,-0.0018294751644135,0.20144767314196,1
0.12419575452805,-0.20642326772213,-0.0099713951349258,1
-0.078820705413818,0.067871026694775,0.011755205690861,1
-0.019751906394958,-0.088465418666601,0.0043070763349533,1
0.047310948371887,0.16882114857435,0.0059123560786247,1
-0.09117379784584,0.15499167889357,0.07066460698843,1
-0.082590222358704,0.10984177142382,0.038458488881588,1
0.11784940958023,0.1943643912673,0.027098968625069,1
-0.2364399433136,-0.026240386068821,0.14927715808153,1
0.1223332285881,0.16611506789923,-0.095809757709503,1
0.0066426396369934,0.22128184884787,-0.068320050835609,1
-0.071389943361282,-0.2534102872014,-0.037926331162453,1
-0.20694610476494,-0.058104854077101,0.13805337995291,1
0.081344187259674,0.27825420349836,-0.012196153402328,1
-0.15628662705421,-0.060293592512608,0.067397527396679,1
0.012317955493927,-0.21168396621943,0.015563450753689,1
-0.14053204655647,-0.18021638691425,-0.029288493096828,1
-0.076143175363541,0.20805146545172,0.0025323927402496,1
-0.14904570579529,0.14523785561323,0.040264599025249,1
-0.20075067877769,-0.016292199492455,0.12005611509085,1
-0.14187079668045,0.040708743035793,0.038453124463558,1
-0.053983420133591,-0.0062536597251892,-0.0093794390559196,1
-0.23317664861679,-0.039976749569178,-0.024619460105896,1
-0.036987721920013,-0.022437833249569,-0.015939421951771,1
-0.0012207627296448,0.21062975376844,0.16549099236727,1
0.12077909708023,0.24068327993155,-0.074549078941345,1
0.10147345066071,-0.15965032204986,0.055828839540482,1
-0.040803730487823,-0.09591323742643,-0.030337937176228,1
-0.073594003915787,0.12272315472364,0.00092165917158127,1
-0.20552808046341,-0.0076070353388786,0.010829828679562,1
-0.045996129512787,-0.23299140483141,0.060496471822262,1
-0.20198690891266,0.10131917148829,0.10176768153906,1
0.15510040521622,0.16534879058599,0.04137609899044,1
-0.032946586608887,-0.052544556558132,-0.0025068745017052,1
-0.033218801021576,0.10789180546999,-0.058255970478058,1
0.032875597476959,-0.18874045461416,-0.071829117834568,1
-0.04158216714859,0.13597685843706,0.0053400546312332,1
-0.02846747636795,-0.061440248042345,0.010887540876865,1
-0.088018625974655,-0.14340342953801,-0.061957098543644,1
0.0032786726951599,-0.17664833366871,0.037013858556747,1
-0.10460364818573,0.10675307363272,-0.055913902819157,1
0.047878324985504,0.079911462962627,0.0039306059479713,1
0.056531131267548,0.075831331312656,-0.045109994709492,1
0.1481197476387,-0.16247844696045,0.18304801732302,1
0.11360228061676,-0.17675153166056,0.0003751739859581,1
0.0096797943115234,0.098535023629665,0.0011988207697868,1
-0.0079562067985535,-0.088545585982502,0.0043275132775307,1
-0.036338627338409,-0.20564345270395,-0.012846253812313,1
-0.018585324287415,-0.2538746073842,0.035928897559643,1
-0.11261528730392,-0.15294840559363,-0.020559407770634,1
0.10715860128403,0.14087361842394,-0.013327568769455,1
0.047866404056549,0.23806896060705,0.03573352843523,1
-0.14945986866951,0.13351688534021,0.11439011245966,1
-0.065912812948227,-0.067224774509668,0.017165251076221,1
-0.12569910287857,0.12286465615034,0.046096451580524,1
-0.022293031215668,-0.087636490352452,-0.016626358032227,1
0.12829083204269,-0.27383363991976,0.061568863689899,1
-0.054813086986542,-0.024326458573341,0.0045657977461815,1
0.17844080924988,0.21137242764235,0.10940489917994,1
0.019019961357117,-0.24265169352293,0.1194047704339,1
-0.21650016307831,0.0090931802988052,-0.078390084207058,1
0.14202433824539,-0.13048615120351,0.032581262290478,1
-0.10994985699654,-0.15969587117434,0.053589202463627,1
0.031619727611542,-0.25590723007917,0.1389964595437,1
-0.17876386642456,0.20224746316671,0.044482000172138,1
-0.041035234928131,-0.17874472588301,-0.049856379628181,1
0.17003530263901,-0.14477565139532,0.10535999387503,1
-0.19466516375542,-0.16161417588592,0.13039895147085,1
-0.035955727100372,0.144711188972,-0.062191873788834,1
-0.1082429587841,-0.19299910962582,0.14556505531073,1
-0.058853685855865,0.042667023837566,0.0015896335244179,1
-0.10403379797935,-0.040203128010035,-0.08235215395689,1
0.095323324203491,-0.14764912053943,-0.071420952677727,1
-0.096050292253494,-0.19701661914587,0.15005249530077,1
0.023747980594635,0.13438319414854,0.020561628043652,1
-0.07432097196579,0.066292442381382,0.022095628082752,1
-0.11017844080925,0.17374279350042,-0.051167167723179,0
-0.030568420886993,0.22516556829214,0.11146251112223,1
-0.0023477673530579,0.16611491888762,0.051293037831783,1
-0.08450922369957,0.027645133435726,-0.020518526434898,1
-0.1169784963131,-0.19582232832909,0.057743102312088,1
0.11765134334564,0.21663173288107,0.012586660683155,1
-0.14870858192444,-0.082197651267052,0.074524335563183,1
0.14141857624054,-0.11863422207534,0.050298012793064,1
-0.11286544799805,0.029899723827839,-0.020433567464352,1
-0.037468016147614,-0.055983301252127,-0.022629506886005,1
-0.050372868776321,-0.043118048459291,-0.013354159891605,1
-0.17428117990494,-0.15344289317727,0.10684115439653,1
0.077273666858673,0.086820684373379,-0.050174675881863,1
0.095852792263031,0.10965912789106,-0.065257899463177,1
-0.17290741205215,0.035409696400166,-0.088600553572178,1
-0.18813699483871,0.19780626147985,0.031105391681194,1
-0.079017639160156,0.19663222879171,0.18287653476,1
-0.067550837993622,0.043279983103275,-0.032245375216007,1
0.002432107925415,-0.071527002379298,0.0083929225802422,1
0.068321645259857,-0.097818569745868,0.010706625878811,1
0.060075581073761,-0.25553401559591,0.079914964735508,1
0.056919693946838,0.14422794431448,-0.048559620976448,1
0.13836431503296,0.11419720202684,0.029922984540462,1
0.13822019100189,0.19300224632025,0.045285657048225,1
0.10229653120041,-0.13788164034486,0.0168432071805,1
-0.043204247951508,-0.076643608510494,0.020277746021748,1
-0.21499207615852,-0.013733901083469,-0.03262247890234,1
0.099129796028137,0.10313124209642,0.01866876333952,1
-0.16606414318085,0.2061196193099,-0.027277134358883,1
-0.14349353313446,0.016636840999126,-0.062282852828503,1
0.10849547386169,-0.13869570195675,0.0028097555041313,1
-0.045068025588989,0.06323266774416,-0.0099034234881401,1
-0.09296515583992,-0.086304200813174,-0.073536224663258,1
-0.07381397485733,-0.13181452825665,-0.040909312665462,1
0.013158738613129,-0.15656208992004,-0.07018680870533,1
-0.10059720277786,0.16950639337301,0.033360980451107,1
-0.0087472796440125,-0.095929779112339,0.010539121925831,1
-0.022056460380554,0.21144234389067,0.025551371276379,1
-0.19130873680115,-0.034324437379837,-0.039407797157764,1
-0.11210563778877,0.079869799315929,0.016382895410061,1
0.050405025482178,-0.19563531130552,-0.086719419807196,1
0.080025255680084,-0.13609366118908,0.026420138776302,1
-0.014633119106293,-0.2390758022666,-0.026682451367378,1
-0.10814529657364,-0.04076074436307,0.029035575687885,1
0.058188319206238,-0.063644144684076,-0.021929360926151,1
0.16972994804382,0.18032913655043,-0.084965348243713,1
-0.10454604029655,-0.17831376940012,0.024040929973125,1
-0.034029185771942,0.14543560892344,-0.062797300517559,1
-0.036300599575043,-0.16030382737517,-0.066947147250175,1
0.044587671756744,0.13253975659609,-0.018814347684383,1
0.035013556480408,0.12392794340849,-0.0021997466683388,1
0.060115575790405,0.16412081569433,0.064899422228336,1
0.080745279788971,-0.23704167455435,0.17732102423906,1
-0.10357648134232,-0.18644084781408,0.12607411295176,1
-0.012677133083344,0.27072574943304,0.067508809268475,1
-0.064230263233185,-0.12251276895404,-0.0058145150542259,1
-0.13746720552444,0.091732300817966,-0.051071293652058,1
-0.22036910057068,0.075160600244999,0.14051703363657,1
-0.015834212303162,0.20777749270201,0.018176302313805,1
0.15107369422913,0.19508638232946,0.1149882003665,1
0.16345924139023,-0.25706029683352,0.049260675907135,1
0.041178822517395,0.073522992432117,-0.01150619238615,1
0.048350393772125,-0.13210437819362,-0.068048648536205,1
0.067154049873352,-0.20049489289522,0.026917822659016,1
-0.053092002868652,-0.019723407924175,-0.012223295867443,1
-0.0071815848350525,-0.28651858121157,0.042120315134525,1
0.068857431411743,0.16975843161345,-0.02919278293848,1
0.11752313375473,-0.17853197455406,0.00095608830451965,1
0.029527544975281,-0.17757046967745,-0.01970536261797,1
-0.033115744590759,-0.071993419900537,-0.014675810933113,1
0.15134483575821,0.20548593252897,0.063175223767757,1
-0.042665958404541,0.23479684442282,0.10794598609209,1
0.19316613674164,0.21626990288496,0.10840164870024,1
-0.19526612758636,0.11569339782,0.16346784681082,1
0.16516649723053,-0.15068762004375,0.081728301942348,1
0.013357698917389,-0.26225959509611,0.077544771134853,1
0.14022356271744,-0.19117925316095,0.17012732475996,1
-0.053891479969025,0.179686807096,-0.028432622551918,1
0.11718410253525,-0.11069731973112,-0.0027086958289146,1
0.017542898654938,0.26565029472113,0.053860232234001,1
-0.21277391910553,0.099666737020016,0.15567768365145,1
-0.092850834131241,-0.1239848099649,-0.096047572791576,1
0.14181435108185,0.21217416971922,0.098892666399479,1
-0.04573255777359,-0.26235590130091,0.026222497224808,1
-0.015071153640747,0.22196155041456,0.12628576904535,1
-0.070518851280212,-0.17661049216986,-0.039490438997746,1
-0.064827561378479,0.041850306093693,-0.054592199623585,1
-0.15380519628525,0.089281000196934,0.068106956779957,1
-0.16758269071579,-0.045874044299126,-0.056014902889729,1
-0.079564154148102,-0.24692422896624,-0.069306612014771,1
0.10807800292969,0.2710510417819,-0.018498562276363,1
0.03875344991684,0.13189072161913,-0.077080376446247,1
0.062832593917847,0.20750360935926,0.19989696890116,1
-0.063536882400513,-0.10495054256171,-0.036520786583424,1
-0.14538449048996,-0.13908917456865,0.11735744029284,1
-0.064504474401474,-0.11321878060699,-0.0066226795315742,1
-0.091392517089844,-0.04747635871172,-0.035856418311596,1
0.13526850938797,0.15004267543554,-0.019674636423588,1
0.11381083726883,0.25300892442465,0.11880444735289,1
0.21433663368225,0.19121291488409,0.036764182150364,1
-0.013167142868042,0.28679247945547,0.059292905032635,1
-0.032416641712189,-0.13693936914206,-0.0058331564068794,1
-0.12937486171722,0.18445497006178,0.10759175568819,1
0.1238659620285,0.19370057433844,0.13437329977751,1
0.026235163211823,-0.10740585438907,0.0051266774535179,1
-0.18351662158966,0.19758363813162,0.032998286187649,1
0.064390182495117,0.15071343630552,-0.095249410718679,1
0.084362208843231,0.24762111157179,0.012237131595612,1
-0.12931993603706,-0.10371482605115,-0.029471062123775,1
-0.16755709052086,0.004754513502121,0.014891915023327,1
0.17582076787949,-0.17482099682093,0.14198280125856,1
0.063266217708588,-0.24507085233927,0.15592052787542,1
-0.072582542896271,0.061771295964718,0.0092795863747597,1
-0.12148827314377,-0.029240034520626,-0.016811721026897,1
0.045466959476471,-0.10052225965774,-0.02966146916151,1
-0.13428390026093,0.096091814339161,-0.067032344639301,1
-0.083450347185135,0.04352430254221,-0.03737460821867,1
-0.036323368549347,0.039374895393848,-0.014884121716022,1
0.085321962833405,0.095686756074429,-0.061955787241459,1
-0.1432138979435,0.17060133069754,-0.057544462382793,0
-0.2124565243721,-0.059988602995872,0.080848522484303,1
-0.25516563653946,0.023693397641182,0.069475315511227,1
-0.020544230937958,-0.1545287296176,-0.042122200131416,1
-0.069918692111969,-0.025060877203941,-0.050043039023876,1
-0.0064949989318848,0.2789756283164,-0.043479576706886,1
0.011838555335999,0.16395302861929,0.014038719236851,1
0.028510570526123,-0.098830612841994,-0.01229777187109,1
-0.13540321588516,-0.010438151657581,-0.085598640143871,1
-0.059669435024261,-0.039674956351519,-0.029523953795433,1
-0.21915981173515,-0.06697716191411,0.15540309995413,1
-0.024312436580658,-0.018582127988338,0.0037791803479195,1
-0.050335317850113,-0.07480763271451,0.026776261627674,1
-0.23618173599243,0.031969331204891,-0.037657961249352,1
-0.023433804512024,0.11202036589384,-0.043741457164288,1
-0.12126266956329,-0.12970270961523,0.0038333460688591,1
-0.039465188980103,0.066722385585308,-0.0035307481884956,1
-0.21986746788025,0.049675114452839,-0.075937703251839,1
0.060175478458405,0.11378767341375,-0.078492663800716,1
0.14523333311081,-0.22922576218843,-0.058835752308369,1
-0.17090308666229,0.093339152634144,0.16923175007105,1
-0.037567675113678,0.18896915763617,0.072224296629429,1
-0.0016598105430603,0.1575094088912,-0.013003267347813,1
-0.17990475893021,0.13743331283331,0.032702036201954,1
-0.19509142637253,0.1300241574645,0.11115764826536,1
-0.049491047859192,0.0060130134224892,-0.0079529657959938,1
0.047947585582733,0.20307021588087,0.013077303767204,1
0.029894769191742,-0.07120755687356,-0.0064210817217827,1
-0.096176832914352,0.18437644094229,-0.030262909829617,0
-0.16488480567932,0.19629516452551,0.089194171130657,1
-0.190120190382,-0.025983549654484,0.14003234356642,1
-0.14916002750397,-0.12422099523246,-0.042766891419888,1
-0.072287529706955,-0.10751066217199,-0.082831539213657,1
-0.035107851028442,0.05973557382822,0.0020656511187553,1
-0.077362596988678,-0.065735280513763,0.017463512718678,1
-0.0066816806793213,-0.084261963143945,-0.053687490522861,1
0.16848653554916,0.23981311172247,0.043540425598621,1
-0.036531925201416,-0.092814152594656,-0.032277695834637,1
-0.069772958755493,-0.082879431545734,-0.052777491509914,1
-0.12764674425125,0.061631567776203,-0.0082976296544075,1
-0.015979468822479,0.13324557989836,-0.085114262998104,1
-0.14127463102341,-0.13258783519268,0.19423987716436,1
-0.12971034646034,-0.14874512702227,0.0013947561383247,1
-0.13438293337822,-0.073295406997204,-0.071822211146355,1
-0.18241009116173,0.19847115129232,0.073403425514698,1
0.026170432567596,-0.078442886471748,-0.0057318732142448,1
-0.16161602735519,-0.012631438672543,0.014277540147305,1
-0.031292736530304,0.060595311224461,-0.044085435569286,1
0.061899125576019,-0.067797910422087,0.0012176334857941,1
0.12080782651901,-0.12069362401962,0.04582517594099,1
-0.21492758393288,-0.11581809073687,-0.053105212748051,1
0.053382694721222,-0.09908768592868,0.0096682906150818,1
-0.10747179389,-0.16511138528585,0.14268789440393,1
-0.15317565202713,0.188013009727,0.081330396234989,1
-0.04529732465744,0.14895654469728,0.053569033741951,1
-0.074999541044235,0.1824126765132,0.19122948497534,1
-0.053289294242859,0.030240051448345,-0.011734955012798,1
-0.0075528025627136,-0.11931749992073,-0.082552872598171,1
0.093675315380096,0.12685965746641,-0.042209602892399,1
0.13427513837814,-0.20169102400541,-0.0297956392169,1
-0.071296483278275,-0.12161082588136,0.038585036993027,1
0.060171782970428,-0.17599716037512,-0.059050306677818,1
-0.11617675423622,0.24513553828001,0.071114562451839,1
0.16182231903076,0.19858815521002,-0.075240783393383,1
0.13761502504349,-0.24688706547022,-0.0067974627017975,1
-0.13454547524452,-0.12897859886289,0.1056516841054,1
0.020512044429779,0.10595213621855,-0.0022348836064339,1
-0.1243605017662,-0.18416554480791,-0.083274453878403,1
0.10409653186798,0.10259553045034,-0.0065814107656479,1
-0.091056287288666,-0.20067734271288,0.014255441725254,1
-0.19152939319611,-0.013220496475697,0.0087951049208641,1
-0.19906491041183,-0.0076887607574463,0.01854494959116,1
-0.091587036848068,-0.050720915198326,0.034399814903736,1
-0.019422292709351,0.037292309105396,-0.010245569050312,1
-0.13581377267838,-0.11303461529315,0.013403333723545,1
-0.026523947715759,0.08958051353693,0.018002115190029,1
-0.13917207717896,0.11224440485239,-0.070817731320858,1
-0.059619665145874,0.08205584436655,-0.018317066133022,1
-0.18953317403793,-0.020970925688744,-0.040578097105026,1
0.15827041864395,-0.15666988864541,0.17551573365927,1
-0.067849218845367,0.064808152616024,-0.035785965621471,1
0.21117222309113,0.20516087859869,-0.043396733701229,1
-0.086835861206055,-0.12056900188327,-0.03559722751379,1
-0.20782414078712,0.10412453860044,0.092819385230541,1
-0.12289550900459,0.15878605097532,0.17646745592356,1
0.12549406290054,0.11379804462194,0.041865698993206,1
-0.18104779720306,-0.0090745463967323,0.19872558861971,1
-0.099550276994705,-0.015340067446232,0.023624576628208,1
-0.042199909687042,0.12578626722097,0.016108848154545,1
0.059144139289856,-0.279122389853,0.08095196634531,1
-0.25988039374352,0.063073821365833,-0.0090746954083443,1
-0.084848642349243,0.20966025441885,-0.024781979620457,0
0.1149508357048,-0.15814098343253,0.027648530900478,1
0.046799659729004,0.16489481180906,-0.055910989642143,1
-0.20705980062485,0.01594290882349,0.0091298446059227,1
0.12331807613373,0.17897149175406,0.025944106280804,1
-0.19220599532127,-0.018358305096626,0.12110336869955,1
0.1645844578743,-0.211152382195,0.039313368499279,1
-0.043436586856842,-0.071067513898015,0.020592845976353,1
-0.047758758068085,0.079444371163845,-0.031187139451504,1
-0.11079123616219,-0.20816373080015,-0.054508022964001,1
0.076750755310059,0.15515368431807,0.021685875952244,1
0.15740305185318,-0.18308040499687,0.03840696066618,1
-0.10238355398178,0.12055381387472,-0.087692968547344,1
-0.0044178366661072,-0.083029255270958,0.0084415599703789,1
0.14068484306335,0.21162857860327,0.090839065611362,1
-0.067340075969696,0.19870346039534,0.1976253464818,1
-0.14188933372498,-0.1153968302533,-0.00026815384626389,1
-0.21429488062859,-0.15485309809446,0.042495526373386,1
0.099178194999695,0.27882795780897,0.018413186073303,1
-0.083184629678726,-0.11827874369919,0.024489812552929,1
-0.13541108369827,-0.13298948481679,-0.020733036100864,1
-0.029200732707977,-0.12143666855991,-0.041944749653339,1
-0.0044429302215576,0.10283485800028,0.0022260323166847,1
0.11298227310181,0.099845297634602,-0.054386399686337,1
-0.11099329590797,0.017465017735958,0.0087649449706078,1
-0.10827532410622,-0.21992141753435,-0.030180081725121,1
-0.090096741914749,-0.2575706616044,0.051243141293526,1
0.13113254308701,-0.10738921631128,-0.0015892013907433,1
0.020275712013245,-0.22205314040184,0.19235364347696,1
-0.054257929325104,0.013415455818176,-0.018149457871914,1
-0.19368109107018,-0.069157749414444,0.02891581505537,1
-0.034928739070892,-0.04611449688673,0.00045190006494522,1
0.037542462348938,0.12649623304605,0.031714424490929,1
-0.099251925945282,0.10474831610918,0.002749465405941,1
-0.057645380496979,0.18945672363043,0.18159372359514,1
-0.042194545269012,0.11963198333979,-0.079009056091309,1
-0.064969658851624,-0.24171706289053,-0.021361745893955,1
-0.17555516958237,0.16606026142836,0.10404052585363,1
-0.034732639789581,-0.26704398542643,0.054267421364784,1
-0.085969567298889,0.058592312037945,-0.033955149352551,1
-0.061831176280975,-0.045914363116026,-0.055916346609592,1
0.05687940120697,0.26359900087118,0.1070446446538,1
-0.10158786177635,-0.03727413713932,-0.075567126274109,1
0.081226050853729,-0.11826487258077,-0.042226113379002,1
-0.1392562687397,0.18790730088949,0.14613720029593,1
-0.1234558224678,0.0059100463986397,-0.058921687304974,1
0.11022061109543,-0.21571854501963,-0.029419764876366,1
-0.20948851108551,0.17191722244024,0.02501342445612,1
-0.085558891296387,0.19466137140989,0.078008554875851,1
-0.11509168148041,0.19258969277143,0.15126953274012,1
0.10337656736374,-0.18636429309845,0.12971062213182,1
-0.14596021175385,0.19981720298529,0.084384985268116,1
0.11272269487381,-0.1684420183301,0.069750107824802,1
-0.031225621700287,0.066994838416576,0.015102438628674,1
-0.050241380929947,-0.045524507761002,-0.020350255072117,1
-0.23219799995422,0.034870676696301,-0.040088728070259,1
-0.093741655349731,-0.065343827009201,-0.073623783886433,1
0.0077143907546997,0.21038683503866,0.012069053947926,1
-0.04200690984726,-0.062755480408669,0.016071386635303,1
-0.088359385728836,-0.10629250761122,-0.0019103959202766,1
-0.038371741771698,0.093292839825153,-0.025667957961559,1
0.0042411088943481,-0.14713211730123,0.0051468834280968,1
-0.10784780979156,-0.18366864323616,-0.0061847269535065,1
-0.10774052143097,0.019347906112671,-0.005906380712986,1
-0.028788149356842,-0.20642744749784,-0.048466585576534,1
-0.10506626963615,0.03355897217989,-0.031958989799023,1
-0.058644205331802,-0.14792365208268,-0.0474808588624,1
0.043511509895325,-0.29080677777529,0.031314961612225,1
-0.0062967538833618,-0.11588832363486,-0.035758227109909,1
0.13238793611526,0.23358833044767,-0.024354085326195,1
-0.088048368692398,0.13063106685877,-0.02206689864397,1
-0.075100272893906,0.1837223097682,-0.049740850925446,0
0.12815862894058,0.16167189925909,0.061837077140808,1
0.072607815265656,0.087036065757275,-0.005378320813179,1
0.16304695606232,0.22793688625097,0.044745795428753,1
-0.031151115894318,-0.091737823560834,-0.025400131940842,1
0.061635434627533,-0.11493959371001,-0.0062808468937874,1
-0.085320204496384,-0.14365153387189,-0.094467349350452,1
0.00056707859039307,0.058297745883465,-0.014761112630367,1
-0.056769043207169,0.031487919390202,0.0060001537203789,1
-0.13235756754875,-0.17041239887476,0.052495263516903,1
0.0766282081604,-0.12949373759329,-0.090136744081974,1
-0.023670077323914,-0.05069113522768,-0.008389987051487,1
-0.12385523319244,-0.072889838367701,-0.018813617527485,1
0.12882977724075,-0.16891891509295,-0.02152457088232,1
0.1267893910408,0.15607806295156,0.036660216748714,1
0.10542672872543,-0.2078005746007,0.020534120500088,1
0.1022977232933,-0.15428595617414,0.046249687671661,1
0.074467122554779,-0.065006379038095,-0.0055370107293129,1
-0.10335910320282,-0.096992023289204,0.025378994643688,1
-0.070494592189789,-0.26912050694227,0.086539126932621,1
0.17384946346283,-0.17449796944857,-0.059155754745007,1
-0.17145335674286,0.13776027411222,0.038160853087902,1
-0.042465507984161,0.25542616099119,0.1109676733613,1
0.041382730007172,0.07932972162962,0.01029596477747,1
0.066867232322693,0.061135493218899,0.0050704479217529,1
0.12443083524704,-0.14575384184718,0.0027037337422371,1
-0.14693176746368,-0.14913411438465,0.043136395514011,1
-0.11490830779076,-0.10925933625549,-0.031609036028385,1
-0.18702399730682,-0.16497887670994,0.11400117725134,1
0.1222351193428,-0.1167302839458,-0.091734670102596,1
-0.22362619638443,0.12117812782526,0.038386292755604,1
-0.16224345564842,0.010703697800636,-0.083286214619875,1
0.034338295459747,0.10289143770933,-0.051826655864716,1
-0.16902226209641,-0.18693014979362,-0.026907883584499,1
-0.06442391872406,-0.26416603475809,0.11082042008638,1
-0.17525580525398,-0.055506862699986,-0.052672021090984,1
-0.18421825766563,-0.17848165333271,0.086347512900829,1
-0.12655803561211,0.19796320050955,0.023750551044941,1
-0.0019194483757019,-0.24229442328215,0.055271930992603,1
0.13048046827316,-0.20310608297586,0.046502687036991,1
-0.077232182025909,-0.15263932198286,-0.096222616732121,1
-0.14533615112305,-0.060676548629999,-0.082766674458981,1
0.08596283197403,-0.12435566261411,-0.065650746226311,1
-0.17596888542175,-0.006592184305191,-0.019017495214939,1
-0.03213632106781,-0.09282297315076,0.01054298132658,1
-0.11596429347992,0.15369083732367,0.20873964577913,1
-0.0053478479385376,0.23894809931517,0.12997008115053,1
0.0043953657150269,0.086041070520878,-0.05366487801075,1
-0.10190883278847,-0.043535694479942,-0.086699277162552,1
0.072991907596588,0.16625764220953,-0.084907948970795,1
-0.065712571144104,0.21252652257681,0.096047319471836,1
-0.11805489659309,-0.17559487372637,-0.059895694255829,1
0.046954035758972,0.073510937392712,-0.0034176409244537,1
0.16174882650375,0.21523221582174,0.14375551789999,1
-0.074695110321045,-0.12338374182582,-0.065915293991566,1
-0.040730595588684,0.056570418179035,-0.029668845236301,1
-0.032505452632904,-0.2035736516118,-0.072191715240479,1
0.16865384578705,-0.22287330776453,0.072919048368931,1
-0.11869534850121,0.11298608034849,0.063574753701687,1
-0.027471601963043,-0.17526607215405,0.022296614944935,1
-0.20630419254303,-0.077073788270354,-0.054181680083275,1
-0.2069143652916,-0.0038068145513535,0.052629970014095,1
-0.029663026332855,-0.1750371530652,0.037157237529755,1
0.036863088607788,-0.085295490920544,0.016891799867153,1
-0.051401615142822,-0.038780882954597,0.017624400556087,1
-0.14850357174873,0.12427475303411,-0.096028320491314,1
0.022340774536133,0.08917474001646,-0.029745735228062,1
-0.017550647258759,0.23559036105871,-0.09047020599246,1
-0.066616088151932,-0.036300860345364,-0.043019227683544,1
-0.020082950592041,-0.18327537924051,-0.068569831550121,1
-0.1383740901947,0.14799665659666,0.062783308327198,1
-0.18799111247063,0.041830085217953,0.10161741822958,1
-0.045192837715149,0.17502608150244,-0.092918902635574,1
-0.057050555944443,-0.11190761998296,0.0042319819331169,1
0.066642642021179,0.17208471149206,-0.065777815878391,1
-0.11428689956665,-0.060795210301876,0.0014287456870079,1
-0.011517286300659,-0.11893948353827,-0.028449632227421,1
-0.11171779036522,-0.072004407644272,-0.00028402358293533,1
-0.096635520458221,0.072523273527622,-0.054748870432377,1
0.035563349723816,0.080128110945225,-0.020451746881008,1
-0.027419626712799,-0.0020627528429031,0.006106473505497,1
-0.17047545313835,-0.076940687373281,-0.018780954182148,1
-0.16581320762634,-0.15172266960144,0.17120515555143,1
-0.12144622206688,0.11123815923929,-0.022124014794827,1
-0.18090981245041,-0.15074916556478,0.062929518520832,1
-0.24065053462982,0.065351076424122,-0.011903144419193,1
-0.13186275959015,-0.11613671295345,0.077152214944363,1
0.0011623501777649,-0.13235259801149,-0.022013746201992,1
0.0044336318969727,0.21335672587156,-0.046239033341408,1
-0.15237575769424,0.11950667947531,0.033065713942051,1
-0.18883985280991,0.14124342054129,0.09804580360651,1
0.10302948951721,-0.14100620523095,0.018769361078739,1
-0.10888087749481,-0.21752247959375,-0.020133130252361,1
0.10838007926941,0.13880979269743,0.061887681484222,1
-0.0069406628608704,-0.10172558552586,-0.0034026578068733,1
0.084658563137054,0.14089673012495,-0.080076843500137,1
-0.040561556816101,-0.075644038617611,-0.0017141923308372,1
-0.17652273178101,-0.049344420433044,-0.027468703687191,1
0.16234409809113,-0.25279644876719,0.083008714020252,1
-0.17218047380447,0.035836704075336,0.19670090824366,1
0.062101662158966,-0.24355255812407,-0.05237802118063,1
-0.11943408846855,-0.22219145298004,0.074459172785282,1
-0.066544532775879,-0.039551291614771,-0.014227159321308,1
-0.054747134447098,-0.099423104140442,-0.066117994487286,1
0.056321322917938,-0.25081980973482,0.099067039787769,1
0.030180811882019,0.11342423409224,-0.014822885394096,1
0.081618547439575,-0.19954459369183,0.080976538360119,1
-0.1666507422924,-0.14719166979194,0.11534617096186,1
0.10007059574127,-0.081083299592137,-0.041337601840496,1
-0.10234183073044,0.15490864962339,-0.05777058750391,0
-0.031996846199036,0.16445159167051,0.062149129807949,1
-0.11907166242599,0.16290464252234,0.059104554355145,1
0.15797460079193,0.16976364701986,0.19543737918139,1
0.13521593809128,-0.11496536340564,-0.094422966241837,1
-0.046617448329926,0.27345242351294,0.021974094212055,1
0.019341707229614,-0.15231178700924,-0.072016142308712,1
0.15645176172256,0.232376717031,0.0048994496464729,1
-0.065989851951599,0.018429800868034,0.01121573895216,1
-0.14816254377365,0.16684081405401,0.097139276564121,1
-0.050175130367279,-0.16743715107441,-0.027175389230251,1
-0.00058233737945557,0.10202362388372,-0.0099088326096535,1
0.11282759904861,-0.1435836032033,-0.04772163182497,1
0.099083125591278,0.085119627416134,-0.046274848282337,1
-0.19480776786804,-0.0095751509070396,0.18384660035372,1
-0.14707052707672,0.14613098651171,0.1599735096097,1
0.022443175315857,0.23677586764097,0.087890662252903,1
-0.17908254265785,-0.16066442802548,-0.060746349394321,1
0.027534604072571,-0.070457005873322,-0.020036540925503,1
0.022562384605408,0.17522232979536,0.058740325272083,1
-0.036506354808807,0.048507548868656,-0.030814848840237,1
0.05658620595932,0.16932194679976,0.067677348852158,1
-0.18718332052231,0.14164669066668,0.05539820343256,1
0.053154468536377,0.27067514508963,0.052920587360859,1
-0.16054138541222,0.11659360677004,0.19576609879732,1
-0.17201861739159,-0.18346684426069,-0.011848308146,1
-0.084046900272369,-0.10510546527803,0.0029945597052574,1
0.019176363945007,-0.2059435620904,-0.077132880687714,1
0.089644491672516,0.14708707481623,-0.082736037671566,1
-0.020569562911987,0.1794598326087,0.0252945125103,1
0.13102942705154,-0.12682640366256,-0.020222194492817,1
0.0023854374885559,-0.094413663260639,0.012135595083237,1
-0.10109177231789,0.09071459621191,0.055021591484547,1
0.0068151950836182,-0.13326650485396,0.033627800643444,1
-0.015793561935425,-0.1002719909302,0.019960947334766,1
-0.11991137266159,-0.17113284766674,0.14766214042902,1
0.12990289926529,0.15394555777311,0.074251301586628,1
-0.13356626033783,-0.073614364489913,-0.046613253653049,1
-0.063056468963623,0.26672323793173,-0.021443240344524,1
0.0048720836639404,-0.23904157429934,-0.03974124789238,1
0.064200699329376,0.25737126916647,0.082085810601711,1
-0.095099210739136,-0.25028274208307,0.017534576356411,1
-0.083567708730698,0.22792115062475,0.015836596488953,1
-0.033495128154755,0.055727295577526,0.0091426596045494,1
-0.13635140657425,-0.1000937888748,0.03003866225481,1
-0.10695886611938,0.038057453930378,-0.051964953541756,1
0.10505741834641,0.22404100745916,-0.044150829315186,1
-0.068255245685577,0.19478186219931,0.13776861876249,1
-0.0071836709976196,0.16712608188391,0.069135747849941,1
0.059136092662811,0.08729138225317,0.019792579114437,1
0.061549365520477,0.064495913684368,-0.011120975017548,1
-0.054092198610306,-0.11511368118227,-0.0080517455935478,1
0.094385385513306,-0.19304491579533,-0.0054019466042519,1
-0.12773245573044,-0.097531486535445,0.01690686494112,1
0.16374397277832,-0.15441511571407,0.030470691621304,1
0.073566555976868,-0.22487447410822,-0.089472893625498,1
0.1643413901329,-0.20973113924265,0.078439228236675,1
-0.15720403194427,-0.08370946161449,0.11651297658682,1
-0.068635761737823,0.10046040266752,0.034734852612019,1
-0.14223834872246,0.12481913715601,-0.034755758941174,1
0.046257078647614,-0.12369647249579,-0.017704211175442,1
-0.021041929721832,-0.068934556096792,-0.035199321806431,1
-0.043876826763153,0.12077916413546,0.01643431186676,1
-0.058301359415054,-0.21356564760208,-0.093556746840477,1
-0.11435681581497,-0.07809192314744,-0.05309934169054,1
0.078380167484283,-0.23309839516878,0.096913106739521,1
-0.077977150678635,-0.21539882570505,0.033940814435482,1
-0.033126413822174,-0.15855863317847,0.035391233861446,1
-0.052036166191101,0.052744217216969,-0.016218356788158,1
-0.088219583034515,0.064235620200634,-0.060155928134918,1
-0.12017405033112,-0.20752066373825,0.0098800137639046,1
0.057856678962708,-0.091167011298239,-0.019605189561844,1
0.01665073633194,0.071208752691746,-0.0048165842890739,1
0.054623007774353,-0.1370599232614,0.031315736472607,1
-0.12803202867508,-0.04654385894537,-0.08187285810709,1
0.15968281030655,-0.18528883159161,0.025300554931164,1
-0.015983283519745,-0.11178991291672,0.031096808612347,1
0.042133629322052,-0.12836437486112,0.034889750182629,1
0.063092231750488,0.075874470174313,0.012400165200233,1
-0.0077816843986511,0.24011411517859,-0.072738140821457,1
-0.10007899999619,0.16275938600302,0.19118081778288,1
0.14860993623734,0.12744504958391,0.0099226459860802,1
-0.082880735397339,-0.070467960089445,0.021468140184879,1
-0.019955456256866,-0.16185582056642,-0.071583822369576,1
0.055655658245087,0.12473835796118,-0.012091912329197,1
-0.10304507613182,-0.12036930583417,0.053997419774532,1
-0.16611739993095,0.086574263870716,0.061091937124729,1
0.1892117857933,0.2338697835803,0.060002252459526,1
0.15880608558655,0.19894465059042,0.17581061273813,1
-0.061357289552689,-0.24296668916941,-0.066554218530655,1
0.0063770413398743,0.077841557562351,-0.018506325781345,1
-0.063134849071503,0.074641413986683,0.01538298279047,1
-0.02679443359375,0.21470918506384,0.16735423356295,1
-0.071286886930466,-0.11116336472332,-0.00221236795187,1
-0.10912764072418,-0.20868644118309,-0.027735494077206,1
-0.043582141399384,-0.20051603764296,-0.039956785738468,1
-0.078097969293594,-0.18930673599243,0.13191387802362,1
0.12830251455307,0.21624483913183,0.11881140619516,1
0.060784876346588,0.15565105527639,-0.057825364172459,1
0.037511825561523,-0.19885630905628,-0.10108049213886,1
0.16664958000183,0.23186122626066,0.11356925219297,1
-0.065305769443512,0.013807475566864,0.0097347274422646,1
-0.19838547706604,-0.024920061230659,-0.075902201235294,1
0.025069057941437,0.06472485512495,-5.9299170970917e-05,1
-0.022843897342682,-0.20138878375292,0.12546546012163,1
0.083038449287415,-0.095790673047304,-0.019313864409924,1
-0.10587444901466,0.11578226834536,0.042173273861408,1
0.14657783508301,-0.22474274039268,0.040347144007683,1
-0.15093296766281,0.16698580235243,0.049244321882725,1
-0.075987428426743,-0.20095021277666,0.038375534117222,1
-0.067955106496811,0.23563327640295,-0.053655870258808,0
0.15324300527573,-0.15264009684324,0.21770793944597,1
-0.11697459220886,0.064302317798138,-0.088772170245647,1
-0.0087255835533142,-0.14942409098148,-0.067123830318451,1
0.047086179256439,-0.23449634760618,-0.0029770284891129,1
-0.049062430858612,-0.040247928351164,0.0078668817877769,1
-0.061030387878418,-0.136310338974,0.041780784726143,1
-0.059476345777512,-0.15701080113649,0.071161933243275,1
-0.23258262872696,0.052372686564922,0.099229864776134,1
-0.18953776359558,-0.077077820897102,0.049863062798977,1
-0.20257836580276,-0.11117017176002,-0.050561316311359,1
-0.079283237457275,0.040496222674847,0.013144485652447,1
0.049649298191071,-0.14920166507363,-0.0928571857512,1
0.015980064868927,0.2356073781848,0.17844972759485,1
-0.026354432106018,0.071016110479832,0.0056144073605537,1
-0.10784050822258,0.13804020732641,-0.0073590949177742,1
-0.019026935100555,-0.24372271448374,0.16146517544985,1
-0.14639681577682,0.16485764831305,-0.084790743887424,1
-0.11468106508255,-0.13335057348013,0.10082637518644,1
-0.16074013710022,0.081892408430576,0.1825495287776,1
-0.15630224347115,-0.13379428163171,0.017209716141224,1
0.058951079845428,-0.20432532578707,0.028413362801075,1
-0.024608433246613,0.14160833507776,0.022033706307411,1
0.031195402145386,0.06612653285265,0.0012030676007271,1
0.0066452622413635,-0.07900664024055,0.0017518326640129,1
-0.17757657170296,0.044075138866901,0.09491740912199,1
0.087133228778839,-0.20634594559669,0.070755861699581,1
-0.13074064254761,0.1162489131093,0.04628699272871,1
-0.13899910449982,0.20541667193174,0.014914877712727,1
-0.15706771612167,-0.050008784979582,-0.023052908480167,1
-0.090863406658173,0.17085381597281,-0.0055918917059898,1
-0.19095629453659,0.052197642624378,-0.085192404687405,1
0.037280738353729,-0.13393569737673,-0.0880306661129,1
-0.056566059589386,0.080807872116566,0.0099904611706734,1
-0.107954621315,0.091632179915905,-0.039888300001621,1
-0.093479186296463,-0.15746906772256,0.072549737989902,1
0.02694833278656,-0.17764429003,0.026995696127415,1
-0.15027445554733,0.11886482685804,-0.056719042360783,1
-0.046387374401093,0.23160310834646,-0.093152470886707,1
0.0038110613822937,-0.091553533449769,-0.0026150271296501,1
0.024764358997345,0.10665004700422,-0.051790095865726,1
-0.2084011733532,0.11442828923464,-0.084533989429474,1
-0.067576766014099,0.026580311357975,-0.0062608495354652,1
-0.040894746780396,-0.071098936721683,0.021707363426685,1
0.14041179418564,0.24383702129126,0.074714116752148,1
-0.080378144979477,-0.10716750938445,0.023296438157558,1
0.082800149917603,-0.2684837654233,0.12209724634886,1
-0.0179083943367,-0.07641914114356,-0.047019146382809,1
0.04196685552597,-0.097830716753379,-0.049663208425045,1
0.017908692359924,0.10364948958158,-0.038893468677998,1
0.038548529148102,0.16577642410994,-0.068812437355518,1
-0.096819043159485,0.22907330840826,-0.032332204282284,0
-0.094738692045212,-0.11709096468985,0.069215528666973,1
-0.038584172725677,0.039358861744404,-0.0064976736903191,1
0.043053030967712,0.097420908510685,-0.021971791982651,1
0.22492331266403,-0.20691168308258,-0.032505102455616,1
-0.065752506256104,0.0048566162586212,0.018282659351826,1
0.083376109600067,-0.19993407279253,0.062115162611008,1
-0.10619869828224,0.04390112310648,0.014677055180073,1
-0.12781086564064,0.13006336241961,-0.091098062694073,1
-0.063599944114685,-0.10931442119181,0.043512284755707,1
0.0069601535797119,0.066913522779942,-0.00077874213457108,1
0.028083741664886,-0.2798990085721,0.10629058629274,1
-0.21003755927086,-0.091709007509053,-0.038782477378845,1
-0.057595133781433,-0.096343102864921,0.029240638017654,1
-0.032449126243591,-0.015988402068615,-0.0073829516768456,1
-0.085475713014603,0.039305739104748,-0.044437855482101,1
-0.087943017482758,-0.16895940154791,0.12335366755724,1
-0.049199938774109,0.083826832473278,0.025140933692455,1
0.10626113414764,0.10604410618544,-0.055814184248447,1
0.17160558700562,-0.22334913164377,-0.070012576878071,1
-0.022816836833954,-0.12546586431563,0.023829929530621,1
-0.07808780670166,-0.082710163667798,-0.0081441923975945,1
-0.10795783996582,-0.016188077628613,-0.088081646710634,1
0.03254371881485,-0.081409415230155,-0.002765841782093,1
-0.09495997428894,-0.17686562240124,0.17314284294844,1
0.1046844124794,-0.19244437664747,-0.046703420579433,1
0.052828907966614,0.28395705670118,0.020310632884502,1
0.14271438121796,0.20726533979177,0.12492967396975,1
-0.062530636787415,-0.14405765011907,0.052930429577827,1
0.038282215595245,0.12854876369238,0.010954014956951,1
0.10354626178741,-0.19124060124159,0.12515721470118,1
-0.16706454753876,-0.11314233019948,0.010077320039272,1
0.13782823085785,0.22075315564871,0.022861644625664,1
0.063633620738983,0.16760315746069,0.071954540908337,1
-0.034145653247833,-0.19370522350073,0.02183885872364,1
0.023600697517395,-0.10706688510254,-0.056510999798775,1
0.078700542449951,0.22416018694639,0.13127870112658,1
0.090811192989349,-0.13779523596168,-0.034149564802647,1
-0.028794825077057,-0.065821349620819,-0.01195078343153,1
-0.093772828578949,0.06549296528101,-0.068326741456985,1
0.11426472663879,0.19809415191412,0.14895721524954,1
0.057012498378754,-0.18210177868605,0.04344204813242,1
0.064642906188965,0.13457504659891,0.0080365762114525,1
-0.062728464603424,0.14245045930147,-0.076118148863316,1
-0.072357386350632,0.0062762275338173,-0.043347433209419,1
-0.053722888231277,-0.017693065106869,0.016153283417225,1
0.0012539625167847,-0.096799763850868,-0.044925436377525,1
0.087468981742859,0.078948222100735,-0.0064468011260033,1
-0.18757855892181,0.13446492701769,-0.0041845366358757,1
0.056188344955444,0.0567911490798,-0.00015490502119064,1
0.14021790027618,0.17252393811941,0.13494715839624,1
0.038927793502808,0.14656584709883,-0.014842920005322,1
-0.22165280580521,-0.057974394410849,0.074635706841946,1
-0.18925368785858,-0.10388078843243,0.039389379322529,1
-0.081927090883255,-0.090391681529582,-0.057089067995548,1
-0.12063300609589,0.11042270809412,0.082949541509151,1
-0.034275949001312,-0.046245269477367,-0.038438536226749,1
0.079427659511566,-0.066187180578709,-0.023513562977314,1
-0.17122912406921,0.1084388718009,-0.047934971749783,1
-0.05292209982872,-0.19935745000839,0.19330383092165,1
-0.0063396096229553,-0.19242642074823,0.074192501604557,1
0.047199428081512,0.23534782975912,-0.0083348229527473,1
-0.10312956571579,0.24292712658644,0.063289768993855,1
0.20439833402634,-0.19776962697506,-0.032493643462658,1
0.09532243013382,0.23432715982199,0.0068895891308784,1
0.11976736783981,-0.12119336612523,0.011832319200039,1
0.080894768238068,-0.21451213210821,0.16011718660593,1
-0.10165575146675,-0.066592682152987,0.0024084523320198,1
0.023938655853271,0.22608014196157,0.19734466820955,1
-0.22338506579399,-0.014854870736599,0.036285065114498,1
-0.04107677936554,0.10634521394968,-0.0022640004754066,1
-0.11067408323288,-0.056019939482212,-0.016988672316074,1
-0.089210569858551,0.080914221704006,0.029563628137112,1
-0.11760202050209,0.061172731220722,-0.0094914212822914,1
0.16918808221817,-0.17034954577684,-0.043722204864025,1
-0.19040903449059,-0.0005035400390625,-0.019482307136059,1
-0.19358488917351,0.013208299875259,0.13702506572008,1
0.076920330524445,0.19626983255148,-0.052187696099281,1
-0.10342729091644,0.1189027056098,0.078764863312244,1
-0.0087867379188538,-0.071402054280043,-0.01447444409132,1
0.041664659976959,0.12908095866442,-0.044795759022236,1
0.14355337619781,0.1648533269763,0.12228662520647,1
-0.15655571222305,-0.21485800296068,0.020888715982437,1
0.14685845375061,-0.12288779206574,-0.078903295099735,1
-0.068976938724518,0.124700717628,-0.010507203638554,1
-0.055971533060074,-0.076306499540806,0.021114148199558,1
-0.17349010705948,-0.071527840569615,-0.026466429233551,1
-0.097292006015778,0.054040290415287,0.038406722247601,1
0.061010539531708,0.24482729285955,0.086138047277927,1
-0.078234881162643,-0.025521039962769,-0.0027777776122093,1
-0.094751298427582,0.21502711623907,0.081764064729214,1
-0.1521729528904,-0.16071945428848,0.14389214664698,1
-0.068275809288025,0.014443263411522,-0.030655026435852,1
0.009134829044342,-0.18268665671349,0.088065527379513,1
0.017072677612305,-0.090346349403262,-0.0094334855675697,1
-0.00024628639221191,-0.086070874705911,0.0087690353393555,1
-0.15802994370461,0.20039307326078,0.079691506922245,1
0.018211483955383,0.23588009923697,0.042978510260582,1
0.13674432039261,0.25154425948858,-0.016494639217854,1
-0.16990420222282,-0.1872374266386,0.088972382247448,1
0.041422426700592,0.18139129132032,-0.051547080278397,1
-0.023668110370636,0.19448950141668,0.041505821049213,1
-0.14189726114273,0.034294180572033,0.0013954117894173,1
0.12600469589233,0.26072975248098,-0.01858001947403,1
-0.16192376613617,0.06616035848856,-0.030030310153961,1
-0.066633850336075,0.0059280395507812,-0.057279698550701,1
-0.095408082008362,0.023590050637722,0.032741121947765,1
0.014281988143921,0.25024550408125,0.057956553995609,1
-0.06329271197319,-0.19354175776243,-0.0087294429540634,1
0.074532389640808,0.10409746319056,0.026791140437126,1
0.11201584339142,0.10293721407652,-0.078290708363056,1
-0.05727607011795,0.23438646644354,0.024341873824596,1
-0.097455203533173,-0.016846090555191,-0.019897751510143,1
0.15312129259109,-0.24911656230688,0.11387050896883,1
-0.072255104780197,-0.00055249780416489,-0.056582070887089,1
0.12507158517838,0.18211212009192,0.042933508753777,1
-0.086170554161072,-0.079194247722626,-0.015619687736034,1
-0.044632852077484,-0.0059182718396187,-0.030184991657734,1
0.0045059323310852,-0.15758574008942,0.058794341981411,1
0.048914194107056,-0.072718072682619,0.0053326785564423,1
-0.019520163536072,0.21045466512442,0.078893609344959,1
-0.18110570311546,-0.050965096801519,-0.056355029344559,1
-0.12251392006874,0.033289484679699,-0.089956268668175,1
0.013037145137787,-0.24554044753313,0.076823361217976,1
-0.19228053092957,0.082908444106579,0.10183187574148,1
-0.060019969940186,0.23314889520407,-0.087650172412395,1
-0.13588511943817,0.12595697492361,0.10411193221807,1
-0.12160557508469,-0.13019424304366,-0.097581304609776,1
0.076352298259735,0.067642234265804,0.0040773004293442,1
-0.1734336912632,0.1490518823266,0.083333097398281,1
-0.069362312555313,-0.050457283854485,0.013585366308689,1
-0.10391837358475,0.072711668908596,0.041515953838825,1
-0.2342109978199,-0.081514427438378,0.10108818858862,1
0.05161988735199,0.26166059821844,-0.069515645503998,1
-0.082128375768661,-0.17340279370546,0.10467926412821,1
0.073226511478424,0.066875539720058,0.014486327767372,1
-0.1274648308754,-0.15056826174259,-0.017289690673351,1
-0.021656632423401,0.081328369677067,-0.020400017499924,1
0.09670490026474,0.12150634080172,-0.023258671164513,1
0.18715393543243,-0.16584200412035,-0.023580364882946,1
0.11190265417099,-0.12705222703516,-0.051161549985409,1
-0.10494276881218,0.18095283955336,0.13479841500521,1
0.0094625353813171,-0.18563271313906,0.034531064331532,1
-0.029756307601929,0.15743993967772,-0.09486772865057,1
-0.004645049571991,-0.15862473845482,-0.022829607129097,1
0.12114232778549,-0.20789524912834,-0.045739620923996,1
-0.055719941854477,-0.043141718953848,-0.040308937430382,1
-0.13103657960892,-0.025346711277962,-0.016714967787266,1
-0.0043736696243286,0.077893234789371,0.0094802230596542,1
0.077903985977173,0.079076938331127,-0.0087559819221497,1
-0.082651913166046,0.048470519483089,-0.0086758956313133,1
0.17053246498108,0.16878651827574,0.0084582343697548,1
0.040748178958893,0.055776216089725,-0.0075813755393028,1
-0.13161760568619,-0.12650912627578,0.095215447247028,1
0.060749590396881,-0.074782487004995,-0.034897565841675,1
-0.05489182472229,-0.022222563624382,-0.020562194287777,1
-0.00043261051177979,-0.23459703475237,0.12540829926729,1
0.062794744968414,-0.15081522986293,-0.051309697329998,1
-0.17456036806107,-0.086687878705561,0.14969728142023,1
0.028672397136688,-0.10728605138138,0.0042739510536194,1
-0.10906705260277,-0.23044653981924,0.056904926896095,1
0.028434097766876,0.18257334083319,0.085778824985027,1
0.090374171733856,-0.26705502718687,0.1135313436389,1
0.16245198249817,0.20086326450109,0.10870095342398,1
-0.088802397251129,0.11630291491747,-0.084717370569706,1
0.047805368900299,0.14058911055326,0.0030466988682747,1
-0.19372713565826,0.073956571519375,0.049282900989056,1
-0.061526149511337,0.26009636372328,0.11058244854212,1
-0.072164177894592,0.046051152050495,-0.021123491227627,1
-0.11044603586197,0.15599634498358,0.01256050914526,1
0.12932127714157,-0.18636164069176,0.055787019431591,1
-0.17972460389137,-0.11215413175523,-0.061269953846931,1
-0.054210871458054,0.081852234899998,0.00039815157651901,1
0.05313915014267,-0.10043469874654,0.016805365681648,1
0.084851384162903,-0.08262437582016,-0.0027210935950279,1
-0.026827335357666,0.089806862175465,-0.0071042850613594,1
0.0071380138397217,0.18628533929586,0.016484126448631,1
-0.1795871257782,0.099142678081989,0.097442083060741,1
-0.22095721960068,-0.0042417719960213,0.013409696519375,1
-0.14430803060532,0.22720398753881,-0.0032435581088066,1
0.041406869888306,0.13465542346239,-0.026024617254734,1
0.019830942153931,-0.14489520713687,0.0080463960766792,1
0.0046876668930054,0.22194769233465,0.045911617577076,1
0.093969345092773,0.095253221690655,-0.029155373573303,1
-0.095770567655563,-0.15350605547428,-0.097788706421852,1
-0.078758269548416,-0.11932031437755,-0.069553576409817,1
0.1044984459877,-0.23287323862314,0.087920852005482,1
-0.21098560094833,-0.10918354429305,-0.010774545371532,1
-0.0026061534881592,-0.22206420451403,-0.0821173787117,1
-0.14243370294571,-0.026886336505413,0.031656540930271,1
-0.092896342277527,-0.093410081230104,0.014317862689495,1
-0.071241080760956,-0.026942864060402,-0.050379246473312,1
-0.0080971717834473,-0.1907697096467,-0.063685655593872,1
0.058731436729431,0.22267573326826,-0.029394462704659,1
-0.2573943734169,-0.044249475002289,-0.0098685398697853,1
-0.01883190870285,-0.093244131654501,-0.068395256996155,1
-0.033029079437256,0.19029142707586,0.091528169810772,1
-0.13771879673004,0.033948339521885,-0.066762499511242,1
0.03068208694458,-0.25143327564001,-0.071391351521015,1
-0.085674345493317,0.097547598183155,-0.049127824604511,1
-0.019805371761322,-0.12594466097653,-0.015550903975964,1
0.012935996055603,0.23032613843679,0.0050456300377846,1
0.075680553913116,0.24377163499594,0.072181947529316,1
0.1617830991745,0.23221065849066,0.041064582765102,1
0.15982043743134,-0.16757690906525,0.05661203712225,1
-0.063710272312164,-0.072811350226402,0.018897615373135,1
-0.083628743886948,-0.11598891578615,-0.081746749579906,1
-0.10285192728043,-0.21039595454931,0.12347657233477,1
-0.086899846792221,0.015458829700947,-0.061633095145226,1
-0.093149572610855,-0.23804891854525,-0.049900718033314,1
-0.090983897447586,0.0030672177672386,-0.07587706297636,1
0.10523068904877,0.22290339320898,0.0063018500804901,1
0.1275417804718,0.18770994991064,0.1247393861413,1
0.1019412279129,0.12553607672453,0.017723478376865,1
-0.087949901819229,-0.01035001128912,0.014005221426487,1
-0.090959310531616,0.024669803678989,-0.050277583301067,1
-0.032997190952301,-0.046259842813015,-0.034563817083836,1
-0.16397497057915,-0.076094426214695,0.18221674114466,1
0.048956513404846,-0.23864812403917,0.069309256970882,1
-0.11015716195107,-0.15410201996565,-0.018320955336094,1
0.089445114135742,0.17935153096914,-0.086562152951956,1
-0.1262601017952,0.08792994171381,-0.080014251172543,1
-0.063879013061523,0.047718651592731,-0.0081300213932991,1
-0.071675449609756,0.20769193023443,-0.085792750120163,0
-0.18593943119049,0.015001952648163,0.12783157080412,1
-0.014527857303619,-0.058663807809353,-0.032477512955666,1
0.034301817417145,0.15569188445807,-0.08043210208416,1
-0.22249993681908,-0.036217167973518,0.1319612339139,1
-0.063788384199142,-0.17846486717463,-0.07772821187973,1
0.10667139291763,-0.085139894858003,0.014448337256908,1
-0.050293922424316,-0.019175857305527,0.007030688226223,1
0.054714798927307,0.18993761390448,0.074672006070614,1
-0.12367153167725,-0.079529773443937,0.0071452930569649,1
-0.18709221482277,-0.057950910180807,0.075748570263386,1
0.038379073143005,0.096954725682735,-0.039545372128487,1
-0.053718149662018,0.010459132492542,-0.0064493641257286,1
-0.10783103108406,-0.25695026665926,0.058895014226437,1
-0.026409685611725,0.10210811346769,-0.0018564015626907,1
0.063187479972839,-0.10248993011191,0.005570262670517,1
0.024030029773712,-0.22913301736116,0.097053088247776,1
0.048177182674408,-0.24559234827757,0.058439202606678,1
-0.011745154857635,-0.068624868988991,0.0039159283041954,1
0.059502184391022,0.15841483324766,-0.041715934872627,1
-0.08357572555542,-0.063776426017284,0.030681781470776,1
-0.19686213135719,-0.14729988574982,0.13768770545721,1
-0.12187570333481,0.054577015340328,-0.030854649841785,1
-0.18222987651825,-0.0048503652215004,0.16498909145594,1
-0.20885470509529,-0.10848653782159,0.019901029765606,1
0.007956326007843,-0.08708150871098,-0.0092909410595894,1
-0.017269313335419,0.089388974010944,0.02332454174757,1
0.033770561218262,-0.27615923434496,0.064400382339954,1
0.17211085557938,-0.17210058122873,-0.022855438292027,1
0.013052940368652,-0.074843632057309,-0.00091426819562912,1
0.17738473415375,-0.172782368958,0.022072710096836,1
-0.042679369449615,0.060555629432201,0.0098658874630928,1
-0.14914026856422,-0.01437259465456,-0.012624867260456,1
0.027414441108704,0.091074995696545,0.0060270503163338,1
-0.25107306241989,0.015353098511696,0.022511281073093,1
0.044428586959839,0.090427152812481,-0.041241958737373,1
-0.17901915311813,-0.012820012867451,0.088735930621624,1
-0.0328009724617,-0.092611204832792,0.016508974134922,1
-0.042489290237427,0.16098194569349,0.037631534039974,1
-0.17727741599083,-0.074470890685916,-0.076333783566952,1
-0.041718006134033,0.029816798865795,-0.00065139681100845,1
-0.018925070762634,0.22785171121359,-0.067563749849796,1
-0.12803480029106,0.22785129398108,-0.024162881076336,0
0.070970594882965,0.16446291655302,-0.064900733530521,1
0.0018777847290039,-0.13219851627946,0.018368221819401,1
-0.0091748833656311,-0.15548078343272,-0.091942436993122,1
-0.017213821411133,0.25446321815252,0.12671818584204,1
0.036165833473206,0.20220639556646,-0.095704644918442,1
-0.006676197052002,0.17845123261213,-0.00064390897750854,1
0.010497570037842,-0.10762023879215,0.0042485296726227,1
0.1913520693779,-0.21556022763252,-0.052137069404125,1
-0.044848144054413,-0.026877418160439,-0.0016962960362434,1
0.014504075050354,-0.12936647795141,-0.075874365866184,1
0.014494836330414,-0.21813897043467,0.11411378532648,1
-0.15920010209084,-0.17127080261707,-0.012500040233135,1
-0.021255910396576,-0.13575930893421,-0.021576382219791,1
0.043155550956726,0.074487291276455,-0.020358942449093,1
0.06505274772644,0.07845101505518,0.01233084499836,1
0.064760208129883,0.1125420704484,-0.024868860840797,1
-0.043970286846161,0.019831888377666,0.0014771297574043,1
-0.14155578613281,-0.11034410633147,0.20038578659296,1
-0.009559690952301,-0.092341665644199,-0.059003427624702,1
-0.040939807891846,0.20449178665876,-0.081451043486595,1
-0.18667715787888,-0.026375219225883,0.1881964430213,1
-0.06121164560318,-0.157341260463,-0.038287051022053,1
0.082068502902985,0.11482670158148,-0.068962417542934,1
0.0036664009094238,0.11099631339312,0.011281631886959,1
0.1346378326416,-0.18056977540255,0.11089757829905,1
-0.11917957663536,-0.078102078288794,-0.013453088700771,1
-0.028678357601166,-0.17243327200413,0.055428571999073,1
0.043765246868134,0.1027617380023,-0.042453601956367,1
0.067996859550476,0.15592148154974,0.018334738910198,1
-0.15395173430443,0.17511226981878,0.05603464692831,1
-0.10629740357399,0.061236135661602,-0.043459974229336,1
-0.0060468912124634,-0.22694069892168,-0.068727247416973,1
-0.01568216085434,-0.14209708943963,-0.03000333160162,1
-0.029346704483032,0.020315863192081,0.0049699917435646,1
-0.12273225188255,-0.088905999436975,-0.078857079148293,1
-0.093891620635986,-0.061857096850872,0.037064231932163,1
0.18903207778931,-0.21028181165457,-0.032431073486805,1
-0.16126066446304,-0.17772769927979,0.13685897737741,1
0.20225137472153,0.20216005295515,0.12350758165121,1
-0.1214736700058,-0.15527893602848,0.0052567794919014,1
0.16836374998093,-0.16942186653614,0.072092168033123,1
-0.21267727017403,0.03249753266573,0.01749774068594,1
-0.033093214035034,0.11807448416948,0.016702733933926,1
0.063096344470978,0.20558195561171,0.12041717022657,1
-0.13079398870468,0.15820612758398,0.08748035877943,1
-0.1053062081337,0.019798956811428,-0.021990843117237,1
-0.031781613826752,-0.11881243251264,0.010035820305347,1
-0.16377317905426,0.17900111526251,-0.060807920992374,1
0.064705491065979,0.047983981668949,0.0040915682911873,1
0.1328963637352,-0.16676577180624,-0.058870740234852,1
-0.078691273927689,0.17845871299505,-0.059325307607651,0
-0.20551723241806,0.045138202607632,0.12575640529394,1
-0.11223775148392,-0.1637222468853,0.033968187868595,1
-0.16210854053497,0.0031326338648796,-0.028089173138142,1
0.080670058727264,0.19623430818319,-0.027549616992474,1
0.0070107579231262,0.17982905358076,0.068004600703716,1
0.048552811145782,0.21970268338919,0.1969328597188,1
-0.0064916610717773,-0.16028503328562,-0.038646690547466,1
-0.053730547428131,0.0111453384161,-0.038788750767708,1
0.072835564613342,0.23864721506834,0.037231713533401,1
-0.20268079638481,-0.10903650894761,-0.084590211510658,1
0.020680069923401,0.12629499286413,-0.011830657720566,1
-0.12683910131454,-0.026877492666245,-0.048094183206558,1
-0.063701659440994,0.024761267006397,0.01393861323595,1
0.063391506671906,-0.12325307913125,0.010448969900608,1
0.12668639421463,-0.10799763351679,-0.024937935173512,1
0.16286736726761,0.17675661295652,0.0025686547160149,1
-0.14990389347076,0.13006324321032,-0.088616542518139,1
0.052079856395721,-0.11647393740714,0.029842145740986,1
-0.069328010082245,-0.231036670506,0.13431223481894,1
0.055756866931915,0.22315575927496,0.18011524528265,1
0.067582964897156,-0.1288024764508,0.027016513049603,1
0.070191383361816,0.20067452639341,-0.082549415528774,1
-0.092036455869675,-0.063753627240658,-0.037288330495358,1
-0.052599400281906,-0.18617694824934,0.11024851351976,1
-0.019724309444427,0.2041979059577,0.016686961054802,1
-0.19412034749985,0.035182811319828,-0.022143639624119,1
0.036666750907898,0.22551917284727,0.1039866283536,1
-0.049101769924164,-0.22795117646456,0.068721115589142,1
0.043738067150116,-0.094655414577574,-0.011447064578533,1
0.17660313844681,-0.18306240439415,0.084142915904522,1
0.12127429246902,-0.16137461364269,0.017732821404934,1
-0.12031930685043,0.15348192304373,0.044981129467487,1
-0.18066295981407,-0.014589063823223,0.012521259486675,1
0.14479976892471,0.16383948177099,0.085576750338078,1
-0.067151606082916,0.060770727694035,-0.017057873308659,1
-0.00099837779998779,0.13449632376432,0.036024533212185,1
-0.026196718215942,0.17858939617872,-0.071132235229015,1
0.12730044126511,-0.15604418516159,0.023020528256893,1
-0.08871141076088,0.10551793128252,0.016203008592129,1
-0.18206962943077,-0.028050497174263,0.09289974719286,1
0.076223731040955,0.07572091370821,0.0012462511658669,1
-0.24557971954346,0.011139005422592,-0.025937892496586,1
0.053770184516907,0.10535757988691,-0.012229450047016,1
0.08166229724884,0.1035617813468,0.011943072080612,1
-0.040942370891571,-0.054702397435904,-0.025736652314663,1
0.073913395404816,-0.080589719116688,0.022893182933331,1
-0.06612166762352,-0.020969353616238,0.0022136047482491,1
0.043695867061615,-0.094582649879158,0.0067285373806953,1
0.018135964870453,0.15825816243887,0.038255386054516,1
-0.01764303445816,-0.15560251101851,0.025645107030869,1
0.034719467163086,0.17335437983274,-0.040728338062763,1
-0.040243089199066,-0.037438042461872,-0.020642332732677,1
-0.030110836029053,0.040429122745991,-0.016530059278011,1
-0.12886303663254,-0.15521011129022,-0.046019904315472,1
0.042944610118866,-0.090110435150564,0.0047419145703316,1
0.055896401405334,0.089505009353161,-0.035430200397968,1
-0.095242202281952,0.17061283439398,-0.0036059245467186,1
-0.16619580984116,0.055087246000767,-0.096786431968212,1
0.028585493564606,-0.25456238538027,0.048041380941868,1
-0.045818865299225,-0.023382984101772,0.009509302675724,1
-0.030171990394592,0.072620429098606,0.011716030538082,1
-0.11468407511711,-0.20447853207588,0.13962448388338,1
0.052716195583344,-0.21858604997396,-0.070052564144135,1
0.054339289665222,-0.075378276407719,0.012645334005356,1
-0.063357621431351,0.094731353223324,0.031473778188229,1
-0.14475145936012,-0.18704690784216,-0.018156610429287,1
-0.042645812034607,0.11990647763014,0.031824834644794,1
0.039629638195038,-0.06088012829423,0.005305714905262,1
-0.1653918325901,-0.15386274084449,-0.064463667571545,1
0.035145819187164,0.21099805086851,0.073802061378956,1
-0.13201382756233,-0.24123983830214,0.056068874895573,1
-0.10698509216309,0.17096158117056,0.069244273006916,1
-0.13926470279694,-0.22351858764887,0.061355084180832,1
0.071423292160034,0.21175955981016,0.07603282481432,1
-0.062853217124939,0.00013533979654312,-0.027391739189625,1
0.0060027837753296,-0.18147880584002,0.0082991570234299,1
-0.0081903338432312,-0.081040155142546,-0.016529023647308,1
0.0087165832519531,0.11818095296621,0.021063186228275,1
-0.052376449108124,-0.0018659308552742,-0.034936673939228,1
0.065008640289307,0.2028317078948,0.11891681700945,1
-0.053072482347488,0.2024435326457,0.057878009974957,1
-0.10601726174355,0.16524421423674,0.18770668655634,1
0.16955709457397,0.1544274315238,0.043904580175877,1
-0.16013532876968,-0.069611772894859,-0.086480006575584,1
-0.018942058086395,-0.036838427186012,-0.00099701434373856,1
0.16958975791931,-0.16164782643318,0.097174920141697,1
-0.13811472058296,-0.09542270982638,-0.0305420383811,1
0.10649210214615,0.19757556170225,-0.070521406829357,1
-0.059126853942871,0.034719042479992,0.011358745396137,1
0.008220374584198,-0.25763296335936,0.11888322979212,1
0.083341896533966,0.062322534620762,0.016275309026241,1
-0.056613683700562,0.0034341812133789,0.0057179406285286,1
0.037455499172211,0.2215087339282,0.14091191440821,1
0.051488995552063,-0.27209029346704,-0.055907741189003,1
-0.21328514814377,0.0044696480035782,0.045340858399868,1
-0.022524237632751,0.25399079173803,-0.014568962156773,1
-0.12307971715927,0.19651242345572,0.15034652501345,1
-0.076065272092819,0.23783432692289,0.055178567767143,1
0.041787385940552,0.21177738159895,-0.014223761856556,1
-0.084312915802002,-0.032772250473499,0.0043148621916771,1
-0.012032508850098,0.066457889974117,-0.014528408646584,1
0.047017753124237,-0.14551538601518,-0.021921299397945,1
-0.12244844436646,-0.15884932875633,0.070592574775219,1
-0.10903730988503,0.13713286072016,-0.071647368371487,1
0.13554382324219,0.22475280612707,0.1532613709569,1
0.065204679965973,0.20031546801329,0.1289531365037,1
-0.2161760032177,-0.023693829774857,0.13115621358156,1
0.088940382003784,-0.14254589751363,-0.078898854553699,1
0.024148404598236,-0.074962047860026,-0.004329077899456,1
-0.1426442861557,-0.18083126097918,0.079168267548084,1
-0.13270929455757,0.097011737525463,-0.047578431665897,1
-0.17611515522003,0.10117287188768,0.046411566436291,1
-0.16958332061768,0.052135713398457,0.10886875540018,1
-0.24617943167686,0.021868675947189,-0.0084826722741127,1
-0.21397775411606,0.073466740548611,0.012074463069439,1
-0.14677742123604,-0.11194966640323,0.20334479957819,1
0.11483925580978,-0.18418515473604,0.070668615400791,1
0.072595477104187,0.058861814439297,-0.01821743696928,1
0.16382074356079,-0.18644913285971,0.03141675144434,1
0.040461599826813,-0.10809557605535,-0.010818973183632,1
-0.034886240959167,-0.25836984068155,-0.0049801245331764,1
-0.00054550170898438,-0.20747718960047,0.021499916911125,1
0.047678053379059,0.24865203350782,0.088379479944706,1
-0.068397998809814,0.17275329679251,0.0945018902421,1
-0.10347634553909,0.19411715120077,-0.069950364530087,0
-0.04915314912796,-0.25444445759058,-0.057846687734127,1
0.014113545417786,0.10762286931276,-0.00055883079767227,1
-0.0031244158744812,0.11395960301161,0.013011746108532,1
-0.07339346408844,0.16556572169065,0.04510185867548,1
0.02738082408905,0.11483500152826,-0.06175884604454,1
-0.090550065040588,-0.12570605240762,-0.055572055280209,1
-0.21275979280472,0.032927595078945,0.12274671345949,1
0.12414294481277,-0.21523651480675,0.15788386017084,1
0.092529594898224,0.2100208029151,0.049633659422398,1
0.031751751899719,0.13847324997187,-0.082836054265499,1
-0.1720840036869,-0.094465374946594,-0.0071927681565285,1
-0.0052739381790161,0.11291228979826,-0.039371103048325,1
-0.19739416241646,-0.16834829747677,-0.038244940340519,1
0.12017661333084,-0.13064018450677,0.030550695955753,1
-0.17663651704788,0.086650900542736,-0.030042968690395,1
-0.2376571893692,-0.063680231571198,-0.047249227762222,1
-0.10506319999695,-0.039004355669022,0.024307303130627,1
0.024499416351318,0.1487650051713,0.03204233944416,1
0.053593456745148,-0.26990883797407,0.075497724115849,1
-0.05208882689476,-0.026183396577835,-0.012312240898609,1
-0.012436747550964,0.058669976890087,-0.00061165541410446,1
-0.18505045771599,-0.056356478482485,0.089186869561672,1
-0.0068287253379822,-0.059889119118452,0.0053403377532959,1
-0.21453809738159,0.024769924581051,0.028657235205173,1
0.015900194644928,-0.07484283670783,0.0036192759871483,1
-0.044649839401245,0.020300686359406,-0.033029288053513,1
-0.055741369724274,-0.21995757520199,0.15325070172548,1
-0.055901885032654,0.023264862596989,0.0079357996582985,1
-0.045195400714874,-0.17484487593174,0.036325804889202,1
-0.18227022886276,-0.19799471646547,-0.024004481732845,1
0.10967487096786,0.088082738220692,-0.063229449093342,1
-0.096483111381531,0.022203043103218,-0.036502525210381,1
-0.10612031817436,0.19903340190649,0.099295772612095,1
0.013665735721588,0.062211416661739,-0.017931245267391,1
0.00082671642303467,-0.20195280760527,0.096987627446651,1
0.20705544948578,-0.20594795793295,0.070317409932613,1
-0.036589801311493,-0.18040426075459,-0.061402834951878,1
0.058138251304626,-0.17369366437197,-0.015046216547489,1
-0.074178487062454,-0.034999266266823,-0.048466585576534,1
-0.063195526599884,-0.086949323303998,-0.0011227056384087,1
-0.064406991004944,0.20189025253057,-0.012571908533573,1
-0.15073490142822,-0.17360736429691,-0.041905291378498,1
0.026684463024139,0.26725184172392,0.13978151232004,1
-0.069654643535614,0.042888216674328,-0.017427958548069,1
-0.23769491910934,-0.11123444885015,0.046308852732182,1
0.15198051929474,-0.21941359341145,-0.040503636002541,1
0.10605818033218,0.25444262474775,-0.029035918414593,1
-0.25890743732452,0.051285140216351,0.059369377791882,1
-0.051639348268509,0.17817717045546,-0.07388174533844,1
0.028514206409454,0.18263467401266,0.015712395310402,1
-0.19420939683914,0.1141335144639,0.12981427460909,1
-0.050655424594879,-0.066597200930119,-0.0009511336684227,1
0.12228399515152,-0.25771298259497,-0.029838062822819,1
0.04696786403656,0.18212138861418,0.036421947181225,1
-0.064882636070251,0.21519281715155,0.053602047264576,1
-0.11737510561943,-0.0094684138894081,0.032137803733349,1
0.043189108371735,0.20881327241659,0.12299305945635,1
-0.21237221360207,0.043647475540638,0.048435814678669,1
0.062899172306061,-0.076669711619616,-0.0064534544944763,1
0.11152499914169,-0.12225187197328,0.015665985643864,1
0.018377840518951,-0.088925072923303,-0.014899641275406,1
0.093035995960236,-0.18471655994654,0.088990934193134,1
-0.23846426606178,-0.011523507535458,0.071875207126141,1
0.052476286888123,-0.25211273878813,0.12914717942476,1
0.07930189371109,0.14644408971071,-0.087876953184605,1
0.20618933439255,0.20798292011023,-0.0077209919691086,1
0.096204698085785,0.11639981716871,0.015936456620693,1
-0.040892779827118,0.027570880949497,-0.027105189859867,1
-0.14369797706604,0.14339677244425,-0.030462227761745,1
0.15794163942337,0.1583878621459,0.10801526159048,1
-0.019474804401398,-0.1188274808228,0.027624674141407,1
-0.03765743970871,0.065629877150059,0.010173596441746,1
-0.1608812212944,-0.19020415097475,0.061256714165211,1
-0.18801811337471,0.17176636308432,-0.059293366968632,1
-0.05459651350975,-0.15188891813159,0.0022478848695755,1
0.041101515293121,-0.25182066112757,-0.0029907897114754,1
-0.10658156871796,0.044938810169697,-0.06344748288393,1
0.057722151279449,-0.072420701384544,-0.015661172568798,1
0.10150587558746,0.25330062955618,-0.064131185412407,1
0.077768623828888,0.060718350112438,-0.006278395652771,1
-0.20884880423546,0.097349666059017,0.12683901935816,1
-0.049667954444885,0.23890938609838,-0.012456096708775,1
0.20018833875656,-0.18740198016167,0.13920468837023,1
-0.15825811028481,-0.13300571218133,0.12610196322203,1
-0.22241777181625,0.058412633836269,-0.046740099787712,1
0.099645435810089,-0.18250194936991,-0.042727060616016,1
0.18772220611572,-0.2240866869688,-0.024479664862156,1
0.16425716876984,-0.1560698337853,0.087514854967594,1
0.055151522159576,-0.14768587425351,-0.056547656655312,1
0.060968995094299,0.12459027022123,0.029760025441647,1
0.024004757404327,-0.095314133912325,0.0055671408772469,1
-0.031661629676819,-0.22810434550047,-0.082848254591227,1
-0.21622359752655,0.11055832356215,0.048284061253071,1
-0.10926875472069,-0.15728229656816,0.14183432608843,1
0.067732512950897,0.26280900090933,0.00066906958818436,1
0.15653157234192,0.16638272255659,0.04097492992878,1
-0.10651513934135,-0.10267358785495,-0.030880995094776,1
-0.17853099107742,-0.14456282183528,-0.025240577757359,1
-0.16703116893768,-0.10768029931933,0.15690273791552,1
-0.035474956035614,-0.23793614655733,-0.024928003549576,1
0.052772223949432,-0.062885779887438,-0.00062471628189087,1
-0.12963226437569,0.1429932937026,0.19661492854357,1
0.11332589387894,0.12674012035131,-0.0076444745063782,1
0.0091209411621094,-0.11018184572458,-0.056968539953232,1
-0.1032862663269,0.062810011208057,-0.0025604888796806,1
0.0026777386665344,0.081195138394833,0.0094818770885468,1
0.10950410366058,0.1323015615344,-0.029871098697186,1
0.15496689081192,-0.21909938752651,0.12532196193933,1
0.052255630493164,-0.17322389036417,-0.079472973942757,1
-0.1723228096962,0.060069389641285,0.17367123812437,1
-0.1808794438839,0.05335509032011,-0.080368295311928,1
-0.15082615613937,0.050410829484463,-0.048930197954178,1
-0.2217646241188,0.12128434330225,0.013814173638821,1
0.13974171876907,-0.1705291941762,0.16445679217577,1
-0.094897150993347,-0.091145482845604,0.0275724157691,1
0.093507945537567,-0.22095941007137,0.12671256810427,1
0.086108684539795,-0.12955019250512,-0.040286235511303,1
-0.061783373355865,0.019648425281048,0.0033187940716743,1
-0.075206696987152,0.13499069958925,0.015371806919575,1
-0.065930604934692,-0.099690958973952,-0.08462380617857,1
-0.16209763288498,0.088222526013851,0.025192894041538,1
0.10277140140533,0.21702536195517,0.046399064362049,1
0.17470341920853,-0.19368553161621,-0.050822518765926,1
0.059632956981659,0.26169311255217,0.02377937734127,1
-0.17859014868736,-0.056584790349007,-0.027801483869553,1
-0.030868113040924,0.056704588234425,-0.022225700318813,1
0.071914315223694,0.084452427923679,-0.0056675598025322,1
-0.11772292852402,-0.13981529697776,-0.05651443451643,1
-0.20605918765068,-0.00059708207845688,0.063731603324413,1
0.018814384937286,-0.26008137315512,-0.022594392299652,1
-0.16054502129555,-0.011270679533482,0.075751908123493,1
-0.056490182876587,-0.20572848618031,0.036432839930058,1
-0.046123743057251,0.10279984027147,-0.025376580655575,1
0.18920540809631,0.22781356424093,0.010027192533016,1
0.10515838861465,0.11965467780828,-0.030462592840195,1
-0.074756115674973,0.077657543122768,-0.048407234251499,1
-0.21790665388107,-0.0054160878062248,0.15259899944067,1
-0.0140740275383,-0.097011041129008,-0.038796156644821,1
0.0086709260940552,0.12286465615034,-0.028821535408497,1
-0.10107988119125,0.068689219653606,0.0052654668688774,1
0.035669147968292,0.069749720394611,0.0029983296990395,1
-0.011269569396973,-0.14118871092796,-0.020189605653286,1
-0.10872858762741,0.20697560161352,0.10741104930639,1
0.043876230716705,0.21758367866278,0.063147880136967,1
-0.055141568183899,0.039134480059147,0.014325849711895,1
0.079383552074432,-0.19557943195105,-0.098888009786606,1
-0.050075560808182,0.042584009468555,-0.031710892915726,1
-0.20086675882339,0.073768891394138,-0.00083636492490768,1
0.1022806763649,0.26511468738317,0.10180454701185,1
0.07274055480957,0.22937058657408,0.019773431122303,1
-0.15666869282722,0.099342800676823,0.015970103442669,1
0.14424067735672,0.19522293657064,0.068633034825325,1
-0.045123159885406,-0.024568341672421,0.0050384029746056,1
-0.032809555530548,0.069236852228642,-0.038479276001453,1
0.016652047634125,0.097528092563152,-0.0040478929877281,1
-0.12593367695808,0.18040304630995,0.10213617235422,1
0.11808997392654,0.13430096954107,0.0014098286628723,1
-0.057204067707062,0.18227764219046,0.057853274047375,1
-0.023785054683685,0.023091793060303,0.0023483112454414,1
-0.038109958171844,0.023317858576775,-0.018709115684032,1
-0.016603410243988,0.10465735942125,-0.06781205534935,1
-0.040487825870514,0.12071300297976,-0.039144188165665,1
-0.091156899929047,-0.058710139244795,-0.063223011791706,1
0.031517803668976,0.07529104501009,0.010447204113007,1
0.14857149124146,0.19674911350012,-0.068128444254398,1
-0.051990568637848,-0.17404302209616,-0.054596327245235,1
-0.12226444482803,-0.05168542265892,-0.01472919434309,1
-0.036565065383911,0.059594251215458,0.0036915615200996,1
-0.032546579837799,-0.048961315304041,-0.0060170963406563,1
-0.074231803417206,0.1575470790267,0.032216511666775,1
-0.13001638650894,-0.21015559881926,0.041677944362164,1
-0.018868267536163,-0.089383132755756,-0.054433315992355,1
0.10643243789673,0.1679470166564,0.066449820995331,1
-0.05716997385025,-0.017388708889484,0.0090565904974937,1
-0.14331179857254,0.10449754446745,0.0056954845786095,1
-0.16753330826759,-0.099521984928288,0.1794680133462,1
0.026918172836304,0.25527181476355,-0.084569714963436,1
0.18981331586838,-0.17718586325645,-0.03493519872427,1
0.007569432258606,-0.068336434662342,0.0063368901610374,1
-0.074539929628372,0.24985026568174,0.064681246876717,1
0.064518809318542,-0.16117349639535,-0.04367171227932,1
-0.15932899713516,0.090186320245266,0.11203696578741,1
-0.18963807821274,0.19856610149145,0.053348146378994,1
0.21435898542404,-0.20161711424589,0.077640168368816,1
-0.035924136638641,-0.046956486999989,-0.040909625589848,1
-0.075471818447113,0.065747879445553,0.020879425108433,1
-0.017948031425476,0.086105294525623,0.00257308781147,1
-0.18738830089569,0.058024726808071,0.17285301536322,1
-0.049381732940674,0.027356691658497,-0.01616395264864,1
0.011855721473694,0.10269450396299,-0.0115772113204,1
0.11926394701004,0.21919193118811,0.077870897948742,1
-0.047432422637939,0.12698785215616,-0.027255639433861,1
-0.081266820430756,0.11898960918188,0.053085915744305,1
-0.049152731895447,0.063328944146633,-0.022919826209545,1
-0.056192964315414,-0.20077750831842,-0.032954014837742,1
-0.10457116365433,-0.063654933124781,-0.042874492704868,1
-0.18637788295746,-0.16017658635974,-0.017820365726948,1
0.051984369754791,0.13329953700304,-0.033034674823284,1
0.036900520324707,0.10443555563688,0.009525902569294,1
-0.050344884395599,-0.20472428202629,-0.079483278095722,1
-0.079371213912964,-0.14230773225427,-0.057163946330547,1
-0.12481132149696,0.055053733289242,-0.0053563639521599,1
-0.012770891189575,0.14521034806967,0.0038732141256332,1
-0.19769540429115,-0.069013886153698,-0.050149515271187,1
-0.13557007908821,-0.15382447838783,0.13649257272482,1
0.17523473501205,0.15862073749304,-0.01025614887476,1
-0.042105793952942,0.12740980833769,-0.082683436572552,1
0.00070542097091675,-0.24882402271032,0.14070592075586,1
-0.17525351047516,0.16426225751638,0.059502683579922,1
0.064393758773804,0.040326632559299,0.00052777677774429,1
0.0012356042861938,0.081280969083309,-0.052195698022842,1
-0.0017414689064026,0.16393079608679,0.019435159862041,1
-0.098834931850433,0.057043336331844,-0.084333874285221,1
-0.031043887138367,-0.13592234253883,0.035006441175938,1
0.029410243034363,0.23399173468351,0.15119654685259,1
0.087387263774872,-0.10246619069949,0.0038381591439247,1
0.070272386074066,0.15433900803328,-0.0017893761396408,1
0.1134238243103,0.095452271401882,-0.027920342981815,1
0.18124800920486,-0.18256399035454,0.08459085971117,1
-0.16363802552223,-0.0092741698026657,0.057866029441357,1
-0.24417406320572,0.099738724529743,0.017578519880772,1
-0.13722568750381,0.069031797349453,0.060760907828808,1
-0.06838470697403,0.098019994795322,-0.00029075890779495,1
-0.15660041570663,0.099407367408276,0.21229953318834,1
-0.011417806148529,-0.22549108415842,0.048964932560921,1
-0.18648433685303,0.16679563373327,0.052369557321072,1
-0.050137132406235,0.15688791126013,0.039646908640862,1
0.059053838253021,-0.074120650067925,-0.00095335394144058,1
0.056863605976105,-0.097295917803422,0.015487141907215,1
0.069833934307098,0.055718220770359,0.0041004791855812,1
0.060880541801453,0.15669482201338,-0.076078705489635,1
-0.08005291223526,-0.18018931895494,0.087653942406178,1
-0.056980967521667,-0.017931632697582,-0.027940325438976,1
-0.099656462669373,0.17151676863432,0.11056863516569,1
-0.10171404480934,0.024353973567486,-0.066999807953835,1
-0.14545750617981,0.10586217790842,-0.0049626901745796,1
-0.065486013889313,-0.22005983442068,0.036202326416969,1
-0.13270989060402,-0.062503103166819,-0.0053345635533333,1
-0.071363031864166,-0.22702456265688,0.050745479762554,1
0.083988666534424,0.18469988554716,0.076191730797291,1
-0.046566367149353,0.20578571408987,-0.068854704499245,1
-0.082964211702347,-0.084125466644764,0.030898563563824,1
0.078990757465363,-0.14226924628019,-0.069088347256184,1
-0.045156300067902,0.11897046118975,-0.073926135897636,1
-0.03375768661499,0.22313167899847,-0.086907647550106,1
-0.072339653968811,-0.15896477177739,0.075051374733448,1
0.12130206823349,0.16478513926268,0.092140696942806,1
0.058589935302734,0.050374589860439,0.0052295699715614,1
-0.07389634847641,-0.18637558817863,0.15902372449636,1
-0.064651191234589,0.1757343634963,0.022545039653778,1
-0.14372229576111,0.13184931129217,-0.037682794034481,1
-0.045250236988068,-0.21389898657799,0.15769851952791,1
0.05003410577774,-0.25921092182398,0.091791488230228,1
-0.16084265708923,-0.13075541704893,0.19201099127531,1
0.0060580968856812,-0.19434729963541,0.023009113967419,1
-0.02074271440506,0.12216734141111,0.035922154784203,1
-0.097911566495895,-0.12052423879504,-0.018190659582615,1
0.097347676753998,-0.14805541932583,-0.081378534436226,1
-0.029638767242432,-0.011612601578236,0.0020039305090904,1
-0.019382536411285,-0.2016012892127,0.032869391143322,1
-0.1103775203228,-0.17147408425808,0.16793451458216,1
0.036266326904297,0.20744218677282,0.1291918233037,1
-0.091066002845764,0.040559463202953,0.00084061175584793,1
-0.10704308748245,0.24825187772512,-0.026626117527485,0
-0.12153744697571,-0.20135368406773,0.11410403996706,1
-0.15163975954056,-0.06411774083972,0.019928552210331,1
-0.11108830571175,-0.013445436954498,0.019410587847233,1
-0.18780639767647,-0.074801094830036,0.13723070174456,1
0.067590296268463,-0.109390148893,-0.0063988789916039,1
-0.0169318318367,0.23161905258894,0.095468617975712,1
0.080738842487335,-0.27838126569986,-0.03363323956728,1
-0.12588995695114,0.1376169398427,0.0029180869460106,1
-0.074936240911484,-0.12088675051928,-0.050175987184048,1
-0.068655669689178,0.21922542899847,-0.0085171684622765,1
-0.061910539865494,0.042278848588467,-0.035549744963646,1
0.070973932743073,-0.25205332785845,0.16148822754622,1
-0.0032562613487244,-0.13671633601189,-0.026623085141182,1
0.047440052032471,-0.19265308976173,-0.0847960524261,1
0.074957132339478,0.2441642805934,-0.069034732878208,1
0.085054755210876,-0.13779421895742,-0.044134020805359,1
-0.038425862789154,-0.18783532828093,0.011058568954468,1
-0.0074670910835266,0.12557842582464,-0.01081494987011,1
-0.10838109254837,0.12298255413771,-0.068235702812672,1
-0.048464894294739,0.084556229412556,-0.004705436527729,1
-0.11994448304176,0.21690478175879,-0.053528927266598,0
0.050776302814484,0.093996845185757,0.011787809431553,1
0.11180233955383,0.087492011487484,-0.02210483700037,1
0.17704826593399,-0.18387111276388,0.13189620524645,1
-0.064692676067352,-0.15297505259514,0.048371598124504,1
0.10058838129044,-0.11617602221668,0.031125731766224,1
0.14593285322189,0.14915742725134,0.092751063406467,1
-0.21756663918495,-0.0014590248465538,0.0022466704249382,1
0.0023543238639832,-0.25329447537661,0.14552465826273,1
0.027171611785889,0.13595051318407,-0.056335307657719,1
-0.11965569853783,-0.077740292996168,0.011914558708668,1
0.14170604944229,0.2580226585269,0.027249068021774,1
-0.16831448674202,-0.059578143060207,-0.051219210028648,1
-0.046897828578949,0.0689961835742,0.021248929202557,1
-0.12716802954674,-0.21615450829268,0.034459695219994,1
-0.017937779426575,0.17866837233305,-0.055648073554039,1
-0.074677407741547,-0.09315598430112,0.026817284524441,1
0.051394760608673,-0.16909439116716,-0.082198284566402,1
-0.036706268787384,0.03360540419817,-0.0060962066054344,1
-0.03831273317337,-0.071689860895276,0.0015263184905052,1
0.022631168365479,-0.13492429256439,0.036163091659546,1
0.00082665681838989,0.083144269883633,-0.020854972302914,1
0.15417832136154,0.20206477493048,-0.0570198148489,1
-0.11428385972977,-0.010478012263775,-0.040876768529415,1
-0.21239778399467,-0.10929554700851,0.10098329931498,1
-0.14870947599411,-0.15265091508627,0.10061662644148,1
0.019235789775848,-0.23090910166502,0.057697676122189,1
-0.12362805008888,-0.03985808417201,-0.021169558167458,1
-0.1469612121582,-0.17126472294331,0.014064662158489,1
-0.21366921067238,-0.13586793094873,-0.048219703137875,1
-0.038029551506042,-0.060092829167843,0.0040226653218269,1
0.1078627705574,-0.25107701867819,-0.0046072602272034,1
-0.090288132429123,-0.16695090383291,0.074132241308689,1
0.12190920114517,0.12357210367918,-0.04877594858408,1
0.11351263523102,0.18274318426847,0.14676647633314,1
0.041038453578949,-0.10439585940912,-0.0069979652762413,1
0.17395055294037,0.19145383685827,0.12436487525702,1
0.05619615316391,-0.12708675116301,-0.076953642070293,1
0.11103338003159,-0.13381787016988,0.0050085112452507,1
0.0036369562149048,-0.20709410309792,-0.033177711069584,1
0.1582670211792,0.21698423475027,0.11845283955336,1
0.005925714969635,-0.24940041452646,0.12612778693438,1
-0.10298943519592,0.058218218386173,-0.059702791273594,1
-0.13246989250183,-0.21340461820364,0.12112440913916,1
-0.12656474113464,-0.14615253359079,-0.0035042390227318,1
-0.2141926586628,0.097477920353413,0.10592282563448,1
-0.14949491620064,-0.18873772025108,0.050683088600636,1
0.19704002141953,-0.20409335941076,-0.021988146007061,1
-0.047960221767426,0.016191534698009,0.0046203061938286,1
0.11708223819733,-0.11263714078814,-0.060635440051556,1
0.021610260009766,-0.2072557285428,0.098737053573132,1
-0.070153683423996,-0.078890271484852,0.015908963978291,1
-0.17187809944153,-0.074915120378137,0.16061723977327,1
0.055001676082611,-0.22581828385592,-0.032807916402817,1
-0.17942696809769,-0.011101223528385,0.081988207995892,1
-0.06310173869133,-0.017950795590878,0.010971017181873,1
0.064020812511444,0.084581382572651,-0.010076485574245,1
0.021532893180847,0.21154441684484,0.07920453697443,1
-0.098369002342224,-0.021418377757072,-0.012363456189632,1
-0.097285687923431,0.12625474482775,-0.0023665651679039,1
0.080962538719177,0.22146710008383,0.14609747380018,1
-0.093457341194153,0.18702598661184,0.20239151269197,1
-0.019959270954132,-0.1967159435153,-0.0054969489574432,1
-0.039384186267853,-0.12090891040862,-0.038400202989578,1
0.17762118577957,0.21462666243315,0.14125838130713,1
0.10608619451523,-0.14265416935086,0.041841685771942,1
0.097589790821075,0.078570552170277,-0.0015860870480537,1
0.034543573856354,0.1082805916667,-0.065835356712341,1
-0.024132370948792,-0.068080447614193,0.0029678866267204,1
-0.23408401012421,0.044026650488377,0.058294720947742,1
-0.11365473270416,0.069224320352077,-0.081849746406078,1
-0.063950717449188,-0.26961869746447,-0.037057347595692,1
-0.070666879415512,0.0014859214425087,-0.043544016778469,1
0.09144252538681,-0.16564164310694,0.046240732073784,1
-0.19154950976372,-0.079527270048857,0.052196599543095,1
0.11019057035446,0.15745832771063,-0.050371579825878,1
0.13326156139374,-0.18830668926239,0.054319016635418,1
0.098578453063965,-0.26769802719355,0.012934990227222,1
-0.067442178726196,-0.073393944650888,-0.079471684992313,1
-0.014516532421112,-0.099686536937952,-0.024915851652622,1
0.1330618262291,-0.19679047912359,0.033211551606655,1
0.12513607740402,0.26183583587408,-0.01796942204237,1
-0.084921628236771,-0.23501686006784,0.040236674249172,1
0.19186127185822,-0.19683551043272,-0.079177804291248,1
-0.090145140886307,-0.13077750243247,-0.033667363226414,1
-0.090200006961823,0.23203229159117,-0.072934702038765,0
0.11023873090744,-0.14830929413438,-0.076566137373447,1
0.077677726745605,-0.22908148914576,-0.011359058320522,1
-0.058311581611633,-0.0072418078780174,0.0022486224770546,1
0.089201986789703,-0.10616232454777,0.033708892762661,1
-0.0029070973396301,-0.12429961934686,-0.052200645208359,1
0.053149580955505,0.056344322860241,0.0016612783074379,1
0.14415329694748,0.16389098018408,0.064027205109596,1
0.06875604391098,-0.23490988463163,-0.011402159929276,1
-0.1672785282135,-0.14126831665635,0.084821276366711,1
-0.021458983421326,0.27813812345266,0.01780778169632,1
0.0095216631889343,0.1011290922761,-0.039550758898258,1
0.17719274759293,0.16501166671515,0.19968105107546,1
-0.035019934177399,0.014393612742424,-0.015939377248287,1
-0.14494863152504,-0.047831170260906,-0.047261692583561,1
0.06700986623764,-0.2080565020442,0.10009660571814,1
-0.071862787008286,0.19131477922201,-0.078185468912125,0
0.039042711257935,0.17323713749647,0.047821916639805,1
0.051079988479614,0.058320201933384,0.0049636140465736,1
-0.14126834273338,0.048007376492023,-0.0660011023283,1
-0.042079329490662,-0.19533599168062,0.0044205561280251,1
-0.19551026821136,0.061441026628017,-0.058214157819748,1
-0.079329013824463,-0.11879683658481,-0.080876938998699,1
-0.12296283245087,0.030509598553181,0.026305191218853,1
-0.052803456783295,-0.056446593254805,-0.040256060659885,1
-0.17051321268082,-0.04301081225276,0.085557468235493,1
-0.045816838741302,0.12537702172995,0.025589853525162,1
0.094153046607971,0.10630952566862,0.032080985605717,1
0.10365098714828,0.20034765452147,0.097398303449154,1
-0.10512495040894,-0.12844640016556,-0.09554735571146,1
-0.2063399553299,-0.034818775951862,0.11187122017145,1
-0.13072085380554,-0.14363047108054,-0.053519822657108,1
-0.024857580661774,-0.12160756997764,0.0013884082436562,1
0.031431198120117,0.10723263770342,-0.045214779675007,1
0.037071168422699,0.28110160678625,0.082694105803967,1
-0.04701566696167,0.107716165483,0.02337471395731,1
-0.10784256458282,0.077877573668957,-0.048578269779682,1
0.11826914548874,-0.20719468593597,-0.057126082479954,1
-0.24434494972229,-0.058435507118702,0.032869778573513,1
0.09912770986557,0.17179476469755,-0.054170615971088,1
0.043995499610901,-0.076139429584146,0.013289429247379,1
-0.1560585796833,0.15139176696539,0.08219637721777,1
-0.13329243659973,-0.14590878784657,0.0020897313952446,1
-0.19606280326843,0.11639627069235,-0.065866015851498,1
0.17072683572769,-0.18513914942741,0.094172336161137,1
0.13011008501053,-0.1150232469663,-0.040941901504993,1
-0.068104535341263,-0.045489754527807,-0.032671831548214,1
0.12053388357162,-0.11261654086411,-0.022260032594204,1
0.087807834148407,-0.26257046312094,0.12045074254274,1
0.17042011022568,0.18707256764174,0.05304791778326,1
0.0017104744911194,0.21642347425222,0.085083924233913,1
-0.13035333156586,0.18935479968786,0.0098752155900002,1
0.075377523899078,-0.091689341701567,-0.013210386037827,1
-0.047211050987244,0.13768211752176,-0.056369237601757,1
-0.13782036304474,0.16315498203039,0.16846843808889,1
-0.068419456481934,-0.23732490092516,0.13180313259363,1
-0.14345425367355,0.072341091930866,-0.010875500738621,1
-0.23183238506317,-0.050601042807102,0.10687974840403,1
-0.095056712627411,0.2376606091857,-0.051544308662415,0
0.10098880529404,-0.12920605577528,-0.0065971538424492,1
-0.21593776345253,0.084571562707424,0.072450466454029,1
0.18061411380768,0.16819360107183,0.049907051026821,1
0.17639166116714,0.21643473953009,-0.018947839736938,1
-0.11497634649277,-0.15741588175297,0.014661975204945,1
-0.10871267318726,-0.017180025577545,-0.019494362175465,1
-0.11937421560287,-0.041031457483768,-0.018813200294971,1
-0.0939621925354,0.22924610227346,-0.072078011929989,0
-0.11585694551468,0.10773641616106,0.052100323140621,1
0.12113958597183,-0.10418774839491,0.044487915933132,1
-0.014114856719971,0.27077346295118,0.1221451535821,1
-0.10133641958237,-0.13510259985924,0.093858815729618,1
-0.057530075311661,-0.070767730474472,-0.013500951230526,1
0.027095317840576,0.21077721565962,-0.083350595086813,1
-0.067986756563187,-0.14637512713671,0.035532459616661,1
-0.035793364048004,0.19334026426077,-0.098621554672718,1
-0.16450709104538,0.018722683191299,0.029802434146404,1
0.12090253829956,-0.18833939731121,-0.012173965573311,1
-0.017801702022552,-0.12758418545127,-0.088113717734814,1
0.031186521053314,-0.21315435320139,-0.030156314373016,1
0.1813240647316,0.21870967000723,0.024221077561378,1
-0.1809875369072,0.099308364093304,0.075097985565662,1
0.14723712205887,0.21424322575331,-0.061015151441097,1
-0.15155237913132,-0.065008625388145,-0.0047294870018959,1
-0.054676383733749,0.16107349842787,0.04211264103651,1
0.12918549776077,-0.15515134111047,-0.055182330310345,1
0.10377681255341,-0.17007155716419,0.082109533250332,1
-0.030326306819916,0.25952690094709,0.070064686238766,1
0.14663690328598,-0.1554759517312,0.0016253367066383,1
-0.11054268479347,0.0019417032599449,0.034711234271526,1
0.073275685310364,0.25622060149908,0.11190400272608,1
-0.097841501235962,0.082113273441792,-0.015950955450535,1
0.031225144863129,0.14569135755301,0.014100722968578,1
-0.061811923980713,-0.061341416090727,-0.0012777671217918,1
-0.25185614824295,-0.016139626502991,-0.01293071359396,1
-0.04278838634491,0.20309757441282,0.11283714324236,1
-0.064928382635117,0.0075012966990471,-0.0016252174973488,1
-0.048731744289398,0.18244560807943,0.05363879352808,1
-0.075088202953339,0.0517702922225,-0.053589262068272,1
0.095650315284729,0.21015372127295,0.05918362736702,1
-0.096100926399231,-0.13910977169871,0.075358502566814,1
-0.11763650178909,0.15641274303198,-0.056866355240345,0
-0.1260941028595,0.087280981242657,-0.046602360904217,1
-0.15019690990448,0.1127585247159,-0.061897777020931,1
-0.14558440446854,-0.020317994058132,-0.038046203553677,1
-0.077381819486618,0.0030928924679756,-0.031326711177826,1
0.067349910736084,-0.075441068038344,0.010637030005455,1
-0.12165698409081,0.22403394430876,0.13264829665422,1
-0.010197281837463,0.1525356695056,0.030715264379978,1
0.081460118293762,-0.19637602567673,0.080291785299778,1
0.0489901304245,0.09200095385313,0.016964703798294,1
-0.017789125442505,0.05038046091795,-0.0012817159295082,1
0.14212501049042,-0.14691729098558,0.085010834038258,1
-0.0012089610099792,0.061180017888546,0.00028563290834427,1
0.045602142810822,-0.11471892613918,-0.077913619577885,1
-0.063842415809631,0.045120440423489,-0.02254993468523,1
0.035598337650299,-0.09001661837101,0.014709107577801,1
-0.14565169811249,0.072586067020893,0.06700412184,1
-0.1690309047699,-0.13603816181421,0.13231318444014,1
-0.09893399477005,-0.16868037730455,0.18300697952509,1
-0.046854376792908,0.067595668137074,0.021352060139179,1
-0.064874410629272,0.21727519482374,-0.034481942653656,1
0.15114641189575,0.23393278568983,0.07002080231905,1
0.051436245441437,-0.08796969614923,-0.022073306143284,1
0.10523563623428,-0.18664982169867,0.096469826996326,1
-0.21539324522018,0.10149803012609,-0.070993855595589,1
-0.091870576143265,0.0076060071587563,0.0083870068192482,1
0.16924095153809,-0.19364105910063,0.039183519780636,1
0.076214492321014,-0.09668051940389,-0.016755029559135,1
0.11923110485077,-0.11599557287991,-0.016756884753704,1
0.090524673461914,0.25022196024656,0.11837617307901,1
-0.048796892166138,-0.14948532730341,-0.052973993122578,1
-0.16755536198616,-0.062978457659483,0.094671927392483,1
-0.12631139159203,-0.12434045225382,0.11055142432451,1
0.19698959589005,0.20093657821417,0.071579925715923,1
-0.089678585529327,-0.01837645471096,-0.016811572015285,1
-0.15636619925499,-0.13861567899585,-0.046200342476368,1
0.12377959489822,-0.13277909904718,-0.017006538808346,1
0.1508172750473,-0.126061540097,0.011391066014767,1
-0.16898432374001,-0.1391085088253,0.1598911806941,1
0.16263234615326,0.19732605665922,-0.046318382024765,1
-0.06803035736084,0.094576217234135,-0.047965936362743,1
0.057936787605286,0.18765022605658,-0.062415480613708,1
-0.051307737827301,0.0030819699168205,-0.027535669505596,1
0.13123762607574,-0.20837886631489,0.11821595579386,1
-0.027063250541687,0.11210701614618,-0.010652542114258,1
0.096464276313782,0.081197448074818,-0.035183772444725,1
-0.093908965587616,-0.20038007944822,-0.041916534304619,1
-0.12226730585098,0.14552813023329,-0.096000023186207,1
0.034108638763428,0.055945657193661,0.0020887926220894,1
-0.14188811182976,0.068499840795994,-0.0033105537295341,1
0.040995061397552,0.090154536068439,0.021511115133762,1
0.13289505243301,0.14430787414312,-0.019721105694771,1
-0.17600646615028,-0.18684531003237,-0.01715100556612,1
-0.04457426071167,0.043501906096935,0.007481761276722,1
-0.1321068406105,-0.13451027497649,-0.021356083452702,1
-0.028664410114288,-0.22982881218195,0.052007891237736,1
-0.0073491334915161,-0.18590196222067,-0.052662253379822,1
-0.016370952129364,-0.28951650112867,0.043506160378456,1
0.065599381923676,0.068941406905651,-0.040850155055523,1
-0.011160850524902,-0.10911962296814,-0.053464643657207,1
-0.17791822552681,0.036760203540325,0.062262736260891,1
-0.0030074715614319,0.093718521296978,0.00053585320711136,1
0.013630986213684,0.10745274275541,-0.050570897758007,1
-0.0051118135452271,0.090517275035381,0.019281946122646,1
0.031762540340424,-0.26189052313566,-0.01133881509304,1
-0.036579728126526,-0.060279831290245,0.015004999935627,1
0.088528215885162,-0.15706687420607,0.04147832095623,1
-0.062297344207764,-0.1747317686677,0.041111826896667,1
-0.18352922797203,0.14354830235243,0.1286186799407,1
-0.16133576631546,-0.020544931292534,-0.045135945081711,1
-0.25233697891235,-0.049043525010347,0.084730930626392,1
-0.14632159471512,-0.0076198577880859,-0.018395610153675,1
-0.031980931758881,0.11298858374357,-0.032445445656776,1
0.12869799137115,0.15165530890226,0.062925383448601,1
-0.083585172891617,0.056337349116802,0.032738216221333,1
0.062533378601074,0.13466043025255,-0.035210162401199,1
0.075889050960541,-0.072624485939741,0.0072711184620857,1
0.14626854658127,-0.25505114346743,-0.016363672912121,1
-0.15897929668427,-0.14467296376824,-0.036089427769184,1
0.0056843757629395,0.077150948345661,-0.021307073533535,1
0.071158111095428,0.18243541568518,0.047261871397495,1
-0.071951329708099,0.19265445321798,-0.079867161810398,0
0.1560030579567,0.15648310631514,0.025890655815601,1
-0.020145416259766,0.12277302891016,0.027125835418701,1
-0.20106118917465,0.11753306537867,0.086726926267147,1
0.12311118841171,-0.15151846781373,0.033139444887638,1
0.14445620775223,-0.11976320855319,-0.074697591364384,1
-0.099216401576996,0.24666505306959,0.10429010540247,1
-0.087251007556915,0.13180563598871,-0.092911370098591,0
-0.088094741106033,-0.037664614617825,-0.017788358032703,1
-0.074485123157501,0.038090102374554,0.0080508962273598,1
-0.074701905250549,0.057245306670666,-0.052287749946117,1
0.10284405946732,-0.11233048513532,-0.026206277310848,1
-0.12464559078217,0.16998263448477,0.045120142400265,1
-0.21740666031837,-0.080449629575014,0.017679564654827,1
-0.19775420427322,0.14351383596659,0.1443132981658,1
-0.19539347290993,0.0030131265521049,-0.040267772972584,1
0.0035622119903564,0.15454294532537,0.047290988266468,1
0.054363071918488,-0.28405923396349,-0.026488989591599,1
-0.044709861278534,-0.096522651612759,0.017980754375458,1
-0.062735766172409,0.078732438385487,0.0012369081377983,1
-0.023098707199097,-0.098247998510487,-0.070317924022675,1
0.10656088590622,0.094266675412655,-0.00054430216550827,1
-0.18344447016716,-0.027899347245693,0.056550271809101,1
-0.031226336956024,-0.026442028582096,0.0022386088967323,1
0.16970086097717,0.20908363908529,0.14375943690538,1
-0.1047295331955,0.029763974249363,-0.065075181424618,1
-0.061253309249878,-0.26531463116407,0.032334953546524,1
0.098156273365021,0.19716583937407,-0.050950802862644,1
-0.16029968857765,-0.01875726878643,-0.043664418160915,1
-0.088505625724792,0.12896720319986,0.0096136704087257,1
-0.0080706477165222,-0.12522844970226,-0.036624826490879,1
-0.024621486663818,0.096534438431263,0.0025432854890823,1
0.16376292705536,-0.20601172745228,0.0087387785315514,1
-0.038780152797699,0.10181484371424,0.017199359834194,1
0.13831889629364,0.15235977619886,0.010071761906147,1
-0.17968899011612,0.02195879817009,0.087809823453426,1
-0.09662401676178,-0.061500325798988,-0.065454997122288,1
-0.14881464838982,-0.22230534255505,-0.043594218790531,1
-0.088688910007477,0.14574610441923,0.045228265225887,1
-0.13682875037193,-0.18642199039459,0.070711053907871,1
0.20601618289948,0.19632639735937,-0.068113304674625,1
-0.030907213687897,-0.25263170152903,0.069539375603199,1
-0.25810006260872,-0.076393475756049,0.039179719984531,1
0.096310973167419,0.12075658887625,0.0024223998188972,1
-0.21729651093483,0.048644341528416,0.11768846958876,1
0.008339524269104,-0.07778137922287,-0.02945926040411,1
0.050959348678589,0.097220055758953,0.017841383814812,1
-0.050701886415482,-0.13647037744522,0.024279534816742,1
-0.1575582921505,-0.13102246448398,-0.042434744536877,1
-0.11751064658165,-0.02020226418972,0.023421488702297,1
0.049602389335632,0.23314904421568,-0.089548166841269,1
0.040278851985931,-0.094419136177748,0.020768605172634,1
-0.20423820614815,-0.12946840748191,-0.075688704848289,1
-0.086357802152634,-0.26908580213785,0.036385715007782,1
0.092286050319672,0.22871100157499,-0.08255922794342,1
-0.093621551990509,0.15801271051168,0.058859251439571,1
0.05173796415329,-0.070386597886682,-0.011215373873711,1
-0.24840873479843,0.094951637089252,0.041046299040318,1
-0.028812289237976,-0.13707007467747,-0.0496891066432,1
-0.034263670444489,0.19532131403685,-0.014458455145359,1
0.007590651512146,0.057101003825665,-0.0027337148785591,1
0.060096919536591,-0.21384185552597,0.1034592166543,1
-0.20818036794662,0.097663141787052,0.051590420305729,1
0.046643316745758,-0.11299727857113,0.0078889355063438,1
-0.0036700367927551,-0.080958630889654,0.01368985325098,1
-0.22007456421852,-0.059769574552774,-0.028397798538208,1
-0.13158851861954,0.17468860000372,0.10287559777498,1
0.14381557703018,0.22198366373777,0.16262526065111,1
-0.19853687286377,0.11087546497583,0.09920259565115,1
-0.25488445162773,-0.039655193686485,0.029203586280346,1
-0.02964049577713,-0.072321463376284,0.021382331848145,1
0.012779593467712,-0.25790423899889,0.023629792034626,1
-0.0983806848526,0.14615703374147,0.030785851180553,1
0.19513463973999,0.22979470342398,0.055241048336029,1
-0.062521636486053,-0.17318864166737,-0.026259362697601,1
0.0020055174827576,-0.15294938907027,-0.031587973237038,1
0.053132295608521,0.063835091888905,-0.0174271017313,1
-0.14867371320724,0.19137718528509,-0.022332452237606,1
0.1613005399704,0.20578011125326,-0.060388989746571,1
-0.082459181547165,-0.030170582234859,0.0059106722474098,1
0.18052423000336,-0.23447605222464,0.11059378832579,1
0.11811721324921,0.18002360314131,0.087023057043552,1
0.12185508012772,-0.24514722079039,0.073382623493671,1
-0.15077370405197,-0.088435320183635,0.12009356170893,1
0.063186883926392,0.075655303895473,0.0040233880281448,1
0.098505318164825,-0.27111092954874,-0.020887337625027,1
0.10671484470367,0.13232863694429,0.040349438786507,1
-0.038576781749725,0.12653974443674,0.0054871663451195,1
-0.24636450409889,-0.065080434083939,0.098380587995052,1
0.099708080291748,-0.11966438032687,-0.082033462822437,1
-0.053895682096481,-0.087008087895811,-0.024978347122669,1
-0.014340102672577,0.058452807366848,0.0033614262938499,1
-0.0073035359382629,-0.089491576887667,0.0057824999094009,1
0.065078258514404,0.19356211274862,-0.098292991518974,1
0.13350319862366,-0.13718308508396,-0.013182528316975,1
-0.098273605108261,-0.052055273205042,-0.026008397340775,1
0.10356593132019,0.17527415603399,0.0081508681178093,1
0.085003674030304,-0.095910056028515,-0.022769875824451,1
-0.10824880003929,-0.20518135279417,0.1245788410306,1
-0.1335137784481,-0.099100665422156,0.020532064139843,1
-0.20270562171936,-0.024137184023857,-0.034279964864254,1
0.14964574575424,0.16864433139563,0.18621707707644,1
0.11162185668945,0.14733584970236,0.052025765180588,1
-0.14563623070717,-0.12242174707353,-0.0097462609410286,1
-0.11408433318138,0.18202533572912,-0.037596739828587,0
0.014431238174438,0.18424101918936,0.04917249083519,1
-0.14562147855759,-0.10963205527514,0.064429424703121,1
0.04743355512619,0.10443416982889,-0.0033911988139153,1
-0.20655629038811,-0.057016044855118,0.15708615630865,1
0.011637806892395,0.2058475241065,0.0050844922661781,1
0.12810796499252,-0.20286048948765,0.19345923513174,1
-0.021178185939789,-0.12348430044949,-0.048995815217495,1
-0.065100282430649,0.10084516555071,0.014656655490398,1
0.059336125850677,0.20772912353277,0.10597515851259,1
-0.11914083361626,-0.056432597339153,-0.031733699142933,1
-0.14072278141975,-0.063792329281569,-0.090020790696144,1
0.11260706186295,-0.12232590280473,-0.079062886536121,1
0.13481199741364,0.12532409280539,0.049708746373653,1
0.02139800786972,-0.068008523434401,-0.026491574943066,1
-0.062309116125107,0.21608134359121,0.068022951483727,1
-0.21380400657654,0.012092985212803,0.0022725388407707,1
-0.10104832053185,-0.14705312624574,-0.033295996487141,1
0.021547436714172,-0.082821693271399,-0.0023574605584145,1
-0.13863885402679,0.14568271487951,0.14208149164915,1
0.14405232667923,0.17455818504095,0.12063621729612,1
-0.11199885606766,0.078832395374775,0.038758628070354,1
0.028572738170624,-0.12931966967881,-0.024167232215405,1
-0.045605003833771,-0.11339473724365,0.010152228176594,1
-0.039947390556335,0.094955079257488,-0.035404197871685,1
-0.13769146800041,-0.053254161030054,-0.082545258104801,1
0.0042728781700134,0.2367462143302,0.063482612371445,1
-0.16267710924149,0.084008418023586,0.18088907748461,1
-0.17977547645569,0.057979039847851,0.12116871029139,1
-0.007474958896637,-0.11910285614431,-0.020088881254196,1
-0.10093450546265,-0.13611877337098,-0.029385633766651,1
0.04499751329422,-0.23973330110312,-0.017074130475521,1
0.16939604282379,0.1772847995162,-0.05526639521122,1
-0.0078902840614319,0.26386424154043,0.11441320925951,1
-0.06105899810791,-0.21538195014,0.15917129069567,1
0.11809283494949,-0.18040187656879,0.054667480289936,1
0.010083556175232,-0.1530770547688,0.049464024603367,1
-0.073458075523376,-0.091021545231342,-0.045132078230381,1
-0.012231171131134,-0.1928957477212,-0.064716085791588,1
-0.00054758787155151,-0.17662972211838,-0.075464740395546,1
0.075832605361938,-0.22215818613768,0.11276149004698,1
-0.091723680496216,0.21487476676702,0.14622641354799,1
0.084241986274719,0.20993991941214,-0.035219289362431,1
-0.090363711118698,0.18591537326574,0.086428560316563,1
-0.19814032316208,0.054139442741871,0.085704259574413,1
-0.026945292949677,0.22683133929968,-0.0018906220793724,1
-0.16323402523994,0.0042106285691261,-0.056102819740772,1
-0.029994428157806,0.19652330130339,0.086619146168232,1
0.07989227771759,0.24210684746504,0.019765101373196,1
-0.048495829105377,-0.090802017599344,-0.0036811754107475,1
-0.037172853946686,-0.074250977486372,0.0014467164874077,1
0.058182775974274,0.16068779677153,0.00041361898183823,1
-0.13216787576675,-0.062393940985203,-0.019209258258343,1
0.013361036777496,0.15383794158697,-0.075089804828167,1
-0.05216047167778,-0.018863692879677,0.0037922039628029,1
-0.10524985194206,0.18281828612089,0.14767380803823,1
0.043310642242432,0.17081215232611,-0.0091738030314445,1
-0.040547966957092,-0.049158629029989,0.007413886487484,1
0.00038492679595947,0.1468393728137,0.023329861462116,1
0.019866466522217,0.070976220071316,-0.025065697729588,1
-0.00082004070281982,-0.27202830463648,0.027672275900841,1
-0.0574671626091,0.0090250298380852,0.014421753585339,1
0.044812262058258,-0.067623909562826,0.0072296261787415,1
-0.021670520305634,-0.064845658838749,-0.012333810329437,1
-0.049259066581726,0.036253295838833,0.0181949660182,1
-0.15358763933182,0.051119156181812,0.066245369613171,1
0.10865372419357,0.085257969796658,-0.0097293481230736,1
-0.086725801229477,-0.023714490234852,-0.060231879353523,1
0.13020956516266,0.17836477607489,0.075044758617878,1
-0.077733874320984,0.061975233256817,0.011124633252621,1
0.06555187702179,-0.087050291709602,-0.062139563262463,1
-0.082651913166046,0.11194879561663,0.036254443228245,1
0.15600287914276,-0.19402391463518,0.048886202275753,1
-0.23884728550911,-0.091054726392031,0.024018026888371,1
-0.16773614287376,-0.08182817697525,0.077932231128216,1
0.045319795608521,0.10026939958334,-0.020333930850029,1
0.038173615932465,0.086988277733326,0.018352627754211,1
0.055451989173889,0.098464988172054,0.0012197270989418,1
-0.2422704398632,0.061762236058712,0.1287531927228,1
-0.1094873547554,0.18290298432112,0.068980507552624,1
0.081874847412109,0.26602771133184,0.12574777752161,1
0.0055212378501892,0.20075564831495,0.11359087377787,1
-0.079742610454559,-0.17731545120478,-0.00076083838939667,1
-0.12572306394577,0.088025160133839,0.059114255011082,1
0.11331695318222,-0.18599527329206,0.12264499813318,1
-0.1868893802166,0.087603487074375,0.1294247880578,1
0.17373341321945,0.20933904498816,-0.00071689486503601,1
-0.10544967651367,-0.042567953467369,-0.065151900053024,1
-0.018802225589752,-0.24629548937082,0.11186457425356,1
-0.18536305427551,-0.054786738008261,-0.0088535025715828,1
-0.14458870887756,0.19954990595579,-0.060929022729397,0
-0.086259067058563,-0.26754515618086,0.043885298073292,1
-0.14832606911659,-0.10207590041682,-0.035817325115204,1
-0.17145773768425,0.17797272652388,0.11191091686487,1
0.018727242946625,0.14342311769724,0.025134071707726,1
0.077928781509399,0.18111868947744,0.039031833410263,1
0.1247992515564,0.1936696395278,-0.0807776004076,1
0.055855810642242,0.24897613376379,0.00080455094575882,1
0.03602147102356,0.22025140374899,-0.062492527067661,1
-0.23815354704857,0.03444554656744,0.017949156463146,1
-0.019038319587708,0.077981673181057,-0.03208002448082,1
-0.11007261276245,-0.16486673802137,0.11370558291674,1
-0.061607122421265,0.24156611412764,0.11959480494261,1
-0.12640333175659,0.19374712556601,0.087913922965527,1
-0.16126063466072,-0.0070882067084312,0.069443978369236,1
0.092040121555328,-0.1243372708559,0.03092910349369,1
0.092486202716827,0.11619176715612,0.0093752145767212,1
-0.086885392665863,-0.095639450475574,-0.036742530763149,1
-0.19350278377533,-0.065278060734272,0.17551966756582,1
-0.0036728382110596,0.13550176471472,-0.018121980130672,1
-0.11335626244545,-0.05071422457695,-0.052636601030827,1
0.1409073472023,-0.15518076717854,0.0508748665452,1
-0.095126062631607,0.23502250760794,-0.026553146541119,0
-0.14569926261902,-0.22558934241533,0.056849010288715,1
0.094445765018463,-0.10434699244797,-0.067326463758945,1
0.20015341043472,0.18605446070433,0.12699518352747,1
-0.076338052749634,-0.25972036272287,0.062993593513966,1
0.050772845745087,-0.099572655453812,5.5097043514252e-05,1
-0.071517765522003,-0.056159943342209,0.022911824285984,1
-0.15161645412445,-0.05342560261488,0.053662098944187,1
0.11307871341705,0.24172910302877,0.057018540799618,1
-0.027755260467529,0.2477116510272,-0.060211069881916,1
-0.061361491680145,-0.061249509453773,-0.055540598928928,1
-0.045441567897797,0.081561468541622,0.023109383881092,1
-0.11945846676826,-0.2338829562068,-0.040628679096699,1
0.08315122127533,-0.15987404808402,-0.033525705337524,1
0.055578887462616,-0.10059485584497,-0.0074497833848,1
0.1192781329155,-0.10157039412297,-0.039038695394993,1
-0.21925032138824,0.13656451553106,0.053396485745907,1
-0.14219069480896,0.021807566285133,0.041486002504826,1
-0.070054948329926,0.17892932146788,0.036328725516796,1
0.074497222900391,0.11785387247801,-0.01684333384037,1
-0.064695954322815,-0.051683660596609,0.01356964558363,1
0.10571974515915,-0.085337691940367,-0.021659262478352,1
-0.10619378089905,0.19412439316511,0.046415023505688,1
0.047939896583557,0.080975376069546,-0.043127559125423,1
-0.048026978969574,-0.13577860593796,0.023224301636219,1
0.060128450393677,-0.099386557471007,0.022791586816311,1
0.093098402023315,0.10976497083902,0.010143525898457,1
-0.21252155303955,-0.1241238322109,0.11578295379877,1
-0.17004936933517,-0.093182730022818,0.14445673674345,1
-0.10961824655533,0.13916026800871,0.22190422564745,1
0.1731875538826,0.20882322639227,-0.06431545317173,1
-0.054248094558716,-0.092547507025301,-0.017222508788109,1
0.14504963159561,-0.20519802719355,-0.04201203584671,1
-0.039502322673798,-0.016462154686451,-0.019905976951122,1
-0.099558115005493,-0.21811251342297,-0.016484335064888,1
0.0042389631271362,0.19428511708975,0.032263070344925,1
-0.029140651226044,0.0029405206441879,0.0055022910237312,1
-0.051349133253098,-0.012426063418388,0.0011944398283958,1
0.070627391338348,0.12940724939108,-0.0066544339060783,1
-0.10754680633545,0.044650100171566,-0.020982421934605,1
0.10989063978195,-0.08640312217176,-0.049790136516094,1
-0.066726475954056,-0.22748998552561,0.13430542498827,1
-0.050598084926605,-0.068421375006437,-0.027130596339703,1
0.16805744171143,-0.22513619810343,0.047093264758587,1
-0.05231562256813,-0.1889951005578,-0.094619832932949,1
-0.16485121846199,-0.14430051669478,0.068661816418171,1
-0.012068808078766,0.26779257506132,0.032667346298695,1
0.045444369316101,-0.22405318170786,-0.01842050999403,1
-0.22109442949295,0.034409753978252,-0.023092962801456,1
0.11462306976318,-0.18967940658331,-0.07495916634798,1
-0.10833787918091,0.018532328307629,-0.052184581756592,1
-0.20307379961014,0.17700757831335,0.0095546171069145,1
0.090820908546448,0.26621352881193,-0.0043247863650322,1
-0.066994339227676,-0.19233864545822,-0.044157743453979,1
0.080045640468597,0.11305620521307,-0.076166793704033,1
0.066855132579803,-0.068944007158279,-0.0079360231757164,1
0.08613133430481,0.10192417353392,-0.028921693563461,1
-0.12861779332161,-0.18883872032166,0.12505889683962,1
0.021512627601624,-0.1832183226943,-0.018950313329697,1
-0.050139129161835,0.082081250846386,0.025171436369419,1
0.1010228395462,0.10928940027952,-0.081787653267384,1
-0.19597738981247,-0.084376221522689,0.08848675340414,1
-0.22017592191696,0.06520427018404,0.16026394814253,1
-0.1747328042984,-0.10623560007662,-0.073123812675476,1
-0.02685409784317,0.1918046399951,-0.087395273149014,1
-0.085781991481781,-0.0076598897576332,-0.048564456403255,1
-0.1551618874073,-0.065742924809456,0.072861455380917,1
-0.12599235773087,-0.060660801827908,-0.0034082755446434,1
0.085688352584839,0.11157297343016,-0.081884443759918,1
-0.21341633796692,0.14102707058191,-0.029884107410908,1
0.076127350330353,-0.08533101901412,-0.046126618981361,1
-0.18669244647026,0.15090372413397,-0.082571618258953,1
0.019329786300659,-0.12733705900609,0.019331209361553,1
0.14666420221329,-0.22622666507959,0.036315746605396,1
0.024182498455048,-0.21542869508266,-0.051974020898342,1
-0.0066167712211609,-0.072348777204752,0.0052578821778297,1
0.12076967954636,-0.16652611643076,0.015319608151913,1
0.091138303279877,-0.24670995026827,0.14428821951151,1
-0.075539290904999,0.022722840309143,0.0098749324679375,1
-0.13231089711189,-0.0052599683403969,-0.022127456963062,1
0.094727218151093,0.17980425804853,0.045959331095219,1
0.061417043209076,-0.28355864435434,0.074032999575138,1
-0.058488965034485,0.041064999997616,-0.047108255326748,1
-0.052499145269394,-0.24780560284853,0.059117801487446,1
0.055042624473572,0.23452111333609,0.041349090635777,1
0.088326394557953,0.20300381630659,0.16485483199358,1
-0.081021785736084,-0.27074325829744,0.070837445557117,1
0.18444442749023,0.16453214734793,0.055745325982571,1
0.083081543445587,0.076288007199764,0.011629171669483,1
0.18071931600571,-0.15933121368289,0.16116014868021,1
-0.029972910881042,0.2157175168395,0.14338953047991,1
-0.16340398788452,0.13183865696192,0.082721807062626,1
0.031130373477936,-0.21455704420805,0.13570422679186,1
0.058609783649445,0.048383347690105,-0.00097367912530899,1
-0.11411184072495,-0.1101945284754,0.050260059535503,1
-0.048099100589752,0.14917185157537,0.019233800470829,1
-0.10153436660767,-0.074357224628329,-0.053361251950264,1
-0.00024926662445068,0.21150051802397,0.08877570182085,1
-0.067560255527496,-0.20085463672876,-0.090336181223392,1
-0.0068541169166565,0.0498933121562,-0.012775026261806,1
-0.057817935943604,0.23788782209158,-0.002972774207592,1
-0.23710781335831,-0.077677439898252,0.066150940954685,1
-0.0677729845047,0.09163822978735,-0.00677140802145,1
-0.034340739250183,-0.027439214289188,-0.024253882467747,1
-0.1790264248848,-0.17867882549763,0.11454630643129,1
-0.18998476862907,-0.15880147367716,0.053909085690975,1
0.068205058574677,-0.06921654753387,0.0086930468678474,1
0.045822203159332,0.20879321545362,0.20289934426546,1
0.03220671415329,0.24996571987867,0.13105804473162,1
-0.023533344268799,0.088267244398594,0.010245077311993,1
0.027639389038086,-0.21732290834188,-0.01543677598238,1
0.14799547195435,0.20999129861593,0.1144181266427,1
0.039361953735352,0.057286597788334,-0.0042146667838097,1
0.022459328174591,-0.2168000638485,-0.092524632811546,1
0.18455505371094,0.17486824840307,0.16855352371931,1
0.00098103284835815,-0.15690488368273,-0.068284720182419,1
-0.107527166605,-0.22336503118277,0.049950875341892,1
-0.069828510284424,0.071145437657833,-0.026134513318539,1
-0.09196725487709,0.11520531028509,0.0072819367051125,1
0.16236358880997,0.2104679569602,-0.013083457946777,1
0.070994436740875,-0.21541061997414,-0.05484913289547,1
-0.079102337360382,0.21752610057592,-0.0251624584198,0
0.061491668224335,-0.073085514828563,-0.033599428832531,1
0.10122656822205,-0.25939334183931,-0.0540806427598,1
0.1229282617569,0.25265379995108,-0.063799664378166,1
0.064032137393951,-0.064044885337353,-0.039896667003632,1
0.13624739646912,0.20148452371359,0.14605083316565,1
-0.049269497394562,-0.2061754912138,0.13549666851759,1
-0.10316836833954,0.075862981379032,-0.073938809335232,1
-0.25835344195366,-0.056270070374012,0.0016936734318733,1
0.0036775469779968,0.18413536995649,0.0056919828057289,1
-0.23890155553818,-0.013942860066891,0.1021259650588,1
0.068831622600555,-0.062081731855869,-0.012341879308224,1
0.009649932384491,-0.19452799856663,0.02787559479475,1
0.13742101192474,0.21316551417112,0.017783232033253,1
-0.079303681850433,0.04369043558836,-0.032705269753933,1
-0.22292029857635,0.082515455782413,-0.08452171087265,1
-0.13391399383545,0.029202960431576,0.044796414673328,1
0.022049605846405,-0.14369910955429,-0.061201989650726,1
0.10309171676636,0.11286445707083,-0.066059716045856,1
0.052962481975555,-0.27181506901979,-0.045057959854603,1
-0.140680372715,-0.092456786893308,-0.020614944398403,1
-0.2063379585743,-0.0099362879991531,0.018676035106182,1
-0.0837681889534,-0.16843977570534,-0.077452279627323,1
0.066298425197601,-0.1692765429616,-0.024232171475887,1
-0.058111548423767,-0.2004381865263,-0.06032483279705,1
-0.052485764026642,-0.044449027627707,0.0062625929713249,1
-0.033285677433014,-0.071674717590213,-0.034117177128792,1
-0.018393099308014,-0.081103142350912,-0.018150344491005,1
0.0173060297966,-0.17890649288893,-0.00422253459692,1
-0.12847104668617,0.035590164363384,-0.015249185264111,1
-0.0085511207580566,0.12465383857489,-0.012952737510204,1
-0.024646878242493,0.19885646551847,0.15965933352709,1
-0.22778415679932,-0.0089107006788254,-0.060055963695049,1
-0.038433074951172,0.20138596743345,0.090531341731548,1
-0.12998878955841,-0.10448622936383,-0.025254018604755,1
-0.032144010066986,0.059655047953129,-0.017432279884815,1
0.098245024681091,0.094047479331493,-0.018124595284462,1
-0.098304748535156,-0.18786270171404,0.030794240534306,1
-0.070450991392136,-0.19726604223251,0.080101378262043,1
0.020578980445862,-0.16918617486954,0.050738580524921,1
0.080434620380402,0.10363576561213,-0.042498923838139,1
0.025486171245575,0.060508944094181,0.0015899688005447,1
-0.12586334347725,-0.18292941898108,0.02865057438612,1
0.21856510639191,-0.21504669636488,0.063196428120136,1
0.13198351860046,0.18348833173513,0.075766183435917,1
-0.11744531989098,-0.059280995279551,-0.054604776203632,1
0.017844676971436,-0.20428159832954,0.18879415839911,1
0.00079888105392456,0.1629495844245,-0.038641728460789,1
0.079404890537262,-0.14617552980781,0.031165637075901,1
-0.080111712217331,0.078417234122753,-0.032008834183216,1
-0.1701443195343,0.080716274678707,0.1744532212615,1
-0.12880253791809,-0.13020396977663,0.20561904460192,1
0.053377628326416,0.14718929678202,-0.031032033264637,1
-0.13057380914688,-0.044146005064249,0.042897902429104,1
0.050070464611053,0.19393446296453,-0.0086745768785477,1
0.067019760608673,0.09361719340086,0.016659893095493,1
-0.061689019203186,0.073958225548267,-0.014324836432934,1
0.0032095909118652,0.16695072501898,0.027852602303028,1
-0.098725467920303,0.022890895605087,-0.078545838594437,1
-0.10052415728569,-0.18879682570696,0.1759287789464,1
0.14847242832184,-0.25607896596193,0.0067247897386551,1
-0.13635671138763,-0.059465445578098,-0.056358508765697,1
0.079302489757538,-0.073169054463506,-0.030106268823147,1
-0.08156806230545,-0.17810764908791,-0.063780069351196,1
-0.039114534854889,0.052012212574482,-0.019933618605137,1
0.14792329072952,0.15722601860762,-0.0010278671979904,1
-0.082541406154633,-0.067087922245264,-0.021106712520123,1
-0.26318773627281,0.035915412008762,0.074030481278896,1
-0.10765641927719,0.080385901033878,0.0047601982951164,1
-0.024404466152191,-0.17459307610989,0.063566371798515,1
0.0053279995918274,0.23523076623678,0.11268851906061,1
0.012115836143494,0.22285353392363,0.042754031717777,1
-0.0510513484478,-0.19386892020702,0.17753223329782,1
-0.039230287075043,-0.058283075690269,0.015208207070827,1
0.11953973770142,0.1363582238555,-0.0074919015169144,1
0.071456491947174,-0.051476120948792,-0.02647127956152,1
0.14167982339859,-0.14999994635582,0.032375521957874,1
0.065666317939758,0.085181839764118,0.0024793744087219,1
-0.07114851474762,-0.18807146698236,0.11413884907961,1
-0.047709405422211,-0.22207932919264,-0.0093857198953629,1
-0.14764687418938,-0.11368611920625,-0.065018333494663,1
-0.17284640669823,-0.035134673118591,-0.030207231640816,1
0.05443799495697,-0.14697636663914,-0.053884476423264,1
-0.16607767343521,-0.051023181527853,0.063039444386959,1
-0.014948666095734,-0.13648376986384,0.013062410056591,1
-0.07653334736824,-0.044196624308825,0.021199740469456,1
-0.025561392307281,-0.24191332608461,-0.052445024251938,1
0.071304857730865,0.22114273160696,0.13013587146997,1
-0.038689196109772,-0.182567730546,0.045575082302094,1
0.063472926616669,0.081152193248272,-0.040617287158966,1
-0.12132075428963,0.18412359803915,0.1840531155467,1
0.16277265548706,0.1447673663497,0.081139780580997,1
0.15537053346634,-0.13523473963141,0.096299402415752,1
0.15429228544235,-0.24072303622961,0.11061955243349,1
-0.03366607427597,-0.14449730142951,-0.078071631491184,1
-0.0042883157730103,0.22783827036619,0.067356377840042,1
0.12870997190475,0.25269534438848,0.053446166217327,1
0.074275970458984,-0.2640543654561,-0.015834577381611,1
0.0011552572250366,-0.13646076619625,-0.0094416588544846,1
-0.261644333601,-0.062520127743483,0.0031001195311546,1
-0.021233677864075,-0.1334501542151,-0.020380161702633,1
0.053804516792297,-0.20558030903339,0.14722660928965,1
0.049268364906311,0.27115639299154,0.093768529593945,1
0.045266568660736,-0.13418913632631,-0.050597861409187,1
-0.19331705570221,0.13114938884974,0.14288953691721,1
-0.24366420507431,-0.067552648484707,0.03486742824316,1
-0.030921876430511,-0.10747792664915,-0.0027051642537117,1
0.13973706960678,-0.1337354592979,-0.058260597288609,1
-0.10952758789062,0.079831145703793,-0.01346867531538,1
-0.14855474233627,0.11060959845781,0.20618457347155,1
-0.048794031143188,0.052766896784306,0.016333423554897,1
-0.01996123790741,-0.19023408740759,0.1098200455308,1
-0.014248192310333,-0.15452121570706,-0.017290249466896,1
0.19556534290314,0.19662141054869,-0.023659035563469,1
-0.035692989826202,0.012626104056835,-0.00019099563360214,1
-0.0037669539451599,-0.076182585209608,0.0022331848740578,1
-0.073419451713562,0.22663774341345,0.097223199903965,1
0.14964377880096,-0.20035815984011,0.11783751100302,1
0.073424398899078,-0.17803204804659,-0.064172603189945,1
0.16079074144363,-0.15651459246874,0.16218759864569,1
0.027063548564911,0.2921771928668,-0.0030929893255234,1
0.050954163074493,-0.11273068375885,-0.030290760099888,1
-0.19991570711136,0.18631663173437,0.066778294742107,1
0.032398164272308,0.21812575310469,0.12614328414202,1
-0.027139008045197,0.17303337901831,-0.057403922080994,1
-0.016349017620087,0.085545547306538,-0.020096935331821,1
-0.21103790402412,0.086883701384068,0.025673933327198,1
0.025932967662811,-0.15961723029613,0.0024781450629234,1
0.02142596244812,-0.22919868677855,-0.0091519877314568,1
0.1908330321312,-0.20512925833464,0.082700215280056,1
0.20373529195786,0.21723171323538,-0.011289604008198,1
0.16737800836563,0.25820752233267,0.037006340920925,1
0.098558902740479,0.14628697186708,-0.05400213599205,1
0.12107425928116,-0.18588427454233,0.11163709312677,1
0.20322078466415,-0.2094836756587,-0.036231584846973,1
-0.060568451881409,-0.00087331980466843,0.0039214119315147,1
0.032595098018646,-0.20004053413868,-0.094387363642454,1
-0.023578226566315,-0.22814301401377,0.012845084071159,1
0.027170896530151,0.2652624770999,-0.029421612620354,1
-0.015703022480011,-0.1439464725554,-0.093931958079338,1
-0.038734257221222,0.24782683700323,0.062033526599407,1
0.20423692464828,-0.19747747480869,0.083162985742092,1
0.031805276870728,-0.12508798763156,0.00308708101511,1
-0.086625725030899,-0.014029048383236,-0.017879657447338,1
-0.1670423746109,-0.10984062589705,-0.012079514563084,1
-0.094799280166626,-0.12469017319381,-0.094750218093395,1
0.013655126094818,0.075526423752308,-0.024310812354088,1
0.11621141433716,0.25228103250265,0.097455464303493,1
0.086148917675018,0.24240940064192,0.14629135280848,1
-0.10917401313782,-0.2267212793231,0.033368691802025,1
-0.13362857699394,0.0082485899329185,0.015174828469753,1
-0.10852193832397,0.053623251616955,0.044218145310879,1
-0.061945885419846,0.013201452791691,0.011175788938999,1
-0.16231280565262,-0.12583292089403,0.19493947178125,1
-0.16514250636101,0.0032675862312317,-0.080268912017345,1
-0.019572496414185,0.16857021301985,0.071509383618832,1
-0.095719695091248,0.20058640092611,0.10909294337034,1
0.10373419523239,0.13511300832033,0.01893737912178,1
-0.14091965556145,-0.16925974935293,-0.031746305525303,1
0.033520460128784,0.22302838414907,0.19792745262384,1
0.028001666069031,0.19506999105215,-0.046318620443344,1
2.2411346435547e-05,-0.28602414578199,-0.0021054074168205,1
-0.24136310815811,-0.053307972848415,0.10626540333033,1
0.22209858894348,0.21905114501715,0.023340858519077,1
-0.0083816051483154,0.12908057123423,0.039448536932468,1
-0.00075834989547729,0.076434127986431,-0.044952087104321,1
0.13315719366074,-0.1316031254828,0.053469337522984,1
0.037155210971832,-0.082577245309949,-0.023718535900116,1
-0.052506357431412,-0.073275990784168,0.011939562857151,1
0.20559602975845,-0.20976416021585,0.11684542149305,1
0.1286912560463,-0.22924318164587,0.14329401403666,1
-0.11050361394882,0.058801971375942,0.033635295927525,1
-0.17564061284065,0.10242379456758,-0.0072315707802773,1
0.089037120342255,0.22867321223021,0.17831512540579,1
-0.029440701007843,-0.19866113364697,0.026265315711498,1
-0.21836206316948,0.054906465113163,0.050399117171764,1
0.044894695281982,-0.10265575186349,-0.035916231572628,1
0.10012090206146,0.20392828434706,0.058370985090733,1
-0.099168926477432,-0.18304228782654,0.03635635226965,1
0.030891001224518,0.087333209812641,0.0032719448208809,1
0.081487238407135,-0.084564961493015,-0.047983534634113,1
-0.21146273612976,0.016110189259052,-0.030241914093494,1
-0.095994532108307,0.13805582374334,0.052366279065609,1
0.0251504778862,-0.18239268660545,-0.063780203461647,1
0.075351595878601,0.19973670691252,-0.066866770386696,1
0.074235141277313,0.085779242217541,-0.025186613202095,1
-0.1025612950325,0.0546600446105,-0.031700037419796,1
0.052754342556,-0.095635693054646,0.013609580695629,1
-0.11657997965813,0.020182155072689,-0.042137883603573,1
0.069388687610626,0.087985314428806,0.01226244866848,1
-0.20693328976631,0.018925130367279,0.030064232647419,1
0.081503629684448,0.06834851950407,0.020860180258751,1
-0.19771131873131,-0.10674320580438,-0.05984441190958,1
-0.16007417440414,-0.041510067880154,0.080327324569225,1
-0.082292675971985,0.18240015953779,0.037546522915363,1
-0.10481923818588,-0.20614915341139,0.0075626596808434,1
-0.032158315181732,-0.15170644968748,0.038553841412067,1
-0.0089262723922729,-0.075202280655503,-0.044558711349964,1
-0.092017412185669,-0.0059124827384949,0.019639991223812,1
0.13946402072906,-0.20730110257864,0.018483683466911,1
-0.051111340522766,-0.15927350521088,-0.083428665995598,1
-0.14189773797989,0.019521594047546,-0.013793937861919,1
-0.054868519306183,-0.027194768190384,-0.023449525237083,1
-0.023507237434387,0.19467755407095,-0.042598679661751,1
0.10622972249985,0.16254379600286,0.0017410889267921,1
0.12074488401413,-0.13503003120422,0.040248520672321,1
-0.18363732099533,-0.020126231014729,-0.10002557188272,1
-0.017032027244568,0.081084184348583,-0.015009723603725,1
-0.23719397187233,-0.13434828445315,0.0096771791577339,1
0.066469848155975,0.16890170425177,-0.057076960802078,1
-0.2283693253994,0.13837390393019,-0.019067250192165,1
0.0044189691543579,-0.16897250711918,-0.05670241266489,1
-0.072822779417038,-0.22953044623137,-0.07101022452116,1
-0.12585413455963,-0.042626772075891,-0.089826624840498,1
0.128737449646,0.19943019002676,0.1920378729701,1
0.018354773521423,0.27590071409941,-0.033271797001362,1
-0.21415090560913,-0.10640904633328,-0.039386302232742,1
-0.041624248027802,0.027379758656025,-0.0076075717806816,1
0.10145008563995,0.11585687845945,0.01198910176754,1
0.14774769544601,-0.20817474275827,-0.056620672345161,1
-0.15280956029892,0.020829059183598,0.043197609484196,1
-0.035225331783295,-0.082946294918656,0.022767931222916,1
-0.002963662147522,0.048033811151981,0.0049681290984154,1
-0.20906910300255,-0.021673694252968,-0.0078632012009621,1
0.006585419178009,-0.10103551810607,0.013898089528084,1
0.10938531160355,0.22596698254347,0.10090864449739,1
-0.065410256385803,-0.20158400386572,-0.054023265838623,1
-0.095424294471741,-0.077748892828822,0.01269493252039,1
0.028250753879547,0.26985480636358,-0.022265173494816,1
-0.041641712188721,0.18211954087019,0.041212759912014,1
-0.15932509303093,-0.20124091207981,-0.032169573009014,1
-0.027904033660889,0.12763030081987,0.032091535627842,1
-0.082113981246948,-0.028182677924633,0.012217007577419,1
-0.029787003993988,-0.048124857246876,0.0078717991709709,1
0.087549388408661,0.070592038333416,-0.0043533965945244,1
0.10224765539169,-0.20108511298895,0.01359149068594,1
0.10156792402267,-0.18144643306732,0.026301011443138,1
0.098323583602905,0.12671162933111,0.029996462166309,1
0.047365963459015,-0.19782861322165,-0.016662143170834,1
0.02466344833374,-0.20436592400074,-0.078680254518986,1
-0.096952885389328,0.2030923590064,0.15444118529558,1
0.1468226313591,-0.16641319543123,-0.098374284803867,1
0.10085302591324,0.24982833117247,0.11889655143023,1
0.041972219944,-0.1063640974462,0.023975752294064,1
-0.19036224484444,0.18450596183538,0.064040772616863,1
-0.13501787185669,-0.20496042817831,0.076586417853832,1
-0.21746534109116,0.060497544705868,0.088082037866116,1
0.21291154623032,0.1973439976573,0.092853538691998,1
-0.15393662452698,0.13866294175386,-0.071931205689907,1
0.18265533447266,0.19502916187048,0.16287135332823,1
-0.11072427034378,0.1206583455205,0.029541023075581,1
-0.1127966940403,0.18961288779974,0.10998079925776,1
-0.24986502528191,0.00038372725248337,0.077459432184696,1
-0.092170864343643,0.15688224881887,0.078436367213726,1
0.055262744426727,-0.080884350463748,0.01527500897646,1
-0.018990576267242,-0.051439218223095,-0.0038534551858902,1
-0.075953155755997,-0.035816870629787,-0.069594949483871,1
-0.073009014129639,-0.23603150993586,0.11733377724886,1
-0.024344265460968,-0.12051618285477,0.012195564806461,1
0.030777394771576,-0.13092559948564,-0.0056852325797081,1
-0.056258678436279,-0.11066861916333,0.015902496874332,1
-0.08617377281189,-0.034499742090702,-0.076862514019012,1
-0.26450264453888,-0.031947240233421,-0.014145232737064,1
0.017319321632385,-0.091240195557475,0.014086484909058,1
0.07572865486145,0.09462159126997,-0.0066451355814934,1
0.16469115018845,0.15627404302359,0.14773345738649,1
-0.043113946914673,-0.14260707423091,0.026609599590302,1
-0.045258700847626,0.054146520793438,-0.0074028745293617,1
-0.051208078861237,0.011269778013229,-0.022534541785717,1
0.076808333396912,0.21497675031424,0.13383758813143,1
-0.011546552181244,-0.12979328073561,-0.004928857088089,1
0.085218608379364,0.0703169927001,-0.0090296939015388,1
-0.17567238211632,-0.050948832184076,0.09616956859827,1
0.074549555778503,-0.13900891318917,0.041022300720215,1
-0.13490802049637,-0.10926746856421,-0.075252912938595,1
-0.10036838054657,-0.20309618860483,0.12667427212,1
-0.049036860466003,-0.02621204406023,0.0076863393187523,1
-0.18505102396011,-0.11353385914117,-0.075454868376255,1
-0.16441297531128,0.043473280966282,0.21730465441942,1
-0.070097625255585,0.053715772926807,0.021526195108891,1
0.10505998134613,0.16330134123564,-0.054355382919312,1
0.0083687901496887,-0.058701191097498,-0.0069263800978661,1
-0.0027092695236206,0.1240868344903,0.0070138573646545,1
-0.12870973348618,-0.20357708632946,0.11691186577082,1
-0.23163005709648,-0.013043858110905,0.041828520596027,1
0.17254811525345,-0.19573483616114,0.16513834148645,1
-0.059702605009079,0.24715598672628,0.058987960219383,1
-0.13561803102493,0.012423790991306,-0.027736030519009,1
0.0023683905601501,-0.19003933668137,-0.030058585107327,1
-0.0073756575584412,-0.067918330430984,-0.022760830819607,1
0.11044198274612,-0.086244812235236,-0.07383955270052,1
0.076716244220734,-0.2256068661809,-0.056091420352459,1
0.12655913829803,-0.13698817417026,-0.069956265389919,1
0.035785496234894,0.2858002409339,0.03404662758112,1
0.13383549451828,-0.21123570948839,0.0626450330019,1
-0.16308754682541,0.16291006654501,0.082379020750523,1
-0.09144788980484,0.017016217112541,-0.059400729835033,1
-0.16390398144722,-0.0047610476613045,0.037235759198666,1
0.039349853992462,-0.2391085550189,-0.03730633854866,1
-0.13314285874367,0.0099389031529427,0.027125515043736,1
0.12133926153183,0.17387127131224,0.10483969002962,1
0.076119363307953,-0.094604862853885,-0.0021168813109398,1
0.075745284557343,-0.093807504978031,-0.030644856393337,1
-0.12153524160385,-0.034649446606636,-0.054516702890396,1
0.15790957212448,0.16077610105276,0.020817019045353,1
-0.045965135097504,-0.021625451743603,0.008859671652317,1
-0.025120496749878,0.25738044828176,0.035246416926384,1
-0.10081911087036,0.22138424962759,0.11995131522417,1
0.046801388263702,-0.13255281373858,0.017716966569424,1
-0.21547257900238,0.069437436759472,0.13026923686266,1
-0.018732488155365,-0.22923857718706,-0.09140583127737,1
-0.075094729661942,-0.16513521969318,-0.075860686600208,1
-0.1207520365715,-0.1307189874351,0.091049246490002,1
-0.020068228244781,0.21515630930662,-0.079294323921204,1
-0.21171194314957,-0.080044588074088,0.077835507690907,1
0.069206774234772,-0.095689373090863,-0.030384317040443,1
-0.023448050022125,0.03686910122633,0.0024396106600761,1
-0.06885102391243,-0.010779857635498,-0.018594093620777,1
0.042514622211456,-0.14745049923658,0.0084721818566322,1
-0.028215706348419,-0.08985061198473,-0.012093223631382,1
0.058603227138519,-0.13577823713422,0.0081380680203438,1
0.035874545574188,-0.23006752878428,0.066881939768791,1
-0.037294209003448,0.22670613974333,0.056325562298298,1
-0.007036566734314,0.070366688072681,-0.037287980318069,1
0.12114775180817,0.25268187373877,0.022790066897869,1
0.062288641929626,0.25487928837538,-0.0048634633421898,1
0.042513072490692,-0.063856657594442,-0.0099044367671013,1
0.067715108394623,0.26512684673071,0.058654107153416,1
0.015087127685547,0.1069261059165,0.0061808824539185,1
0.038777530193329,-0.072570148855448,0.0059842765331268,1
-0.04204535484314,-0.083408530801535,-0.033183634281158,1
0.12940067052841,-0.19113437086344,0.074366427958012,1
0.14592486619949,-0.17375126481056,0.12057686597109,1
0.027442872524261,0.15930285304785,-0.082676731050014,1
0.15877515077591,-0.19259329885244,0.05460038036108,1
0.0089402794837952,-0.22558961063623,0.020323805510998,1
-0.012248277664185,0.21305521577597,0.039997480809689,1
-0.036503255367279,-0.0097479224205017,-0.0033695176243782,1
0.21030896902084,-0.20638533681631,0.093472696840763,1
0.050079882144928,0.095046766102314,-0.022923424839973,1
-0.19515094161034,-0.10188001254573,0.062120549380779,1
-0.19299167394638,-0.19287482649088,0.0054328665137291,1
0.083229839801788,-0.21485326439142,0.079234607517719,1
-0.045225322246552,-0.22584495693445,0.014057986438274,1
-0.055241227149963,-0.15402053296566,0.06761384755373,1
-0.13027197122574,0.054230682551861,0.0071366205811501,1
-0.0701644718647,0.19429739564657,0.13693732768297,1
0.10858905315399,0.19116162508726,0.034854792058468,1
0.098564684391022,0.20902689546347,0.044675327837467,1
0.15651100873947,0.20300864428282,0.12979736179113,1
0.028260290622711,-0.23300833255053,-0.0020717307925224,1
0.083535850048065,0.19065960496664,-0.050921067595482,1
0.016502439975739,0.26821073144674,0.032775200903416,1
0.097807347774506,-0.11941867135465,-0.048363216221333,1
0.034726083278656,-0.069512581452727,-0.027622647583485,1
0.091740787029266,-0.23965138942003,-0.0099495723843575,1
-0.12948390841484,0.11270032078028,0.10274497419596,1
0.2021980881691,-0.18290586024523,0.081952519714832,1
0.048600375652313,0.068494580686092,-0.016151823103428,1
-0.1500868499279,-0.118601905182,-0.034499190747738,1
-0.066077500581741,0.018351837992668,-0.045388631522655,1
0.10069388151169,-0.15655655786395,-0.067591369152069,1
-0.0029376149177551,0.17117562144995,0.056588292121887,1
0.040505886077881,0.22893013805151,-0.020280726253986,1
0.21187728643417,0.21149580925703,0.10399524122477,1
-0.068037122488022,-0.1918151974678,0.16628278046846,1
-0.26117813587189,-0.054903753101826,0.054539777338505,1
-0.19507133960724,0.02544554322958,-0.00861706584692,1
-0.0081903338432312,-0.10408755764365,0.0010091289877892,1
-0.066638439893723,-0.25914002209902,-0.020267404615879,1
-0.11379554867744,0.010501004755497,-0.067534275352955,1
-0.04452258348465,-0.096819918137044,0.00973080098629,1
0.063761472702026,0.090180687606335,-0.031500533223152,1
0.08961147069931,-0.13327592611313,-0.019675329327583,1
-0.036356031894684,-0.034482330083847,-0.026230320334435,1
-0.081193745136261,-0.25125203281641,0.10428755730391,1
-0.10279873013496,0.13076218217611,-0.037501357495785,1
-0.016971290111542,-0.26830960065126,0.015484713017941,1
0.025461971759796,-0.13846701383591,0.034319773316383,1
-0.044722676277161,-0.25120014697313,0.037961833178997,1
-0.085003137588501,0.013451263308525,-0.008794330060482,1
-0.16434481739998,-0.20789925009012,-0.032176785171032,1
0.01871520280838,0.088442780077457,-0.0423873513937,1
-0.090049117803574,0.1671606823802,0.10878289490938,1
0.029492974281311,0.21091406792402,0.15017876774073,1
-0.00035929679870605,-0.19597026705742,0.034718185663223,1
0.13730472326279,0.1932172998786,-0.012439213693142,1
-0.096994400024414,0.13420591503382,0.031544245779514,1
0.026055455207825,0.17882221192122,0.022233851253986,1
0.039525806903839,0.067166186869144,-0.018293268978596,1
-0.192746758461,0.063861168920994,-0.0012345239520073,1
0.080025255680084,0.13861756771803,-0.035118907690048,1
0.081140697002411,-0.24204201251268,-0.054395996034145,1
-0.030915558338165,-0.11536107584834,0.035819597542286,1
0.01630687713623,-0.090267757885158,-0.00073689967393875,1
0.070446670055389,-0.23794234544039,0.11969388276339,1
0.032343208789825,-0.26843708008528,-0.063428841531277,1
-0.081661194562912,-0.031381048262119,-0.053338594734669,1
-0.15429347753525,-0.074109807610512,0.056735016405582,1
0.048361361026764,-0.28167232125998,0.067717097699642,1
0.082817196846008,-0.22860375791788,0.021467842161655,1
-0.096834808588028,-0.14055931940675,-0.085635490715504,1
-0.049422144889832,-0.26418984681368,0.063215807080269,1
-0.12213242053986,0.22454842180014,0.018735013902187,1
0.080760300159454,-0.19140606373549,-0.087792187929153,1
0.063115119934082,0.12005024403334,0.010822132229805,1
-0.011183440685272,-0.2335154786706,0.12035448104143,1
-0.016197621822357,-0.065536122769117,0.0074998661875725,1
-0.14000669121742,-0.2089654430747,0.13661692291498,1
-0.014681100845337,0.26374604552984,0.096523247659206,1
0.099591672420502,-0.089813715778291,-0.052409194409847,1
0.14007174968719,0.26510860770941,0.064382918179035,1
-0.07913875579834,-0.010572679340839,0.0091699436306953,1
-0.046749532222748,0.18359836190939,-0.025504291057587,1
-0.008945107460022,-0.21584349870682,0.11509553343058,1
0.150670170784,0.23328887671232,0.13055001944304,1
0.00083678960800171,0.2141443118453,0.001649022102356,1
0.015503644943237,-0.23906198889017,-0.079735338687897,1
0.04276829957962,-0.22176250070333,-0.030969031155109,1
-0.079922646284103,0.083013959228992,-0.063236825168133,1
0.03652036190033,-0.20280478894711,-0.0012538954615593,1
0.043104767799377,0.084641866385937,-0.0027475878596306,1
-0.039900958538055,0.085387088358402,-0.020829059183598,1
0.039418339729309,-0.13027918338776,-0.049975797533989,1
-0.027710258960724,0.069107137620449,-0.014954812824726,1
0.094997346401215,0.20238276571035,0.089775390923023,1
0.052306175231934,0.18361818045378,-0.057236634194851,1
-0.21708509325981,-0.065062612295151,0.12292181700468,1
0.11467444896698,0.19756024330854,0.065297551453114,1
-0.026893377304077,0.040566362440586,-0.013307221233845,1
0.17747634649277,-0.18899844586849,0.11058991402388,1
-0.10684439539909,-0.063123635947704,-0.0032354816794395,1
0.11002153158188,-0.17981510609388,-0.057244427502155,1
-0.021807551383972,0.24495442956686,0.0083418488502502,1
0.1814022064209,0.17638417333364,-0.079554416239262,1
-0.13803869485855,0.19783379882574,-0.043888755142689,0
-0.067086219787598,-0.083996094763279,-0.0097586587071419,1
-0.076865077018738,0.16327249258757,-0.061811335384846,1
-0.24930438399315,-0.022344551980495,0.079422391951084,1
0.10374158620834,0.19111629575491,0.18857189267874,1
0.10636776685715,-0.094572406262159,-0.04867846518755,1
-0.11892819404602,0.23651068657637,0.0049661323428154,1
0.021401286125183,-0.073535520583391,0.0023739039897919,1
0.039044678211212,0.24161752313375,0.02931771427393,1
0.13461196422577,0.14626035839319,0.074366755783558,1
-0.039661765098572,0.020481526851654,0.0035719200968742,1
-0.24176701903343,-0.052270498126745,0.1075878366828,1
0.068413615226746,0.15620788186789,-0.036332450807095,1
0.076070308685303,-0.14784877002239,0.036937080323696,1
0.0097403526306152,0.26039611548185,0.072822846472263,1
0.028332114219666,-0.15771286562085,0.016488291323185,1
-0.100705742836,-0.12006695196033,0.011173002421856,1
-0.035353243350983,0.14203394204378,-0.073172047734261,1
-0.0159552693367,-0.087850515730679,-0.019853316247463,1
-0.023742318153381,-0.094574778806418,0.016435854136944,1
0.075475871562958,0.23181911557913,-0.018427640199661,1
-0.13822221755981,-0.0084700062870979,-0.068796537816525,1
0.044371962547302,0.19517087191343,0.061228655278683,1
0.11563122272491,0.12413998693228,-0.051896527409554,1
-0.16726166009903,0.14286839216948,0.036881439387798,1
-0.045032322406769,0.23194124549627,-0.052845135331154,1
-0.16654270887375,-0.020778767764568,0.048255644738674,1
0.17239779233932,-0.19477467238903,0.035681553184986,1
-0.13694640994072,-0.066833786666393,0.01557769626379,1
-0.094704359769821,0.10684452205896,-0.051742129027843,1
-0.10309079289436,0.19383760541677,0.060137532651424,1
0.066611230373383,-0.22343177348375,-0.096495196223259,1
-0.044388115406036,0.067621521651745,-0.0091170445084572,1
-0.075348615646362,0.15357681363821,0.010289885103703,1
-0.13672098517418,-0.014957137405872,-0.081448569893837,1
0.15066701173782,-0.15698489919305,0.10021600872278,1
-0.068369477987289,-0.18234512209892,0.03395988047123,1
0.01462197303772,0.11674527078867,-0.059038497507572,1
0.10526579618454,-0.19057810306549,0.039586015045643,1
0.16630452871323,0.2494181022048,0.041525885462761,1
-0.1596337556839,-0.069575691595674,-0.023636303842068,1
-0.098588794469833,0.22849764674902,0.017110303044319,1
-0.012340545654297,0.17429559677839,0.064573906362057,1
0.033866941928864,-0.090243644081056,-0.03063727170229,1
0.10532766580582,-0.15189984440804,-0.055999733507633,1
-0.042032301425934,0.034526295959949,0.00053154677152634,1
-0.019777774810791,0.068794943392277,-0.031465582549572,1
0.060788512229919,-0.26865793019533,-0.0012942776083946,1
-0.14462095499039,-0.20171875506639,-0.036901250481606,1
-0.19360116124153,-0.12468500994146,0.0096822306513786,1
-0.18615490198135,0.16199820488691,0.094300709664822,1
0.029606521129608,-0.17227253317833,-0.032842107117176,1
0.081843197345734,0.24167164415121,-0.058098092675209,1
-0.13310384750366,-0.053785618394613,-0.0071026161313057,1
0.076997995376587,0.11184271425009,-0.031387716531754,1
-0.042073667049408,-0.096586935920641,-0.032829530537128,1
-0.092013418674469,-0.13177776709199,-0.0040128454566002,1
-0.066792488098145,0.0084207281470299,0.016019560396671,1
-0.074746906757355,-0.23999961465597,-0.011823065578938,1
-0.18571978807449,0.092862851917744,0.085483588278294,1
0.023677229881287,-0.18282619863749,0.025915078818798,1
0.093300223350525,-0.12735241465271,-0.047778457403183,1
0.15258383750916,-0.24939159303904,0.048106595873833,1
0.1471192240715,-0.22228954732418,-0.020222008228302,1
0.041515827178955,0.24154128879309,0.13928229361773,1
-0.033616364002228,0.0014483854174614,0.0037012472748756,1
0.16742384433746,0.15837284177542,0.12525992840528,1
0.054209887981415,0.11290254443884,-0.045376032590866,1
-0.0013787746429443,-0.17835149914026,-0.022685199975967,1
0.082297623157501,-0.17584306746721,0.038738921284676,1
-0.16321069002151,0.082689695060253,0.0068979486823082,1
-0.13641875982285,-0.076948005706072,-0.026213608682156,1
-0.034772574901581,-0.063521143049002,0.014222778379917,1
-0.039980351924896,0.23226069658995,0.11464250832796,1
0.00061935186386108,0.26324632018805,-0.079685561358929,1
0.11558622121811,-0.18841181695461,0.18065129965544,1
-0.026054620742798,-0.1133277611807,-0.053050950169563,1
-0.015034317970276,-0.27443731576204,-0.049363009631634,1
0.084066450595856,-0.068697012960911,0.0033864304423332,1
-0.079506903886795,0.075395248830318,0.028376750648022,1
0.0043174624443054,-0.10604170849547,0.0027618333697319,1
0.025059223175049,0.099627189338207,-0.039408594369888,1
-0.084282577037811,0.054103247821331,0.0091173425316811,1
0.093252956867218,0.098283462226391,0.029250666499138,1
-0.051324099302292,-0.089730072766542,0.011209473013878,1
-0.01802122592926,-0.041916288435459,-0.0034322217106819,1
0.0049535036087036,-0.14821669831872,0.029105544090271,1
0.036154210567474,-0.22071100026369,-0.0083637088537216,1
0.1176278591156,-0.10793690104038,0.040173538029194,1
-0.17196157574654,0.18334009498358,0.095223747193813,1
-0.11134475469589,-0.10614164313301,0.020734556019306,1
-0.20543599128723,0.024429462850094,0.17880920320749,1
0.0025691390037537,-0.17794685810804,0.057611130177975,1
0.049752175807953,-0.29052679985762,0.068806283175945,1
0.068354368209839,-0.0615109577775,-0.0089539214968681,1
0.093138754367828,-0.13646719232202,-0.011131107807159,1
-0.097527861595154,0.087220974266529,-0.027660645544529,1
0.030420362949371,0.20545678585768,-0.041604571044445,1
0.072627663612366,-0.082372674718499,0.0048197060823441,1
-0.037583410739899,0.21131309121847,0.092302031815052,1
-0.10593074560165,-0.072356380522251,-0.006416492164135,1
-0.20249545574188,-0.011251725256443,0.12645220011473,1
-0.088930249214172,0.088140971958637,0.019300885498524,1
-0.12883052229881,-0.038311392068863,0.006728895008564,1
0.086500883102417,0.13746841996908,0.036440052092075,1
-0.12829515337944,0.15865936130285,-0.013951309025288,0
0.14690643548965,0.15129318088293,-0.0058281794190407,1
-0.020906984806061,0.062196634709835,-0.034777633845806,1
-0.04308807849884,0.036830000579357,-0.0012324079871178,1
-0.087512850761414,0.15526779741049,0.10599490255117,1
-0.070616364479065,-0.23964742571115,0.0069545060396194,1
-0.10227766633034,0.14720527082682,-0.024391002953053,1
0.046905696392059,0.25354623049498,-0.077235482633114,1
0.044626891613007,-0.087603526189923,-0.039206206798553,1
0.045012652873993,-0.16681703180075,-0.06751199811697,1
-0.1947834789753,-0.17385867983103,-0.050399146974087,1
0.068301975727081,-0.051755927503109,-0.021780543029308,1
0.060001969337463,0.060532830655575,-0.010136276483536,1
-0.013784945011139,-0.10354204266332,0.013657763600349,1
-0.014521420001984,-0.23267490416765,-0.026799350976944,1
0.10196095705032,-0.15878692269325,-0.015704356133938,1
-0.18871831893921,-0.049323588609695,0.1262581422925,1
-0.046764969825745,0.10724274069071,0.022834144532681,1
-0.13755041360855,0.23827370256186,0.058779455721378,1
0.079540073871613,0.11752258986235,-0.033372968435287,1
-0.022290945053101,-0.19883874803782,-0.093266893178225,1
0.072698414325714,-0.10858821030706,0.0057481676340103,1
-0.089696764945984,-0.16457860916853,0.12779624015093,1
-0.25949686765671,-0.045081228017807,0.058691941201687,1
0.029960632324219,0.13179401308298,-0.014898136258125,1
0.019990980625153,0.21861695498228,-0.073984161019325,1
-0.203504383564,-0.10753541439772,-0.019699223339558,1
0.061574399471283,0.039852865040302,0.002609096467495,1
-0.038489818572998,-0.13763135299087,-0.010407760739326,1
-0.048648357391357,-0.15258245915174,-0.058668628334999,1
-0.089954555034637,0.090450383722782,-0.058431409299374,1
-0.064579635858536,0.018211036920547,-0.021762698888779,1
-0.038728773593903,-0.22022479772568,-0.046625882387161,1
-0.098696976900101,-0.099086643429473,-0.072726719081402,1
-0.15818101167679,0.11562799662352,0.054257698357105,1
-0.153136074543,0.19235827773809,0.085012800991535,1
-0.060394585132599,0.059415422379971,0.00021683424711227,1
-0.13453245162964,-0.15820079669356,0.055784814059734,1
-0.20342287421227,-0.037585847079754,-0.034582778811455,1
-0.012037456035614,-0.094736516475677,-0.0082917287945747,1
-0.083301723003387,-0.039602391421795,0.0049507990479469,1
0.0071157217025757,0.063094399869442,-0.012326180934906,1
-0.031661450862885,-0.1548045091331,0.047061376273632,1
0.05650919675827,-0.22357531636953,-0.079843409359455,1
0.1526991724968,-0.18631939589977,0.0090951845049858,1
-0.050773471593857,0.12278582900763,-0.0095655843615532,1
0.09143590927124,0.2153188213706,0.1312405243516,1
-0.13743853569031,-0.19063446670771,0.12687600404024,1
-0.11376905441284,0.096698619425297,0.0092740431427956,1
-0.20267376303673,-0.072748396545649,0.098117671906948,1
-0.059515327215195,0.12389617413282,-0.052433647215366,1
-0.20245769619942,-0.13693248853087,0.01365589350462,1
-0.028094410896301,0.21951582282782,-0.061425015330315,1
0.11649513244629,0.13178952783346,0.016560032963753,1
-0.050346672534943,0.035285614430904,0.015316419303417,1
0.059090375900269,-0.20536042004824,-0.07680194824934,1
-0.16088455915451,0.10564739257097,0.0098493173718452,1
-0.025474905967712,0.030535794794559,-0.011682234704494,1
-0.096142947673798,0.15826108306646,0.00082085281610489,1
0.097743570804596,0.25663592666388,-0.0076776370406151,1
-0.02175760269165,-0.087311270646751,-0.059546068310738,1
0.12294328212738,0.1562365218997,0.0845942273736,1
0.045021414756775,-0.16504038870335,0.022614128887653,1
-0.078443050384521,-0.017393052577972,0.0074373707175255,1
-0.16927099227905,0.20355942100286,0.110535569489,1
-0.094321340322495,0.14402886480093,-0.045869864523411,0
-0.16658779978752,0.12655966728926,-0.089718960225582,1
-0.21471163630486,-0.0016505196690559,0.14829321950674,1
0.077239155769348,0.20589231699705,0.058645598590374,1
-0.054168999195099,-0.15347543731332,0.036287218332291,1
-0.011746823787689,-0.075901970267296,0.0039246156811714,1
-0.081711202859879,0.044029541313648,-0.077822327613831,1
-0.23058766126633,0.13194025307894,0.010625891387463,1
0.039015173912048,-0.0701551027596,0.0063585713505745,1
-0.068760335445404,0.057349391281605,-0.016744486987591,1
-0.1268070936203,0.076084487140179,0.071383915841579,1
-0.060379356145859,-0.1290131341666,-0.020114623010159,1
-0.034360885620117,0.2482198998332,0.099710159003735,1
-0.17556086182594,-0.041879039257765,-0.095295570790768,1
0.008084237575531,-0.11599515751004,-0.039314731955528,1
-0.025944173336029,-0.15587330237031,-0.019088797271252,1
-0.025971472263336,-0.19425056874752,-0.029312297701836,1
-0.050401151180267,0.22732009738684,0.011042602360249,1
-0.12718284130096,0.020111344754696,0.029947273433208,1
-0.13614732027054,0.11202760785818,0.093426175415516,1
-0.076624095439911,-0.20759318768978,0.10478677600622,1
-0.22421672940254,0.021354906260967,0.13118771463633,1
-0.039645731449127,-0.17191016674042,0.0048639327287674,1
-0.12753242254257,-0.05389453843236,-0.029433608055115,1
-0.14505878090858,0.14158374816179,-0.081168331205845,1
-0.12460908293724,-0.15440237149596,0.0213787779212,1
-0.086005061864853,0.18436428159475,-0.079005680978298,0
0.0085875391960144,0.073189251124859,-0.019755370914936,1
0.13728433847427,-0.1604891307652,-0.083897478878498,1
0.012144446372986,0.10278619080782,-0.024747088551521,1
-0.046454608440399,0.27014531940222,0.10900918394327,1
0.072745978832245,0.08675404638052,-0.0054318979382515,1
-0.020610809326172,0.21361642330885,-0.090202793478966,1
-0.083013296127319,0.18152626603842,0.16966564208269,1
-0.1277576982975,-0.15365646779537,0.1612633690238,1
-0.091164857149124,-0.18621672689915,-0.012524850666523,1
-0.083827018737793,-0.12214490771294,-0.0072324946522713,1
0.15745478868484,0.20511504262686,-0.015551149845123,1
0.063044607639313,0.18974610418081,0.0089632347226143,1
0.18899816274643,0.19795050472021,0.049117401242256,1
-0.091234385967255,-0.086075934581459,-0.0094432160258293,1
0.13439536094666,0.17750518769026,0.14900212734938,1
-0.15473374724388,-0.13308076560497,-0.059636183083057,1
-0.070806622505188,-0.16290874779224,0.062824852764606,1
-0.1617323756218,0.12784671038389,-0.029112868010998,1
-0.079711228609085,-0.069013942033052,0.0041116997599602,1
0.038926780223846,0.10537756234407,0.012034066021442,1
-0.020787835121155,-0.075338769704103,0.015026323497295,1
-0.13602659106255,0.17623557895422,0.0078407153487206,1
0.1182102560997,0.17749937623739,-0.031359687447548,1
-0.066742599010468,0.10047433525324,-0.081066437065601,1
0.092797458171844,-0.10886476561427,0.010417364537716,1
-0.12471735477448,0.13957918435335,0.19198385626078,1
-0.014335930347443,-0.21203369647264,0.15239927917719,1
-0.20371356606483,0.0018460303544998,0.016709811985493,1
-0.23295432329178,0.032290078699589,0.14684838801622,1
-0.05270254611969,0.26816343516111,0.051340878009796,1
0.092064440250397,-0.19998301565647,0.21180126816034,1
-0.083738803863525,0.0088532119989395,0.0063313916325569,1
-0.17579430341721,-0.016313888132572,0.12481494992971,1
-0.09035724401474,0.12185890227556,-0.069079272449017,1
-0.15628081560135,-0.073799256235361,0.066173680126667,1
-0.22543501853943,0.1261467859149,0.073031343519688,1
-0.031801223754883,0.011162646114826,0.0003998801112175,1
0.22512370347977,0.20160242170095,0.077376551926136,1
-0.02337908744812,-0.071943903341889,0.019729569554329,1
-0.074902832508087,-0.20468974113464,0.15482119470835,1
-0.0318883061409,-0.12386422045529,-0.021086432039738,1
0.10905534029007,-0.16482456028461,-0.058443516492844,1
-0.027240931987762,-0.19845977425575,0.11054704338312,1
-0.13895726203918,-0.21742257475853,0.090171135962009,1
-0.068331718444824,0.10025092214346,-0.064221508800983,1
-0.16264539957047,0.13885603100061,-0.061837993562222,1
-0.11773321032524,-0.031331993639469,-0.0086835399270058,1
-0.099515616893768,0.032835774123669,-0.050367511808872,1
0.021539330482483,-0.12310329824686,0.01108431071043,1
-0.0063087344169617,0.078654684126377,-0.038550600409508,1
0.13983052968979,0.21981506794691,0.00041232258081436,1
-0.10948818922043,0.10535133630037,0.058390699326992,1
-0.0014798641204834,0.26023783534765,0.028457470238209,1
-0.0053560137748718,0.048313967883587,-0.0012544021010399,1
0.16008651256561,0.16288962215185,-0.070328943431377,1
0.030944228172302,0.2481982037425,-0.063792563974857,1
0.08592289686203,-0.1867965683341,-0.030305743217468,1
-0.0096151828765869,0.21276422590017,0.20419747382402,1
-0.1535692512989,0.11456272751093,0.17520216852427,1
0.071375906467438,0.19962920993567,0.095604725182056,1
-0.21675896644592,-0.039267897605896,-0.03412552177906,1
0.070736467838287,0.12110631912947,-0.022836312651634,1
0.0071802735328674,-0.090454013086855,0.012343533337116,1
-0.15795803070068,0.052513025701046,-0.034287542104721,1
-0.053520172834396,-0.22317884117365,0.032433964312077,1
-0.11917459964752,0.024409331381321,-0.035409070551395,1
-0.063465654850006,0.033639557659626,-0.019311033189297,1
0.10179328918457,0.13819199055433,-0.074937418103218,1
0.12045073509216,-0.16519509255886,0.0028366148471832,1
0.071819543838501,0.16051255911589,0.015650741755962,1
-0.088345795869827,0.058700241148472,-0.023551635444164,1
-0.024917125701904,0.26648416370153,0.022734545171261,1
0.072277843952179,-0.23914135247469,0.13195303827524,1
0.18456333875656,-0.16029904410243,0.18829295784235,1
0.091585636138916,0.095489077270031,-0.0046955123543739,1
-0.1400328874588,-0.23914224654436,0.040947437286377,1
-0.063028305768967,0.23849227279425,0.12081015855074,1
-0.054743677377701,0.23460175842047,0.16667760163546,1
0.19308054447174,-0.21332856267691,0.081433944404125,1
-0.2187714278698,-0.15004142746329,-0.035229034721851,1
0.1859250664711,0.20773925632238,-0.065567672252655,1
-0.059216201305389,-0.25758350640535,0.035197637975216,1
-0.064504742622375,0.059103079140186,-0.029175899922848,1
-0.07419416308403,0.020707830786705,0.020826749503613,1
-0.027457654476166,0.095653615891933,0.024286046624184,1
-0.11837941408157,0.147391282022,0.13590700179338,1
0.10760068893433,0.083026550710201,-0.035911537706852,1
-0.020580768585205,0.062186352908611,-0.018340609967709,1
-0.028796792030334,0.1113154515624,-0.029205575585365,1
-0.19289886951447,-0.074650583788753,0.17301175743341,1
-0.030386447906494,0.18279799073935,0.037396550178528,1
0.026180684566498,0.14365842193365,0.042416326701641,1
-0.053800970315933,-0.093159786891192,0.014857038855553,1
-0.044264853000641,-0.14195768907666,-0.020599290728569,1
-0.10866224765778,-0.10788280516863,-0.065101705491543,1
-0.02964985370636,-0.069191716611385,-0.039383567869663,1
-0.088816106319427,0.19307865947485,-0.0092232823371887,0
-0.048830509185791,-0.052925605326891,-0.010574690997601,1
0.15416777133942,0.16886004060507,0.17856622487307,1
-0.20723062753677,-0.064005061984062,-0.072706498205662,1
-0.083928763866425,-0.16389963030815,-0.026179201900959,1
-0.17216029763222,-0.12182289920747,0.066670425236225,1
-0.02948397397995,0.065005503594875,-0.016414038836956,1
-0.23991611599922,-0.12991858646274,0.02458006888628,1
0.13561648130417,-0.1436573266983,0.06653269380331,1
0.17829960584641,0.23958756774664,0.041256383061409,1
-0.11325144767761,0.17569448798895,0.14355231076479,1
0.088093280792236,-0.14887057244778,0.0053546503186226,1
-0.10005736351013,-0.092796797864139,-0.059168793261051,1
-0.012698352336884,-0.053738500922918,0.0037949904799461,1
-0.074763655662537,-0.071963362395763,-0.036208294332027,1
-0.096189558506012,0.19200106710196,-0.04691831022501,0
0.043886959552765,-0.10403459286317,-0.014968328177929,1
0.013704419136047,0.10453962534666,-0.027991451323032,1
0.046036899089813,-0.19750662893057,0.21299380809069,1
-0.12410300970078,-0.22705636173487,0.06590261310339,1
-0.041443169116974,0.04673295468092,-0.019445233047009,1
0.036320447921753,-0.11256675422192,-0.009055070579052,1
0.13689392805099,0.15180238336325,0.043360166251659,1
0.055668950080872,0.28045531362295,-0.037923641502857,1
-0.10116684436798,0.12597575038671,-0.079659886658192,0
-0.073830515146255,-0.099626479612198,0.0012240633368492,1
-0.13422483205795,-0.018279187381268,0.055380262434483,1
0.0016962885856628,-0.055447485297918,-0.003081776201725,1
-0.015317499637604,-0.13179994374514,0.029980599880219,1
-0.044925034046173,0.092409275472164,0.024281971156597,1
-0.017580211162567,-0.17248146981001,0.012681774795055,1
-0.078714191913605,0.030591510236263,0.023996852338314,1
-0.11613821983337,0.14081224054098,0.055180914700031,1
-0.020378828048706,0.063932828605175,-0.004199393093586,1
-0.15357559919357,0.066527210175991,0.06289891153574,1
-0.18469929695129,0.067620374262333,0.067126132547855,1
0.023483872413635,-0.060788705945015,-0.0029183998703957,1
0.047679841518402,-0.26383280009031,-0.005716510117054,1
-0.069815635681152,0.071714125573635,-0.0039667412638664,1
-0.10206776857376,0.11836225539446,0.04430828243494,1
-0.00098943710327148,0.089930586516857,-0.038515828549862,1
-0.034623026847839,0.060028992593288,0.018912605941296,1
-0.040344178676605,-0.0018437281250954,-0.0031948015093803,1
-0.09763365983963,-0.023944266140461,-0.0067039653658867,1
-0.09271028637886,-0.23180202394724,0.13008100539446,1
-0.080962389707565,0.17379900068045,0.066490761935711,1
-0.091587364673615,0.17239751666784,0.20763558894396,1
0.10560637712479,0.19470360130072,0.083142019808292,1
-0.16925066709518,0.076861761510372,0.054029084742069,1
-0.091998934745789,0.047462992370129,-0.04926110804081,1
0.073122203350067,-0.064855687320232,0.014705322682858,1
-0.0051364898681641,0.13796981424093,0.00579684227705,1
0.017238616943359,-0.21626322716475,0.052503675222397,1
0.054437518119812,0.10197762399912,-0.071793228387833,1
-0.12095063924789,-0.12488712184131,0.073286272585392,1
-0.16826066374779,0.075313307344913,0.19445323199034,1
-0.091125965118408,-0.088848779909313,0.00036879628896713,1
-0.066775739192963,0.096669785678387,0.0050027593970299,1
0.010342001914978,-0.17606855928898,-0.073443956673145,1
0.094412624835968,-0.22856811434031,-0.0038166418671608,1
-0.1838510632515,0.082810513675213,0.1834569349885,1
-0.13399940729141,0.22986882179976,-0.0009118840098381,1
-0.21506610512733,-0.097387221176177,0.096653766930103,1
0.081870973110199,0.21726339310408,0.013728760182858,1
-0.054727375507355,0.19274788349867,0.1635263338685,1
-0.11102652549744,0.18594231456518,0.13097152858973,1
-0.1529615521431,0.084450803697109,0.096461199223995,1
-0.0014370083808899,-0.16054601222277,0.001824714243412,1
0.0294109582901,-0.078687701374292,0.006035216152668,1
-0.049437344074249,0.016870751976967,0.0023082569241524,1
-0.1083864569664,0.17790093272924,-0.0028959289193153,1
0.17317092418671,0.17818217724562,-0.066293627023697,1
0.034030139446259,-0.11648185923696,0.013742826879025,1
0.17537361383438,0.21431960910559,0.05158369243145,1
0.16006201505661,-0.17291839420795,0.13218697160482,1
-0.11737450957298,0.012573100626469,0.032843492925167,1
-0.12150382995605,-0.21668405085802,0.053729809820652,1
-0.088264673948288,-0.20177254080772,-0.031978026032448,1
-0.15873742103577,-0.12282651290298,0.139782987535,1
0.046499967575073,0.22093226760626,0.19840598851442,1
0.092865645885468,-0.2418262436986,0.063315138220787,1
-0.10063591599464,0.025049947202206,-0.057260654866695,1
0.0062119364738464,-0.16380526870489,-0.057448819279671,1
0.015905320644379,0.09943725913763,0.0031309649348259,1
0.0024609565734863,-0.17619216442108,0.017447136342525,1
-0.074572265148163,-0.030581541359425,0.02326276153326,1
0.052664339542389,0.16788180917501,-0.032682508230209,1
-0.19972324371338,-0.035253413021564,0.19315017014742,1
-0.16986900568008,0.057638473808765,0.074424020946026,1
-0.19495338201523,0.10432449728251,0.075548194348812,1
0.0068542957305908,0.16661136597395,0.026658765971661,1
-0.064227908849716,0.12799597531557,-0.090418271720409,1
-0.073466897010803,0.12982308119535,0.038921602070332,1
-0.016680181026459,-0.04999303817749,0.00032751262187958,1
0.13325428962708,0.11832740157843,0.018938072025776,1
-0.19480162858963,-0.16455810517073,0.12496417015791,1
-0.010283946990967,-0.23038443177938,0.13641003519297,1
0.089304745197296,0.11527080088854,0.006217248737812,1
0.15555560588837,-0.22286801785231,0.091182522475719,1
-0.19234663248062,-0.05639685317874,-0.026676401495934,1
0.037659466266632,-0.20130708813667,-0.078510694205761,1
-0.025846779346466,0.2759932205081,0.045095734298229,1
-0.11972463130951,-0.17925922572613,0.068606354296207,1
0.13265788555145,-0.1099167726934,-0.05502899736166,1
0.065211594104767,-0.21204517036676,-0.089101690798998,1
-0.016988217830658,0.08597669750452,0.012742832303047,1
0.18739980459213,0.19867860525846,0.025853157043457,1
-0.045653343200684,0.176388643682,-0.077643111348152,1
0.0026354193687439,-0.1414056904614,-0.0065342485904694,1
-0.046315133571625,0.027252711355686,0.0010906830430031,1
-0.066820174455643,0.085371635854244,-0.043224938213825,1
-0.069720178842545,-0.017014436423779,-0.026976250112057,1
-0.036767423152924,-0.16810040920973,-0.054429545998573,1
0.023748755455017,0.22081803530455,0.17380437999964,1
0.094158530235291,0.23411004990339,0.060313500463963,1
0.070263683795929,-0.20693986862898,0.20322854071856,1
-0.0055789351463318,0.093598537147045,0.01921147108078,1
0.13645571470261,-0.16137025505304,0.11812872439623,1
0.056237936019897,0.24509134143591,0.16089656203985,1
-0.11657863855362,0.22652777284384,-0.055706031620502,0
-0.049050509929657,-0.03825918585062,-0.03149650990963,1
-0.0023528933525085,0.22617068141699,0.044588796794415,1
0.16417557001114,-0.15512236580253,0.15246192365885,1
-0.19179710745811,0.055020295083523,0.089178837835789,1
-0.029341042041779,0.035351239144802,-0.0062581077218056,1
-0.041511714458466,-0.22672510892153,0.018034756183624,1
-0.15573987364769,0.22422607988119,0.0022993460297585,1
-0.19517982006073,0.09646213799715,0.096659250557423,1
-0.16774502396584,-0.16843788325787,-0.061704687774181,1
-0.056575059890747,0.055670984089375,0.023801676928997,1
-0.17097899317741,-0.040632531046867,0.11293593794107,1
0.042527794837952,0.18536781519651,0.038584500551224,1
0.11197847127914,-0.21009384095669,-0.026281327009201,1
-0.13334894180298,-0.076923418790102,0.030650176107883,1
-0.16886439919472,0.1822394952178,-0.020445682108402,1
-0.15164718031883,0.1161527261138,0.15718450397253,1
-0.12300762534142,-0.071896275505424,-0.021679498255253,1
0.003514289855957,0.22609730809927,0.084036700427532,1
0.1459601521492,0.16959472745657,-0.063431493937969,1
0.020663142204285,-0.19847813248634,0.095450155436993,1
-0.21232324838638,0.0087969675660133,-0.079053074121475,1
0.048269510269165,0.10590033978224,0.013979591429234,1
0.12296062707901,-0.10489285970107,-0.044341050088406,1
0.15448075532913,0.25560545176268,-0.028178445994854,1
-0.021880209445953,0.13739059120417,-0.070247285068035,1
-0.036707520484924,0.24112742394209,0.16514209657907,1
-0.20140671730042,0.029757462441921,0.046581484377384,1
-0.040946245193481,0.16366594284773,0.053704999387264,1
-0.25093674659729,0.10455503314734,0.030229695141315,1
-0.19977927207947,0.038355894386768,-0.0047577247023582,1
-0.081786543130875,-0.24100709706545,0.14016396552324,1
-0.14044263958931,-0.18252574652433,0.16206420212984,1
-0.085447788238525,0.0022131353616714,0.0075285360217094,1
0.0073774456977844,0.092611841857433,-0.052416302263737,1
-0.097435712814331,0.13880800455809,-0.061234794557095,0
-0.005029559135437,0.21829440444708,-0.078618235886097,1
-0.22360482811928,-0.022214539349079,0.12652323395014,1
-0.11102122068405,-0.086823767051101,0.028655134141445,1
-0.045440495014191,-0.009449765086174,-0.018081538379192,1
-0.032582819461823,0.031560383737087,-0.014959864318371,1
-0.14600941538811,-0.058840878307819,0.034717701375484,1
-0.018098056316376,-0.079330606386065,-0.042582347989082,1
-0.046318888664246,-0.088678667321801,-0.043123811483383,1
-0.093943327665329,-0.15733024477959,-0.098765321075916,1
-0.21848586201668,0.031223349273205,0.15063417702913,1
-0.093055367469788,0.03810728341341,-0.051871873438358,1
-0.22204512357712,-0.012633807957172,0.13611353188753,1
-0.067681491374969,-0.19412382692099,-0.087484441697598,1
0.075694441795349,0.20820831507444,0.11222559958696,1
-0.073728412389755,-0.21651903539896,0.11512307077646,1
0.096639335155487,-0.24071080237627,-0.015336737036705,1
0.00640469789505,-0.12665750458837,0.026929251849651,1
-0.052406370639801,-0.067850008606911,-0.005419485270977,1
-0.19836634397507,0.14213950186968,-0.014378629624844,1
-0.23523426055908,0.084702245891094,0.059073455631733,1
-0.016657471656799,-0.22927386313677,0.14431089907885,1
-0.088548064231873,0.13461416214705,-0.090974889695644,0
-0.066875100135803,0.022428326308727,-0.01938121765852,1
-0.081850796937943,-0.027718991041183,0.013013862073421,1
-0.22819828987122,0.080320037901402,0.10174446552992,1
-0.098642647266388,-0.068908836692572,0.027944035828114,1
-0.050996571779251,0.27129831165075,-0.02457682043314,1
0.092522442340851,-0.27113585919142,-0.014165461063385,1
-0.17270040512085,-0.0090843737125397,-0.043399512767792,1
-0.056030690670013,-0.13287096843123,0.0029798820614815,1
0.12018424272537,-0.10058946278878,0.020166479051113,1
0.0079905986785889,-0.10756384953856,-0.065999679267406,1
-0.2045521736145,-0.13774028420448,-0.044623404741287,1
0.12110477685928,-0.11845454759896,-0.030838347971439,1
-0.050341308116913,0.26004665344954,0.096972219645977,1
-0.2376746237278,0.0031229704618454,-0.062239125370979,1
-0.1348170042038,0.15263225883245,-0.0098128840327263,1
0.052996456623077,-0.25183825939894,0.087027408182621,1
-0.22856074571609,0.076871953904629,0.012260489165783,1
-0.19886347651482,-0.04574379324913,0.063344843685627,1
-0.074761480093002,0.090457759797573,0.039329878985882,1
-0.069844216108322,-0.039721723645926,0.019427604973316,1
0.033602058887482,-0.19245098531246,-0.050132878124714,1
-0.051790624856949,0.068004332482815,0.013465590775013,1
-0.13845625519753,0.13486314564943,0.14019613713026,1
-0.0030485391616821,-0.24873993545771,0.1302385404706,1
0.10199105739594,-0.11334584932774,0.0082455202937126,1
0.089490294456482,-0.15449081361294,-0.043878860771656,1
-0.013790786266327,0.074770756065845,-0.026706866919994,1
-0.035867154598236,0.27719014137983,0.079213954508305,1
0.056625068187714,0.18010290712118,0.0036908835172653,1
-0.18589669466019,0.10662362724543,-0.029970161616802,1
-0.12264037132263,0.13571234792471,0.19271879643202,1
-0.20873242616653,0.048080585896969,-0.033520832657814,1
0.0016039609909058,-0.21763432025909,0.023174338042736,1
-0.10205173492432,0.045262955129147,-0.015103541314602,1
-0.18544232845306,-0.066229417920113,-0.032535642385483,1
0.038415431976318,0.23171358555555,0.040423654019833,1
-0.1315191090107,0.14628953486681,0.084858722984791,1
-0.05543577671051,0.0023233294487,-0.037394493818283,1
-0.096344530582428,-0.064173355698586,-0.075399413704872,1
0.13849300146103,0.19257827848196,0.020802639424801,1
0.083781480789185,-0.16111363470554,-0.0366185978055,1
0.084945380687714,-0.093755757436156,-0.0065377727150917,1
-0.023722589015961,0.11717311292887,-0.0055279135704041,1
-0.033792555332184,-0.20842611044645,0.060068912804127,1
0.09052175283432,-0.18346240371466,-0.01019225269556,1
-0.11105167865753,-0.12138652987778,0.061820067465305,1
0.19088345766068,-0.22160390764475,0.024088762700558,1
0.036571085453033,-0.058619823306799,-0.0015683621168137,1
-0.0056543946266174,-0.165482647717,-0.028852224349976,1
-0.14678308367729,-0.15916508436203,0.17462136596441,1
-0.025481224060059,0.17544480413198,-0.053795956075191,1
0.14660531282425,-0.12270229682326,0.032363809645176,1
-0.20446556806564,-0.020684085786343,0.16370955854654,1
-0.041410982608795,-0.013966158032417,-0.0071122571825981,1
-0.23434540629387,0.095842815935612,0.084275297820568,1
-0.13688778877258,0.12798637896776,-0.033914782106876,1
0.014461696147919,0.087402604520321,-0.048905253410339,1
-0.090868532657623,0.20955812186003,-0.0076782777905464,1
-0.11809933185577,-0.23744451254606,-0.027298219501972,1
-0.24415490031242,-0.078706383705139,0.0040311738848686,1
-0.04578298330307,0.20325895398855,0.14813543111086,1
0.025968611240387,-0.16436251997948,-0.065950594842434,1
-0.037806272506714,-0.065047100186348,-0.029500640928745,1
-0.020838439464569,0.087851338088512,-0.055320076644421,1
-0.083185464143753,-0.2465298846364,-0.012280233204365,1
-0.14110741019249,0.14951436966658,-0.072749562561512,0
-0.18895083665848,0.15559896081686,-0.06857668608427,1
0.16037356853485,0.1897998675704,0.15882552415133,1
0.016177952289581,-0.28824176639318,0.058238960802555,1
0.020101964473724,0.23636125773191,0.064707420766354,1
0.029515326023102,-0.15094813704491,-0.047572053968906,1
0.017206370830536,-0.10653474647552,0.02565024793148,1
-0.055695831775665,0.17115088552237,0.010491728782654,1
0.016471564769745,0.064262963831425,-0.0073902234435081,1
0.067436575889587,0.18473043292761,-0.084683921188116,1
-0.054545998573303,0.093741215765476,-0.060937069356441,1
0.15496432781219,-0.22983468323946,0.10621923953295,1
0.055099606513977,0.22610139101744,0.056575112044811,1
-0.020674228668213,0.07355884462595,0.00026770681142807,1
-0.12636637687683,-0.12677419558167,-0.0049500539898872,1
-0.074364542961121,-0.11087482888252,-0.0055074319243431,1
-0.025880336761475,-0.050282910466194,-0.014443896710873,1
0.1662015914917,-0.17637165635824,0.17874748259783,1
-0.12163850665092,-0.062833566218615,0.01413831859827,1
-0.099000513553619,0.18390276283026,-0.037987403571606,0
-0.11364230513573,0.13320674747229,-0.033246286213398,1
-0.11045929789543,-0.20209612697363,0.09629263728857,1
0.043786585330963,-0.076184447854757,-0.031212694942951,1
-0.26086109876633,-0.007955476641655,0.067831061780453,1
0.0088358521461487,-0.080284144729376,-0.0011127293109894,1
-0.04066926240921,0.0025697872042656,-0.019856952130795,1
-0.13410866260529,-0.1369724906981,-0.068269588053226,1
-0.13624000549316,0.13307642191648,0.031029604375362,1
-0.076250642538071,-0.24809733778238,0.0069339945912361,1
-0.028474152088165,0.26113288849592,0.061044029891491,1
0.15593993663788,0.1718982681632,0.058442167937756,1
0.040276408195496,-0.11135676503181,-0.043520174920559,1
-0.068453013896942,0.20586558431387,0.13097006827593,1
-0.020698070526123,0.15764933079481,-0.040328867733479,1
0.10901910066605,-0.098532988224179,0.018610887229443,1
0.043809831142426,-0.16804448515177,0.033583611249924,1
0.047338783740997,-0.16506143659353,-0.042391523718834,1
-0.052589118480682,0.10020282119513,-0.030167780816555,1
-0.11427038908005,0.070688910782337,-0.064856112003326,1
0.007016122341156,-0.062588691711426,-0.023429833352566,1
0.13482797145844,0.18524201959372,0.12148449569941,1
0.16788405179977,-0.22479027509689,-0.049314148724079,1
-0.072830140590668,0.25379922240973,-0.02307240664959,1
-0.10785955190659,-0.17095740884542,0.16747988015413,1
-0.22276961803436,-0.05970660597086,-0.071567974984646,1
-0.0995774269104,0.25379183143377,0.0340815782547,1
-0.17314609885216,0.03557013720274,0.098746947944164,1
0.085498332977295,-0.078787347301841,0.023164696991444,1
0.1451787352562,-0.23335937410593,-0.011163786053658,1
0.0044472217559814,0.11689691990614,-0.035794019699097,1
-0.1293862760067,-0.14355843886733,0.11162582784891,1
0.13645857572556,-0.11212623212487,-0.069970645010471,1
-0.12173175811768,0.039105989038944,-0.079873755574226,1
0.075315356254578,0.13443445414305,-0.084311615675688,1
0.032110571861267,-0.20748557150364,0.11214584857225,1
0.019168317317963,-0.27900161594152,-0.012953542172909,1
-0.059911966323853,0.047811187803745,0.0057429894804955,1
-0.052452921867371,0.043120376765728,0.020919017493725,1
0.20429569482803,-0.19431529194117,-0.060762532055378,1
0.15503239631653,-0.1780017092824,0.17775440961123,1
-0.16368877887726,-0.1559302508831,0.068316452205181,1
-0.092264324426651,0.023148864507675,0.02177906781435,1
0.068565547466278,-0.22184379398823,0.10633734613657,1
-0.040172159671783,0.14712280780077,0.017740979790688,1
-0.15123441815376,0.13215755671263,0.021205492317677,1
-0.0095692873001099,0.2746567055583,-0.045827887952328,1
-0.20980921387672,-0.0040896311402321,0.0059195682406425,1
0.02514237165451,0.2747420296073,0.017411097884178,1
-0.12697124481201,0.11632848531008,-0.087156631052494,1
-0.061502754688263,-0.23378814011812,0.054547421634197,1
-0.12411838769913,0.13166309148073,0.084280095994473,1
0.05129873752594,-0.16087498143315,-0.069128438830376,1
0.140729367733,-0.20386958122253,0.028384149074554,1
0.043618381023407,-0.18480339646339,-0.043222926557064,1
0.1439750790596,-0.17828711867332,-0.097072921693325,1
-0.014029145240784,0.04439003020525,-0.013373740017414,1
0.03584223985672,-0.22644779831171,0.14988676458597,1
-0.024609565734863,0.28459223359823,0.065264783799648,1
-0.23692616820335,0.066077314317226,0.12991587072611,1
-0.029959321022034,-0.24328944832087,0.071552313864231,1
0.073885679244995,0.068877764046192,0.0090503171086311,1
-0.11030435562134,-0.060604497790337,0.033963568508625,1
0.017714500427246,0.12020171433687,-0.072308197617531,1
0.024535894393921,0.08122956007719,0.013073779642582,1
-0.016944944858551,-0.093360431026667,-0.012282207608223,1
-0.061204493045807,0.041659377515316,-0.024629935622215,1
-0.019622147083282,0.11035021394491,-0.047694258391857,1
0.046529829502106,-0.19727739691734,0.10849656909704,1
0.0092031955718994,0.076777376234531,-0.010067977011204,1
-0.19351357221603,0.097388096153736,0.12500359863043,1
-0.056149840354919,-0.22008921205997,0.13513711839914,1
0.15413278341293,0.13775541633368,0.086190335452557,1
-0.12713572382927,0.0057078748941422,0.025025211274624,1
-0.19907346367836,0.048283480107784,0.06090522557497,1
-0.023232996463776,-0.056154634803534,-0.0039349272847176,1
-0.029378831386566,0.078308291733265,-0.04712625592947,1
-0.013821363449097,0.056680031120777,-0.018014065921307,1
0.10667341947556,0.11644319444895,-0.04703401774168,1
-0.042141377925873,-0.15832367166877,0.031198382377625,1
0.15077537298203,0.20435994118452,0.067284345626831,1
-0.034858405590057,-0.091616775840521,-0.010885983705521,1
0.055908024311066,-0.21947146207094,0.062700793147087,1
-0.087936341762543,0.25613161176443,-0.01531196385622,0
-0.15023228526115,-0.015581212937832,-0.071543797850609,1
0.076529264450073,-0.23061913996935,0.15066833049059,1
-0.11872214078903,-0.022576160728931,-0.06081511080265,1
0.1440641283989,-0.20906955003738,0.10900584608316,1
-0.059707224369049,-0.1695205271244,-0.01148433983326,1
0.030188381671906,-0.10988776758313,-0.069012135267258,1
-0.062214910984039,-0.13579165562987,0.01159456372261,1
-0.1040466427803,-0.16597426682711,0.16997792571783,1
0.1137672662735,0.10030246526003,0.029793478548527,1
0.10124462842941,-0.28000394254923,-0.019864343106747,1
-0.114501953125,-0.020252257585526,-0.062436260282993,1
-0.18165430426598,-0.0068045407533646,0.10655080527067,1
-0.010032951831818,0.12532090395689,-0.018947251141071,1
-0.030612349510193,0.074388824403286,0.012573204934597,1
0.010021865367889,-0.06965341232717,-0.016382656991482,1
-0.096776306629181,0.10248544067144,-0.081390075385571,1
0.14272671937943,0.17033465951681,0.056826584041119,1
-0.16894352436066,-0.13002923503518,-0.031963504850864,1
-0.14199310541153,-0.01709171384573,0.058697633445263,1
0.045218884944916,0.23901527374983,-0.023591965436935,1
0.10030257701874,0.24659615010023,-0.081382609903812,1
0.038461863994598,0.21858131140471,0.20352936536074,1
0.069510996341705,0.14390382915735,-0.063617773354053,1
0.079720973968506,0.12497984617949,0.028329484164715,1
-0.047519624233246,0.049200348556042,0.0057198479771614,1
0.06890743970871,0.15053787082434,-0.046933069825172,1
0.080301403999329,0.26518129557371,0.068250879645348,1
-0.041870057582855,-0.094694452360272,0.022776633501053,1
-0.06586566567421,-0.19749571382999,0.0092877224087715,1
0.1236258149147,-0.24175442010164,0.072775773704052,1
-0.1931157708168,0.086301155388355,-0.036758437752724,1
-0.014109969139099,-0.22715977579355,-0.058102086186409,1
0.075657308101654,-0.093159629497677,0.0013041645288467,1
-0.14536342024803,-0.14902735501528,0.17897411435843,1
0.082383453845978,0.10118275135756,0.016463182866573,1
-0.021709442138672,0.11638706177473,-0.02490246295929,1
0.036198973655701,-0.18882547318935,-0.072822906076908,1
-0.03883159160614,0.24006109684706,0.0061666592955589,1
-0.24022260308266,0.0038041025400162,0.031907893717289,1
0.12723034620285,0.19284369796515,0.11623633652925,1
0.026330292224884,0.12843761593103,0.013916686177254,1
-0.21038782596588,0.14001546055079,0.067101992666721,1
0.02039110660553,0.25865065306425,-0.032144337892532,1
-0.19982236623764,0.14544146507978,0.10605097562075,1
0.087166845798492,0.28001316636801,-0.027556136250496,1
-0.033175885677338,-0.15266317874193,-0.038390323519707,1
-0.1010085940361,0.027705915272236,0.03666890412569,1
0.13397961854935,0.20720022171736,0.17312041670084,1
-0.2531116604805,-0.012557186186314,-0.018062315881252,1
-0.13397112488747,0.069932915270329,-0.055330641567707,1
-0.1266208589077,0.15865635126829,-0.073729790747166,0
-0.090515464544296,-0.073261190205812,0.034686125814915,1
-0.1202007830143,-0.14350454509258,0.21428049355745,1
-0.020253956317902,0.14771407097578,-0.0035363063216209,1
0.022103607654572,-0.21557842940092,0.19349909573793,1
-0.094072133302689,-0.12770221196115,0.0032166317105293,1
-0.20398819446564,0.011955462396145,-0.053921230137348,1
-0.021985352039337,0.12802495807409,0.032763242721558,1
0.13679748773575,0.15309684723616,0.05361096560955,1
-0.04008013010025,0.059499986469746,0.016904436051846,1
-0.065707415342331,0.10070308297873,-0.00083694607019424,1
0.082038640975952,0.081806980073452,0.024713359773159,1
0.057782232761383,0.27687679976225,-0.054782129824162,1
0.066980063915253,-0.2213212326169,0.071234904229641,1
0.061557710170746,0.13670309633017,-0.084247898310423,1
-0.040525257587433,0.095031909644604,0.012476943433285,1
0.017662525177002,0.12213256210089,-0.030525110661983,1
-0.018411338329315,-0.11647650785744,-0.03864648193121,1
0.090781152248383,-0.2627886608243,0.011398978531361,1
-0.13923990726471,-0.049442086368799,0.069684453308582,1
-0.23807993531227,-0.086027236655354,0.10321795195341,1
-0.15451169013977,0.096758328378201,-0.073454476892948,1
-0.041020810604095,0.243472866714,0.048566222190857,1
-0.00066453218460083,0.10938065499067,-0.055312104523182,1
0.053460657596588,0.26286944001913,-0.012530989944935,1
-0.15128716826439,-0.14618608355522,-0.051728419959545,1
-0.034567773342133,-0.19637724757195,0.10451500862837,1
-0.12259384989738,-0.21415716409683,0.13617331534624,1
-0.096242487430573,0.020607329905033,0.033133827149868,1
0.16793632507324,-0.15389918908477,0.056330375373363,1
0.12703740596771,0.1257536932826,0.056828118860722,1
-0.21887463331223,-0.044747103005648,-0.069369308650494,1
-0.2131889462471,-0.17420234531164,0.049346767365932,1
-0.057616174221039,-0.059168949723244,-0.0097083672881126,1
0.01293158531189,0.084221862256527,-0.028634071350098,1
0.050549149513245,-0.093052078038454,0.001050092279911,1
-0.095343351364136,-0.19362330436707,0.002172090113163,1
0.046902060508728,0.096172280609608,-0.0065880194306374,1
-0.1942133307457,-0.056777562946081,0.19007702916861,1
0.06510466337204,-0.081492142751813,0.018928065896034,1
-0.032272040843964,0.20898856967688,0.14079508930445,1
0.11751580238342,-0.20315704494715,-0.028509765863419,1
0.079108357429504,0.066597394645214,0.008652999997139,1
-0.096038907766342,0.20402457565069,0.018085889518261,1
-0.232794880867,-0.099960570922121,-0.051046282052994,1
0.0762619972229,-0.11055769771338,-0.0062894150614738,1
0.14593428373337,0.12634094804525,0.070705495774746,1
0.063321232795715,0.11659421771765,0.01036386936903,1
-0.17695090174675,0.14612575620413,0.15753491967916,1
0.061356484889984,0.052911438047886,-0.0026111528277397,1
-0.24111342430115,-0.038652189075947,0.11601432412863,1
-0.13580006361008,-0.0017079785466194,0.0090895220637321,1
0.054925262928009,-0.2446837797761,0.15686819702387,1
-0.046882212162018,-0.018783278763294,-0.01431780308485,1
0.0081221461296082,-0.25311460345984,0.090621389448643,1
0.048913776874542,-0.16474563628435,-0.031751491129398,1
-0.038156867027283,-0.039331208914518,-0.010096020996571,1
0.14707201719284,0.14664398878813,0.041729979217052,1
-0.015647411346436,-0.23476658016443,0.17768604308367,1
-0.24131971597672,-0.090235118754208,0.013607420027256,1
-0.16040635108948,0.054926581680775,0.098629958927631,1
0.014260053634644,-0.066029597073793,0.00036659091711044,1
0.0073237419128418,-0.27215046435595,0.075477667152882,1
0.064196705818176,0.19150727242231,0.035714618861675,1
-0.00096124410629272,-0.073718747124076,-0.010681197047234,1
0.093641221523285,-0.075646473094821,0.0077995881438255,1
-0.056349158287048,-0.069035537540913,0.021318338811398,1
0.070346534252167,-0.2621518149972,0.066836692392826,1
0.059898793697357,-0.061226788908243,-0.0093772262334824,1
-0.028117418289185,0.19996350258589,0.17481303960085,1
0.14326125383377,-0.22025091201067,-0.065682083368301,1
-0.23814311623573,-0.090473345480859,-0.0060609802603722,1
-0.01278680562973,-0.19469184428453,0.068023376166821,1
-0.19128328561783,0.13706780225039,0.044898845255375,1
-0.067161232233047,-0.031990930438042,-0.035818800330162,1
0.018724203109741,0.13115637749434,0.022294864058495,1
0.029604077339172,0.19912081211805,0.052649430930614,1
-0.1456244289875,0.14814802259207,0.029672302305698,1
-0.23657092452049,0.0080477371811867,0.13774710148573,1
0.064420342445374,0.11732568591833,-0.037769861519337,1
-0.043640434741974,0.055196635425091,-0.043642736971378,1
-0.18007296323776,0.19404461234808,0.093718178570271,1
-0.094882309436798,0.20387851446867,0.090373881161213,1
0.1005203127861,0.18817826360464,0.143505461514,1
-0.015266180038452,0.11791353672743,-0.050233237445354,1
0.084365844726562,-0.078605378046632,-0.0015304759144783,1
0.065982639789581,-0.21513874083757,-0.072863005101681,1
-0.10068675875664,0.12126954644918,0.07581465691328,1
0.081655561923981,0.18593614548445,-0.011364601552486,1
0.022952318191528,0.14520714432001,0.041218645870686,1
-0.16986459493637,-0.055230334401131,0.079742275178432,1
-0.10019919276237,-0.21930181235075,0.12924613803625,1
-0.16135156154633,0.019006595015526,0.0035142377018929,1
-0.1155141890049,-0.034156560897827,0.00209990888834,1
0.031472086906433,0.12115686386824,0.019186064600945,1
0.066883742809296,0.26833852380514,0.022734560072422,1
-0.050550997257233,-0.054544437676668,-0.056606002151966,1
0.055837690830231,-0.068900972604752,0.0065576806664467,1
-0.070713371038437,-0.1265257652849,-0.012834027409554,1
-0.11510235071182,0.096729584038258,-0.054588191211224,1
0.038965046405792,-0.1605686172843,0.027087941765785,1
0.15023654699326,-0.21403369307518,0.13788280636072,1
-0.15827214717865,0.066268496215343,-0.037443913519382,1
-0.23588371276855,0.081684045493603,0.018554680049419,1
-0.10006141662598,0.16717141121626,-0.06463285535574,0
0.11176496744156,0.1214117333293,0.04582891613245,1
0.039099872112274,0.079313777387142,9.2796981334686e-05,1
0.030118882656097,-0.067115634679794,0.0064417272806168,1
0.041999578475952,0.10962805896997,0.02485978603363,1
-0.12528562545776,0.14296571165323,-0.0014941170811653,1
-0.1295108795166,-0.12740594521165,0.046748273074627,1
0.065879642963409,-0.059641502797604,-0.023080758750439,1
-0.059303194284439,-0.10371307656169,0.039159372448921,1
-0.023493647575378,-0.27056855708361,0.023646518588066,1
-0.15650656819344,-0.02570416033268,0.083575554192066,1
-0.2235586643219,0.14910649508238,0.011204250156879,1
0.023402869701385,-0.26640707999468,-0.05523443967104,1
0.047818720340729,-0.065972838550806,-0.021184600889683,1
0.10640627145767,-0.22726554423571,0.065284602344036,1
0.044096767902374,-0.11002346593887,-0.061914138495922,1
0.0068754553794861,0.27389364689589,0.1188008710742,1
-0.095116049051285,0.10257702320814,0.052780039608479,1
-0.12798723578453,-0.039981760084629,-0.085378177464008,1
0.017540633678436,-0.057230655103922,-0.0020948201417923,1
-0.0044506192207336,-0.19034827500582,0.087824858725071,1
-0.046219825744629,0.16807904094458,0.071080215275288,1
-0.2445610165596,-0.040896479040384,-0.069348528981209,1
-0.2202308177948,0.12339440733194,-0.058585599064827,1
0.10978275537491,-0.25581470876932,0.11345732957125,1
-0.16433662176132,0.070597060024738,0.21136081963778,1
-0.069938600063324,0.0063105747103691,0.021313793957233,1
-0.21300435066223,-0.13676304742694,-0.058899596333504,1
0.079282402992249,0.068044431507587,-0.043983288109303,1
-0.04124242067337,0.090720407664776,-0.0051114782691002,1
-0.045708835124969,0.049662865698338,0.018816493451595,1
-0.055513083934784,0.078378461301327,0.0037105306982994,1
-0.091197222471237,0.23910012096167,0.030775740742683,1
-0.21966397762299,-0.092904331162572,0.066008575260639,1
0.16970658302307,0.21372585743666,0.095352120697498,1
0.0067416429519653,-0.13092044182122,0.02486913651228,1
0.16974532604218,0.16588421911001,0.12560427933931,1
-0.043266594409943,-0.076912716031075,0.010579459369183,1
-0.040135145187378,-0.17237794399261,-0.032198891043663,1
0.046325981616974,-0.11805684491992,0.0040982887148857,1
-0.083821028470993,-0.017029583454132,-0.0079886987805367,1
-0.13859409093857,0.097471408545971,-0.077103607356548,1
-0.072801977396011,-0.0067954212427139,-0.0057051405310631,1
0.053956210613251,0.20108132809401,0.093179024755955,1
0.059780418872833,0.12610759586096,-0.053569979965687,1
-0.14221587777138,-0.22466797381639,0.075289137661457,1
-0.10845708847046,0.019511595368385,-0.032346434891224,1
0.062498092651367,-0.076967597007751,-0.020697094500065,1
0.084146797657013,-0.17310123890638,0.054533928632736,1
0.047758519649506,-0.10895439889282,0.019583076238632,1
0.12251883745193,-0.1672872453928,-0.069651938974857,1
-0.21142154932022,0.010810345411301,0.16726686805487,1
0.16457957029343,-0.2389664426446,-0.026228651404381,1
-0.19189938902855,-0.020285710692406,-0.032770290970802,1
0.024256587028503,0.12262701243162,-0.0048370882868767,1
-0.057616084814072,0.064172588288784,-0.050848342478275,1
0.02324903011322,-0.19003392755985,-0.091581705957651,1
-0.084928870201111,-0.016697376966476,-0.035468131303787,1
-0.020619094371796,-0.24409195035696,0.027734138071537,1
-0.010842680931091,0.20491119474173,0.0046634525060654,1
-0.049270510673523,0.0054002702236176,-0.018524877727032,1
0.1116595864296,-0.16309823840857,-0.051168821752071,1
-0.13229468464851,0.066961608827114,-0.031112246215343,1
0.0019856691360474,-0.081996904686093,-0.03403528034687,1
0.081108689308167,-0.11316411476582,0.020963348448277,1
-0.074371367692947,-0.10314827715047,-0.091906376183033,1
-0.091729938983917,-0.023029468953609,0.012529633939266,1
0.080019295215607,-0.2377902045846,0.17341709882021,1
0.05445921421051,0.13950694352388,-0.00027415901422501,1
-0.21206331253052,0.12385711818933,0.06020575016737,1
-0.0073249340057373,0.23959722369909,0.1269920244813,1
-0.010065913200378,-0.21645996719599,0.16665957123041,1
0.045521080493927,0.28299426287413,0.099007435142994,1
0.059984624385834,0.045065335929394,-0.0027147904038429,1
0.020265281200409,-0.079805567860603,0.014465697109699,1
0.074484705924988,0.09980484098196,0.026250205934048,1
-0.10323515534401,0.051673345267773,-0.059897802770138,1
-0.048340082168579,-0.061317034065723,-0.060025297105312,1
0.068419575691223,0.19018035382032,0.078599818050861,1
-0.017013609409332,-0.10891790408641,-0.011547274887562,1
0.059017181396484,-0.1319356970489,-0.016083262860775,1
-0.11033457517624,0.15514501184225,0.092623554170132,1
-0.18868124485016,-0.0081099346280098,-0.0022215470671654,1
-0.071518659591675,0.06482919305563,-0.0687550380826,1
0.080730140209198,-0.14065865799785,-0.092497959733009,1
-0.11930537223816,-0.049371529370546,0.0057538375258446,1
0.010218560695648,0.20214512199163,0.010489903390408,1
-0.15319672226906,-0.068571016192436,-0.075835019350052,1
-0.1887788772583,-0.10778723238036,0.1803123280406,1
-0.060770779848099,-0.048407603055239,-0.0079013928771019,1
-0.17814803123474,0.15994330495596,0.15766025334597,1
0.021594047546387,-0.098321286262944,-0.015038214623928,1
-0.15699049830437,-0.058061961084604,0.030905671417713,1
-0.043701350688934,-0.27017406374216,0.065537489950657,1
0.16417396068573,-0.18497198820114,-0.005985789000988,1
-0.060472011566162,-0.12188258953393,0.0051435083150864,1
0.011199772357941,-0.10547012789175,-0.01217932254076,1
-0.048948228359222,-0.042707290500402,-0.0096641853451729,1
0.016022324562073,-0.10347692482173,-0.027868360280991,1
0.10526758432388,0.090061567723751,-0.013962306082249,1
0.071926891803741,-0.11892992258072,-0.022138930857182,1
-0.023978412151337,-0.21721745282412,0.042565800249577,1
0.15344613790512,0.20979183167219,0.15309893339872,1
0.06165874004364,-0.0567342415452,-0.016516678035259,1
-0.058144778013229,0.10818467289209,0.040042273700237,1
-0.047840178012848,-0.25734671205282,0.020247340202332,1
0.039862155914307,0.071183033287525,-0.011473171412945,1
0.05242395401001,0.19935273379087,0.12186021357775,1
-0.16680335998535,-0.02038736641407,0.01817611604929,1
0.13255178928375,0.13445792347193,0.013399109244347,1
-0.14261084794998,-0.11034794710577,-0.093722574412823,1
-0.08333632349968,-0.075808759778738,0.029750429093838,1
-0.12598511576653,0.0023950636386871,0.00098861008882523,1
-0.087548792362213,-0.20131484419107,-0.062506020069122,1
0.0098268389701843,-0.22136544436216,0.12674974650145,1
-0.24530827999115,-0.048689525574446,0.023025400936604,1
-0.020192861557007,-0.12817563302815,-1.4267861843109e-05,1
-0.14193898439407,-0.089255369268358,0.045356802642345,1
0.057369530200958,-0.073009259998798,3.4220516681671e-05,1
0.12120199203491,0.23309924453497,0.12642098218203,1
0.10498404502869,0.2226180061698,-0.054382763803005,1
0.18277496099472,0.16698303073645,0.057209230959415,1
0.037481367588043,0.26037742942572,0.011068440973759,1
0.048284411430359,0.07713159173727,-0.020558468997478,1
-0.046417713165283,0.040282718837261,-0.038357600569725,1
-0.13928532600403,0.063209019601345,-0.023350939154625,1
-0.15422466397285,-0.16000898554921,0.16728477925062,1
-0.12328362464905,-0.16215827316046,0.15705115348101,1
0.093649327754974,-0.23268073052168,-0.09268643707037,1
-0.03583037853241,0.051715321838856,-0.02782017737627,1
0.075006186962128,0.096178583800793,-0.0076502114534378,1
-0.015985727310181,-0.26960844546556,-0.00048137456178665,1
-0.073171377182007,-0.030574090778828,0.012682490050793,1
0.10827404260635,-0.094439736101776,-0.014074988663197,1
-0.10367184877396,0.12762383371592,0.048077575862408,1
-0.15586984157562,0.08316320925951,0.05663176625967,1
-0.027863562107086,0.27325054258108,0.080797083675861,1
0.063253879547119,0.1662702485919,0.049062393605709,1
-0.099818170070648,-0.18291931599379,0.071881510317326,1
-0.036293804645538,0.26600494235754,-0.0011176690459251,1
-0.14473485946655,-0.15090914815664,0.14449755102396,1
-0.052561104297638,0.22049953788519,-0.057155705988407,1
-0.15839043259621,-0.13038262724876,-0.065429903566837,1
0.093515038490295,-0.12314801290631,0.0090998187661171,1
-0.16527259349823,0.022711865603924,-0.073657192289829,1
-0.10904696583748,-0.035372279584408,-0.078600250184536,1
0.0048888325691223,0.073265247046947,-0.022183202207088,1
-0.22206199169159,0.057465024292469,0.10481954365969,1
-0.011640250682831,0.24346380680799,-0.036661550402641,1
-0.16878598928452,-0.062762062996626,-0.025637418031693,1
0.092076480388641,-0.10145580838434,-0.073028333485126,1
-0.035695672035217,-0.16226764768362,0.060799367725849,1
-0.15576952695847,0.20314215868711,0.12616039067507,1
0.19487458467484,0.18205656856298,0.17106068879366,1
-0.092861711978912,-0.23325750976801,0.12864086776972,1
0.12421691417694,0.13342558592558,-0.070206545293331,1
-0.040910184383392,0.085275180637836,-0.059857465326786,1
-0.041464507579803,-0.24305144697428,0.069678641855717,1
-0.17995727062225,0.15119548887014,0.01859637349844,1
0.066359400749207,0.076739273965359,-0.043934911489487,1
0.0064722895622253,-0.091907847672701,-0.002915732562542,1
-0.10648268461227,0.024859420955181,0.03855038434267,1
0.17033869028091,-0.18437124043703,0.083530016243458,1
0.077409386634827,0.11030738800764,0.0089283362030983,1
0.052232325077057,-0.26419930905104,-0.0082097500562668,1
0.16360408067703,-0.17475785315037,-0.010409794747829,1
-0.12099921703339,0.22080876678228,-0.010262705385685,0
-0.048693001270294,0.035294555127621,0.0087282583117485,1
0.12495583295822,-0.26846236735582,0.057316735386848,1
-0.15334397554398,0.062864251434803,-0.0029745325446129,1
0.074660837650299,-0.10690594930202,-0.012891352176666,1
-0.058861523866653,-0.1971904411912,0.19539750367403,1
-0.22165036201477,0.05632146447897,0.041630290448666,1
-0.14762184023857,-0.089961498975754,0.083438716828823,1
0.014781832695007,0.13761397451162,0.032352514564991,1
-0.19159144163132,0.0022720322012901,-0.088209457695484,1
-0.0074763894081116,0.092669703066349,-0.055218107998371,1
-0.041330337524414,0.11332593113184,0.015015825629234,1
-0.037496387958527,0.20022904127836,-0.023278348147869,1
-0.013600647449493,0.065767906606197,0.00065864622592926,1
-0.00068938732147217,0.07000619918108,0.00957091152668,1
-0.038819193840027,0.11641212552786,0.0096127614378929,1
0.16729611158371,0.15266522020102,0.026978231966496,1
0.058294475078583,-0.25105010718107,-0.079944863915443,1
-0.032073855400085,-0.20118017494678,0.090401999652386,1
-0.0018388628959656,0.091706864535809,-0.036487728357315,1
-0.20346790552139,0.15132167190313,0.066257275640965,1
0.058637380599976,-0.24252653867006,-0.03677099198103,1
-0.16407138109207,0.13545263558626,0.046740509569645,1
-0.11398780345917,-0.030704975128174,-0.052909910678864,1
0.13311845064163,-0.25204623490572,0.047474697232246,1
0.2154603600502,-0.19590388983488,0.10435103625059,1
0.16454011201859,-0.15342888608575,-0.057532794773579,1
-0.06026816368103,0.22226213663816,0.014064647257328,1
-0.039901077747345,-0.22139763087034,-0.084954764693975,1
0.081661820411682,-0.074946777895093,-0.0077703669667244,1
-0.19620960950851,-0.16392778605223,-0.062827311456203,1
-0.043457746505737,-0.039119236171246,0.0073604509234428,1
-0.14732468128204,0.032365895807743,-0.0035100057721138,1
0.18919557332993,0.17469557374716,0.13490676134825,1
-0.16796320676804,-0.098199899774045,0.12750727683306,1
0.068040072917938,-0.14527999982238,-0.047390505671501,1
-0.015404284000397,-0.038231335580349,0.00331100076437,1
0.087861895561218,-0.070052905008197,0.00049742311239243,1
-0.061978131532669,0.10578811913729,-0.0042179450392723,1
-0.17023715376854,0.039656274020672,0.21945957094431,1
-0.13782379031181,-0.19242507964373,0.067632414400578,1
-0.091560542583466,0.1154690310359,-0.086126156151295,1
0.060842275619507,0.076037876307964,0.0028835386037827,1
0.178959608078,-0.17251197993755,0.012400217354298,1
-0.052601724863052,0.19943692535162,-0.089068509638309,1
-0.079265683889389,0.14496605843306,0.049994237720966,1
-0.20677226781845,0.047607459127903,0.055596195161343,1
0.03464537858963,-0.061597939580679,0.0040901377797127,1
-0.056952893733978,0.0011365711688995,-0.043103985488415,1
0.049293994903564,0.0505336150527,0.0048561096191406,1
-0.17692831158638,-0.0778629463166,0.044831357896328,1
-0.23945927619934,0.016384676098824,-0.042101211845875,1
-0.13991850614548,0.030701778829098,0.061668060719967,1
-0.024030387401581,-0.10166670684703,-0.011906579136848,1
0.20201408863068,0.18050404638052,-0.0322550162673,1
0.067101657390594,-0.23306936770678,0.15657760947943,1
-0.18729135394096,-0.0217419937253,0.12332355231047,1
0.19900339841843,0.1993145570159,0.02804347127676,1
0.11028516292572,0.21639990061522,0.11609000712633,1
-0.013628602027893,-0.12616159208119,-0.041480131447315,1
-0.011787593364716,0.048413194715977,-0.0041176155209541,1
0.080589890480042,0.27187799662352,-0.04732558876276,1
0.057134330272675,-0.053191304206848,0.0033362209796906,1
0.0067726969718933,-0.12314234860241,0.027267687022686,1
0.070531368255615,0.26649155467749,0.089601822197437,1
-0.049194633960724,-0.1204549651593,0.019088357686996,1
-0.10936188697815,0.14486571401358,0.036440320312977,1
0.081477224826813,-0.20216436684132,0.19480026513338,1
-0.10207316279411,0.2436363324523,0.079402856528759,1
0.018335163593292,-0.10975002776831,-0.026917196810246,1
0.016015350818634,-0.12021182477474,0.0025331974029541,1
-0.1245311498642,-0.12180652469397,0.090049155056477,1
-0.070663213729858,-0.050476241856813,-0.018529944121838,1
-0.066727817058563,0.067083664238453,0.013632617890835,1
-0.14693588018417,-0.058300569653511,-0.00611262768507,1
-0.20994782447815,0.12056463211775,-0.066209070384502,1
-0.055915355682373,0.011814564466476,-0.027294747531414,1
0.11305105686188,-0.18419411033392,0.0015044286847115,1
-0.19325044751167,-0.1265336535871,-0.068416841328144,1
0.011294305324554,0.17583280056715,-0.018058799207211,1
0.12416154146194,-0.16196410357952,-0.079857967793941,1
-0.062877982854843,-0.069959741085768,-0.04874425381422,1
0.043673992156982,-0.15872361510992,0.046093367040157,1
-0.1249044239521,0.13413275033236,0.13976407796144,1
0.087815582752228,-0.25539437681437,0.036614142358303,1
-0.0061715245246887,-0.22522484511137,-0.048179857432842,1
-0.15814056992531,-0.090284269303083,-0.035110168159008,1
-0.011727511882782,0.12431677430868,-0.048149853944778,1
-0.049455463886261,-0.069868946447968,0.02382043749094,1
0.038742482662201,0.083513222634792,-0.010849185287952,1
0.14615124464035,0.16044800728559,0.035650528967381,1
0.08817845582962,-0.24954450875521,0.13273147493601,1
-0.22517567873001,0.062116332352161,-0.082618191838264,1
-0.054072737693787,0.13276074081659,-0.053094305098057,1
-0.099861562252045,-0.18445706367493,0.07712060958147,1
0.047615528106689,0.095860354602337,-0.035547822713852,1
-0.20236948132515,-0.014071695506573,0.011302225291729,1
-0.03200501203537,0.25176801532507,0.022761583328247,1
0.046629428863525,0.23433905094862,0.046747885644436,1
-0.018705010414124,0.059696845710278,-0.0092166736721992,1
0.1108290553093,0.2072861418128,0.084213428199291,1
0.14363861083984,0.20840682834387,-0.046909734606743,1
-0.073646366596222,0.20138385146856,0.13078036159277,1
0.046199202537537,-0.10905499849468,-0.065068930387497,1
0.12928265333176,-0.20680443197489,0.017340295016766,1
0.078893661499023,0.10627784579992,-0.028636991977692,1
-0.096599370241165,0.0023435577750206,-0.08130394667387,1
-0.15305554866791,-0.13965787738562,0.04615693539381,1
-0.037613213062286,0.081438235938549,-0.044325895607471,1
-0.23465842008591,-0.0055178254842758,0.071750856935978,1
-0.024018943309784,-0.10919059626758,-0.037181675434113,1
6.9737434387207e-06,-0.10257994756103,-0.044105060398579,1
-0.23440533876419,0.076040051877499,0.10587351769209,1
0.0076369643211365,-0.22232038527727,0.12085971981287,1
-0.043017268180847,-0.27205527573824,0.037416912615299,1
-0.14973637461662,-0.0019703581929207,-0.040456660091877,1
0.01550567150116,0.069427125155926,-0.0082651749253273,1
0.024325907230377,-0.10426809173077,-0.041146285831928,1
0.034801959991455,0.067794911563396,-0.030801825225353,1
0.074816644191742,0.11757200211287,-0.0026639550924301,1
-0.038080751895905,-0.20051588118076,0.18077687174082,1
0.05667370557785,0.11281871050596,-0.013138450682163,1
-0.11893677711487,-0.08753758110106,-0.035327032208443,1
0.13150352239609,-0.18164027482271,0.084708549082279,1
-0.11120873689651,-0.06900430470705,0.037173174321651,1
0.10866075754166,0.21398013085127,0.14864955097437,1
-0.080563604831696,-0.077047238126397,0.0042236372828484,1
0.054651618003845,-0.12733328342438,-0.00498016923666,1
-0.20508813858032,0.151870213449,0.073125518858433,1
-0.13927686214447,-0.1141573144123,-0.022584117949009,1
0.16107189655304,-0.17160315811634,-0.081478498876095,1
0.063183844089508,-0.10831409040838,0.0086278766393661,1
-0.059509634971619,0.053222440183163,0.024457819759846,1
-0.066762238740921,-0.086923226714134,-0.014296613633633,1
-0.19338178634644,0.067203767597675,-0.054162092506886,1
-0.09913381934166,0.11580169945955,-0.072084851562977,1
0.0080557465553284,0.12617770582438,-0.029632829129696,1
-0.087790638208389,0.019669570028782,-0.044848434627056,1
0.069957911968231,-0.073855895549059,0.0052380785346031,1
-0.066276997327805,-0.18141099065542,0.023759342730045,1
0.074935734272003,-0.27698937803507,-0.0063174068927765,1
-0.13098031282425,-0.22338428348303,-0.040547244250774,1
-0.013039231300354,0.18553116172552,-0.031433708965778,1
0.10042417049408,-0.17147549241781,0.022465199232101,1
-0.0025734901428223,0.1985335573554,0.059254847466946,1
-0.09140282869339,0.13336952775717,-0.021634422242641,1
0.04229325056076,-0.091758300550282,-0.045646138489246,1
0.030979216098785,0.1095669195056,-0.00023867934942245,1
-0.02355831861496,0.089097939431667,-0.010784648358822,1
-0.14391154050827,0.20877327769995,0.10256958752871,1
0.013725459575653,0.11587785929441,-0.011054836213589,1
-0.066959500312805,-0.14362834393978,-0.029082469642162,1
0.14906483888626,-0.24846253544092,0.098562560975552,1
-0.018642723560333,-0.046670995652676,-0.0044993385672569,1
0.031949877738953,-0.15681128203869,-0.06474544852972,1
-0.075641602277756,-0.27247700840235,0.057437859475613,1
0.079624950885773,0.15031149238348,-0.00070295482873917,1
-0.082487881183624,-0.11524089239538,-0.044290341436863,1
-0.076829493045807,0.17678009718657,0.032247707247734,1
0.060343205928802,0.20535065978765,0.024225622415543,1
0.12676376104355,-0.17594984918833,0.13719140738249,1
0.084054529666901,0.06567045301199,0.010820053517818,1
-0.093744069337845,-0.027291841804981,-0.022946059703827,1
-0.063329696655273,0.059729345142841,-0.039890177547932,1
0.096404850482941,-0.10684537747875,0.028878755867481,1
0.14056998491287,-0.20782490819693,0.12856704741716,1
0.059577226638794,0.25528057664633,-0.044630371034145,1
-0.0092735290527344,0.12531574815512,-0.063117831945419,1
-0.17941927909851,-0.023893639445305,0.037713773548603,1
0.016276717185974,0.23320826143026,0.10586024075747,1
0.055429756641388,0.15398084372282,-0.056485176086426,1
-0.0011897683143616,0.07335314899683,-0.019650883972645,1
-0.16568011045456,-0.16887621581554,-0.015446610748768,1
-0.10841235518456,0.20136829465628,0.11254263669252,1
0.028253614902496,-0.18118614703417,-0.043661005795002,1
0.0079788565635681,0.12606406956911,0.015674352645874,1
0.11239510774612,0.19112714380026,-0.0082329660654068,1
0.13923293352127,-0.12861989811063,0.029119156301022,1
0.12935250997543,-0.265236787498,0.070145584642887,1
0.10048675537109,0.10982619971037,-0.016437828540802,1
-0.11386680603027,0.088555403053761,0.048543952405453,1
0.041334807872772,-0.16615007072687,-0.042980372905731,1
0.11155539751053,-0.10543291876093,-0.076543353497982,1
0.08432936668396,0.093030922114849,0.02519216388464,1
0.0051608085632324,0.1424491032958,-0.05083967000246,1
-0.078060656785965,0.033695198595524,-0.014331109821796,1
0.034243643283844,-0.13893787935376,-0.089558493345976,1
-0.020824611186981,-0.079459238797426,-0.0059849172830582,1
0.063813984394073,0.12489894777536,-0.085489019751549,1
0.18568873405457,-0.23256700485945,0.011426918208599,1
0.12653803825378,0.13190089911222,0.023240201175213,1
-0.034873425960541,0.12202773243189,-0.077898100018501,1
0.13568490743637,0.19010778516531,0.042719766497612,1
0.027604997158051,-0.15589052066207,-0.035970985889435,1
-0.26286426186562,-0.02703370898962,0.0097609087824821,1
-0.019923567771912,-0.094693649560213,-0.041326470673084,1
0.096235930919647,-0.10150443343446,0.034343369305134,1
-0.12462130188942,0.0043584406375885,-0.044849820435047,1
0.025955438613892,0.086829178035259,-0.0035204142332077,1
-0.1164972782135,0.019005633890629,-0.04745239764452,1
0.10563147068024,0.20550080388784,0.011864118278027,1
0.073682844638824,0.15347205847502,0.045941196382046,1
0.081014096736908,0.10036756843328,0.014899671077728,1
-0.13399839401245,-0.20694880187511,-0.022705122828484,1
0.099258184432983,0.087203107774258,-0.00054068118333817,1
-0.20638993382454,-0.041537459939718,0.083464376628399,1
-0.15420570969582,0.18309661000967,0.10180331021547,1
-0.21599692106247,-0.041035436093807,0.073946826159954,1
0.064086258411407,-0.1292809471488,0.023169822990894,1
-0.13137009739876,-0.1647764146328,-0.042200393974781,1
-0.048081040382385,-0.032066397368908,0.0018740370869637,1
-0.19467011094093,-0.11554860137403,-0.087044395506382,1
0.13552922010422,-0.25494838505983,0.10142774134874,1
-0.13709756731987,0.057454206049442,-0.023234292864799,1
0.0059511065483093,0.075690947473049,0.0098115429282188,1
0.14704698324203,0.16671936959028,0.02900355309248,1
0.010140240192413,0.081944517791271,-0.02246980369091,1
-0.076623499393463,-0.023668453097343,-0.021634094417095,1
-0.18209168314934,-0.063739355653524,0.14633927494287,1
0.045346915721893,0.14221716672182,-0.067736633121967,1
-0.13213691115379,0.15674545615911,0.15317230671644,1
0.065436005592346,0.16791101545095,0.030015476047993,1
-0.032621085643768,0.088013358414173,0.0022451803088188,1
0.017104089260101,0.17170780152082,0.053675748407841,1
0.00089061260223389,0.21312730759382,0.10444501787424,1
0.026146709918976,-0.082864869385958,-0.037809573113918,1
-0.068422019481659,0.20650645345449,0.13176269084215,1
-0.069628804922104,-0.13217359036207,0.03224965184927,1
-0.11915504932404,0.22873502224684,0.021490179002285,1
-0.10129410028458,0.034967117011547,-0.079912461340427,1
-0.11291894316673,-0.18695054203272,0.036275200545788,1
-0.074166417121887,-0.23928647488356,0.11525190621614,1
0.11392313241959,-0.12330982461572,-0.018768735229969,1
-0.20158007740974,-0.11019954551011,0.095452480018139,1
-0.093321114778519,-0.21600086987019,0.061841428279877,1
0.070586204528809,-0.19898832589388,0.1642132923007,1
-0.080250889062881,-0.042714066803455,0.0038053169846535,1
0.14710468053818,0.18516441434622,0.0006173774600029,1
-0.070490062236786,-0.1555610857904,0.06131849437952,1
0.05165559053421,-0.076784843578935,0.0098527073860168,1
0.20758825540543,0.19446947425604,-0.042035274207592,1
-0.0074822306632996,0.193503908813,0.073633916676044,1
-0.070423454046249,0.16893091052771,-0.092798084020615,0
-0.24444210529327,-0.052712012082338,-0.048331722617149,1
0.031004965305328,0.18854727596045,0.090678565204144,1
-0.10096889734268,0.01418025046587,-0.02798318862915,1
-0.13269141316414,0.096344597637653,-0.099980480968952,1
0.016456663608551,0.19584306329489,0.05837794393301,1
0.13125693798065,0.21601124852896,0.15053302794695,1
-0.18583655357361,-0.16952984780073,0.084160514175892,1
-0.11565151810646,-0.12061785906553,-0.044009946286678,1
-0.011632978916168,-0.11083913967013,0.011009089648724,1
-0.17058411240578,-0.11984360590577,0.048578761518002,1
0.078736543655396,0.11460915952921,0.024700663983822,1
0.10984867811203,0.11514411121607,0.00045754015445709,1
-0.23154875636101,0.042948938906193,0.10504990071058,1
-0.091902732849121,0.11901793628931,-0.01911573857069,1
0.037182748317719,0.08528184145689,0.0038858875632286,1
-0.050361156463623,0.029561601579189,-0.036111108958721,1
-0.18306577205658,0.20645257085562,0.0029518380761147,1
-0.14277356863022,0.20945563167334,0.011241905391216,1
-0.18130093812943,-0.14616697654128,0.010772787034512,1
-0.15204042196274,-0.085867251269519,0.097279511392117,1
-0.12705847620964,0.09426598995924,0.034537710249424,1
-0.17329555749893,0.14509931951761,0.10971618443727,1
-0.15549421310425,-0.017408572137356,0.022462196648121,1
-0.21160435676575,0.087247289717197,-0.087655961513519,1
0.06383091211319,-0.25657933205366,0.064991004765034,1
0.0088702440261841,0.22677560895681,-0.092564105987549,1
-0.12739074230194,-0.013528108596802,-0.03368628770113,1
-0.069336473941803,0.10855407267809,0.0033412799239159,1
-0.025609731674194,-0.17397223412991,0.070397891104221,1
0.007931113243103,-0.21107310801744,0.20994339138269,1
-0.11268845200539,-0.086799116805196,-0.075009517371655,1
0.082856833934784,-0.17933735251427,-0.010114215314388,1
0.11946994066238,-0.11210598330945,0.03625301271677,1
0.20796591043472,-0.21283423900604,0.024384744465351,1
-0.060464859008789,0.1338260397315,0.058707259595394,1
0.087035298347473,0.25932883471251,-0.076053716242313,1
-0.18966674804688,0.05854781717062,0.014198325574398,1
0.014608979225159,0.18034990876913,0.052937686443329,1
-0.09419783949852,0.037623159587383,-0.016063384711742,1
-0.078695714473724,-0.13607850670815,0.022027842700481,1
0.093098402023315,0.10256690531969,0.024916484951973,1
-0.10528489947319,0.040709741413593,-0.071067027747631,1
-0.010610163211823,0.070131696760654,0.010725535452366,1
-0.089889943599701,-0.16874837875366,0.073127292096615,1
0.16060692071915,0.15960278362036,0.19108132272959,1
-0.1454304754734,-0.12257163599133,0.12737780064344,1
-0.026919186115265,0.02694971114397,0.0013853088021278,1
0.039497196674347,0.079762391746044,-0.041472114622593,1
0.16432768106461,0.1445204988122,-0.09305215626955,1
-0.08329439163208,-0.069982832297683,-0.0018707737326622,1
-0.034102022647858,0.04004829376936,-0.0086666271090508,1
-0.23041224479675,0.082238920032978,-0.023106910288334,1
-0.043366968631744,0.01184905320406,-0.022572599351406,1
-0.18192970752716,0.17274292558432,-0.033375181257725,1
-0.070027261972427,0.23836006969213,-0.044405907392502,0
0.0054306983947754,0.15784957259893,0.041768856346607,1
-0.050047904253006,-0.0088871642947197,-0.00060685724020004,1
0.15776175260544,-0.2419126406312,0.084345109760761,1
0.10841476917267,0.15928270667791,0.069473795592785,1
-0.11304652690887,0.0087426006793976,-0.035215385258198,1
-0.10409790277481,0.23342367261648,-0.035341933369637,0
0.020087242126465,-0.073648538440466,-0.024158537387848,1
-0.21390971541405,-0.086461585946381,-0.054856538772583,1
0.13707667589188,0.17244478315115,0.11509624868631,1
0.069488346576691,-0.15656047686934,0.019054666161537,1
0.072066724300385,-0.25684317201376,0.095574833452702,1
-0.1767170727253,0.050542287528515,-0.02778647840023,1
0.18588024377823,0.21720590442419,0.026365034282207,1
-0.026939511299133,0.036676399409771,0.0038173273205757,1
-0.07541236281395,-0.24910920113325,-0.065700054168701,1
-0.010525822639465,0.16271998733282,-0.021623261272907,1
-0.13121271133423,-0.13523404672742,-0.084057234227657,1
0.068771839141846,0.10782095044851,-0.027546010911465,1
0.022635221481323,0.16607295721769,0.023852400481701,1
-0.071990489959717,-0.059946648776531,-0.03570943325758,1
-0.17552489042282,-0.0035706162452698,0.19922573119402,1
-0.1821870803833,-0.15846993029118,-0.040373213589191,1
0.1170037984848,-0.17473674565554,-0.029459923505783,1
0.0077242851257324,-0.16752535104752,-0.087311647832394,1
0.023674190044403,0.24615820497274,0.087975330650806,1
0.0049453973770142,0.076854012906551,-0.030498832464218,1
0.0066201686859131,0.12330364435911,0.0054491087794304,1
0.084672868251801,0.25559645146132,0.0034871771931648,1
0.03112530708313,0.11335275322199,0.012139834463596,1
-0.036542415618896,0.06247340887785,0.009896345436573,1
-0.073740303516388,0.16778983920813,0.11085403710604,1
-0.15706333518028,0.0012599676847458,-0.096631821244955,1
0.028855979442596,0.15494599193335,0.018343463540077,1
0.01219516992569,-0.15537768602371,0.0087443813681602,1
-0.065408706665039,-0.20088635385036,-0.017465271055698,1
-0.17599013447762,-0.12870230339468,-0.033822722733021,1
0.0094742774963379,-0.16143517941236,-0.051085561513901,1
-0.09661653637886,0.17414828389883,0.061868794262409,1
-0.046582698822021,0.25961171835661,0.13471997529268,1
-0.18833366036415,-0.1417872980237,-0.019458316266537,1
0.052220404148102,-0.23026906698942,0.076003380119801,1
-0.038924515247345,0.090283297002316,0.02309312671423,1
-0.032428324222565,-0.24531208723783,0.13867784291506,1
0.050664722919464,-0.084452265873551,-0.044340461492538,1
-0.008881151676178,0.082705669105053,-0.054664805531502,1
-0.021831333637238,-0.22330217808485,0.12108623236418,1
0.11595904827118,-0.094669270329177,0.012584708631039,1
-0.024126946926117,-0.23149877041578,0.085646398365498,1
-0.066635072231293,-0.11171799525619,-0.057337753474712,1
-0.13307735323906,0.17970027774572,-0.083680935204029,0
0.14160692691803,-0.12279222905636,0.034189142286777,1
0.068853974342346,0.15789248794317,-0.049941852688789,1
-0.15768736600876,-0.1173544600606,0.14662053436041,1
-0.19503223896027,0.065669141709805,0.073457010090351,1
-0.12212389707565,0.037578545510769,0.0017355009913445,1
-0.037305176258087,0.16919546574354,0.04797125607729,1
-0.018492996692657,0.17341514676809,0.035608969628811,1
0.12886559963226,0.12662985175848,-0.083104111254215,1
0.0084167718887329,-0.11547543760389,0.025115661323071,1
-0.0015200972557068,-0.23396440595388,-0.086687944829464,1
0.13426822423935,-0.2452085390687,0.09121348708868,1
-0.14149445295334,-0.087698373943567,-0.071965701878071,1
-0.19581386446953,-0.071477267891169,-0.0075137689709663,1
-0.08245524764061,-0.07621399499476,-0.028346739709377,1
-0.19903755187988,0.067568235099316,0.11975049227476,1
-0.0060814619064331,0.12361108511686,0.023486919701099,1
0.02553653717041,0.10941632837057,0.018528506159782,1
-0.015739023685455,-0.23790387064219,0.044738501310349,1
-0.051110655069351,0.17290421575308,0.099074058234692,1
0.087067127227783,0.22936364263296,0.0049013569951057,1
-0.0035085678100586,0.06557946652174,-0.030812121927738,1
0.030670344829559,0.080231912434101,0.016256615519524,1
0.028900802135468,0.15891136974096,-0.06360200047493,1
-0.18337109684944,0.095109738409519,0.011321417987347,1
-0.15700563788414,0.21875017136335,0.087558217346668,1
-0.085641324520111,0.069909654557705,0.010157652199268,1
-0.021601736545563,0.23960890620947,-0.034470990300179,1
-0.026850998401642,0.037257723510265,0.005371205508709,1
-0.11540597677231,-0.091583519242704,-0.054251737892628,1
-0.058974534273148,0.21090056747198,0.060990542173386,1
0.034943521022797,-0.20284377783537,-0.006537988781929,1
-0.087615430355072,-0.10238992143422,-0.0014612451195717,1
-0.039551198482513,-0.21167604625225,0.17312548309565,1
0.03527295589447,0.083591841161251,0.019134767353535,1
-0.12504351139069,0.1429416462779,0.010554499924183,1
-0.045293748378754,-0.069680957123637,0.010520659387112,1
-0.081705927848816,0.11861837655306,0.0030118897557259,1
0.010913670063019,0.18739821761847,-0.033377178013325,1
-0.20739582180977,-0.016228675842285,0.072070084512234,1
-0.087140679359436,0.056567408144474,-0.0055815503001213,1
-0.11457580327988,-0.18749091029167,0.077191300690174,1
-0.017942011356354,-0.10172844491899,0.00043909996747971,1
0.094850838184357,-0.081403920426965,-0.023743845522404,1
0.071818351745605,-0.11435531452298,-0.028165318071842,1
-0.027297377586365,-0.032923050224781,-0.0077605918049812,1
0.039549052715302,0.27963548153639,0.082432024180889,1
0.036444365978241,0.087127290666103,0.016351379454136,1
0.1499587893486,-0.13300184160471,-0.0076447799801826,1
0.032489717006683,0.088996164500713,0.001580685377121,1
-0.16573831439018,0.10163705796003,-0.087001569569111,1
0.10656446218491,-0.21443391591311,-0.087468907237053,1
-0.025125920772552,-0.2240322753787,0.1300401315093,1
-0.053569257259369,-0.13657835870981,0.023000821471214,1
-0.21234411001205,-0.078585704788566,0.10159391909838,1
0.058432161808014,0.11337514966726,0.013519674539566,1
-0.080025613307953,0.19533102959394,0.16283152252436,1
0.12362086772919,0.13226317614317,-0.050460547208786,1
-0.15774077177048,-0.060424413532019,0.050607182085514,1
-0.22923713922501,-0.11069749668241,0.12162182480097,1
0.12206363677979,-0.2202455252409,0.14001975208521,1
0.080332100391388,-0.23389559239149,0.12551171332598,1
0.10536360740662,0.10657348483801,-0.037980288267136,1
-0.22899267077446,0.0045161992311478,-0.022500984370708,1
0.084266304969788,0.10666217654943,0.0051685199141502,1
-0.039807617664337,0.010284177958965,-0.0091777220368385,1
0.0011487603187561,-0.11322196293622,-0.035304524004459,1
0.061934411525726,-0.1468795388937,-0.056850858032703,1
-0.088001698255539,-0.11849892698228,0.049469210207462,1
0.057880878448486,0.21510972827673,0.15420839935541,1
-0.011664092540741,0.16951244324446,-0.081504426896572,1
-0.12676465511322,0.20892121642828,-0.077188290655613,0
-0.018774271011353,0.21157851070166,0.16569919139147,1
0.21468371152878,-0.19583338499069,-0.05985539406538,1
0.075935542583466,-0.079007899388671,-0.05315738171339,1
-0.21170622110367,0.068349964916706,-0.083897143602371,1
-0.028122425079346,-0.098647704115137,0.0050496160984039,1
-0.0034387707710266,0.095244668424129,0.0097572579979897,1
0.12665218114853,0.15640779584646,0.059862576425076,1
-0.044495046138763,-0.24205017834902,-0.030836701393127,1
0.05288302898407,0.20099552720785,0.032394714653492,1
-0.071595698595047,0.12604091316462,-0.026898495852947,1
-0.18340322375298,0.013311736285686,-0.088539578020573,1
0.16979593038559,0.15037893503904,0.15126921981573,1
-0.067929744720459,0.062852047383785,0.006764180958271,1
-0.16071325540543,-0.17054414749146,0.11630173772573,1
0.010955929756165,0.27224429696798,0.12837065011263,1
-0.21769678592682,0.11820324510336,-0.0089737251400948,1
-0.046427130699158,0.20605363696814,-0.069046072661877,1
0.0364128947258,0.12021417170763,0.025666512548923,1
-0.18607687950134,0.01058466732502,0.053975529968739,1
0.087720155715942,-0.18882431834936,-0.00057271122932434,1
-0.066652178764343,0.053887285292149,-0.030987583100796,1
-0.02951854467392,-0.25360537320375,-0.074304476380348,1
0.074423968791962,-0.16871743649244,-0.044285960495472,1
-0.17429423332214,0.024055160582066,-0.098953537642956,1
-0.14630073308945,0.17957522720098,0.060090489685535,1
-0.20969721674919,0.053128011524677,-0.092753939330578,1
0.01296079158783,0.13214518874884,-0.0052165016531944,1
-0.055208265781403,0.0021887719631195,-0.002198837697506,1
-0.19611331820488,-0.16563645750284,0.11516431719065,1
-0.12277919054031,0.080883197486401,-0.044577941298485,1
-0.15296417474747,0.048920430243015,0.075842969119549,1
-0.078986793756485,-0.178487457335,0.18037558346987,1
0.070107579231262,0.078304477035999,-0.043786369264126,1
0.028047978878021,-0.10569506231695,0.02489922195673,1
0.083050489425659,0.1316467449069,0.034118734300137,1
-0.17529553174973,-0.064765475690365,-0.018675975501537,1
-0.2330716252327,-0.04037919268012,0.058426178991795,1
-0.16107386350632,-0.12058423273265,-0.085983641445637,1
0.15644937753677,-0.22204478085041,-0.063101805746555,1
-0.013892352581024,0.2054060921073,-0.06793949753046,1
0.11087936162949,-0.16569697856903,0.04587285220623,1
0.018812775611877,-0.23175268620253,-0.032431237399578,1
-0.16400223970413,0.036604456603527,-0.038602657616138,1
-0.24809986352921,0.080567620694637,0.0053714588284492,1
0.081777930259705,0.070626445114613,-0.039975568652153,1
-0.0041953921318054,0.13361587375402,-0.052918247878551,1
0.14174550771713,0.16588219255209,0.18067682534456,1
-0.049758553504944,0.0065794512629509,-0.031797170639038,1
-0.24209073185921,0.02343588322401,0.037741623818874,1
0.15422314405441,0.19427996128798,0.085764028131962,1
-0.020682334899902,0.14827071875334,-0.08467773348093,1
-0.025048017501831,0.080326519906521,-0.027823843061924,1
-0.029801249504089,-0.22313047200441,0.060451574623585,1
-0.16320037841797,0.0087731033563614,-0.097901377826929,1
-0.16157245635986,0.058889262378216,-0.036405757069588,1
0.13759368658066,0.20652218908072,-0.033896096050739,1
0.17171865701675,-0.15487468242645,0.10863784700632,1
-0.11727246642113,-0.15606067329645,0.057014055550098,1
-0.14448863267899,0.07353825122118,0.036669246852398,1
-0.14601427316666,-0.13127774000168,0.077704049646854,1
-0.11925774812698,-0.14792047813535,0.040143869817257,1
-0.10455566644669,0.13694155961275,0.092303521931171,1
0.050691425800323,0.084420047700405,-0.0028076991438866,1
-0.23861595988274,0.074970819056034,-0.024848662316799,1
0.06394225358963,-0.18277602642775,-0.058792851865292,1
-0.082639366388321,-0.17081034183502,0.1329440549016,1
-0.015097916126251,-0.085685441270471,-0.0012847259640694,1
0.096653401851654,-0.20262312144041,0.16052225977182,1
-0.025822758674622,0.23505526036024,0.16914989799261,1
0.17504274845123,0.21358501166105,0.045481793582439,1
-0.06471198797226,-0.048923838883638,-0.0064960941672325,1
-0.077207177877426,-0.13824671506882,0.047622628509998,1
-0.15544921159744,0.16930281370878,0.05737180262804,1
-0.12667211890221,-0.11865053139627,-0.074316941201687,1
-0.19013637304306,0.0049848631024361,-0.03346312046051,1
-0.089260041713715,0.053558997809887,0.0031513795256615,1
-0.042256891727448,0.039349846541882,-0.027762793004513,1
0.042681276798248,-0.13920371979475,0.021707355976105,1
0.15793478488922,0.22330292314291,-0.059651292860508,1
0.028519511222839,0.25708388537169,-0.03947240114212,1
-0.10955131053925,-0.14732892438769,0.11525901407003,1
-0.047987997531891,-0.12168805673718,0.026517577469349,1
-0.2206070125103,-0.061813659965992,-0.049863316118717,1
-0.13110026717186,-0.24527335911989,0.014014236629009,1
0.15884792804718,0.1638725027442,0.15521726757288,1
0.028806805610657,-0.21810223907232,0.1330886259675,1
0.035065948963165,0.19311650842428,-0.041915774345398,1
0.030254364013672,-0.17996729165316,0.073489762842655,1
-0.16420546174049,-0.17144795507193,0.15270454436541,1
-0.099615097045898,0.2040458843112,-0.040650881826878,0
0.011192739009857,0.17394831031561,0.0087337270379066,1
-0.13289722800255,-0.016147151589394,0.046925716102123,1
0.088660955429077,0.1529790982604,-0.0082369968295097,1
-0.068755865097046,0.18739482015371,0.036387108266354,1
-0.0059794187545776,-0.059601902961731,-0.001018613576889,1
0.10550665855408,0.26412396878004,0.037063933908939,1
-0.13699597120285,0.081830196082592,-0.081789426505566,1
-0.064444273710251,-0.084522806107998,-0.040952317416668,1
-0.18193539977074,-0.0060673132538795,0.10509703308344,1
-0.012204766273499,0.18594150990248,0.0038024187088013,1
-0.18763300776482,-0.1238597612828,0.10912229865789,1
0.023710250854492,-0.17225923389196,0.067140601575375,1
0.046364843845367,0.22531827539206,0.1312642917037,1
0.081113636493683,0.12707989662886,0.0062481537461281,1
-0.065139710903168,0.036939404904842,0.0080098733305931,1
-0.0033972263336182,-0.15278598666191,-0.048765502870083,1
0.022927761077881,0.11447162181139,-0.038455329835415,1
-0.075533926486969,-0.1415695361793,-0.052604667842388,1
0.03530877828598,-0.25131880491972,0.15654885023832,1
-0.13249385356903,-0.19668161123991,0.098919965326786,1
-0.064594000577927,0.19883125275373,0.15419910103083,1
-0.0789395570755,-0.23085603863001,-0.081203155219555,1
0.11512786149979,-0.15464164316654,0.065431788563728,1
0.19322448968887,-0.2366696819663,0.0085822716355324,1
0.1021129488945,-0.13948087766767,-0.049252085387707,1
0.022029936313629,0.23958273977041,-0.021161884069443,1
0.027803122997284,0.098177723586559,0.020891696214676,1
-0.0025907158851624,0.094797186553478,0.00076097249984741,1
0.032159864902496,-0.076309941709042,0.0083588287234306,1
-0.24044680595398,0.03891634196043,-0.054575137794018,1
0.19071930646896,-0.17435269057751,0.08233467489481,1
0.14833468198776,0.12811551243067,0.0073490813374519,1
-0.10295343399048,-0.025337994098663,-0.040394343435764,1
0.052709698677063,0.20364942401648,0.18121238797903,1
-0.17646777629852,-0.1537871286273,0.062866277992725,1
-0.029195606708527,0.27754094451666,0.061886467039585,1
0.097441971302032,0.19892182201147,0.12144587188959,1
0.035466253757477,-0.22604691237211,-0.0036626756191254,1
0.11380791664124,0.097655765712261,-0.0060827508568764,1
-0.05081045627594,-0.16826148331165,-0.0093856826424599,1
-0.0096806883811951,-0.1146688265726,-0.066344030201435,1
-0.18202793598175,0.028297416865826,-0.010484494268894,1
-0.017628967761993,0.087279178202152,0.008116289973259,1
-0.10784912109375,-0.004042312502861,-0.032014481723309,1
-0.031055986881256,0.067402042448521,0.0011633262038231,1
0.15956628322601,-0.21485577523708,0.15286498516798,1
0.039781808853149,0.21707095950842,0.14716390520334,1
0.019161283969879,0.17161344736814,-0.06755618751049,1
-0.18905624747276,0.0048356950283051,-0.034198887646198,1
-0.047432839870453,-0.086313274689019,0.0092886537313461,1
-0.047843515872955,-0.028330951929092,-0.008636511862278,1
-0.023768544197083,0.27583422511816,0.088457621634007,1
-0.2098463177681,-0.078926358371973,0.10257046669722,1
-0.032512009143829,0.050660483539104,0.0026210770010948,1
0.028772056102753,0.28073602169752,0.063252031803131,1
0.073303282260895,-0.072149835526943,-0.029150508344173,1
0.063218951225281,-0.1484916806221,-0.0053573325276375,1
-0.050598949193954,-0.16439295560122,-0.069450914859772,1
0.094978332519531,-0.27511873096228,-0.026512801647186,1
-0.15498471260071,-0.19977816194296,-0.036315597593784,1
0.0316202044487,0.2853392586112,0.032774068415165,1
0.061959564685822,0.073838256299496,0.0091001242399216,1
-0.018361985683441,-0.077734485268593,0.0071790963411331,1
-0.057072222232819,-0.13526383414865,-0.091977819800377,1
0.0089823603630066,0.13227536529303,-0.067439876496792,1
0.11503267288208,0.21192350238562,0.13063562661409,1
-0.16354557871819,-0.15036914125085,-0.030946917831898,1
-0.091824591159821,0.027439303696156,-0.025916062295437,1
-0.055955588817596,-0.01149982213974,-0.035774014890194,1
0.013437509536743,-0.071400571614504,-0.0090237930417061,1
-0.03288060426712,-0.061459824442863,-0.017216064035892,1
0.046694040298462,0.16501124948263,0.0054521933197975,1
-0.23832488059998,-0.014825619757175,0.089308999478817,1
-0.16865956783295,0.037362761795521,0.058603502810001,1
0.0041423439979553,-0.059367705136538,-0.012645937502384,1
0.088379085063934,-0.074386285617948,-0.01498206704855,1
-0.059652209281921,0.13052340596914,-0.022679679095745,1
-0.23977044224739,-0.013644061982632,0.10849293321371,1
0.058700859546661,0.13100961595774,0.025646716356277,1
-0.16656094789505,0.07804150134325,0.20698244124651,1
0.027018487453461,-0.16289412230253,0.010818056762218,1
-0.10540264844894,-0.23036771267653,-0.018889047205448,1
0.1607945561409,-0.20052669942379,0.14678385108709,1
-0.023510038852692,0.044189639389515,-0.01956944912672,1
-0.022076547145844,-0.21826543658972,0.18342132121325,1
0.097366034984589,-0.11573700420558,-0.0016093179583549,1
-0.14644387364388,-0.042329702526331,-0.040035024285316,1
-0.031004846096039,-0.17429978400469,0.038067147135735,1
-0.13574758172035,0.11690958589315,-0.035644851624966,1
0.10716271400452,-0.12410827353597,-0.026865132153034,1
-0.0074263215065002,-0.20558205991983,-0.06022185087204,1
0.095864415168762,0.083395235240459,-0.0068452954292297,1
-0.0059136152267456,0.19531511515379,0.11551190167665,1
-0.052819907665253,0.084290497004986,-0.050868071615696,1
-0.089946985244751,-0.15907547995448,-0.0070260092616081,1
-0.090790897607803,-0.098786389338784,-0.051457785069942,1
0.063182592391968,-0.047001406550407,-0.0032939538359642,1
-0.12908977270126,0.095124654471874,0.03117973357439,1
0.074893891811371,-0.21786656975746,0.092158101499081,1
-0.076984107494354,-0.01147449016571,-0.020504601299763,1
-0.02294534444809,-0.20611415803432,-0.076607912778854,1
0.056761026382446,0.21140208095312,-0.069683067500591,1
-0.17811563611031,-0.13100842572749,0.038649179041386,1
0.11222290992737,-0.17107579112053,-0.060044392943382,1
-0.073580175638199,0.049575366079807,-0.0092259123921394,1
-0.091932982206345,0.096420295536518,-0.025705508887768,1
-0.12999379634857,0.24441578239202,0.076060183346272,1
0.12886893749237,-0.27477312833071,0.0051039084792137,1
-0.098409622907639,-0.15716827660799,0.083438344299793,1
-0.18882465362549,-0.038941230624914,-0.033356882631779,1
0.018135786056519,-0.24188052862883,0.019398666918278,1
0.10353320837021,-0.22069800645113,0.088710837066174,1
-0.19714486598969,0.055119417607784,-0.073698058724403,1
-0.031111776828766,-0.16365867853165,-0.033956177532673,1
-0.039049029350281,0.26110308617353,-0.055266678333282,1
-0.041639506816864,-0.0057291314005852,-0.010764546692371,1
0.018519759178162,-0.1461176276207,-0.056310325860977,1
-0.06696629524231,-0.01129424571991,-0.036012150347233,1
0.059720933437347,-0.18994690477848,0.036966696381569,1
-0.11236518621445,0.025522626936436,0.025761298835278,1
0.040164887905121,0.24398022145033,-0.0078717246651649,1
0.06379097700119,0.053801588714123,0.0059873163700104,1
-0.17153617739677,-0.10446901619434,-0.076810732483864,1
-0.096320241689682,0.017337612807751,0.019501201808453,1
-0.13800144195557,-0.2345484867692,0.015290766954422,1
0.084986507892609,-0.094481364823878,0.020601041615009,1
-0.17842638492584,0.16331674903631,-0.045636676251888,1
0.14265263080597,-0.18453478813171,0.076868243515491,1
-0.026722848415375,-0.23390758782625,-0.026683524250984,1
-0.018656015396118,0.14897764474154,0.0004984512925148,1
0.098359227180481,-0.24166546016932,0.11511691659689,1
0.013645708560944,-0.082165595144033,0.010309293866158,1
-0.10959059000015,-0.15899411588907,0.13517002016306,1
0.1441667675972,-0.16232836991549,0.12085213512182,1
-0.20708721876144,-0.047834143042564,-0.037921071052551,1
-0.16758331656456,-0.063909962773323,0.16298953443766,1
-0.043655931949615,-0.27129407972097,0.026454821228981,1
-0.081289023160934,-0.0022186785936356,-0.050793297588825,1
-0.091282904148102,0.18203505128622,0.046763636171818,1
-0.055750608444214,0.013981580734253,0.012007854878902,1
-0.17699149250984,0.01740750670433,-0.04930929094553,1
-0.12750053405762,-0.18813225626945,0.0078421607613564,1
0.14976400136948,0.25019081681967,-0.0023899674415588,1
-0.065873742103577,0.041446320712566,-0.00120759755373,1
0.053939700126648,0.061838008463383,0.0048706755042076,1
-0.092136710882187,0.21899824589491,-0.088778026401997,0
0.089713394641876,0.079376600682735,0.015658564865589,1
-0.032545506954193,0.14955418556929,-0.042929567396641,1
0.041764914989471,0.15634285658598,-0.044826790690422,1
-0.10659825801849,0.14383112639189,-0.035159148275852,1
-0.052548617124557,-0.088603215292096,-0.034370668232441,1
-0.20671012997627,-0.080185484141111,-0.0020779743790627,1
0.034136176109314,0.10510616749525,0.0034913867712021,1
-0.052570372819901,-0.10539566166699,-0.08484123647213,1
-0.06315404176712,0.021640241146088,0.020754344761372,1
0.16979604959488,0.18726619333029,-0.040488235652447,1
0.00044602155685425,-0.18883213400841,0.040556021034718,1
-0.12510815262794,0.22461628168821,0.041499637067318,1
0.040762007236481,-0.12896776944399,-0.082884579896927,1
0.10221272706985,-0.11311206314713,0.026603884994984,1
-0.17454570531845,0.091535739600658,-0.045061528682709,1
0.14200586080551,0.1937415227294,-0.018237940967083,1
-0.055646896362305,0.20291291922331,0.012003384530544,1
0.10498744249344,0.26092725247145,-0.031208492815495,1
-0.16206827759743,0.0939766690135,-0.024859979748726,1
-0.15426391363144,0.017940789461136,-0.097773466259241,1
-0.12477704882622,-0.026181519031525,-0.034790143370628,1
-0.1405722796917,-0.18208907544613,0.13549942523241,1
0.11394482851028,0.24721436947584,0.10130638629198,1
0.1287425160408,0.14986055344343,-0.028853692114353,1
0.038639962673187,0.24378614872694,0.12556827813387,1
0.11451977491379,-0.24448538571596,0.075314112007618,1
0.015798270702362,0.10440292209387,0.0086384192109108,1
-0.087393522262573,-0.0067752152681351,-0.033875696361065,1
-0.10116675496101,-0.15323447436094,-0.035039529204369,1
0.10279244184494,0.21291624754667,0.15291384607553,1
-0.13165563344955,0.18435554951429,0.10167349129915,1
-0.016946196556091,0.21850048750639,-0.02562802284956,1
-0.044407784938812,-0.14402138441801,-0.095994479954243,1
0.081122517585754,0.088058389723301,0.0073845311999321,1
-0.089273661375046,0.22320532053709,-0.060618996620178,0
-0.1705139875412,-0.060869988054037,-0.018412925302982,1
0.052959740161896,0.05922744423151,-0.02344024926424,1
-0.13062018156052,0.22430255264044,-0.031396768987179,1
0.14081931114197,0.20787357538939,-0.085755653679371,1
-0.21100458502769,-0.017640367150307,-0.087595131248236,1
-0.10880517959595,-0.046403724700212,0.035674922168255,1
0.10098046064377,-0.10023391572759,-0.053100593388081,1
-0.026622235774994,0.25196232646704,-0.086224794387817,1
-0.10005843639374,-0.10467819171026,0.029592968523502,1
-0.13911551237106,0.11178963631392,0.087722606956959,1
-0.028816759586334,0.1815744265914,0.030820220708847,1
-0.14881438016891,0.12126793712378,0.19423969835043,1
0.11792623996735,-0.11431244574487,-0.059293232858181,1
0.014180362224579,0.2533717378974,-0.024395495653152,1
-0.13477638363838,0.226437471807,0.066584311425686,1
-0.13905137777328,0.21656530350447,-0.043736182153225,0
-0.0036444664001465,0.20702105015516,0.0025859251618385,1
-0.16025000810623,-0.042700313031673,-0.032639056444168,1
-0.18557107448578,0.029618106782436,-0.020690850913525,1
0.0084273219108582,0.080359898507595,-0.048915550112724,1
0.10940837860107,0.12909810990095,0.054315708577633,1
-0.21829149127007,0.12737683206797,-0.02496600151062,1
-0.073269248008728,-0.20056013762951,0.0052709206938744,1
0.18669319152832,-0.1676222383976,0.074713237583637,1
-0.038964509963989,0.058585561811924,0.010014705359936,1
-0.083170086145401,0.12877856940031,0.046257711946964,1
-0.083720445632935,0.18952708691359,-0.051759101450443,0
-0.15685039758682,-0.074335530400276,0.096571363508701,1
-0.0404252409935,0.10069269686937,-0.0092766657471657,1
-0.081046342849731,0.058824770152569,-0.0578483492136,1
0.19273728132248,0.19012811034918,0.10534819215536,1
-0.17524939775467,0.035323120653629,-0.037929989397526,1
-0.12004825472832,-0.096874823560938,-0.043276093900204,1
0.12954038381577,0.22138055413961,0.119902767241,1
-0.1821576654911,0.17242758721113,-0.027596525847912,1
-0.019599795341492,0.067945845425129,0.0061646923422813,1
0.10701632499695,-0.11616120301187,0.04498802870512,1
-0.026357054710388,0.05818060785532,-0.008698083460331,1
0.073753535747528,-0.23211800307035,0.078033037483692,1
0.036245405673981,-0.11212663818151,-0.0015079155564308,1
0.034114181995392,-0.19527157396078,-0.083634190261364,1
-0.085844129323959,-0.097123521845788,-0.0755829885602,1
0.09646064043045,-0.11542378924787,-0.069881923496723,1
-0.03087192773819,-0.062687553465366,0.013997577130795,1
0.061389267444611,-0.069025442004204,-0.034277953207493,1
-0.02178168296814,-0.17272748798132,0.037629343569279,1
0.061602532863617,-0.066737089306116,-0.0057406201958656,1
0.045384347438812,-0.24759221822023,0.085323713719845,1
-0.23540607094765,-0.075383361428976,0.083182834088802,1
-0.23873752355576,0.036068774759769,-0.077156335115433,1
-0.11203762888908,-0.20881863683462,0.15169241279364,1
0.061396479606628,0.23356901854277,0.011218637228012,1
-0.085066229104996,0.12065846472979,-0.071329601109028,1
-0.02543181180954,-0.27168057113886,-0.0065299645066261,1
0.133948802948,-0.15579505637288,0.09127888828516,1
-0.17183220386505,-0.057135466486216,0.19035274535418,1
-0.082576662302017,-0.11021119356155,0.029231481254101,1
-0.18299531936646,0.058696664869785,0.16453369706869,1
0.030776381492615,0.24387051910162,-0.090077493339777,1
-0.096063256263733,-0.21019527316093,0.10181728750467,1
-0.22115442156792,0.12461473792791,-0.014749221503735,1
-0.026639044284821,0.13908179849386,-0.08145871758461,1
-0.026967346668243,0.099139235913754,-0.0058907344937325,1
0.17461806535721,-0.19426840543747,0.14313655346632,1
0.08591240644455,0.1165112182498,-0.018040426075459,1
0.0028870701789856,-0.16787306219339,0.052507437765598,1
-0.079002797603607,-0.092626595403999,-0.016326256096363,1
-0.077612519264221,0.14605797082186,-0.016124241054058,1
-0.21172964572906,0.037385828793049,0.14930845052004,1
-0.077299237251282,0.028830237686634,-0.060947358608246,1
-0.20708340406418,-0.017249055206776,-0.018394805490971,1
-0.0063334107398987,-0.17165980488062,0.00091937184333801,1
0.10581713914871,-0.16915861517191,0.080463953316212,1
-0.0048545002937317,-0.055399995297194,-0.01532456278801,1
-0.15964645147324,0.22120692580938,0.050125040113926,1
-0.0070965886116028,-0.16795288026333,0.043389447033405,1
-0.22532111406326,0.073494218289852,-0.012161172926426,1
0.098090469837189,-0.12416078709066,-0.0070636793971062,1
-0.069457709789276,-0.25204343348742,0.13092220574617,1
0.17303901910782,0.20116271823645,0.16013217717409,1
-0.19330528378487,-0.029050067067146,0.028799884021282,1
-0.12310963869095,0.022272728383541,-0.044205889105797,1
0.073788106441498,0.11903407424688,-0.069317504763603,1
-0.10855346918106,-0.087766541168094,-0.034989081323147,1
0.060660541057587,-0.078604644164443,0.019696556031704,1
0.090891480445862,0.16191383451223,0.015485472977161,1
0.018173038959503,-0.15426540747285,0.01266647875309,1
0.086434304714203,-0.18296928703785,-0.053786240518093,1
-0.21457859873772,-0.076119929552078,0.07677137106657,1
0.063557922840118,-0.093715129885823,0.022985436022282,1
0.048584282398224,-0.11865410394967,-0.00051945447921753,1
0.084111392498016,-0.25280644744635,0.060866095125675,1
-0.057744473218918,0.016295313835144,0.014685250818729,1
0.061808168888092,0.12731602042913,-0.008696123957634,1
-0.0038043856620789,-0.12712780199945,-0.046785451471806,1
-0.071138918399811,-0.13838027045131,-0.025239206850529,1
0.13088917732239,-0.15116552263498,-0.027131862938404,1
-0.14348649978638,-0.026879489421844,-0.022471874952316,1
0.035553455352783,-0.25476533919573,0.037970490753651,1
-0.092192113399506,0.019256114959717,-0.03056462854147,1
-0.22546511888504,-0.021470874547958,-0.085956949740648,1
0.10538464784622,-0.1512146294117,-0.07885205745697,1
-0.044062852859497,-0.26949080079794,0.004582367837429,1
-0.084793269634247,-0.2038242816925,-0.090764351189137,1
0.086580038070679,-0.26659476011992,-0.022949665784836,1
0.043799579143524,0.23418401926756,0.078780211508274,1
-0.06855371594429,0.11090157181025,0.012693606317043,1
-0.21209564805031,-0.030353248119354,0.03956850618124,1
0.14814001321793,-0.22210355103016,0.057492218911648,1
-0.071250349283218,0.0074335634708405,0.018503896892071,1
-0.22022831439972,0.14634300023317,-0.021989770233631,1
-0.02761298418045,0.066703580319881,0.0027359500527382,1
-0.19983884692192,0.19054930657148,0.047767631709576,1
-0.015239238739014,0.045373670756817,-0.0096865817904472,1
-0.049509704113007,0.047029040753841,0.012338288128376,1
-0.13942763209343,-0.041563767939806,-0.048508837819099,1
-0.05757936835289,0.018155992031097,0.010071359574795,1
-0.059604495763779,0.17174362391233,-0.079681031405926,1
0.12522828578949,-0.17883106321096,0.11663050204515,1
-0.21881008148193,-0.038914728909731,0.033792056143284,1
-0.11681705713272,0.12399693578482,0.01755029708147,1
0.074171304702759,0.079085521399975,0.017659239470959,1
0.048320591449738,0.11302994936705,-0.038831405341625,1
-0.1229584813118,-0.051234222948551,-0.095454029738903,1
0.1632177233696,0.22770085185766,-0.064208373427391,1
0.042967736721039,0.12991692870855,0.020486615598202,1
-0.051928371191025,-0.18721265345812,0.080663658678532,1
-0.167286247015,0.15212025493383,-0.052833981812,1
-0.054741501808167,-0.20261289179325,0.017720021307468,1
0.067888557910919,0.080236010253429,-0.023015327751637,1
-0.017719089984894,0.092973776161671,0.0082619786262512,1
0.023106694221497,0.23147933930159,0.11207107454538,1
-0.19955441355705,-0.1083000227809,0.089161314070225,1
-0.15103989839554,0.11137349158525,0.058711297810078,1
0.069644808769226,0.24970480054617,-0.037734165787697,1
-0.0015966296195984,-0.096285917796195,-0.031777128577232,1
0.015024483203888,0.17210497707129,0.027266062796116,1
0.20724201202393,0.19794388860464,0.042771972715855,1
-0.0053239464759827,0.20068763941526,0.20043463259935,1
-0.14152827858925,-0.1582302749157,0.17049463838339,1
-0.26489725708961,-0.039535086601973,0.025660835206509,1
-0.045620024204254,0.13075666874647,-0.038408435881138,1
-0.059597313404083,0.1716036722064,0.10616037994623,1
0.024044096469879,-0.20873867720366,0.097181059420109,1
0.096572697162628,-0.075579194352031,-0.061511419713497,1
-0.14616629481316,-0.00013113021850586,0.062597133219242,1
-0.0040189027786255,-0.18332250416279,-0.075414933264256,1
0.13855975866318,-0.16981822252274,0.055532418191433,1
-0.090236842632294,0.24242120236158,-0.053743682801723,0
-0.056876599788666,-0.085391841828823,-0.025505624711514,1
-0.12183871865273,-0.19544379413128,0.0098965093493462,1
-0.2158120572567,0.047408320009708,0.17415904253721,1
-0.070706069469452,-0.060365028679371,-0.0266477689147,1
-0.087044090032578,0.0048700720071793,-0.029681511223316,1
-0.092466950416565,-0.01250322163105,-0.0033008381724358,1
-0.089691996574402,-0.19598735868931,0.097717128694057,1
0.039940297603607,-0.13780605792999,-0.050516329705715,1
0.010744333267212,0.26749082654715,-0.030732274055481,1
-0.054880291223526,-0.046547554433346,-0.0070750191807747,1
0.0030955076217651,-0.091576389968395,-0.019049666821957,1
-0.072713851928711,0.088400848209858,0.027670405805111,1
-0.044422149658203,0.0032466873526573,0.0026977136731148,1
0.082027852535248,0.13007577508688,0.00056581944227219,1
0.20215767621994,-0.2058183029294,0.072435222566128,1
-0.12104392051697,-0.075393153354526,0.057897441089153,1
-0.11606726050377,-0.15147805586457,0.032040007412434,1
0.20465224981308,0.1983647570014,0.017971448600292,1
-0.077595233917236,0.076912470161915,0.020488642156124,1
-0.071124941110611,-0.27249502390623,0.018488302826881,1
-0.08977860212326,-0.21281176060438,0.13965151458979,1
0.18473541736603,0.17156501859426,-0.025070928037167,1
-0.10531410574913,-0.15677429363132,-0.087159000337124,1
0.0085252523422241,0.092746786773205,0.019649349153042,1
-0.22786241769791,0.042405821382999,-0.07270560413599,1
-0.11543995141983,0.044060863554478,0.048457615077496,1
0.15855115652084,-0.16555293649435,-0.020033709704876,1
0.11158156394958,-0.10512481769547,-0.040314517915249,1
0.038604438304901,-0.11029046960175,0.010099567472935,1
-0.21822625398636,0.078392885625362,-0.015683300793171,1
-0.20515534281731,-0.017607390880585,0.11138894408941,1
0.09814590215683,0.13404750078917,0.032142236828804,1
-0.054600864648819,0.099969618022442,0.0047939494252205,1
-0.24291762709618,0.0024159178137779,0.061621375381947,1
0.1045435667038,0.15043308585882,-0.045446999371052,1
-0.042571246623993,-0.10146045603324,-0.061001516878605,1
0.09315699338913,0.12633249908686,0.036455914378166,1
-0.024118602275848,-0.093195646535605,-0.019528284668922,1
-0.11083054542542,-0.16598310321569,-0.070378802716732,1
0.090991795063019,-0.13781786337495,-0.095004945993423,1
-0.048570334911346,0.043850220739841,0.0017064586281776,1
-0.043057918548584,-0.0036309435963631,-0.0020512267947197,1
-0.21900719404221,-0.025568045675755,0.13595625013113,1
0.055019795894623,0.10356660932302,-0.0061625465750694,1
-0.25753697752953,0.024919666349888,-0.022183924913406,1
0.060838878154755,0.059625633060932,-0.029315292835236,1
0.027624368667603,0.16409804672003,-0.065482266247272,1
-0.07179594039917,0.042117737233639,0.0057617351412773,1
-0.063001841306686,0.026052571833134,-0.0038232430815697,1
-0.16198179125786,-0.17364789545536,0.052784316241741,1
-0.10210502147675,0.19824250787497,0.16846669465303,1
-0.10930135846138,0.20655461400747,0.17460417002439,1
-0.12908461689949,-0.18980007618666,0.058756694197655,1
0.088986814022064,0.090737946331501,0.0063915550708771,1
-0.022499620914459,0.0524777546525,0.0065526738762856,1
0.20217627286911,-0.18262006342411,0.016979746520519,1
-0.12939742207527,0.012162834405899,0.030479244887829,1
0.028990209102631,0.16186159104109,0.029872387647629,1
-0.078548014163971,0.24298056215048,-0.068478949368,0
0.055510759353638,0.15003784745932,0.048304609954357,1
-0.02551007270813,-0.27737437933683,-0.0095903277397156,1
0.07881498336792,0.08254136890173,0.024013884365559,1
-0.022341072559357,0.19611462205648,0.093113295733929,1
-0.20457744598389,-0.069546846672893,0.13244267553091,1
0.18117827177048,0.20010959357023,0.13004016131163,1
0.14898711442947,-0.15905934199691,0.083211876451969,1
-0.010591804981232,-0.038797505199909,0.0054416581988335,1
0.033208668231964,-0.15396462380886,0.013412468135357,1
-0.12985283136368,0.19530131667852,-0.056194163858891,0
0.0175861120224,-0.26483868807554,-0.011870637536049,1
-0.1950546503067,0.052317075431347,-0.031644016504288,1
-0.16726583242416,0.034570075571537,0.058500103652477,1
-0.082028031349182,-0.094152942299843,-0.066617242991924,1
0.069820880889893,-0.14156814664602,0.013658054172993,1
-0.23220103979111,0.036268405616283,-0.013399966061115,1
0.18783324956894,-0.16274954378605,0.056020326912403,1
-0.13723480701447,-0.12552984617651,0.21116674691439,1
-0.03404289484024,0.11622478812933,-0.064782828092575,1
-0.011483728885651,-0.17366769164801,0.077232487499714,1
0.069897294044495,0.082726024091244,0.016081064939499,1
-0.18171107769012,0.026132754981518,-0.091034129261971,1
0.063684701919556,0.064360953867435,-0.036237508058548,1
-0.084322899580002,-0.13271663710475,-0.051957607269287,1
0.036792457103729,0.080106504261494,0.016278266906738,1
-0.010953068733215,0.12801938503981,-0.039319612085819,1
-0.048547863960266,0.21522881835699,0.17319894582033,1
0.058995187282562,-0.20951349288225,0.16714913398027,1
-0.06695431470871,-0.14703166112304,0.024202920496464,1
-0.14319658279419,0.074104376137257,-0.053661115467548,1
0.033797919750214,-0.21728502959013,0.022664032876492,1
-0.20651194453239,-0.040974382311106,-0.048555307090282,1
-0.24537220597267,0.016323551535606,0.079407386481762,1
0.13161641359329,0.15704949945211,-0.062721624970436,1
0.038642346858978,-0.12021091021597,0.027910239994526,1
-0.04634153842926,-0.063949909061193,0.012539528310299,1
0.21255677938461,0.22322046011686,0.056368060410023,1
-0.087442755699158,-0.21844386309385,0.12943293899298,1
0.095812141895294,0.16638156026602,0.066782869398594,1
0.0074450373649597,-0.094798519276083,0.018220633268356,1
-0.083103835582733,-0.16055849939585,-0.086596131324768,1
-0.18464040756226,-0.10057305824012,-0.015486262738705,1
-0.06512314081192,-0.062908601015806,0.0084949359297752,1
0.029333531856537,0.21211775392294,0.1530808582902,1
-0.20489430427551,0.079693175852299,-0.06092357635498,1
-0.15516898036003,-0.006939209997654,-0.039358511567116,1
-0.06205615401268,-8.0995261669159e-05,-0.038311220705509,1
0.059758245944977,0.23294322937727,-0.056223377585411,1
0.043494403362274,0.13998267799616,-0.0028108507394791,1
0.053506255149841,0.076826609671116,-0.022992186248302,1
-0.13285785913467,0.088593222200871,-0.044304609298706,1
-0.19868931174278,-0.044568158686161,0.026589401066303,1
0.0090582966804504,0.091453067958355,0.0096051245927811,1
0.071408569812775,-0.053353995084763,-0.027713470160961,1
0.050506174564362,-0.051221668720245,-0.0050576850771904,1
0.059696972370148,0.054453186690807,0.0054323598742485,1
-0.031018078327179,0.023464195430279,-0.010822482407093,1
-0.019973576068878,-0.046499330550432,-0.0045776143670082,1
0.040033280849457,-0.2787796035409,-0.0016926154494286,1
0.16287595033646,0.23461087793112,0.12148287147284,1
-0.11680263280869,-0.16477049142122,0.17580542713404,1
-0.077639818191528,0.067205913364887,0.028596334159374,1
-0.12901708483696,0.18695952743292,0.0080859288573265,1
0.16410380601883,0.17177989333868,-0.024985745549202,1
0.068597733974457,0.18045892566442,0.051854394376278,1
0.0076087713241577,-0.082204796373844,-0.01630162447691,1
-0.094413697719574,0.095436684787273,-0.033326841890812,1
0.12365788221359,-0.15891601517797,-0.018111906945705,1
-0.18074226379395,-0.062321700155735,0.068089716136456,1
0.18315488100052,-0.21175342053175,0.011333517730236,1
0.099522352218628,0.14440574496984,0.029643811285496,1
-0.18016916513443,-0.025300204753876,0.076101012527943,1
0.041960895061493,-0.093748714309186,0.021405324339867,1
0.05949467420578,-0.19970663636923,-0.047203250229359,1
0.046937227249146,0.13294883817434,-0.010020516812801,1
-0.056643813848495,-0.026367232203484,-0.034737505018711,1
0.083707988262177,-0.23692301660776,0.069098792970181,1
-0.26036256551743,0.022727772593498,-0.0039970949292183,1
0.074693322181702,-0.10486190160736,0.0097674876451492,1
-0.12711417675018,0.22910653799772,0.079121179878712,1
0.16387665271759,-0.2334902510047,0.059986963868141,1
0.10601621866226,-0.09253187244758,0.0091442987322807,1
0.044585764408112,0.064703159034252,0.0035571679472923,1
0.035155594348907,0.095995999872684,-0.00061765313148499,1
-0.22465771436691,-0.037449978291988,0.081018544733524,1
-0.15777316689491,-0.010470114648342,0.072181023657322,1
-0.039781391620636,0.044499926269054,-7.3961913585663e-05,1
-0.017380237579346,-0.17369820922613,-0.042611658573151,1
0.01647824048996,-0.12610669434071,-0.0050736367702484,1
-0.13606789708138,-0.032273381948471,0.017101176083088,1
-0.2241837978363,-0.1024137721397,-0.076373010873795,1
0.030893385410309,-0.23830560594797,-0.057603754103184,1
-0.029355108737946,-0.20322823524475,0.13518197089434,1
-0.096042931079865,-0.10080211458262,0.014309607446194,1
-0.099637567996979,0.0023331120610237,0.034908123314381,1
-0.094415366649628,0.075733371078968,0.00013007968664169,1
0.11677658557892,0.22297745198011,0.12128228694201,1
-0.047957956790924,-0.2827225998044,0.0050784349441528,1
-0.047205567359924,0.092475406825542,0.01932118088007,1
0.047528922557831,-0.25329688936472,0.092862136662006,1
0.078354597091675,0.20692326873541,0.03769401460886,1
0.087436199188232,-0.23078192025423,0.13782677799463,1
0.08348274230957,-0.089105331338942,-0.033614970743656,1
-0.22680026292801,-0.036028377711773,-0.043634720146656,1
0.041249513626099,0.071793757379055,-0.0034664943814278,1
-0.057857155799866,-0.048812616616488,0.0074107125401497,1
0.059457719326019,0.22685300558805,0.1852051243186,1
-0.13105493783951,0.099848963320255,0.023161478340626,1
-0.10228407382965,-0.10993771348149,-0.088533066213131,1
0.040428996086121,-0.20340473204851,0.20923683792353,1
-0.053946942090988,0.063850991427898,-0.0040806904435158,1
-0.12336248159409,-0.10773594304919,0.0027994588017464,1
-0.17339372634888,0.081390984356403,0.050778590142727,1
0.041672706604004,0.069526590406895,0.0040756538510323,1
-0.092634826898575,-0.20225428789854,-0.021818973124027,1
-0.044886767864227,0.20181526988745,-0.042040906846523,1
0.15046542882919,-0.14206760376692,0.095117382705212,1
-0.01267796754837,-0.25004313141108,0.04015676677227,1
0.10763567686081,-0.22159648686647,0.006439745426178,1
-0.062451303005219,-0.15948047488928,-0.01590995490551,1
0.056788623332977,-0.085300946608186,0.018397346138954,1
-0.080261617898941,0.09273337572813,0.031230367720127,1
-0.17409256100655,-0.097690258175135,-0.0081291571259499,1
-0.098379611968994,-0.17001658678055,0.19647092372179,1
-0.065145641565323,0.1879608258605,0.15507412701845,1
0.13964223861694,0.17251842468977,0.036728225648403,1
-0.14232739806175,0.0016059055924416,-0.022589541971684,1
-0.0067588686943054,-0.17215725034475,0.018306598067284,1
-0.0097706317901611,0.14163019508123,0.035260908305645,1
-0.13700181245804,0.16468926519156,-0.018184386193752,1
-0.14502120018005,0.10953444987535,0.20979309827089,1
-0.13591110706329,-0.051062054932117,-0.094093203544617,1
-0.056061536073685,-0.16551896929741,0.081398136913776,1
-0.054268956184387,-0.23501452058554,0.078043140470982,1
0.13200408220291,-0.20504146069288,0.14129547029734,1
0.034882187843323,-0.070539131760597,-0.010286070406437,1
0.13989168405533,-0.14725231379271,0.056795530021191,1
0.048346757888794,0.072909019887447,-0.0019882842898369,1
-0.14520886540413,0.19595455378294,0.021712847054005,1
-0.0020554661750793,0.080199204385281,-0.0067181289196014,1
-0.078381359577179,0.016519963741302,0.019427232444286,1
-0.14627653360367,0.086327843368053,-0.022893458604813,1
-0.12234517931938,-0.14691870287061,0.15095349401236,1
0.024164617061615,-0.089366050437093,0.0071305632591248,1
-0.21242079138756,-0.14417207986116,0.10155630856752,1
-0.0024245381355286,-0.076781533658504,-0.0043865218758583,1
-0.083413481712341,0.20896919816732,-0.080333150923252,0
-0.16431477665901,-0.048660159111023,-0.0094157382845879,1
0.12717014551163,-0.21851429343224,0.037343539297581,1
0.0040320754051208,0.24920376390219,0.089656494557858,1
-0.15430662035942,-0.018443621695042,-0.068736471235752,1
-0.10540324449539,-0.055313128978014,0.012054421007633,1
-0.0048836469650269,-0.11099447123706,-0.012310519814491,1
0.078661799430847,-0.2303417250514,-0.014565281569958,1
0.094267606735229,0.14766006916761,0.01157745718956,1
-0.031029760837555,0.085836611688137,-0.03321223706007,1
-0.10626146197319,-0.078140269964933,0.04484399408102,1
0.033946752548218,0.13908214122057,-0.05226169526577,1
0.072348833084106,0.1620776578784,-0.0667674690485,1
-0.15978810191154,-0.057954683899879,-0.03797186166048,1
-0.039900362491608,-0.0212027952075,-0.019468240439892,1
0.078518509864807,0.05961912125349,0.0096569284796715,1
0.08866012096405,-0.066562004387379,0.014068193733692,1
0.0536088347435,-0.12093199789524,-0.050159990787506,1
-0.16306108236313,-0.11987839825451,0.18597538024187,1
-0.021523356437683,-0.14038794115186,0.03119058161974,1
-0.076764941215515,0.11209701746702,0.031801708042622,1
-0.18735802173615,0.14145439118147,0.020800895988941,1
-0.1363924741745,0.026972375810146,0.058816127479076,1
-0.1738997399807,-0.16656707972288,0.0012636706233025,1
-0.18580856919289,-0.18642910569906,0.089132539927959,1
0.19118028879166,-0.2177247479558,-0.041340447962284,1
0.068655967712402,0.22164534777403,0.14985016733408,1
-0.046637356281281,-0.17087292671204,0.050194270908833,1
-0.013558447360992,-0.081561882048845,-0.031301118433475,1
-0.053193509578705,-0.0031062513589859,-0.0022098496556282,1
0.043350756168365,0.18173094838858,0.039002440869808,1
0.038830459117889,-0.19299211353064,-0.045648373663425,1
-0.013279557228088,0.036624424159527,0.004738412797451,1
0.18367528915405,0.19938343018293,0.14821637421846,1
-0.0084324479103088,-0.04596670717001,-0.0038249045610428,1
0.071844637393951,0.13368520885706,-0.0032041892409325,1
0.10595494508743,0.23877906054258,0.04503471404314,1
-0.032098829746246,0.017976984381676,-0.0047459974884987,1
0.015036821365356,-0.19786135107279,-0.094750300049782,1
-0.027356505393982,0.23621376603842,-0.087463982403278,1
0.062322556972504,0.12724360078573,0.0056914165616035,1
0.017806768417358,-0.083416813984513,-0.030332572758198,1
0.11427533626556,-0.12186557799578,0.0061579272150993,1
0.11391913890839,0.12977335602045,0.056366771459579,1
0.058347761631012,0.08718491345644,-0.033876270055771,1
-0.0048094391822815,-0.11047475878149,0.015851505100727,1
0.2115061879158,-0.20947430282831,0.031156592071056,1
0.005618155002594,0.077040396630764,-0.034202739596367,1
-0.022233068943024,-0.12787956558168,-0.017635449767113,1
0.027370095252991,-0.2081051170826,0.082493253052235,1
-0.084348052740097,0.035628147423267,-0.0288455337286,1
0.082911908626556,-0.12819781899452,-0.076686263084412,1
0.011767387390137,0.22277107089758,-0.092317931354046,1
-0.13303905725479,0.00016510486602783,-0.063416160643101,1
0.054501414299011,0.090586043894291,0.0082361325621605,1
-0.22036764025688,-0.027103915810585,0.012396313250065,1
0.19140875339508,0.185745857656,-0.067289374768734,1
-0.14130163192749,0.21979280561209,0.096237860620022,1
0.11259734630585,-0.24399615079165,0.12449339777231,1
-0.092966675758362,0.07154306024313,0.0069759115576744,1
0.073871195316315,0.14868088811636,0.0054949671030045,1
-0.027248084545135,-0.24147214740515,-0.0043513402342796,1
0.16817969083786,-0.23692961782217,0.089981742203236,1
0.030007660388947,-0.13739002123475,0.020833559334278,1
-0.11829203367233,0.072079531848431,0.032978795468807,1
-0.098544120788574,0.053658477962017,0.0332066193223,1
-0.22344589233398,-0.039687506854534,-0.041712388396263,1
0.035253405570984,0.18370082229376,-0.080146297812462,1
-0.090778380632401,0.19946553558111,0.058882534503937,1
-0.12166053056717,0.21258460730314,0.039100952446461,1
0.050409197807312,0.22458546608686,0.086743883788586,1
-0.05199670791626,-0.041655443608761,-0.010369889438152,1
-0.03231155872345,-0.17737118154764,0.060728274285793,1
0.026211261749268,0.25284215062857,0.14753166586161,1
-0.0067535042762756,-0.17199205607176,-0.0051668286323547,1
0.03962916135788,-0.11242908518761,-0.035456977784634,1
-0.23318028450012,0.066915072500706,-0.0062563642859459,1
0.026213824748993,-0.17265251278877,-0.051880300045013,1
-0.032789528369904,-0.15855782851577,-0.036422774195671,1
0.068102777004242,-0.13873328268528,0.027822129428387,1
0.18325293064117,-0.18171425163746,0.0034875944256783,1
-0.046803653240204,0.12332532554865,-0.033825419843197,1
-0.035076439380646,0.005032017827034,0.00089400261640549,1
-0.015672028064728,0.058943785727024,0.0035990700125694,1
0.017954230308533,0.082080028951168,-0.045215584337711,1
-0.13062259554863,0.07648553699255,0.072331510484219,1
0.058890998363495,-0.080186225473881,-0.025574646890163,1
-0.15042474865913,-0.064222652465105,-0.055050276219845,1
-0.017609119415283,0.038260243833065,0.0038989707827568,1
0.051441431045532,0.22587119787931,0.033710666000843,1
-0.043065190315247,0.019198887050152,-0.019502215087414,1
-0.051566034555435,-0.097561471164227,0.028747834265232,1
0.021888017654419,0.089933030307293,-0.0026713013648987,1
-0.10080534219742,-0.12948766350746,-0.09264037758112,1
-0.14056470990181,0.0066760554909706,-0.064781576395035,1
-0.078742384910583,0.030583567917347,-0.016647018492222,1
0.14961868524551,-0.21445898711681,0.032260209321976,1
-0.031189978122711,-0.043435569852591,0.0039785727858543,1
0.080002129077911,-0.092381183058023,-0.068775534629822,1
0.055148720741272,0.13311513513327,-0.034645669162273,1
-0.11238321661949,-0.08816262613982,0.0036595091223717,1
0.12526679039001,0.19743575900793,-0.069076731801033,1
-0.017979383468628,0.12954365462065,-0.087801285088062,1
0.0011467933654785,0.13663161545992,-0.076525419950485,1
0.080073595046997,0.18165557831526,0.024939499795437,1
-0.15921455621719,0.0022853165864944,0.057640545070171,1
-0.16938328742981,0.18785121291876,0.0090106651186943,1
-0.13932633399963,0.082976318895817,0.018108911812305,1
-0.02801114320755,0.076748929917812,-0.009549044072628,1
0.09098207950592,0.083980597555637,0.00053083896636963,1
-0.21322798728943,-0.012670204043388,0.16449476033449,1
-0.081621885299683,0.14000084251165,-0.027269445359707,1
-0.0029444694519043,0.13503827899694,-0.043388746678829,1
-0.062885701656342,0.16038163751364,-0.050547517836094,1
-0.13763773441315,-0.063661690801382,-0.030686095356941,1
0.04682868719101,0.18858265131712,-0.084497660398483,1
-0.15230205655098,-0.1103365086019,-0.011582352221012,1
0.027029275894165,0.12034625560045,-0.049073167145252,1
0.067902266979218,-0.047711804509163,-0.0012473687529564,1
-0.075629770755768,-0.26256827265024,-0.02768737077713,1
0.012743175029755,0.082530789077282,-0.021677426993847,1
-0.076581090688705,-0.14088435843587,-0.088391050696373,1
0.058571994304657,-0.14799780026078,0.040683887898922,1
0.035751521587372,0.091302536427975,-0.0324342623353,1
-0.20337036252022,-0.07540631853044,-0.028553605079651,1
0.050796449184418,-0.2090405151248,0.10402799397707,1
0.0044909119606018,0.20112802833319,0.10409156233072,1
0.0050110220909119,-0.11245615966618,0.016878351569176,1
0.11907124519348,0.24709888547659,-0.01117167621851,1
-0.018472015857697,-0.17519260197878,-0.028004534542561,1
0.18274420499802,-0.2376861050725,0.080599047243595,1
0.03165465593338,-0.097639650572091,-0.024107895791531,1
-0.062572747468948,0.019495144486427,0.0085706934332848,1
-0.054356575012207,0.089865900576115,-0.017983622848988,1
-0.15909621119499,-0.12670065462589,0.10173214226961,1
-0.04465663433075,-0.25026997178793,0.097260124981403,1
-0.20424067974091,0.15388333052397,0.065531991422176,1
-0.058614104986191,0.0037633255124092,-0.020253889262676,1
0.15319257974625,0.22306563705206,0.092037804424763,1
0.18044489622116,-0.22206801921129,-0.028581269085407,1
0.10897564888,0.098606489598751,-0.0083995386958122,1
-0.059565544128418,0.018273666501045,0.018254123628139,1
0.081573069095612,-0.18480717390776,-0.0020101368427277,1
-0.10829019546509,-0.23607712239027,0.11099038273096,1
0.03353077173233,-0.20789428800344,-0.037785552442074,1
0.089784562587738,-0.19065278023481,0.0062210857868195,1
0.067464292049408,-0.20450122654438,0.05578101426363,1
-0.15842968225479,-0.17026187479496,0.055824391543865,1
0.0256467461586,-0.12253043800592,-0.032392263412476,1
0.079291999340057,-0.065595388412476,-0.0011439695954323,1
-0.005705714225769,-0.18225739151239,0.014549352228642,1
0.12072241306305,0.23490455001593,0.036806516349316,1
-0.12743276357651,0.10075295716524,0.047006241977215,1
0.1873876452446,-0.20761130005121,-0.036181934177876,1
0.063460409641266,0.071391694247723,0.013914003968239,1
-0.069957077503204,0.023836679756641,0.014348559081554,1
0.15298479795456,-0.12835385464132,0.0770318582654,1
0.13335412740707,-0.20822648704052,0.053208872675896,1
0.03702038526535,0.12126811593771,-0.035201340913773,1
-0.20442706346512,0.13375901430845,-0.077634774148464,1
0.055836498737335,-0.098455522442237,-0.010341510176659,1
-0.10464763641357,0.037877388298512,-0.082670420408249,1
0.011931240558624,0.061959616839886,-0.0013264715671539,1
0.030064582824707,0.087902225553989,-0.0033182203769684,1
-0.017673194408417,-0.19197975844145,0.010533303022385,1
-0.02316802740097,-0.059183802455664,0.0078482627868652,1
0.12449812889099,0.10957937687635,-0.064716912806034,1
-0.07310763001442,0.025322593748569,0.0061190649867058,1
-0.08490401506424,0.19825940579176,0.036344967782497,1
-0.19749957323074,0.12415947765112,0.13522101193666,1
-0.16244056820869,0.052865587174892,-0.034107051789761,1
0.070517957210541,0.20448490232229,0.10739020258188,1
0.0035793781280518,0.16863154619932,-0.048238433897495,1
0.10030561685562,-0.20926348865032,0.054770655930042,1
0.047908008098602,-0.065987128764391,0.0016903579235077,1
-0.16710287332535,0.084035702049732,-0.029812783002853,1
0.15761381387711,0.17800139635801,0.025420665740967,1
0.10843080282211,-0.21286828815937,0.026564531028271,1
-0.2332504093647,0.055187188088894,0.061479590833187,1
0.02815979719162,-0.18373255431652,-0.050981521606445,1
0.063099026679993,0.10992296785116,-0.05813043564558,1
-0.23572337627411,-0.034772612154484,0.04666992276907,1
-0.12743082642555,0.034723989665508,-0.049394316971302,1
0.072137594223022,0.066256664693356,-0.00637586414814,1
-0.037463784217834,0.095343820750713,-0.014367260038853,1
-0.14972040057182,-0.0060024634003639,-0.0079016014933586,1
-0.10611236095428,0.17848422378302,-0.012120477855206,0
-0.025596082210541,-0.054693691432476,-0.024888314306736,1
0.057154655456543,0.20969816297293,0.048814222216606,1
-0.05653902888298,-0.0036462768912315,0.0032712742686272,1
-0.018210470676422,0.27246203273535,0.060476288199425,1
-0.090134620666504,0.12307062000036,-0.040900431573391,1
0.015642821788788,-0.12356132268906,-0.060020081698895,1
-0.077019810676575,-0.24703327566385,0.11819107085466,1
0.204106092453,0.18775670975447,0.089200608432293,1
-0.020323574542999,0.17461904138327,0.035061277449131,1
-0.099493056535721,-0.19431061297655,0.028909921646118,1
-0.15311780571938,-0.096530245151371,-0.076560795307159,1
0.030602991580963,0.28809165209532,0.084628276526928,1
-0.13564339280128,0.1826644167304,-0.013247631490231,1
-0.096249550580978,-0.010886341333389,0.031079448759556,1
-0.035233199596405,-0.16772404313087,0.066159062087536,1
-0.059207916259766,0.04505867511034,0.0008414015173912,1
0.037483155727386,-0.10987459309399,-0.024194248020649,1
-0.050308406352997,-0.25673719495535,0.098279394209385,1
-0.06662991642952,-0.12101621180773,0.03669086098671,1
0.14594835042953,-0.18371392041445,0.045265428721905,1
0.069566190242767,-0.058582592755556,-0.0041249021887779,1
-0.069357186555862,-0.16927883774042,0.11128129810095,1
0.090951681137085,0.09457515925169,-0.074000239372253,1
-0.15886625647545,-0.010850980877876,0.046791352331638,1
0.055541455745697,0.12919492274523,-0.060079075396061,1
-0.11630293726921,-0.19871081411839,0.17824456840754,1
0.077257573604584,0.073953069746494,0.010370142757893,1
0.099471092224121,-0.22592572122812,0.091594032943249,1
-0.0099761486053467,0.063739158213139,-0.0090215057134628,1
-0.12869709730148,0.079597659409046,0.065141163766384,1
0.10369807481766,-0.1824664697051,-0.017859436571598,1
-0.02437037229538,-0.1091298898682,0.032036356627941,1
0.14376264810562,0.14625804871321,-0.015416257083416,1
-0.1645148396492,-0.11490288935602,0.16389556974173,1
-0.05615758895874,0.0451784953475,-0.021779708564281,1
0.011473894119263,0.055808268487453,-0.0010984987020493,1
-0.00099074840545654,0.1001216545701,-0.044874623417854,1
0.08068710565567,0.12037288397551,-0.02872172743082,1
-0.19313210248947,0.0094301849603653,0.15710461884737,1
0.084175586700439,0.084837011992931,0.019643306732178,1
-0.19481039047241,-0.18526338040829,0.062080018222332,1
0.12037426233292,0.17924430221319,0.0057806372642517,1
0.11458879709244,0.19927587360144,0.093117751181126,1
-0.085463970899582,0.11819141358137,-0.039739646017551,1
-0.17556875944138,-0.049265097826719,0.10577779263258,1
-0.050155997276306,-0.14013933390379,-0.022399336099625,1
0.16703826189041,-0.17831309884787,0.087455712258816,1
-0.073643565177917,0.17189284414053,0.019346557557583,1
0.0093038082122803,-0.13845427706838,-0.0019065216183662,1
0.10947042703629,0.2543682679534,-0.066860571503639,1
-0.203687697649,-0.17124319821596,0.080657966434956,1
-0.14013481140137,0.072841592133045,-0.055144883692265,1
-0.1886722445488,0.069139592349529,-0.0049462541937828,1
-0.025073945522308,0.090070150792599,-0.021696485579014,1
-0.21286419034004,0.068238817155361,0.073902629315853,1
-0.11834174394608,0.14096393436193,-0.085858680307865,1
0.15538549423218,0.14822451025248,-0.085795424878597,1
0.019054770469666,-0.19280179589987,-0.0041285380721092,1
0.012195587158203,0.24085339158773,0.16842880100012,1
-0.049460649490356,0.19050576537848,0.039327591657639,1
-0.14633253216743,-0.042014122009277,0.030429966747761,1
-0.24695926904678,0.047831051051617,0.012011654675007,1
0.033576667308807,-0.087099518626928,-0.044747270643711,1
-0.063694566488266,-0.04113993793726,-0.0054563656449318,1
-0.10773888230324,0.15639539808035,0.040347240865231,1
-0.020976006984711,-0.085311599075794,-0.0022773668169975,1
0.025621294975281,-0.081796124577522,0.012250326573849,1
-0.097831636667252,-0.027348168194294,-0.019698239862919,1
-0.0074962973594666,0.12286483496428,-0.02149660140276,1
-0.034790098667145,0.022417485713959,0.0036328956484795,1
0.024206876754761,0.17052971571684,-0.063502311706543,1
0.17827117443085,0.22654416412115,0.058487437665462,1
0.045472085475922,-0.16538314521313,0.0056781694293022,1
0.11520719528198,-0.25618817657232,0.10040795058012,1
0.086957633495331,-0.066951259970665,-0.016172759234905,1
-0.14766675233841,0.16033717244864,0.030469633638859,1
-0.13531363010406,0.016011595726013,-0.096260022372007,1
0.024876236915588,0.083178721368313,-0.040514476597309,1
0.12050700187683,0.14364074915648,-0.065527208149433,1
-0.12350216507912,0.16582681983709,0.1182362511754,1
-0.19197103381157,0.092793114483356,0.14652710407972,1
-0.11630818247795,0.039082042872906,9.6388161182404e-05,1
-0.051461845636368,-0.10309337009676,0.027666933834553,1
0.10129743814468,-0.10920632723719,-0.003931351006031,1
-0.061612039804459,-0.0090503469109535,-0.0095566883683205,1
-0.080663919448853,0.17125513404608,0.12163621932268,1
0.036941707134247,0.15026583522558,-0.052451699972153,1
-0.06389319896698,0.15980868786573,0.039736904203892,1
-0.053003907203674,-0.070866974070668,0.020719684660435,1
0.076262652873993,-0.20815173536539,0.0083470866084099,1
-0.052864193916321,-0.012865267693996,-0.013348780572414,1
0.13501745462418,0.12709977477789,-0.055746324360371,1
0.057498157024384,-0.068670783191919,-0.01491716504097,1
0.067390739917755,-0.20824552327394,-0.046838261187077,1
-0.16596600413322,-0.10568052856252,0.16376081854105,1
0.039042830467224,0.26966967433691,-0.07045229524374,1
-0.095841884613037,0.2257512435317,0.0056203827261925,1
-0.044578015804291,-0.21424253284931,-0.014644287526608,1
0.10473370552063,0.23855318874121,0.11635840684175,1
0.061111748218536,0.061686180531979,-0.02391105890274,1
-0.063548862934113,0.053975038230419,0.019576318562031,1
-0.12552839517593,-0.15919220075011,0.12983561307192,1
-0.10305613279343,0.048070840537548,-0.0027790144085884,1
-0.06927415728569,-0.024035505950451,-0.064208157360554,1
-0.13683986663818,-0.12418673373759,0.20443362742662,1
-0.10260763764381,-0.055178806185722,-0.0027112290263176,1
-0.11415967345238,-0.089184170588851,-0.012747414410114,1
-0.0064164400100708,0.093995563685894,0.010445922613144,1
-0.035096824169159,0.2174099907279,-0.07120431214571,1
0.15343904495239,0.20393290370703,-0.020554475486279,1
-0.22269529104233,0.042933575809002,-0.057146020233631,1
-0.18209019303322,-0.097781627904624,-0.094897508621216,1
0.081592917442322,-0.10231439536437,0.0072948336601257,1
-0.071957916021347,-0.063376676291227,-0.0015009418129921,1
0.12337779998779,-0.14357823133469,-0.021106220781803,1
-0.15938976407051,-0.11090136691928,0.070451907813549,1
0.09731525182724,-0.1546763330698,-0.0069730430841446,1
-0.21746915578842,-0.05277357250452,0.048813231289387,1
0.032576322555542,0.10453946143389,-0.030433438718319,1
-0.083604037761688,0.13317554444075,-0.012331195175648,1
-0.054031640291214,-0.14071363210678,0.0017435401678085,1
-0.21900635957718,0.10493268817663,0.047075875103474,1
0.14686959981918,-0.14442869275808,-0.069118432700634,1
-0.12603467702866,0.088206835091114,0.075043626129627,1
-0.00020474195480347,0.070817567408085,0.0082298889756203,1
-0.080639868974686,-0.066056914627552,0.007332019507885,1
-0.09212452173233,-0.18338239192963,0.16220911592245,1
-0.029169201850891,-0.10666147153825,-0.01370370388031,1
-0.08229324221611,0.14785902947187,0.058676533401012,1
0.13034617900848,-0.15620656311512,-0.04248621314764,1
-0.16290670633316,-0.15766589343548,-0.026537977159023,1
0.16310757398605,-0.15540535375476,-0.0043678358197212,1
0.076013624668121,0.093562267720699,-0.0019632950425148,1
-0.032256186008453,-0.22619556635618,0.041540741920471,1
-0.07715567946434,-0.11549722030759,-0.091247357428074,1
-0.20579358935356,-0.078680535778403,0.038697697222233,1
0.0021288394927979,-0.15229152143002,-0.035650573670864,1
-0.053762853145599,0.23129191249609,0.10587105900049,1
-0.097751945257187,0.15392931550741,0.21869910508394,1
0.013124704360962,0.095575504004955,0.015641011297703,1
0.061042249202728,0.23949008435011,0.015476666390896,1
-0.12159556150436,-0.18973436951637,-0.093268491327763,1
-0.07957524061203,-0.23137278109789,0.12635961920023,1
0.071896970272064,0.18594463914633,0.22608876973391,1
-0.052944421768188,-0.015836462378502,-0.013914667069912,1
0.050004005432129,0.10271152108908,-0.059943340718746,1
-0.19561564922333,0.078190289437771,-0.070120319724083,1
-0.15943816304207,-0.15207293257117,-0.043136291205883,1
-0.04335743188858,-0.058962740004063,0.021089188754559,1
0.064026474952698,0.10810094326735,0.0031884834170341,1
0.20423668622971,-0.21942824870348,0.066365368664265,1
-0.070842444896698,0.065241627395153,0.019475437700748,1
-0.0079352259635925,0.15305223315954,0.044188268482685,1
-0.031961977481842,-0.15805941820145,0.0085911527276039,1
0.063912689685822,-0.13768850639462,-0.078506715595722,1
0.12775403261185,-0.23268137127161,-0.015178956091404,1
-0.14252102375031,-0.068925872445107,-0.027295961976051,1
-0.16618227958679,0.13247265666723,0.15215634554625,1
-0.037443280220032,0.053939886391163,0.014051653444767,1
-0.022690773010254,0.1878695115447,-0.052605681121349,1
-0.15291917324066,-0.010710917413235,0.0079623088240623,1
-0.24185299873352,0.12491259723902,0.015935383737087,1
0.078210055828094,0.25217112153769,0.088348664343357,1
0.073044240474701,-0.17825373262167,-0.0066132694482803,1
0.080034792423248,-0.25497985631227,0.15332563966513,1
-0.18094140291214,-0.13676076754928,0.13537385314703,1
0.05085551738739,-0.23791613429785,0.037699364125729,1
-0.099627256393433,0.018050990998745,-0.042739219963551,1
0.028274416923523,0.12170775979757,-0.056644268333912,1
0.06742936372757,0.15533762425184,0.029795333743095,1
0.0087851285934448,-0.18450281023979,-0.090945567935705,1
-0.08247435092926,0.16424479335546,0.031919412314892,1
0.079895377159119,-0.063559364527464,-0.018348328769207,1
-0.10177272558212,-0.035212278366089,-0.025794573128223,1
-0.10017767548561,-0.13970872014761,-0.075556747615337,1
-0.076514333486557,0.2317373380065,0.048596225678921,1
0.18499273061752,0.17408784478903,0.18501970916986,1
0.093498408794403,0.20121940225363,0.075779117643833,1
0.11874604225159,0.16998168081045,-0.098873414099216,1
0.16311746835709,0.18172302097082,-0.079435251653194,1
-0.036734282970428,-0.18192318081856,0.22267783433199,1
-0.18222096562386,0.15212764590979,-0.0143176689744,1
0.064872801303864,-0.094487976748496,0.0058040246367455,1
0.11237531900406,-0.12383935600519,-0.022741444408894,1
0.064624905586243,0.062002696096897,-0.0061523243784904,1
-0.060918688774109,0.013922639191151,0.0068512186408043,1
-0.058633953332901,-0.17665169388056,-0.074958592653275,1
-0.05628889799118,0.11943989247084,0.040074802935123,1
0.14840245246887,-0.13225080817938,0.060646884143353,1
-0.061870396137238,-0.10929482802749,-0.013061687350273,1
0.037713825702667,0.086366795003414,-0.050195902585983,1
-0.0093259215354919,0.14792650192976,-0.02162180095911,1
0.020770490169525,-0.21280074119568,0.18797195702791,1
0.12591248750687,-0.1532881744206,-0.021309860050678,1
0.10787850618362,0.12619300931692,0.018787279725075,1
-0.07059183716774,-0.13359197229147,-0.094665974378586,1
-0.058198750019073,0.045716337859631,-0.0047235116362572,1
-0.11030733585358,-0.031538970768452,0.037315256893635,1
-0.041616380214691,-0.053452864289284,0.011459313333035,1
0.095454096794128,0.090582571923733,-0.0083910748362541,1
0.16128009557724,-0.20478514581919,0.076271809637547,1
-0.17883035540581,-0.13980321586132,-0.0773541405797,1
-0.023969233036041,-0.15069600194693,-0.05885898321867,1
0.018533945083618,0.25160261243582,-0.0092234686017036,1
0.0041783452033997,-0.2088607698679,0.082127220928669,1
-0.14797949790955,-0.10352201201022,0.1145052537322,1
-0.068441808223724,0.23082425445318,0.074835605919361,1
-0.23743602633476,-0.016976676881313,-0.075717687606812,1
-0.22957515716553,0.10004382580519,0.020117022097111,1
0.12827378511429,0.12863754481077,-0.030948720872402,1
-0.03770637512207,0.19721718877554,-0.058266192674637,1
-0.079081654548645,0.042769722640514,-0.031905308365822,1
-0.096650004386902,-0.0089247971773148,0.019255273044109,1
-0.15083366632462,-0.022017955780029,-0.012971676886082,1
0.03874945640564,-0.11403640080243,0.023207060992718,1
0.022066056728363,0.085277192294598,0.004615344107151,1
0.095027387142181,0.17641522735357,0.01235743612051,1
0.022373616695404,0.16081293672323,-0.062103368341923,1
-0.0013226866722107,0.18368723243475,-0.083030577749014,1
-0.017114281654358,0.10584401339293,-0.055765740573406,1
-0.16114270687103,-0.00047998875379562,-0.035249382257462,1
-0.15939730405807,-0.087136780843139,0.099008940160275,1
-0.19173005223274,-0.017061151564121,0.10714951902628,1
-0.059606105089188,0.0079885721206665,-0.0026203766465187,1
0.12662357091904,-0.22974998503923,0.031178370118141,1
-0.22615602612495,0.039371408522129,-0.057857654988766,1
-0.11629828810692,0.19530599564314,0.078157134354115,1
-0.064391136169434,-0.067369740456343,-0.047847263514996,1
-0.021531701087952,-0.20982243865728,0.11198008805513,1
-0.11804953217506,-0.19539804756641,0.15402495115995,1
-0.10151010751724,0.16900243610144,-0.063025690615177,0
-0.13201522827148,0.17562066763639,0.066262818872929,1
-0.25323310494423,0.019900396466255,0.089615263044834,1
-0.0037170648574829,-0.11065958347172,-0.038397438824177,1
0.048108398914337,-0.14333255589008,0.014897383749485,1
-0.059201657772064,-0.16067088395357,0.0072605535387993,1
-0.15236729383469,-0.15844886377454,-0.022037155926228,1
-0.096836894750595,-0.065694857388735,-0.026804693043232,1
-0.055365651845932,0.19563635438681,-0.049870222806931,1
-0.038876056671143,0.023191966116428,-0.013758040964603,1
0.0013759732246399,-0.17791541665792,-0.030899301171303,1
-0.15333750844002,0.071789182722569,0.026732690632343,1
0.1985827088356,-0.23887535184622,0.032643057405949,1
-0.15120851993561,-0.09724571974948,-0.0061662569642067,1
0.010601699352264,0.26587807387114,0.09139408916235,1
-0.11554798483849,-0.046897288411856,0.044379271566868,1
-0.22433865070343,-0.1433526687324,-0.0081292614340782,1
-0.01092118024826,0.24710341542959,0.065794192254543,1
0.13626539707184,0.15987544506788,0.011432521045208,1
0.083321094512939,0.07407259196043,-0.0098278298974037,1
0.035325765609741,0.090222530066967,-0.057659529149532,1
0.054993867874146,-0.072818491607904,-0.04319529235363,1
0.0040243864059448,-0.27561382204294,0.0074091181159019,1
0.19628125429153,-0.23555570095778,-0.01229477673769,1
0.11757111549377,0.20906757563353,-0.095805257558823,1
-0.042088627815247,0.16787543147802,-0.008755087852478,1
-0.034943819046021,-0.050226252526045,-0.00262101739645,1
-0.060221582651138,0.032505743205547,-0.0094210878014565,1
0.072166860103607,-0.21350767463446,-0.081842705607414,1
-0.1044973731041,0.071227945387363,0.011814497411251,1
-0.099060416221619,-0.056305833160877,-0.075099550187588,1
0.080386817455292,-0.063650354743004,-0.045150600373745,1
0.10737317800522,-0.16616190224886,0.090954668819904,1
0.054422795772552,0.15172376483679,-0.073957711458206,1
-0.16470411419868,0.089450679719448,0.060180000960827,1
0.076937973499298,0.23562657088041,0.15234691649675,1
0.047012627124786,-0.088970785029233,-0.019170857965946,1
0.12067848443985,0.20931109040976,0.014045998454094,1
-0.022007882595062,-0.22193325310946,0.027091130614281,1
-0.07884356379509,-0.15115560591221,-0.059792868793011,1
-0.030633270740509,-0.031038589775562,-0.0057063475251198,1
0.016230463981628,-0.11664155125618,-0.0071575939655304,1
-0.18761759996414,-0.032142288982868,0.063779540359974,1
-0.10539174079895,-0.16325028985739,-0.040364019572735,1
-0.19384595751762,-0.038029126822948,0.0018076971173286,1
-0.15036937594414,0.0050784945487976,-0.009383462369442,1
0.085503697395325,0.063664920628071,-0.051778338849545,1
0.061500549316406,-0.19516193121672,-0.023672856390476,1
-0.0091398954391479,0.17678111046553,-0.077770344913006,1
-0.047281563282013,0.22684394568205,0.097585774958134,1
-0.18092694878578,-0.030196808278561,0.028601564466953,1
-0.11080497503281,-0.041034936904907,0.031816206872463,1
-0.1460587978363,-0.10636359173805,0.02814082056284,1
0.023007869720459,-0.074254374951124,-0.0017716512084007,1
-0.163763910532,0.13684315234423,-0.05318271368742,1
0.077518582344055,0.25012617558241,0.0024633184075356,1
-0.047554969787598,0.044447921216488,-0.029409222304821,1
0.074812889099121,-0.080948939546943,-0.013517193496227,1
-0.047567367553711,0.14890179783106,0.010220810770988,1
0.054363906383514,0.16184040158987,-0.040711767971516,1
0.067444741725922,-0.18194890767336,-0.033805020153522,1
-0.22200790047646,0.0067028254270554,0.044241331517696,1
-0.048801302909851,0.17187687009573,-0.020542234182358,1
0.084833323955536,0.079096563160419,0.016647264361382,1
-0.22538036108017,0.092735581099987,-0.021699145436287,1
-0.049260556697845,0.071502573788166,0.011260725557804,1
-0.15045443177223,-0.18819240480661,0.12149017304182,1
-0.1642057299614,0.068413384258747,0.094128511846066,1
0.032642662525177,0.15339481085539,-0.04819056391716,1
-0.001282811164856,0.17799987643957,-0.0087972953915596,1
-0.12910863757133,0.22192364186049,-0.040018536150455,0
0.0024133324623108,0.15494548529387,-0.037875339388847,1
-0.06078040599823,-0.17227080464363,-0.026603870093822,1
0.067839324474335,0.28450676053762,-0.028324104845524,1
-0.037210762500763,0.16293533891439,0.044883497059345,1
-0.010108172893524,-0.15233314037323,0.0027755126357079,1
-0.21712270379066,-0.044282760471106,0.085025168955326,1
0.018590092658997,0.098294489085674,-0.0010264441370964,1
-0.11534702777863,-0.15005826577544,0.023972250521183,1
-0.03888350725174,-0.034327760338783,0.00039639323949814,1
0.089718520641327,0.16040702909231,0.033995531499386,1
-0.050682574510574,-0.1740599796176,0.020937107503414,1
0.076930403709412,-0.19565932452679,0.13192445784807,1
0.05526864528656,-0.2546506151557,0.12021551281214,1
0.052493155002594,-0.10865193232894,-0.016034618020058,1
0.011061728000641,-0.089878176338971,-0.015679597854614,1
-0.037634909152985,-0.12390349805355,0.024490043520927,1
-0.049896121025085,-0.087503090500832,-0.018257081508636,1
0.014259040355682,-0.19697288423777,0.21699095517397,1
-0.16475605964661,0.15977200120687,-0.053106017410755,1
-0.18407672643661,0.079882316291332,0.073708884418011,1
0.02189975976944,0.063678197562695,0.0049598589539528,1
-0.032472610473633,0.18074779957533,0.082785524427891,1
-0.12035289406776,-0.00069732218980789,-0.010729394853115,1
-0.082271188497543,0.21226247400045,-0.033430159091949,0
-0.059417426586151,0.041354633867741,0.0071032121777534,1
-0.0058175325393677,0.13803308457136,0.042129911482334,1
-0.15529730916023,-0.066027726978064,-0.092895939946175,1
-0.074515879154205,-0.046030834317207,-0.022191271185875,1
-0.028647124767303,-0.20685911923647,-0.091145999729633,1
0.044243156909943,0.1860895678401,-0.10120844095945,1
0.063595652580261,-0.16556712239981,0.011684864759445,1
-0.20878887176514,0.15460123866796,-0.041677303612232,1
-0.039142787456512,0.11187777668238,-0.037960946559906,1
-0.18206799030304,0.0017488896846771,0.064683623611927,1
0.12215054035187,-0.21209386736155,0.081382311880589,1
-0.0079277753829956,0.099084459245205,-0.020382978022099,1
-0.0099639296531677,-0.1461197771132,0.0082840025424957,1
0.18042021989822,0.17742200940847,-0.022166207432747,1
0.15937054157257,-0.19645803421736,-0.040559686720371,1
-0.0023187398910522,0.21808695048094,-0.074256360530853,1
0.16082847118378,0.17496620863676,0.13156635314226,1
0.019253253936768,0.07850643247366,-0.031592585146427,1
0.10459089279175,0.13528656214476,-0.054149828851223,1
-0.089736491441727,-0.19580613821745,-0.019158214330673,1
-0.15277069807053,-0.16351033747196,0.054192446172237,1
0.050734579563141,0.060309492051601,-0.0076699033379555,1
-0.021862924098969,-0.10822102520615,-0.078067824244499,1
0.062536537647247,-0.10184718878008,0.0048172995448112,1
-0.016821205615997,0.071754865348339,-0.013371109962463,1
-0.13328558206558,0.16217287629843,0.027587465941906,1
-0.0050215721130371,0.26370041817427,-0.045458726584911,1
0.12233066558838,0.18893121927977,0.084986008703709,1
0.08805125951767,-0.098032348789275,-0.0079113021492958,1
-0.16849890351295,-0.064274463802576,0.10155064612627,1
-0.11825147271156,-0.24690053611994,0.018802531063557,1
-0.033054411411285,-0.22108471393585,0.067819841206074,1
0.092250406742096,-0.076724668964744,-0.038406275212765,1
0.021368026733398,0.24646731466055,-0.047963164746761,1
-0.0020124316215515,0.14407401531935,0.020779304206371,1
0.10677975416183,-0.10479915235192,-0.015036933124065,1
-0.1955486536026,0.050725646317005,-0.086798891425133,1
0.16716998815536,-0.19916711002588,0.047527469694614,1
0.043369829654694,0.079940058290958,-0.0004943385720253,1
-0.067591637372971,0.19894572347403,-0.00096268951892853,1
-0.24792146682739,-0.033793315291405,0.11421354860067,1
0.072469890117645,0.057917021214962,0.0076842680573463,1
-0.028593361377716,0.13635585457087,-0.015110857784748,1
-0.048002004623413,0.1033935174346,0.0072821155190468,1
0.08646559715271,0.073777101933956,-0.03972465544939,1
0.05863630771637,0.084624238312244,-0.031740419566631,1
0.051823914051056,0.063250921666622,-0.0075199380517006,1
-0.19397646188736,-0.0273746997118,0.16205819696188,1
-0.11322435736656,0.19505348056555,0.0038891360163689,1
-0.20176845788956,0.15146853774786,0.006902851164341,1
-0.024003684520721,-0.080747397616506,-0.023664370179176,1
-0.019572794437408,-0.11924192495644,-0.040702238678932,1
-0.23949205875397,-0.073517410084605,0.037618331611156,1
-0.043104529380798,-0.22507364302874,0.0037091076374054,1
-0.075293332338333,-0.096548430854455,0.015683524310589,1
0.047866880893707,-0.14381555467844,-0.052303709089756,1
-0.11855173110962,-0.012252777814865,-0.040087901055813,1
-0.18846842646599,-0.1089834542945,0.16925232857466,1
-0.16672033071518,-0.10958404093981,-0.025190092623234,1
0.0034031271934509,0.25020679086447,-0.066125139594078,1
-0.053145527839661,-0.12971444241703,-0.040183931589127,1
0.062816917896271,-0.24284438043833,-0.065340161323547,1
-0.14439964294434,0.12988153845072,0.067827813327312,1
0.064419090747833,-0.10853435657918,-0.016190484166145,1
-0.07373896241188,0.013443164527416,-0.0037285462021828,1
-0.15331560373306,-0.14868576824665,0.11469847708941,1
-0.048571288585663,0.0019658431410789,0.0070200935006142,1
-0.091224044561386,-0.1003729828517,-0.04918111115694,1
0.063492774963379,0.073473639786243,0.020189039409161,1
-0.0035866498947144,-0.13567270711064,-0.047626174986362,1
-0.15262421965599,-0.1425677575171,0.067365802824497,1
0.046251118183136,-0.1400453671813,0.040650479495525,1
-0.14051643013954,0.14577917009592,0.048446111381054,1
0.17128735780716,-0.16729462891817,0.081610463559628,1
0.019589245319366,-0.2112750634551,0.006901927292347,1
-0.14439645409584,0.18083622306585,-0.0017565116286278,1
0.094018399715424,-0.092888728249818,-0.019237704575062,1
0.041194081306458,-0.06768124550581,-0.0025637522339821,1
-0.01787143945694,0.047889582812786,-0.014856867492199,1
-0.036915600299835,-0.12201737426221,-0.062215000391006,1
-0.1691586971283,0.025906972587109,0.07060382515192,1
-0.024114012718201,0.16055568307638,-0.032668389379978,1
-0.023630857467651,-0.11576897092164,-7.0206820964813e-05,1
-0.04876321554184,0.1552300080657,-0.037580907344818,1
0.0804044008255,-0.092062268406153,0.0016593635082245,1
-0.11754044890404,0.18810411542654,0.073613919317722,1
0.05323600769043,-0.082400005310774,-0.01779605448246,1
-0.18570616841316,-0.066045150160789,0.16324857622385,1
-0.1884631216526,0.065487749874592,0.19628144055605,1
0.090408325195312,0.18782191723585,0.096272177994251,1
-0.16623863577843,0.17415487021208,-0.042118184268475,1
0.2066113948822,0.19465764611959,0.013411335647106,1
-0.16712096333504,-0.16039091348648,0.12068010121584,1
-0.082102805376053,0.20111914724112,0.0026031509041786,1
-0.10021489858627,0.077022381126881,-0.061702497303486,1
-0.080757617950439,-0.11355937831104,-0.044909201562405,1
0.15041989088058,-0.20187018066645,0.044450424611568,1
-0.067741245031357,-0.06604153290391,-0.014255456626415,1
-0.034658074378967,0.11843802779913,-0.03721322119236,1
0.13597047328949,0.12812911719084,-0.049653470516205,1
-0.18700087070465,0.1206386461854,0.018723048269749,1
0.16439926624298,-0.19467676430941,-0.057210870087147,1
-0.033101320266724,0.05909688025713,-0.003422386944294,1
0.085915148258209,-0.086473320610821,-0.019832350313663,1
0.014723896980286,-0.057704590260983,-0.0035668984055519,1
0.034107744693756,-0.1760733500123,0.021575734019279,1
-0.028632819652557,-0.032198056578636,-0.018631674349308,1
-0.076167464256287,0.015296943485737,0.010021962225437,1
0.16273748874664,-0.16669869422913,0.19605580717325,1
0.12488222122192,-0.19078961759806,0.19287741929293,1
0.0020054578781128,-0.059998739510775,-0.017625957727432,1
0.04962283372879,0.28842114657164,0.079326398670673,1
-0.16913479566574,0.13814724236727,0.16799049824476,1
-0.11969780921936,0.057407312095165,0.037714757025242,1
-0.19092929363251,-0.097415377153084,-0.0021896287798882,1
0.063288629055023,-0.27689857035875,-0.012721620500088,1
-0.1275617480278,0.12793154269457,-0.0047433748841286,1
0.055366694927216,-0.24420296400785,0.057132877409458,1
-0.16262426972389,0.18911053985357,-0.0013123825192451,1
0.060890972614288,0.045819453895092,-0.0080093517899513,1
0.067895829677582,0.18811952322721,0.079563610255718,1
-0.10848718881607,-0.19714131206274,0.091476000845432,1
-0.037211060523987,-0.070088876411319,-0.019654773175716,1
0.019858241081238,-0.1151309972629,0.0027791634202003,1
0.13371449708939,-0.17153912782669,-0.081423990428448,1
-0.17700183391571,0.0056053623557091,-0.088244769722223,1
-0.012050211429596,0.098250515758991,0.0095633193850517,1
0.036787092685699,-0.16401761770248,-0.085309449583292,1
-0.17039468884468,-0.030274845659733,0.21847785264254,1
0.11815690994263,-0.17737379670143,-0.015766300261021,1
-0.12193474173546,-0.095551263540983,0.037491969764233,1
0.09769070148468,-0.20112320780754,0.029004670679569,1
-0.12780329585075,-0.19691728055477,-0.021597936749458,1
-0.085139453411102,-0.16555711627007,0.018124498426914,1
-0.16883987188339,0.10175185650587,-0.041746482253075,1
-0.18169093132019,0.10663821548223,0.064230121672153,1
0.00052440166473389,-0.087460668757558,-0.0049569308757782,1
0.10963875055313,-0.086045793257654,0.012670554220676,1
-0.12404772639275,-0.057010002434254,-0.041568800806999,1
-0.1741643846035,0.10553476959467,-0.090061217546463,1
0.089559376239777,0.21368845552206,0.070005394518375,1
0.095904648303986,-0.074976518750191,0.0016861334443092,1
0.088900983333588,-0.24465940147638,0.10425636917353,1
-0.045904278755188,0.18136592954397,0.21622318774462,1
-0.032671689987183,0.02200585603714,-0.0066556856036186,1
0.030880987644196,0.091752029955387,-0.016888685524464,1
-0.069783866405487,-0.24750498682261,-0.0086672082543373,1
0.026061356067657,-0.075715266168118,-0.030216060578823,1
0.04200404882431,-0.26273923367262,0.0075164213776588,1
-0.11090099811554,-0.046425119042397,0.045562349259853,1
0.10509949922562,0.1598122343421,0.014423221349716,1
0.16877311468124,-0.16049947962165,0.19145611673594,1
-0.032667636871338,-0.19547872245312,0.18302045017481,1
0.043980777263641,0.16072707623243,0.053418792784214,1
0.072806179523468,0.14577307552099,-0.090739704668522,1
-0.0075762867927551,-0.097998942248523,-0.024011880159378,1
0.11699265241623,-0.10966083966196,0.02996950596571,1
-0.029157280921936,-0.17907112836838,0.063036546111107,1
-0.092814803123474,0.1378795877099,-0.033435322344303,1
0.03205019235611,-0.23071169108152,0.061080239713192,1
-0.047151386737823,-0.16509353369474,-0.012737192213535,1
0.031743943691254,0.12167178839445,-0.035309433937073,1
-0.093446165323257,0.23414578288794,-0.01947221159935,0
0.025874853134155,0.092153899371624,-0.026832431554794,1
-0.23740381002426,-0.054368820041418,0.024632520973682,1
-0.096257030963898,0.16544579714537,-0.081158809363842,0
0.027923703193665,0.25313543528318,0.087737746536732,1
-0.028432011604309,0.079362295567989,0.0070986822247505,1
0.034005701541901,-0.27096842974424,0.095128439366817,1
-0.090394139289856,0.14015880972147,-0.018104426562786,1
0.087664067745209,-0.070870883762836,0.017459474503994,1
0.0027377605438232,0.2141463086009,0.096607141196728,1
-0.040538489818573,-0.084988184273243,-0.032300129532814,1
0.0026144981384277,-0.1366753578186,0.008539043366909,1
0.088814318180084,-0.17766710370779,-0.038957364857197,1
-0.060863167047501,-0.083601798862219,-0.019792191684246,1
-0.035602748394012,-0.11996229737997,0.019250608980656,1
-0.0387242436409,-0.237777300179,-0.085713271051645,1
-0.15409857034683,-0.004624530673027,0.0032145604491234,1
-0.10015058517456,0.2136592194438,-0.048539392650127,0
-0.062739700078964,-0.078182635828853,0.019501440227032,1
-0.15445944666862,-0.093510687351227,-0.042282432317734,1
-0.16653436422348,0.10466136783361,-0.079545833170414,1
0.14441931247711,0.22999479621649,0.028243519365788,1
-3.6358833312988e-06,0.10565223544836,-0.029335454106331,1
-0.22023814916611,-0.12586184777319,0.07519056648016,1
-0.039058744907379,0.11550628393888,-0.046245038509369,1
0.061796724796295,0.24145036190748,-0.075419202446938,1
-0.14303278923035,-0.22897302359343,0.018879987299442,1
-0.039866209030151,0.042869634926319,0.013106785714626,1
-0.019258379936218,-0.21748203784227,0.02543842792511,1
-0.22856366634369,0.12137674540281,-0.0021856799721718,1
-0.15773025155067,-0.090934060513973,0.1700312718749,1
-0.11965039372444,0.018348276615143,0.021244175732136,1
0.038949549198151,-0.14460030198097,-0.029237188398838,1
-0.05812993645668,-0.028978131711483,0.020299144089222,1
-0.22941663861275,-0.092303092591465,0.02118032425642,1
-0.18805187940598,-0.064861610531807,-0.055298134684563,1
-0.082885801792145,-0.18873475492001,0.10500568896532,1
-0.054823517799377,-0.046145897358656,-0.042421415448189,1
0.0019257664680481,-0.11950745992362,-0.01134417951107,1
0.069556772708893,0.17510091513395,-0.023781321942806,1
0.0049387216567993,0.22594489902258,0.066933266818523,1
0.11907339096069,0.17654588073492,0.069910250604153,1
-0.083250105381012,-0.026583597064018,-0.028665691614151,1
-0.19225844740868,-0.075833501294255,-0.0098162665963173,1
0.049884974956512,0.23988493531942,-0.04909685999155,1
0.10990345478058,0.15955286473036,-0.015585035085678,1
0.065884292125702,-0.092137536033988,-0.052244283258915,1
-0.023001968860626,-0.078356103971601,0.015925414860249,1
-0.23558267951012,-0.12770625390112,-0.0075264051556587,1
-0.0036734342575073,0.22929622977972,0.15490350872278,1
-0.091371685266495,-0.19047853350639,-0.015680909156799,1
0.089719235897064,-0.09348923061043,-0.025125719606876,1
-0.22612628340721,-0.091031673364341,-0.073398046195507,1
0.012669444084167,0.13020362704992,0.0038329586386681,1
0.090291619300842,-0.19079663604498,0.10101149231195,1
-0.0069774985313416,-0.06097861006856,0.0028915852308273,1
0.052403628826141,-0.070986196398735,-0.0018474161624908,1
0.1152076125145,0.1333004757762,0.04251717031002,1
-0.15366291999817,0.028094179928303,-0.0023540481925011,1
-0.077439218759537,0.058402366936207,-0.062653712928295,1
-0.19625568389893,0.094624765217304,0.13312614709139,1
0.16045922040939,0.18677514046431,0.014019824564457,1
-0.026292502880096,-0.27517522126436,0.050044879317284,1
0.026173412799835,0.18789049237967,0.025290854275227,1
0.073646366596222,-0.1900352165103,0.02373718470335,1
-0.21597048640251,-0.063946191221476,0.056115366518497,1
-0.093235641717911,-0.051008597016335,-0.0026814416050911,1
0.14904522895813,-0.23051343113184,-0.081964090466499,1
0.10479366779327,0.15632017701864,0.042931742966175,1
-0.08124977350235,-0.26017371565104,-0.013652674853802,1
-0.15174454450607,-0.12369388528168,-0.0051416084170341,1
0.051886975765228,0.24951850622892,-0.069333054125309,1
-0.067080765962601,0.0049292892217636,0.010352306067944,1
0.10509949922562,-0.1625469699502,0.057514369487762,1
-0.040274739265442,0.073737286031246,-0.015398688614368,1
0.014753043651581,-0.060621649026871,-0.011772744357586,1
-0.015744090080261,-0.24417946487665,0.14364252239466,1
0.16998243331909,0.21386923640966,0.10203298181295,1
-0.061919748783112,-0.10212095384486,-0.065557047724724,1
0.08307272195816,-0.071311289444566,-0.018020980060101,1
0.077905178070068,0.1695079728961,0.079831428825855,1
-0.051948875188828,-0.071878660470247,-0.021602354943752,1
0.045919299125671,-0.12093380838633,0.010216273367405,1
-0.051107406616211,0.26755323261023,-0.010922528803349,1
-0.17392611503601,-0.017462842166424,-0.082497291266918,1
-0.058336466550827,-0.20887164026499,0.1494579538703,1
-0.036687910556793,-0.05984977260232,-0.039883367717266,1
-0.1915265917778,-0.006466768682003,-0.01927500218153,1
-0.069221884012222,-0.11555988620967,0.022833071649075,1
-0.00079721212387085,0.12504791468382,0.032948695123196,1
-0.062892973423004,-0.070281775668263,0.028389774262905,1
0.15507215261459,0.22499220818281,0.036224372684956,1
-0.070097982883453,-0.12883985415101,0.011177964508533,1
-0.2129023373127,0.017207995057106,0.14609139412642,1
0.13733631372452,0.18960987776518,0.14997375756502,1
0.092317700386047,-0.19968716055155,0.12841839343309,1
-0.13184604048729,-0.075500052422285,-0.024961717426777,1
-0.15946561098099,0.19752340763807,0.087919197976589,1
0.093773126602173,0.082280822098255,0.011029280722141,1
-0.072222858667374,-0.089472476392984,-0.011640541255474,1
-0.11960387229919,-0.11028811149299,-0.066189758479595,1
0.13200885057449,-0.18481891602278,0.016363106667995,1
-0.054817885160446,0.040081717073917,0.0077505484223366,1
-0.093955188989639,0.086503200232983,-0.082150347530842,1
-0.20443487167358,0.068007908761501,0.07184512168169,1
-0.11656978726387,-0.086272537708282,-0.085035510361195,1
0.071547031402588,0.061955593526363,0.0099544301629066,1
-0.075079947710037,-0.15009409934282,0.012326210737228,1
-0.030116736888885,-0.26612531393766,0.0037603825330734,1
0.07325667142868,0.18297400325537,-0.057147413492203,1
0.086269438266754,0.15884145349264,-0.0096280798316002,1
-0.13850808143616,0.11065430194139,-0.01977451890707,1
-0.010847985744476,0.19524743407965,-0.077834844589233,1
-0.10380133986473,-0.0053751245141029,-0.06831194460392,1
0.12552291154861,-0.1879096776247,0.055825345218182,1
-0.19403797388077,0.0018571838736534,-0.053902558982372,1
-0.13076880574226,-0.063065566122532,0.042513035237789,1
-0.0033323168754578,-0.10028604714898,-0.0025741010904312,1
0.16817742586136,-0.22248289734125,0.027046836912632,1
-0.12717053294182,-0.20184745639563,0.091207884252071,1
-0.0799480676651,0.22944243997335,-0.065187968313694,0
-0.24279913306236,0.019228115677834,0.051910527050495,1
-0.074721217155457,0.052184097468853,-0.016005463898182,1
0.10255646705627,-0.18380606919527,0.11340684443712,1
0.041490018367767,-0.094246666878462,0.021401293575764,1
-0.065159946680069,0.076441191136837,-0.03383157402277,1
-0.013175427913666,0.077715657651424,-0.0091583281755447,1
-0.21789315342903,0.14523512870073,0.061086244881153,1
-0.062357842922211,0.076262138783932,-0.05588448792696,1
0.14414936304092,-0.15044312551618,-0.070532225072384,1
0.082606732845306,-0.096449179109186,-0.068125896155834,1
-0.090867906808853,0.058235965669155,-0.08569273352623,1
-0.011670827865601,-0.059199836105108,-0.00051525980234146,1
0.14499789476395,-0.23416728526354,0.014631479978561,1
-0.21793010830879,-0.054708641022444,0.037848703563213,1
-0.041203320026398,-0.19803889095783,0.19092992693186,1
0.01293420791626,-0.098208638257347,-0.012144692242146,1
0.057183921337128,0.089430950582027,-0.012678049504757,1
0.0097529888153076,0.24208354204893,0.029808603227139,1
-0.091066509485245,-0.1772728189826,0.12481421977282,1
-0.10749080777168,0.068215124309063,-0.071736842393875,1
0.070982277393341,-0.06476778164506,-0.010761864483356,1
0.037689626216888,-0.14892775937915,-0.065425671637058,1
-0.02363520860672,-0.24423221498728,0.13713655620813,1
0.025807082653046,-0.15339658781886,0.019251853227615,1
-0.081506073474884,0.10980752855539,-0.055107466876507,1
-0.17323213815689,0.061597026884556,0.15539034456015,1
0.0012634992599487,0.11063864082098,-0.0051869824528694,1
0.027089476585388,0.2827892228961,-0.048302844166756,1
-0.053893208503723,0.28347178548574,0.019168466329575,1
0.00565505027771,-0.23075964301825,-0.060865245759487,1
-0.082889348268509,-0.043216709047556,-0.028496921062469,1
0.028026640415192,0.099634744226933,-0.05691210180521,1
0.0015521645545959,0.12892874330282,-0.069513849914074,1
-0.076160877943039,0.10807416588068,-0.02548786252737,1
-0.1795420050621,0.054016046226025,0.0029460713267326,1
-0.015105783939362,-0.27851774543524,-0.038345657289028,1
-0.11040022969246,-0.10676124831662,0.057832323014736,1
0.042950212955475,-0.10707334754989,-0.026700250804424,1
-0.20885753631592,0.11456789821386,0.10787907987833,1
-0.096148908138275,0.016101501882076,-0.020083986222744,1
-0.033192574977875,0.2599173411727,0.1091049388051,1
0.036888659000397,0.26139276474714,-0.074147865176201,1
-0.12093767523766,-0.15969546884298,0.11777169257402,1
0.026946365833282,0.20725756138563,-0.028908252716064,1
-0.18632000684738,0.15981801599264,-0.075851581990719,1
0.18863755464554,0.19283881038427,-0.013890147209167,1
-0.091478854417801,0.17680122703314,0.20037300139666,1
0.12784016132355,-0.24793349951506,-0.042012088000774,1
-0.085743427276611,0.13571280986071,-0.043256469070911,1
0.08916562795639,-0.26777914911509,-0.044688276946545,1
-0.19117158651352,0.019892051815987,0.011830218136311,1
-0.068506181240082,-0.014066740870476,-0.031635947525501,1
-0.020234405994415,-0.090591135434806,-0.039378926157951,1
0.068476140499115,0.24130415171385,0.095384635031223,1
0.020983874797821,-0.090464664623141,-0.045434474945068,1
0.017793297767639,-0.17209161072969,0.016860119998455,1
0.023077249526978,0.28093519061804,0.012722566723824,1
0.036804258823395,-0.18622002750635,0.06348430365324,1
-0.037686049938202,0.030748747289181,-0.010831840336323,1
0.013781249523163,-0.21064038574696,0.061516165733337,1
0.077363669872284,-0.20978474617004,0.19878248125315,1
-0.11841970682144,-0.13198572769761,0.035262949764729,1
0.085136890411377,0.17268826812506,0.071853987872601,1
0.033408939838409,-0.12858650460839,-0.00035051256418228,1
-0.033029675483704,0.036689318716526,0.0050142034888268,1
0.077066600322723,-0.15262453258038,-0.095046535134315,1
0.12966877222061,-0.19879212230444,0.029066540300846,1
-0.031120479106903,-0.016864843666553,0.0045898482203484,1
-0.085996389389038,0.15575855225325,-0.024290256202221,0
-0.11904993653297,-0.13569448888302,-0.013438053429127,1
-0.050810426473618,-0.11156654264778,0.021591730415821,1
-0.095842838287354,-0.10784749966115,0.040503941476345,1
0.15868908166885,0.1447820737958,-0.030885420739651,1
-0.041039884090424,0.11794181913137,-0.049858771264553,1
0.039101481437683,0.17688988894224,-0.042136698961258,1
-0.18542540073395,0.12624756246805,0.17483044415712,1
-0.0076069235801697,-0.16966979950666,-0.08291057497263,1
-0.031459450721741,-0.089425549842417,-0.0023640692234039,1
-0.11942866444588,0.20022978633642,0.074593864381313,1
0.19441032409668,0.23705687373877,0.030785106122494,1
-0.18127700686455,-0.19625630229712,-0.026060618460178,1
-0.15866565704346,-0.12895316816866,-0.0027735456824303,1
-0.051738440990448,0.080968864262104,-0.044680945575237,1
0.079768061637878,-0.055993482470512,0.0012601837515831,1
0.0028131008148193,-0.2482865229249,0.085973404347897,1
0.020422577857971,-0.081524943932891,-0.013111867010593,1
-0.25327968597412,-0.046939712017775,0.021447323262691,1
0.11178714036942,0.18986394256353,-0.095697805285454,1
-0.0902039706707,0.14976010471582,0.050132609903812,1
0.19084364175797,0.23219727724791,0.022608377039433,1
0.12181252241135,0.10926669090986,-0.02892642468214,1
-0.058379352092743,-0.021516904234886,-0.022476449608803,1
0.13348752260208,-0.12868598848581,-0.032687850296497,1
-0.047931432723999,-0.059899017214775,-0.0075514689087868,1
0.0079508423805237,-0.22080951184034,-0.021033011376858,1
-0.097727864980698,0.13048971444368,-0.064311765134335,0
-0.035706341266632,0.16364481300116,-0.063787437975407,1
-0.1604343354702,0.015272952616215,0.031807087361813,1
-0.06986129283905,0.065722517669201,0.006772942841053,1
0.031930565834045,0.17764579504728,-0.062784403562546,1
-0.11078578233719,0.11559484153986,0.0038124546408653,1
-0.015839517116547,-0.10091848368756,-0.018662355840206,1
-0.20867151021957,-0.013545319437981,0.045405678451061,1
-0.17537426948547,0.11311262100935,0.13463415950537,1
-0.15742203593254,-0.19586607813835,0.12216270714998,1
-0.19873660802841,0.0496970936656,0.060243539512157,1
-0.17463600635529,0.19005306810141,0.030453749001026,1
0.032259345054626,0.065651006996632,-0.0060975328087807,1
-0.20301556587219,0.14038912206888,-0.053462319076061,1
0.033071160316467,-0.099774956004694,0.021151848137379,1
-0.043385982513428,0.00038322061300278,-0.028415732085705,1
-0.16283923387527,0.058219246566296,0.1078762486577,1
-0.10493326187134,0.067898146808147,-0.067089512944221,1
-0.11169657111168,-0.21722936630249,0.049185864627361,1
-0.13018774986267,0.1777049228549,0.075314559042454,1
0.011424899101257,0.086575038731098,0.011099778115749,1
0.14749240875244,0.24633448570967,-0.016400903463364,1
-0.065757840871811,0.13509126752615,0.020871929824352,1
-0.095501840114594,-0.11645265668631,0.059004627168179,1
-0.0952527821064,0.065856359899044,-0.0012020394206047,1
-0.22945919632912,0.014142982661724,-0.087731257081032,1
0.045735061168671,-0.27805129438639,0.11627245694399,1
-0.055651217699051,-0.19741113483906,0.1234277561307,1
-0.050317883491516,-0.032779090106487,0.010544694960117,1
0.0097663998603821,-0.23115583509207,0.13417512923479,1
-0.0020106434822083,0.21490921825171,-0.033795543015003,1
0.021670520305634,0.13258931785822,-0.087374582886696,1
0.030888974666595,-0.12557749077678,-0.0073715969920158,1
0.0076335072517395,-0.20674410462379,0.20761696249247,1
-0.04796290397644,0.23406522721052,0.078057758510113,1
-0.13258183002472,0.021313168108463,0.0030787959694862,1
-0.02615213394165,-0.12852590344846,-0.017621159553528,1
-0.10771411657333,0.1321949288249,-0.067567937076092,1
-0.14334124326706,-0.040052514523268,-0.018533669412136,1
-0.081844449043274,0.18098469823599,0.16501189023256,1
-0.24101319909096,-0.042715292423964,0.11452194303274,1
-0.16047412157059,0.02267973870039,-0.078487910330296,1
-0.039919197559357,-0.058057487010956,0.0043211504817009,1
-0.05900377035141,0.038126863539219,-0.011939443647861,1
0.072965443134308,-0.18906208127737,0.21775002032518,1
-0.1115927696228,0.050332076847553,0.031793065369129,1
0.1142401099205,-0.1750565096736,-0.022800132632256,1
-0.030990183353424,-0.11760413087904,-0.047470316290855,1
-0.033618927001953,0.048247240483761,-0.02742151170969,1
-0.17154437303543,-0.096725123003125,0.058411695063114,1
0.041892766952515,-0.11684546992183,0.0273407548666,1
-0.070738166570663,0.0079225078225136,0.023192919790745,1
0.01520961523056,-0.08002395182848,-0.005032479763031,1
0.015404582023621,0.11871840804815,0.016559287905693,1
-0.16038584709167,0.011293336749077,0.028526000678539,1
0.20556157827377,0.20726101845503,0.047799222171307,1
0.039256155490875,0.15698035806417,0.054400503635406,1
-0.21451741456985,-0.0032024830579758,0.038594298064709,1
-0.09816899895668,0.098519615828991,-0.061612643301487,1
-0.12243774533272,0.1968380138278,0.064433433115482,1
-0.0011129975318909,-0.25912702828646,0.11385155469179,1
-0.060302227735519,0.22235026210546,0.015138812363148,1
-0.098125457763672,-0.18642204254866,0.098517142236233,1
-0.15793585777283,0.20250269025564,0.039950333535671,1
-0.01250946521759,0.14829129725695,0.03205294162035,1
0.074826419353485,-0.19635717570782,0.062881402671337,1
0.13185852766037,0.16183074563742,-0.047832913696766,1
-0.1868944466114,0.014057844877243,-0.081444032490253,1
0.079662084579468,0.18911495059729,-0.04896292090416,1
0.12612318992615,0.14463781565428,0.045166030526161,1
-0.020665347576141,-0.087412959896028,-0.027131676673889,1
-0.084838718175888,-0.087446514517069,0.039637200534344,1
0.075997948646545,0.23554619401693,0.15960127860308,1
-0.11233016848564,0.11015007644892,0.076344110071659,1
-0.054074019193649,0.1032747849822,-0.0013165548443794,1
0.019193291664124,0.18163805454969,0.01150231808424,1
-0.20265680551529,-0.048842672258615,0.11007738858461,1
-0.058652818202972,-0.21088661253452,0.11909935623407,1
-0.091182976961136,0.19407572597265,-0.0014668628573418,1
-0.026923477649689,-0.054537165910006,0.00016035884618759,1
-0.06960517168045,-0.27535114437342,0.060267470777035,1
0.029591381549835,0.16622304171324,-0.084725603461266,1
-0.22733262181282,-0.028420507907867,-0.061564557254314,1
0.081156969070435,0.077475003898144,-0.021572694182396,1
0.11231917142868,-0.17417569458485,-0.089621186256409,1
0.076684534549713,0.11791067570448,0.022518388926983,1
0.056390345096588,-0.21946953982115,0.056977905333042,1
-0.040610492229462,-0.18021305650473,-0.053789086639881,1
-0.1991029381752,0.16008227318525,-0.061911515891552,1
0.037376403808594,0.11003286391497,0.020456619560719,1
0.10984599590302,0.15125345438719,0.02087164670229,1
0.087343394756317,0.19181513041258,0.092206828296185,1
0.073308527469635,0.17763604968786,-0.085381120443344,1
-0.062705099582672,0.0444640442729,-0.032126978039742,1
-0.20497870445251,-0.1393943503499,0.0044739916920662,1
-0.053870141506195,0.18785544484854,-0.091228075325489,1
-0.18197733163834,-0.15354957431555,0.076616562902927,1
0.10380578041077,0.20730998367071,0.043089680373669,1
0.11548411846161,0.13121307641268,0.037086464464664,1
0.052808821201324,0.22737123817205,-0.019010812044144,1
-0.096108376979828,-0.15669081360102,0.10547114163637,1
0.13874965906143,-0.17536017298698,0.21311260014772,1
-0.097741365432739,-0.16741783171892,-0.026841059327126,1
-0.13318300247192,0.21014716476202,-0.045440666377544,0
-0.067044377326965,0.11130904406309,0.029098235070705,1
-0.18031150102615,0.10380171984434,0.0045254901051521,1
0.070898175239563,0.11577866226435,0.0014516487717628,1
-0.0704465508461,0.034910671412945,0.01120638102293,1
-0.181107878685,-0.1749679967761,-0.057492546737194,1
0.065961182117462,0.21904691308737,0.025054089725018,1
-0.028807461261749,0.17562212795019,-0.092825971543789,1
-0.24890834093094,-0.041915982961655,-0.034173712134361,1
-0.082674205303192,0.0068276152014732,-0.014501594007015,1
0.04483562707901,-0.08747361972928,0.0083174332976341,1
0.18265801668167,-0.16766940802336,0.10368483513594,1
-0.11158549785614,-0.21726138144732,0.0093297511339188,1
-0.17783635854721,-0.034179374575615,0.0052266344428062,1
0.10992044210434,0.21601759642363,-0.091045796871185,1
-0.038063228130341,-0.17016749829054,-0.0044547542929649,1
-0.22714397311211,-0.0333017334342,0.14983002096415,1
-0.081901848316193,0.096050523221493,0.0013018324971199,1
-0.18435907363892,0.089361257851124,-0.012148998677731,1
0.097098410129547,0.21084865182638,0.18686335533857,1
0.086574614048004,-0.21076062321663,-0.079853169620037,1
0.088740170001984,0.16521047800779,-0.031378485262394,1
-0.059980660676956,0.1492962911725,-0.057850286364555,1
0.027739524841309,0.17410006374121,-0.087462641298771,1
0.005299985408783,-0.11132731661201,-0.034312233328819,1
0.095764935016632,0.078602991998196,-0.058519653975964,1
-0.14332929253578,-0.13135398924351,-0.03967147320509,1
0.11703026294708,-0.24815580993891,-0.056053757667542,1
-0.11715203523636,0.079653643071651,-0.03838325291872,1
0.098609149456024,0.1169523075223,-0.024920530617237,1
-0.00086438655853271,0.23811595886946,0.16383907943964,1
0.057679951190948,-0.17207038402557,-0.071837365627289,1
-0.11938661336899,0.1611932143569,-0.084323234856129,0
-0.22361293435097,0.089119784533978,-0.05225296318531,1
-0.06891068816185,-0.22548777610064,0.017515279352665,1
0.03060120344162,0.16488914936781,0.029164865612984,1
-0.074925541877747,-0.096751160686836,0.039297319948673,1
0.12735402584076,0.1569951698184,-0.08998691290617,1
0.016566038131714,-0.091230714693666,0.014401622116566,1
0.071429014205933,-0.23788469284773,-0.0024079903960228,1
-0.069432258605957,0.18305786699057,-0.076608322560787,1
-0.077109724283218,-0.045782517641783,0.022092618048191,1
0.1101883649826,0.25518503040075,0.07116537541151,1
-0.12657004594803,-0.15704844146967,0.17117635160685,1
0.15210419893265,-0.14468530938029,0.10798490792513,1
0.0038837790489197,0.21327691525221,-0.030643373727798,1
-0.10107868909836,-0.21951817721128,-0.031697198748589,1
0.016548752784729,-0.10093652643263,-0.0447878241539,1
0.18060767650604,0.22654642909765,0.015996046364307,1
-0.25865858793259,-0.0618283636868,0.079075343906879,1
-0.15696310997009,0.026012562215328,-0.061848275363445,1
-0.085239291191101,0.049042694270611,-0.029742866754532,1
-0.024130046367645,0.034828417003155,0.0033120438456535,1
0.091340839862823,-0.19856648147106,-0.063550867140293,1
0.049267590045929,-0.20125114172697,0.12954015284777,1
-0.14536115527153,-0.17874066531658,0.16934963315725,1
-0.024105668067932,0.083889074623585,-0.04376894980669,1
-0.25489109754562,-0.034160643815994,-0.018178172409534,1
0.042697370052338,-0.23028223961592,0.050271309912205,1
0.087119460105896,0.069117449223995,0.022613771259785,1
0.072907209396362,-0.26148324459791,0.11189772933722,1
0.029228270053864,0.078471966087818,-0.020267650485039,1
0.028817415237427,0.17799787968397,0.031324498355389,1
0.13388985395432,-0.12494600564241,-0.024345509707928,1
-0.09111276268959,-0.091705953702331,-0.050007380545139,1
-0.13231262564659,0.11007262021303,-0.045619986951351,1
0.03448098897934,0.16164153069258,0.06085742264986,1
0.15888780355453,0.18304681032896,-0.090240649878979,1
-0.17615669965744,-0.069099001586437,-0.08885844796896,1
0.064530074596405,-0.22931636124849,-0.055895946919918,1
0.1167910695076,-0.17108406126499,-0.013675637543201,1
-0.15014520287514,-0.11510781943798,0.13947207480669,1
-0.23167777061462,0.032205276191235,0.08505841344595,1
0.1951065659523,0.20539816468954,0.08370203524828,1
-0.040135025978088,0.13494143635035,-0.020423129200935,1
0.12844723463058,0.14413964003325,0.013872228562832,1
0.012850940227509,0.19792168587446,0.02052891254425,1
-0.11096721887589,-0.22936327010393,0.061352245509624,1
-0.076135069131851,0.094525836408138,-0.00541602820158,1
0.033582866191864,0.12289968878031,-0.01553600281477,1
-0.018017411231995,0.11020454019308,-0.060894995927811,1
-0.21465969085693,-0.068949796259403,0.00040850788354874,1
-0.082474887371063,0.018676094710827,-0.00059459358453751,1
-0.16076436638832,-0.089685044251382,0.18165006488562,1
0.11450517177582,-0.23939720541239,0.079770348966122,1
0.060705900192261,-0.23941635340452,0.089119963347912,1
-0.24014097452164,0.027735494077206,-0.050282619893551,1
0.11981737613678,0.17001559585333,0.096027202904224,1
-0.2374681532383,0.0010410100221634,0.13372737914324,1
-0.02385002374649,0.083675183355808,0.010309584438801,1
0.048786222934723,0.10089629143476,0.01594765484333,1
-0.035533964633942,-0.040218345820904,-0.0075360164046288,1
0.090620577335358,-0.20659245550632,-0.079392045736313,1
-0.090417087078094,-0.23785559087992,-0.074233792722225,1
0.0032859444618225,-0.24234921485186,0.10685709863901,1
0.16313117742538,0.13993715494871,0.073297776281834,1
-0.23994189500809,0.059137292206287,0.055554769933224,1
-0.0055397748947144,-0.23516885191202,0.07105702906847,1
0.07345050573349,0.13191115111113,0.027550421655178,1
0.10797202587128,-0.19251930713654,-0.094532951712608,1
0.020348608493805,0.13968495279551,-0.062268644571304,1
-0.15980580449104,0.085552789270878,0.089639641344547,1
0.0022994875907898,-0.1285630594939,-0.016809731721878,1
0.18233847618103,-0.17935386300087,0.067131839692593,1
-0.052171438932419,0.1989243850112,0.18189901858568,1
0.10166627168655,-0.22034647315741,0.1639342084527,1
-0.057752549648285,-0.061141610145569,-0.048214145004749,1
0.10369545221329,0.10721429437399,0.010085925459862,1
-0.18638598918915,0.18269165605307,0.063266225159168,1
-0.078841984272003,-0.2307278290391,-0.012509517371655,1
-0.15404000878334,-0.016228280961514,-0.021866299211979,1
-0.20098334550858,-0.014706201851368,-0.022226922214031,1
-0.1624176800251,0.17112418264151,0.020010210573673,1
0.051737725734711,-0.11612825281918,0.014618180692196,1
-0.044884026050568,0.012134164571762,-0.023641251027584,1
-0.055271476507187,0.076760090887547,0.0034836009144783,1
0.057805418968201,-0.078594790771604,-0.036939382553101,1
0.063462376594543,0.15577640384436,0.024443589150906,1
-0.13842153549194,-0.23688858002424,-0.027254328131676,1
-0.16585493087769,0.21396305412054,0.06051092594862,1
-0.082910478115082,-0.026055425405502,-0.035615533590317,1
-0.066221088171005,0.1788649186492,-0.033649645745754,1
0.070954263210297,-0.080625269562006,-0.017668515443802,1
0.016770362854004,0.067475624382496,-0.010836057364941,1
-0.22560220956802,-0.050729908049107,0.079818613827229,1
0.044347822666168,-0.099053611513227,-0.0069279074668884,1
0.14380294084549,0.14896111935377,0.10160870105028,1
0.028659105300903,-0.26390723139048,0.13470388203859,1
-0.093553990125656,0.16608425229788,-0.072442702949047,0
0.17191159725189,0.15474816411734,0.094309128820896,1
-0.082925915718079,0.20357545465231,0.037327237427235,1
-0.086759060621262,-0.10007126827259,-0.029968746006489,1
-0.0414999127388,-0.0021726042032242,0.0032477155327797,1
-0.12448170781136,-0.19219630211592,0.014696083962917,1
0.0012157559394836,0.1117874905467,-0.017292462289333,1
0.043788075447083,-0.19165335595608,-0.057878099381924,1
-0.11905962228775,-0.21654991805553,-0.041997343301773,1
-0.036438763141632,0.0071798488497734,-0.010711364448071,1
-0.15599995851517,0.10652758926153,-0.056006051599979,1
-0.072747349739075,-0.01114834100008,-0.029727026820183,1
0.063568592071533,-0.049480676651001,-0.012880332767963,1
0.11540377140045,0.21625658124685,0.10565976053476,1
0.084964096546173,-0.14091330394149,0.03944656252861,1
-0.12658858299255,0.21531390398741,0.058007590472698,1
0.049875497817993,0.048426769673824,0.0027099996805191,1
-0.18044012784958,0.16713132709265,0.01927711814642,1
0.049763739109039,0.048447631299496,0.0037492588162422,1
-0.058785408735275,0.22435941547155,-0.063050203025341,0
-0.018575310707092,-0.076436553150415,-0.015746347606182,1
0.17341715097427,-0.22905737906694,0.036631681025028,1
-0.050616145133972,-0.22813154011965,-0.0071750581264496,1
-0.031701982021332,0.11065524071455,0.0026320144534111,1
-0.12501782178879,-0.057999178767204,-0.037301801145077,1
-0.025134444236755,0.22232865542173,0.085967369377613,1
-0.027198493480682,0.027161531150341,-0.0043307766318321,1
-0.17277893424034,-0.078700223937631,-0.075658455491066,1
0.075176477432251,0.11359836906195,-0.083352133631706,1
0.11772507429123,-0.19768620282412,0.015233650803566,1
-0.097447723150253,0.091378383338451,-0.032804928719997,1
0.15225839614868,-0.18396336585283,0.0020228251814842,1
0.052829682826996,0.23938795179129,0.016985081136227,1
-0.031420588493347,0.0693264529109,0.011539779603481,1
0.040530502796173,0.23651918023825,0.1004593744874,1
0.037426710128784,0.13141826540232,0.03706968575716,1
-0.0068492889404297,-0.091366939246655,0.022820651531219,1
0.0025169849395752,0.095497570931911,-0.03733291476965,1
-0.045809626579285,-0.020998723804951,-0.011257462203503,1
-0.23840489983559,-0.045417487621307,0.12687320262194,1
-0.052980571985245,0.12288520485163,-0.043278403580189,1
-0.11242723464966,0.031615473330021,0.016043268144131,1
-0.071187615394592,0.046922095119953,-0.010604806244373,1
-0.10414919257164,0.031677775084972,-0.013943769037724,1
0.096933305263519,0.17559989541769,0.024460054934025,1
-0.14690944552422,-0.18035954982042,0.14710583537817,1
0.055101990699768,0.075105138123035,-0.02564001083374,1
-0.079825669527054,-0.18656335771084,-0.085944622755051,1
-0.086731612682343,0.22710796445608,-0.027116924524307,0
-0.14672857522964,0.13753182440996,0.044940121471882,1
0.039820969104767,-0.14428715407848,-0.037268333137035,1
-0.18572521209717,0.05419036000967,-0.05119115114212,1
-0.023800313472748,-0.051353372633457,-0.0086247846484184,1
0.054119944572449,-0.2243433073163,0.075074650347233,1
0.15887004137039,-0.14691520482302,-0.0028212144970894,1
0.028314888477325,-0.073953405022621,-0.019040130078793,1
0.086572468280792,-0.11247531976551,-0.063230112195015,1
-0.083292633295059,-0.26288733631372,0.05785571038723,1
-0.16691035032272,0.10888604074717,0.15802348405123,1
-0.11831247806549,-0.0055498406291008,-0.06072149425745,1
0.13131135702133,-0.12004022486508,0.041516609489918,1
-0.15820997953415,-0.15631440281868,0.13327050954103,1
-0.14335983991623,-0.20436158776283,-0.039984799921513,1
0.016403257846832,-0.25735176354647,-0.04154247045517,1
0.17854225635529,-0.24039553850889,0.0080298408865929,1
0.036902487277985,-0.21155852079391,0.17736855894327,1
0.16960996389389,-0.23698546737432,0.11585915833712,1
-0.06900343298912,-0.24369988590479,0.0635120049119,1
-0.040871560573578,-0.13316910713911,-0.085725761950016,1
0.16032475233078,0.15774654597044,0.19754473119974,1
-0.060173600912094,0.095513217151165,-0.0085388794541359,1
0.11415433883667,0.15398611873388,0.047851383686066,1
-0.031444728374481,-0.22641060501337,0.0073719993233681,1
-0.033000707626343,-0.20848605781794,0.14236948639154,1
-0.084109663963318,0.12438083440065,-0.072762064635754,1
0.193792283535,-0.23009596019983,-0.033598683774471,1
-0.055849879980087,0.23376669734716,0.002163365483284,1
0.03975921869278,-0.10558383353055,-0.015297591686249,1
0.15712970495224,0.18648686259985,0.055126748979092,1
0.10774058103561,0.16617845743895,0.0092952698469162,1
-0.15837663412094,-0.012202307581902,-0.0022159144282341,1
0.054100394248962,0.23382528871298,0.09252292662859,1
-0.17587077617645,-0.010881640017033,-0.070925019681454,1
-0.12260967493057,0.010638900101185,0.049501515924931,1
0.16915422677994,0.21917083114386,0.12372810393572,1
0.027564465999603,0.17416002601385,0.036332011222839,1
-0.038992583751678,-0.090078288689256,-0.01156622171402,1
-0.21320700645447,0.044830985367298,-0.066341452300549,1
0.11482495069504,0.092258043587208,-0.037859432399273,1
0.028973579406738,-0.11420624703169,-0.0082508996129036,1
-0.052786320447922,-0.10823339503258,0.027031689882278,1
-0.16729578375816,-0.11567688733339,0.034388579428196,1
-0.0029646754264832,-0.079540703445673,-0.027095653116703,1
-0.15422207117081,-0.12191970832646,0.064500920474529,1
0.1003702878952,0.25030761212111,-0.063785322010517,1
0.056701898574829,0.087047450244427,-0.05370931327343,1
0.096853017807007,0.095356650650501,0.018305487930775,1
0.055731892585754,0.062681831419468,-0.014199793338776,1
-0.050179541110992,0.1403176560998,-0.057400852441788,1
0.011736154556274,0.11210226267576,-0.051354058086872,1
-0.034680068492889,-0.20891970396042,-0.089211817830801,1
0.065391182899475,0.068903021514416,0.012521117925644,1
0.026786148548126,-0.088503040373325,0.020925968885422,1
0.082636296749115,-0.087969955988228,0.015085346996784,1
-0.0095977783203125,0.070260234177113,0.0061309412121773,1
0.17375332117081,-0.19799021631479,-0.083472780883312,1
-0.023442804813385,-0.22863084822893,0.079190261662006,1
0.048473060131073,-0.066179178655148,0.0054211392998695,1
-0.060059875249863,0.067233316600323,-0.034093461930752,1
0.071094810962677,0.13768932968378,0.0057134926319122,1
-0.084959775209427,-0.14065989851952,-0.0014919340610504,1
-0.12107738852501,-0.21733180433512,-0.084662742912769,1
-0.050168335437775,-0.25055224448442,0.099307455122471,1
0.14048230648041,0.21388348191977,-0.073895156383514,1
-0.19208559393883,0.12365382164717,0.11038703471422,1
0.16265988349915,0.16805651038885,0.080671049654484,1
-0.028186023235321,0.045853294432163,0.0054318830370903,1
-0.17700353264809,-0.11547887232155,0.12741693109274,1
0.012160778045654,0.15864153951406,-0.090952422469854,1
0.064727067947388,0.28435381501913,-0.018254123628139,1
0.037990808486938,0.19700592011213,0.0029686391353607,1
-0.1151482462883,0.094629786908627,-0.028890244662762,1
-0.052286833524704,0.22956072539091,0.13546965271235,1
-0.033000767230988,0.042437620460987,-0.0032299235463142,1
-0.10472232103348,-0.22434136271477,-0.058022245764732,1
-0.20217591524124,0.061292938888073,0.14699406176805,1
-0.027962923049927,0.22387602180243,0.0099864527583122,1
0.0017156004905701,-0.088620189577341,-0.045705325901508,1
-0.14584863185883,0.063425652682781,-0.099803149700165,1
-0.19341599941254,-0.1949914470315,0.056127943098545,1
0.0069422721862793,0.21441485732794,0.13272821158171,1
0.12124180793762,0.19890489429235,-0.039674080908298,1
0.0087184309959412,-0.069633504375815,-0.02726474404335,1
-0.26467362046242,-0.034417122602463,0.047092385590076,1
-0.030039370059967,-0.24155745655298,0.078707672655582,1
0.035792827606201,0.11384551972151,-0.0639628469944,1
-0.19589185714722,-0.057652182877064,0.10281094163656,1
-0.18114614486694,-0.079209996387362,0.15454346686602,1
-0.10516238212585,-0.23494923859835,0.11872086673975,1
0.074747502803802,0.09965094178915,-0.02586155384779,1
-0.066934555768967,-0.021770171821117,0.018468864262104,1
0.1299923658371,-0.18071787059307,0.055020801723003,1
0.075163781642914,-0.20952828973532,0.087299607694149,1
0.091780602931976,0.23255657404661,-0.024882726371288,1
-0.2015722990036,-0.12067026458681,0.1020685210824,1
0.09103935956955,-0.099937449733261,0.0074510052800179,1
-0.069238483905792,0.15969087928534,-0.076637737452984,1
-0.1010627746582,0.12058504670858,0.050523094832897,1
0.086605131626129,0.17521514743567,0.049299068748951,1
-0.17250072956085,-0.12171841412783,0.11505769938231,1
-0.11420235037804,-0.2445340976119,0.066347703337669,1
-0.040944814682007,0.13011170178652,-0.053299590945244,1
0.11201542615891,-0.16275027394295,0.015055984258652,1
0.030045986175537,-0.18306101113558,-0.021361216902733,1
0.0098453164100647,0.074035100638866,-0.0095882341265678,1
0.154187977314,0.21480753272772,0.10718619078398,1
0.061695218086243,0.11198598891497,-0.07107201218605,1
-0.056768000125885,-0.039048403501511,-0.03159262239933,1
-0.022931575775146,-0.050740972161293,-0.03108935803175,1
-0.2078845500946,0.049622215330601,0.072454459965229,1
-0.097064018249512,0.20534398406744,0.13969526439905,1
-0.063483715057373,-0.058057479560375,-0.022474847733974,1
0.020294368267059,-0.07402922026813,-0.027266897261143,1
-0.041148900985718,0.21272905915976,0.045626200735569,1
0.21203756332397,0.19915922731161,0.014052905142307,1
-0.21585655212402,-0.036101043224335,0.042318187654018,1
-0.18304178118706,-0.16256342083216,-0.053779028356075,1
0.16114050149918,-0.19930297881365,-0.018912099301815,1
-0.032868623733521,0.27583464235067,-0.026483438909054,1
-0.099798500537872,-0.048341754823923,-0.045215971767902,1
0.072440207004547,-0.066641479730606,-0.0078806057572365,1
-0.096505582332611,-0.029178291559219,-0.0010209307074547,1
0.094468951225281,-0.072625758126378,0.018497534096241,1
-0.047900855541229,-0.14736587181687,-0.088938139379025,1
0.073565244674683,0.21916940063238,-0.072382219135761,1
0.038383007049561,-0.057604569941759,0.0030282214283943,1
-0.17916566133499,0.013984605669975,0.06906720250845,1
-0.016761779785156,0.048438616096973,-0.018786735832691,1
-0.023167848587036,0.037342540919781,-0.016228564083576,1
0.11042135953903,0.1453819796443,0.049308031797409,1
0.10818111896515,-0.19201523810625,0.017821587622166,1
-0.090559363365173,-0.18994933366776,0.15727693587542,1
-0.075756788253784,-0.011884123086929,0.023355849087238,1
-0.036688089370728,0.087618805468082,-0.021462626755238,1
-0.20731049776077,0.13719191402197,0.1161577180028,1
-0.095857858657837,0.16093637794256,0.10869949311018,1
-0.21772432327271,-0.0055518671870232,0.15454972535372,1
-0.12380596995354,-0.098231413401663,-0.0081916972994804,1
0.093919277191162,-0.11571998335421,-0.058509580790997,1
0.1270797252655,0.21615236252546,-0.046764723956585,1
-0.14025542140007,-0.024222649633884,-0.068719588220119,1
0.056450307369232,0.24172734469175,0.023479886353016,1
-0.036707699298859,-0.070825900882483,-0.029290430247784,1
-0.17751851677895,0.18192379921675,-0.037850059568882,1
-0.078406453132629,0.023293480277061,-0.025028496980667,1
-0.13505920767784,-0.21657530218363,0.059534162282944,1
-0.19928598403931,0.14028628915548,0.056957669556141,1
-0.11247080564499,0.13208275288343,0.10037384182215,1
-0.18113359808922,-0.11842292174697,0.17975962907076,1
0.068854570388794,0.1628200635314,0.0009949579834938,1
0.20420199632645,-0.20735406130552,-0.026457853615284,1
0.14458781480789,0.14252274483442,0.020847849547863,1
-0.23510318994522,0.0063520222902298,-0.0077599957585335,1
0.085138142108917,-0.068028647452593,0.020177371799946,1
0.20505040884018,0.19640805572271,0.11534891277552,1
0.093450546264648,0.25961273163557,-0.066890694200993,1
-0.050514459609985,-0.22459512203932,0.18649999052286,1
0.10433858633041,-0.21856401115656,0.013890780508518,1
-0.13236916065216,-0.054677937179804,0.013776294887066,1
-0.056505560874939,0.17126574367285,0.095943354070187,1
-0.086644977331161,0.24731834977865,0.13143151253462,1
-0.01427686214447,0.20533104985952,0.13964904099703,1
-0.16329923272133,0.11158718913794,0.1161450818181,1
-0.14133095741272,0.16518756002188,-0.086815468966961,1
-0.046170294284821,-0.085566486231983,-0.057996980845928,1
-0.12159824371338,0.10214597731829,-0.031166099011898,1
0.088580250740051,0.096602968871593,0.03023424744606,1
0.007168173789978,0.08610250800848,0.0062165111303329,1
-0.14969712495804,-0.0084233731031418,0.031960301101208,1
0.13902193307877,-0.20384901762009,-0.050259307026863,1
-0.18073105812073,0.11122239381075,-0.023941569030285,1
-0.076800584793091,-0.0052962228655815,-0.0060259476304054,1
0.16848605871201,-0.22624545544386,0.1201102361083,1
0.14989238977432,-0.18860483169556,-0.087297923862934,1
-0.077353090047836,0.2254096493125,-0.054694712162018,0
-0.035864174365997,0.069497533142567,-0.0048610493540764,1
-0.11986404657364,-0.057316407561302,-0.052807062864304,1
0.15199595689774,0.20768471807241,-0.045454233884811,1
-0.14632976055145,-0.074881996959448,-0.02790929377079,1
-0.02154004573822,0.15757962316275,-0.0046111270785332,1
-0.091395616531372,-0.04217916727066,-0.083093218505383,1
-0.20251575112343,0.073401518166065,0.062051855027676,1
0.11464387178421,-0.10504938010126,-0.042397730052471,1
-0.24566262960434,-0.051090687513351,0.073919422924519,1
0.089155972003937,-0.10008246573852,-0.013183273375034,1
-0.1087084710598,-0.17824949324131,-0.0078497231006622,1
0.11837029457092,0.26852171868086,0.031369678676128,1
0.069069981575012,-0.12647687830031,0.031304836273193,1
-0.22506654262543,-0.095980391837656,0.072476647794247,1
-0.22176802158356,0.051394931972027,-0.075660854578018,1
-0.0051681399345398,-0.11772040650249,-0.059646345674992,1
0.08326643705368,-0.11304302327335,0.018932871520519,1
0.08208030462265,0.12330908328295,-0.04533377289772,1
-0.19577533006668,-0.065608002245426,0.16860047727823,1
0.10347986221313,0.21129777282476,-0.070709489285946,1
-0.064297914505005,0.15596776455641,-0.032471910119057,1
0.15549564361572,-0.19159922003746,0.17286134511232,1
-0.15904849767685,-0.090763123705983,-0.029916636645794,1
-0.023893713951111,-0.12179925478995,0.026778824627399,1
0.023302376270294,0.22107987850904,-0.052345119416714,1
-0.19594687223434,-0.051453355699778,0.1595286950469,1
-0.0024271011352539,0.18862371891737,0.0066958293318748,1
-0.12151804566383,-0.14285771176219,0.17974730581045,1
-0.028355300426483,-0.038691602647305,-0.013115249574184,1
-0.26639959216118,-0.010165728628635,0.038468234241009,1
-0.25257593393326,-0.073066841810942,-0.0054345801472664,1
-0.10180631279945,-0.18048503994942,-0.09620662778616,1
-0.18104952573776,0.043155021965504,0.20725581794977,1
-0.079000353813171,0.19416483491659,0.12683276087046,1
0.085691511631012,0.13306523114443,-0.038456298410892,1
-0.19514548778534,-0.10018955881242,-0.041647456586361,1
-0.12250164151192,0.14028083533049,0.18062237650156,1
0.0090326070785522,0.10565204173326,0.0080597251653671,1
-0.16572099924088,0.047581128776073,0.080679051578045,1
0.10636252164841,-0.27033222466707,0.039137504994869,1
0.054015100002289,-0.237967915833,-0.08295351266861,1
0.045391499996185,-0.064323909580708,-0.0042950436472893,1
-0.059536993503571,0.018959149718285,0.0013453587889671,1
-0.19793140888214,-0.0034077391028404,0.070858545601368,1
-0.059684664011002,0.23968084901571,0.091838799417019,1
0.072681963443756,-0.056080933660269,0.0070370063185692,1
-0.11916562914848,-0.13133580982685,-0.0025868192315102,1
0.072608530521393,-0.10197533527389,0.017142862081528,1
-0.037420630455017,0.036153368651867,-0.0042322650551796,1
0.092870771884918,-0.090620059520006,-0.028863526880741,1
-0.122961550951,-0.000344417989254,-0.049577362835407,1
0.17089623212814,-0.17948649078608,-0.034168146550655,1
-0.017783999443054,0.20389195531607,-0.061287149786949,1
0.068034589290619,-0.17023477703333,-0.029701121151447,1
0.1199164390564,0.19465198367834,-0.037812098860741,1
0.014034390449524,0.06669407337904,-0.0082714185118675,1
-0.030415952205658,-0.032017730176449,0.0019481256604195,1
-0.10246860980988,-0.15539837256074,0.025714248418808,1
-0.14293992519379,0.040021948516369,-0.0014340206980705,1
-0.14453586935997,-0.10828335769475,0.10010644048452,1
-0.10310506820679,-0.085370297543705,0.01474642008543,1
0.058089375495911,-0.14446771889925,-0.02865082025528,1
-0.059098243713379,0.15396555513144,-0.08317581564188,1
-0.080912321805954,-0.11398688983172,-0.0082283690571785,1
-0.055580973625183,0.045484863221645,-0.060871981084347,1
-0.15601402521133,-0.064343776553869,0.22086218744516,1
-0.0020289421081543,0.071709178388119,-0.0019007623195648,1
-0.090422630310059,0.19483479112387,0.18288917094469,1
0.014031767845154,-0.082768935710192,0.017297737300396,1
-0.1243577003479,0.12532208114862,0.023397170007229,1
0.096495270729065,0.07265243679285,-0.057957328855991,1
-0.20665967464447,-0.11761067248881,-0.04187123477459,1
0.11511915922165,0.18053358048201,-0.099082246422768,1
-0.084021180868149,0.13097072392702,0.051529489457607,1
-0.013548731803894,0.26988240331411,0.076339431107044,1
0.069531798362732,0.15277864784002,0.025836534798145,1
0.1061230301857,-0.26742792874575,0.08653799444437,1
-0.030900239944458,-0.10385838523507,-0.039671517908573,1
0.12071287631989,0.2014994546771,0.18385461717844,1
0.12548357248306,0.10371956974268,-0.028850831091404,1
0.10188621282578,-0.12353567965329,-0.026754163205624,1
-0.035686194896698,-0.062512192875147,-0.014634571969509,1
-0.17668679356575,-0.0021076202392578,0.0059407278895378,1
-0.13945710659027,-0.030170582234859,-0.086329884827137,1
-0.19524374604225,-0.12738886661828,0.13582179695368,1
-0.26232302188873,0.0029313266277313,-0.012369431555271,1
0.0044841170310974,0.22987385839224,0.044488668441772,1
0.016826689243317,0.12589291483164,-0.034662269055843,1
-0.21188578009605,-0.056445024907589,-0.076600797474384,1
0.015256464481354,-0.10333020868711,-0.044000029563904,1
-0.19397878646851,0.14640686661005,0.049308307468891,1
-0.186946362257,-0.19293346256018,-0.021015711128712,1
0.024468421936035,0.24178683012724,0.10728446394205,1
-0.12579369544983,0.10516201704741,-0.018246926367283,1
0.088870108127594,-0.096931538311765,0.0119274482131,1
0.0049322247505188,0.083518080413342,-0.023044683039188,1
-0.044098436832428,0.0037220641970634,0.0012378469109535,1
-0.18446826934814,0.051012180745602,0.18294646590948,1
-0.083894461393356,0.079056166112423,0.019111059606075,1
0.14529544115067,0.1941776201129,-0.097046427428722,1
-0.00062060356140137,0.087269298732281,-0.04862616956234,1
0.074984967708588,0.082645125687122,-0.009723924100399,1
0.0063463449478149,0.18018432706594,0.0093829706311226,1
0.14266842603683,0.25265379995108,-0.058722369372845,1
0.13666754961014,-0.17213435471058,0.13098078221083,1
-0.00017046928405762,0.1399659588933,-0.049186639487743,1
0.12846511602402,-0.22803919762373,0.13729908317327,1
-0.008173406124115,-0.20775476843119,0.058568842709064,1
-0.17263054847717,-0.20039355009794,0.073564983904362,1
0.0039372444152832,-0.087166514247656,-0.030576914548874,1
0.18167608976364,-0.20851238071918,0.099784694612026,1
0.057459056377411,0.069470413029194,-0.024624913930893,1
-0.098124176263809,-0.16657976806164,-0.00068333745002747,1
0.028894305229187,0.13307892531157,0.018365129828453,1
0.13601607084274,0.18836315721273,0.051803834736347,1
0.14340645074844,-0.19413411617279,-0.069287575781345,1
-0.20157998800278,-0.074130307883024,0.050860039889812,1
-0.12227144837379,0.0067344680428505,0.0014238283038139,1
0.077311098575592,-0.28185898810625,0.026426859200001,1
-0.069685399532318,-0.26492660492659,-0.015717200934887,1
-0.015852987766266,-0.13778703287244,0.037829801440239,1
0.013555705547333,-0.16350442916155,-0.082439474761486,1
0.047020435333252,-0.16429293900728,-0.028060562908649,1
0.08251678943634,0.2619978711009,0.06842715293169,1
0.072853624820709,-0.25532142072916,-0.051181048154831,1
-0.065294414758682,-0.0055263414978981,-0.04926010966301,1
0.026159584522247,-0.12650800682604,0.0097099021077156,1
-0.056725859642029,-0.078038090839982,0.0037331357598305,1
-0.057164818048477,0.12892117351294,0.021488197147846,1
-0.24199932813644,0.093200124800205,0.038741163909435,1
-0.09454357624054,0.05408913642168,-0.074903085827827,1
-0.013484477996826,-0.10599789489061,-0.056438989937305,1
-0.0074349641799927,-0.054600063711405,-0.012073844671249,1
0.10097318887711,0.1534740254283,0.073203392326832,1
-0.016687214374542,-0.15352876856923,0.043093129992485,1
-0.09007728099823,-0.054895654320717,0.017748154699802,1
0.033617556095123,-0.054488502442837,-4.6603381633759e-05,1
0.073545634746552,-0.25315893441439,0.018243037164211,1
-0.024809420108795,0.085280500352383,-0.034889034926891,1
0.083572566509247,0.11014699190855,-0.06548210978508,1
0.071808993816376,0.21789779514074,-0.06812921911478,1
-0.046305358409882,-0.012551866471767,0.0023529902100563,1
-0.0345139503479,0.030782379209995,-0.018145717680454,1
-0.0066015720367432,0.075583510100842,-0.038041956722736,1
-0.10942974686623,-0.053008936345577,-0.040854088962078,1
-0.21711191534996,-0.034400522708893,-0.036223828792572,1
0.050023019313812,-0.24877428263426,0.051761001348495,1
0.17455506324768,0.15640892833471,0.19062439352274,1
0.15939694643021,0.23420073837042,0.011911399662495,1
0.17254722118378,0.20164581388235,0.15473050624132,1
-0.075704991817474,0.26844092458487,0.070969201624393,1
0.023543894290924,0.24461298435926,0.11118250340223,1
0.042039632797241,0.21542420238256,0.034926079213619,1
-0.10113582015038,-0.0041187331080437,0.0033524706959724,1
-0.16038012504578,0.13771911710501,0.071208439767361,1
0.12109297513962,-0.23434887081385,-0.027688704431057,1
-0.18722185492516,0.097902439534664,0.17901792377234,1
0.046377956867218,-0.091457852162421,-0.024764902889729,1
-0.15499904751778,0.10382013767958,0.1213126257062,1
0.0054884552955627,0.22677703946829,-0.020205579698086,1
-0.19258466362953,-0.1158179808408,0.023842535912991,1
-0.12002569437027,-0.019404716789722,-0.014427565038204,1
-0.023013234138489,-0.10229143849574,-0.010869607329369,1
0.09068888425827,-0.088772642426193,-0.065951161086559,1
-0.12687575817108,0.047672919929028,-0.022364780306816,1
0.080057740211487,-0.19366943836212,-0.0027034282684326,1
0.12093818187714,0.15917440503836,0.06046899408102,1
-0.21523466706276,-0.14540314674377,0.09580122679472,1
0.14213341474533,-0.15067604929209,0.2269290164113,1
-0.048088610172272,0.056859917938709,0.011986412107944,1
0.14586979150772,-0.16905990242958,0.13267482072115,1
0.0017932057380676,0.16728427261114,-0.085476774722338,1
0.0083868503570557,-0.097204177407548,-0.0088204443454742,1
-0.10872322320938,0.030660875141621,-0.051958568394184,1
0.11913323402405,0.17327504605055,0.00079915672540665,1
0.077395737171173,-0.20534099638462,0.01486849039793,1
-0.083520501852036,-0.015573583543301,-0.032874427735806,1
-0.050207793712616,-0.16938696801662,-0.087625481188297,1
-0.12222787737846,0.16274952143431,0.14344308525324,1
0.1193340420723,0.17833479493856,0.12122542411089,1
-0.070119023323059,-0.062104929238558,-0.023574657738209,1
-0.02718859910965,-0.075959987938404,0.018466278910637,1
0.022358894348145,0.10382164269686,-0.018149130046368,1
0.097952663898468,-0.088472404517233,-0.020300664007664,1
0.073512434959412,0.23532422631979,0.070548631250858,1
-0.077214777469635,0.12404323369265,0.0018273219466209,1
-0.13553786277771,0.0094171464443207,0.0077017769217491,1
-0.16113647818565,-0.15310887619853,-0.035563893616199,1
-0.028365433216095,-0.23305734246969,-0.021573685109615,1
-0.14153480529785,0.10529922693968,0.10384783893824,1
0.1899111866951,0.17151197046041,-0.074932314455509,1
-0.056959182024002,0.19308336824179,0.14279002696276,1
-0.20332551002502,0.01330641657114,-0.089420609176159,1
0.0041344165802002,-0.20407248288393,-0.014637179672718,1
0.089325845241547,-0.10516469972208,0.022402293980122,1
-0.16917014122009,-0.056670010089874,-0.092629179358482,1
0.12919962406158,0.15491440147161,-0.039808996021748,1
-0.22087341547012,-0.13037337549031,0.087668113410473,1
-0.0040220618247986,0.14264140278101,-0.034181848168373,1
-0.038248419761658,0.12003464251757,-0.018054641783237,1
-0.22108569741249,-0.0030738487839699,-0.056455068290234,1
-0.05560714006424,-0.058410830795765,-0.023913584649563,1
-0.12786394357681,0.21049507707357,-0.016030333936214,0
-0.21553212404251,0.042583338916302,-0.0097130611538887,1
-0.1884394288063,0.033354811370373,-0.09863705188036,1
0.058961749076843,0.096301682293415,-0.041217751801014,1
-0.068613946437836,-0.036508977413177,0.024018682539463,1
-0.22944098711014,-0.10469612618908,-0.0001705065369606,1
0.16523891687393,-0.15500541776419,0.028875537216663,1
-0.066170215606689,-0.10817727819085,-0.078664042055607,1
-0.069647043943405,-0.096067382954061,0.041135735809803,1
0.050028204917908,0.21776437014341,0.14634317904711,1
0.17366880178452,-0.23104772716761,-0.065147213637829,1
0.022131264209747,-0.081138139590621,-0.021150343120098,1
0.057449281215668,-0.18751603364944,-0.088561050593853,1
0.21582108736038,-0.19319351762533,0.025758571922779,1
-0.20622289180756,0.033992148935795,-0.02832967042923,1
-0.0033323168754578,-0.22240170091391,0.1013186648488,1
-0.12806218862534,-0.21881882101297,-0.056475400924683,1
0.1032879948616,0.20294030755758,0.18484450131655,1
0.031287133693695,-0.1358310803771,-0.07056425511837,1
-0.084747940301895,-0.0066352114081383,-0.018653221428394,1
-0.065065443515778,0.097989283502102,0.033828176558018,1
-0.15958449244499,-0.054145075380802,-0.070065394043922,1
-0.16140958666801,0.042698346078396,0.091237507760525,1
-0.14342865347862,-0.20709805190563,-0.0019949451088905,1
-0.12043422460556,-0.030560664832592,0.0095865949988365,1
0.100934445858,0.11286687105894,-0.054486259818077,1
-0.12834498286247,-0.13950136303902,0.058801524341106,1
0.062988221645355,-0.19641342014074,0.072704516351223,1
0.04835456609726,0.090228475630283,0.010395511984825,1
0.021454513072968,-0.27639976888895,-0.011119984090328,1
0.040517628192902,-0.14978620782495,0.01126366853714,1
0.060860335826874,-0.055234383791685,-0.014323465526104,1
0.08294814825058,-0.21491275727749,-0.021274827420712,1
0.024021744728088,-0.11002486757934,-0.07398447394371,1
-0.084129214286804,0.19693180173635,0.086527772247791,1
-0.25551435351372,-0.0025553032755852,0.053082413971424,1
0.080692112445831,0.15933423489332,-0.090299423784018,1
0.11825668811798,0.24926646798849,-0.011279918253422,1
0.076673030853271,0.05690573900938,0.0046933814883232,1
-0.090663760900497,0.094261430203915,0.024385847151279,1
-0.23982334136963,0.065997786819935,-0.030486680567265,1
0.10120713710785,0.13797482103109,-0.084701001644135,1
0.010267853736877,-0.18999256938696,-0.043085724115372,1
-0.071819424629211,0.018567480146885,-0.065306767821312,1
0.01909726858139,-0.089828295633197,0.012433484196663,1
-0.11348962783813,-0.080036560073495,0.029088400304317,1
0.047674000263214,-0.07808680832386,0.013749428093433,1
0.12404519319534,0.10374207049608,0.025416694581509,1
0.054370939731598,-0.12097129225731,-0.075652092695236,1
-0.16383427381516,0.014267385005951,0.0066307708621025,1
-0.21200835704803,0.066333465278149,0.15812128037214,1
0.097559869289398,-0.075034273788333,-0.061163373291492,1
-0.078715473413467,-0.19134726375341,0.16919244080782,1
-0.065775901079178,-0.036608591675758,-0.019479118287563,1
-0.21033322811127,0.1285742148757,-0.053214393556118,1
-0.083959698677063,0.092041991651058,0.010000728070736,1
0.072649538516998,0.19175466150045,0.082402475178242,1
0.11947304010391,-0.098860066151246,0.017256356775761,1
0.13193166255951,-0.16391698271036,-0.068732105195522,1
0.11712199449539,-0.10797127522528,-0.089259661734104,1
-0.060266584157944,-0.22232001274824,0.054132953286171,1
-0.22682482004166,-0.13014944642782,0.076645083725452,1
0.065422415733337,-0.11260795779526,-0.036030165851116,1
0.048068463802338,-0.18207112699747,0.014716409146786,1
-0.028572678565979,0.26488848775625,-0.012922488152981,1
-0.20030146837234,0.080654986202717,0.13081743568182,1
-0.21410864591599,0.068856976926327,0.089525796473026,1
0.071403920650482,-0.16062712296844,-0.023362062871456,1
0.088624775409698,0.10814315825701,-0.036393702030182,1
-0.17259865999222,-0.1192817594856,0.087133519351482,1
0.071245849132538,0.072748728096485,-0.010430298745632,1
-0.056711465120316,-0.0030265524983406,-0.037207804620266,1
-0.0060269236564636,-0.050923310220242,0.0040177255868912,1
0.049338757991791,-0.17127850651741,-0.084377478808165,1
-0.0082080960273743,-0.2460897937417,0.059532515704632,1
0.18078207969666,0.18561031669378,0.028026789426804,1
0.061163127422333,0.19664942473173,0.054971225559711,1
-0.0071137547492981,-0.19570381939411,0.058988951146603,1
0.056508600711823,-0.2578611895442,0.01047969609499,1
0.077549159526825,-0.10614701267332,-0.02666986733675,1
0.046814739704132,-0.069895615801215,0.0050792768597603,1
-0.074929803609848,0.25648432224989,-0.024585492908955,1
-0.11483976244926,-0.08638699632138,-0.055907353758812,1
-0.18956851959229,-0.040898982435465,0.014965184032917,1
0.041307270526886,-0.053459972143173,0.0033808350563049,1
-0.062731921672821,-0.20109765231609,0.019265867769718,1
0.11994695663452,-0.12081353925169,-0.0087677016854286,1
-0.10741320252419,0.095922373235226,-0.082903899252415,1
-0.23080602288246,0.0098602250218391,-0.0012891814112663,1
0.10647016763687,-0.16729228198528,0.030864149332047,1
-0.1791136264801,0.058937110006809,-0.083382368087769,1
-0.086270362138748,-0.26183948665857,0.095507316291332,1
-0.04644763469696,-0.047272432595491,0.015779457986355,1
-0.0846246778965,0.24036636203527,0.0031344145536423,1
0.033823490142822,0.086545415222645,0.00081954151391983,1
-0.037902772426605,-0.1734534651041,0.038086891174316,1
-0.13485592603683,0.17972724884748,0.079549737274647,1
-0.016073703765869,0.19291775673628,0.018654994666576,1
-0.08289310336113,-0.050368644297123,-0.0730140209198,1
0.03119421005249,0.079468451440334,-0.0083650127053261,1
0.053128719329834,-0.20592474937439,-0.085143469274044,1
0.088352560997009,0.17299305647612,-0.027113199234009,1
0.18876928091049,0.18888237327337,0.069355539977551,1
-0.15919634699821,0.19644065946341,0.12646067887545,1
-0.044991254806519,0.081610672175884,-0.062204174697399,1
-0.13744255900383,-0.15818364918232,0.15131121128798,1
-0.095650404691696,-0.2001470848918,0.092592544853687,1
0.030595541000366,-0.10272452887148,-0.05750411003828,1
-0.10095289349556,-0.15879014506936,0.041234910488129,1
-0.13658204674721,-0.045237876474857,-0.013189695775509,1
0.17831140756607,0.22162114828825,0.12191111594439,1
-0.1486799120903,0.012862913310528,0.072634734213352,1
-0.085808604955673,0.11159939318895,-0.041489787399769,1
-0.20949000120163,0.080001570284367,-0.065850235521793,1
-0.055745154619217,0.18753521889448,0.11066199094057,1
-0.066176533699036,0.17915948480368,-0.054784253239632,0
-0.20960214734077,0.10177224129438,0.11350382119417,1
0.050483524799347,0.062612019479275,-0.0024821534752846,1
-0.16779464483261,-0.067887961864471,0.085682801902294,1
0.044508278369904,-0.095544370356947,-0.025010004639626,1
0.06661057472229,0.086756341159344,0.0067350119352341,1
-0.24168872833252,-0.077445887029171,-0.055739603936672,1
-0.052250504493713,-0.10111647471786,0.027681760489941,1
0.024497509002686,0.13203651458025,-0.064269788563251,1
-0.035631000995636,0.14463896304369,-0.064184404909611,1
-0.06710746884346,-0.055402968078852,-0.03233390301466,1
-0.1318074464798,0.015933491289616,-0.041502445936203,1
-0.055691421031952,0.035479180514812,-0.03242039680481,1
0.054755985736847,-0.13278922438622,-0.022171765565872,1
0.1201394200325,-0.16981689631939,0.0030677318572998,1
-0.12343776226044,-0.10414753854275,-0.076250441372395,1
-0.15185457468033,0.19487734884024,-0.079646177589893,1
0.079892933368683,0.2316794320941,-0.064289182424545,1
-0.10142961144447,-0.22345346212387,0.094633169472218,1
-0.091102361679077,0.16796328872442,-0.072290323674679,0
-0.097824037075043,0.032844670116901,-0.032703422009945,1
0.098170459270477,0.2755029425025,0.054348133504391,1
-0.1309127509594,-0.09930077008903,0.055342085659504,1
0.12737911939621,0.17856924980879,0.20988643914461,1
-0.039902925491333,0.16685839742422,0.071028687059879,1
0.12157237529755,0.20911663025618,-0.013221584260464,1
-0.18342754244804,-0.084244806319475,-0.036883294582367,1
-0.1495395898819,0.080529160797596,-0.098967306315899,1
-0.20400926470757,-0.12541219592094,0.14623404294252,1
-0.04896205663681,0.10884694010019,0.01738253980875,1
0.037304997444153,0.072691358625889,-0.030852809548378,1
0.18470948934555,-0.16063049063087,0.086895100772381,1
-0.22141563892365,0.081896595656872,-0.082732364535332,1
0.02180278301239,-0.12202190048993,0.019543521106243,1
-0.024676144123077,-0.048240199685097,-0.016789801418781,1
0.14179807901382,0.13147758692503,-0.061058260500431,1
0.039956212043762,-0.086471398361027,-0.020721264183521,1
0.140545129776,0.12361607700586,-0.045902095735073,1
0.023362219333649,0.061022080481052,0.0012146830558777,1
0.11812204122543,0.22765549272299,0.028661794960499,1
0.10788577795029,0.19210716336966,0.046522073447704,1
-0.19211658835411,-0.11345277260989,-0.086760528385639,1
-0.19078594446182,-0.077313784509897,0.11544562131166,1
-0.21427977085114,0.064670898020267,-0.072248823940754,1
0.009382426738739,0.11838350445032,-0.061362601816654,1
0.099268734455109,-0.19918897747993,-0.076838634908199,1
-0.097195327281952,-0.22868873924017,0.075255192816257,1
-0.11179572343826,0.073246337473392,-0.015118278563023,1
0.14751750230789,0.23993613570929,0.078339196741581,1
0.048242926597595,0.094306670129299,0.022356539964676,1
-0.04916924238205,-0.018118895590305,-0.030412241816521,1
-0.23086994886398,0.044124700129032,-0.065174169838428,1
0.018431067466736,0.24004670232534,0.11829639226198,1
-0.0093743205070496,0.26548095792532,-0.023871056735516,1
-0.23226481676102,0.0078762397170067,0.088941849768162,1
0.026648342609406,0.083272404968739,0.017489202320576,1
-0.033710300922394,0.0052928477525711,-0.0073279812932014,1
-0.078984290361404,-0.10843600332737,0.014948137104511,1
0.013230383396149,-0.23125759512186,0.14066330343485,1
0.095408499240875,-0.16823992133141,0.083596028387547,1
0.036462187767029,-0.10497824149206,0.0016186237335205,1
-0.083488523960114,-0.15289313718677,-0.077313803136349,1
0.11592036485672,0.19894149154425,0.016640417277813,1
-0.081323713064194,-0.092968600802124,0.036694966256618,1
-0.067303627729416,-0.031058259308338,0.017217732965946,1
-0.030674755573273,0.13631511479616,-0.026200287044048,1
-0.17096981406212,-0.069191880524158,-0.037368230521679,1
0.12867444753647,0.22480403631926,0.16539513319731,1
-0.077557533979416,0.18103488534689,-0.0026257485151291,1
-0.010572850704193,-0.071914533153176,-0.0063628405332565,1
0.062007963657379,0.20445015281439,-0.043322078883648,1
-0.10853001475334,0.094230093061924,-0.047642819583416,1
0.079182803630829,0.056327261030674,0.011875800788403,1
-0.055256128311157,-0.097761810291559,-0.066209375858307,1
0.018744051456451,-0.072731429710984,-0.0019572973251343,1
-0.03003317117691,0.25145029276609,-0.065882712602615,1
-0.14807420969009,-0.1710858643055,0.12157475203276,1
-0.11075282096863,-0.25535363703966,0.004599392414093,1
-0.082167863845825,0.071631066501141,0.0072137787938118,1
-0.21368554234505,-0.029507733881474,0.1068704649806,1
-0.067302823066711,0.17737697809935,-0.013011127710342,1
0.01096385717392,0.15420492738485,0.050951592624187,1
0.049975335597992,-0.26550828665495,-0.049187585711479,1
-0.19428935647011,-0.1323308236897,0.091660685837269,1
-0.069440186023712,0.076999716460705,-0.0046213045716286,1
0.012982189655304,-0.1319562792778,0.0058253332972527,1
0.042250335216522,-0.089555992744863,-0.010512642562389,1
-0.0069294571876526,0.19765492528677,0.096608333289623,1
-0.10601863265038,-0.20944239199162,0.012299388647079,1
-0.093871176242828,-0.19868905842304,0.064957916736603,1
-0.069873154163361,0.01874802261591,-0.024134941399097,1
0.061287462711334,-0.14139152690768,-0.075910463929176,1
-0.0034966468811035,0.22949659079313,-0.056328937411308,1
-0.13654088973999,0.16039093583822,0.09028934687376,1
-0.13885632157326,-0.10972051881254,0.068468846380711,1
-0.061499089002609,-0.21828858554363,0.017888210713863,1
-0.11144524812698,0.17417570203543,0.08419530838728,1
0.0031036734580994,-0.098428727942519,0.0055330768227577,1
-0.039126038551331,0.28117503970861,0.039051286876202,1
0.080272972583771,-0.10526873217896,0.013693280518055,1
0.05594128370285,0.055384360253811,-0.012824885547161,1
0.21117454767227,0.22602414339781,0.0040268301963806,1
0.0739825963974,0.22198092192411,0.11863026767969,1
-0.071768522262573,0.04870068281889,-0.022992916405201,1
0.135482609272,-0.12528203800321,0.065719000995159,1
0.13921576738358,-0.19199325144291,-0.01816725730896,1
0.18613249063492,-0.17767418175936,-0.060819409787655,1
-0.059352487325668,-0.15022089332342,-0.084321804344654,1
-0.054825067520142,-0.027992658317089,0.010917611420155,1
0.023728847503662,-0.086840183474123,-0.030287452042103,1
0.15175545215607,0.21938645094633,0.015476070344448,1
-0.050145298242569,0.10858947783709,-0.036512516438961,1
0.083396196365356,0.16497107595205,-0.093730799853802,1
-0.14049765467644,-0.095282443799078,0.017576821148396,1
-0.037845730781555,0.021783962845802,-0.02668709307909,1
0.071399688720703,-0.11239070538431,-0.039826482534409,1
0.055614650249481,0.12867318838835,-0.05466353148222,1
0.12060993909836,0.12988119572401,-0.052281066775322,1
-0.029737114906311,0.12695650011301,0.027950130403042,1
-0.061622887849808,-0.02139987051487,0.0013373419642448,1
-0.14579591155052,-0.18533757328987,-0.038253836333752,1
0.05044150352478,0.087217338383198,0.016215234994888,1
-0.095966964960098,-0.025001689791679,-0.01006094366312,1
0.027160704135895,0.12337916344404,-0.017579026520252,1
-0.19829148054123,-0.040921658277512,0.058614902198315,1
-0.015691876411438,0.16543050855398,0.0036265626549721,1
-0.11449295282364,-0.03675639629364,-0.028992503881454,1
-0.11475405097008,-0.14468723163009,0.19572902470827,1
-0.18322017788887,-0.14430643245578,0.15680126100779,1
-0.080557256937027,-0.17792911827564,-0.01213413476944,1
-0.10021117329597,-0.092770925257355,-0.089317075908184,1
-0.18348056077957,-0.17676914483309,0.11556697636843,1
0.079011499881744,0.14649996906519,-0.0051085650920868,1
-0.10043102502823,0.10130674391985,0.019568808376789,1
-0.14145267009735,-0.13525454327464,0.096322946250439,1
-0.1993083357811,0.11909560114145,0.045527137815952,1
0.14224892854691,-0.23492110520601,-0.065994761884212,1
0.025123059749603,-0.19525913149118,0.029100023210049,1
0.14525306224823,-0.14725856482983,0.091563247144222,1
0.076842606067657,-0.20805826038122,-0.0012965649366379,1
-0.016568839550018,0.20172359794378,0.16436449438334,1
-0.10582983493805,-0.015874460339546,-0.023704834282398,1
0.061233699321747,-0.077864069491625,0.019308894872665,1
-0.091834485530853,0.017434574663639,-0.04158691316843,1
-0.22895017266273,-0.1338490433991,-0.004142053425312,1
0.15233588218689,0.17454197257757,0.065518945455551,1
-0.080442875623703,0.25426759570837,-0.021373704075813,0
-0.1993345618248,0.15498941391706,0.087649323046207,1
0.1114444732666,-0.14599955454469,0.028413265943527,1
-0.15470871329308,-0.11424651741982,0.064526118338108,1
-0.073071002960205,-0.04162859916687,-0.034463353455067,1
-0.0085384845733643,0.20547144860029,0.009119376540184,1
0.13459104299545,-0.26354109495878,0.046147041022778,1
0.025916516780853,-0.25683189183474,0.017206452786922,1
0.011988937854767,0.10055408626795,0.013382531702518,1
-0.008256733417511,-0.049920134246349,-0.0038585439324379,1
0.092051923274994,-0.22004821151495,0.11617306619883,1
0.14925855398178,0.25559588521719,0.016024589538574,1
0.02728545665741,-0.19531129300594,0.078313745558262,1
-0.03855037689209,0.19340636581182,0.18644837290049,1
-0.15008264780045,-0.010998748242855,-0.053798831999302,1
-0.14761963486671,-0.065522525459528,-0.01037085801363,1
0.028010189533234,-0.2482660189271,0.042819283902645,1
-0.04284793138504,-0.10199854336679,0.030159384012222,1
0.032861113548279,0.14286283403635,0.00099766254425049,1
-0.17666366696358,0.010923773050308,0.094035156071186,1
-0.046638965606689,-0.23436603695154,-0.031749524176121,1
0.044178605079651,0.13676651567221,-0.031481809914112,1
-0.10527437925339,0.19566308706999,0.18238087743521,1
-0.061618059873581,-0.21996512264013,-0.0038114860653877,1
0.084306836128235,-0.21061768382788,-0.029991202056408,1
-0.058785289525986,-0.1003153072088,0.037733390927315,1
-0.069898217916489,-0.031178556382656,0.011807985603809,1
-0.050012469291687,-0.23448888212442,-0.084688745439053,1
0.099188268184662,-0.13609579205513,-0.064473353326321,1
-0.055004328489304,0.11505345255136,-0.073077283799648,1
-0.023889183998108,-0.19905270636082,-0.058147557079792,1
-0.18360659480095,0.19338362663984,-0.033331401646137,1
-0.21833953261375,-0.14437453448772,0.023731149733067,1
-0.18849167227745,-0.1822757422924,0.0038863494992256,1
-0.17688539624214,-0.13369965553284,0.13563757389784,1
0.16925942897797,-0.2228988558054,0.053472422063351,1
-0.071228086948395,-0.14345686510205,-0.020601943135262,1
-0.029179871082306,0.18356262892485,0.07837600260973,1
-0.10261243581772,0.14102398604155,0.0033123418688774,1
-0.20758000016212,-0.0015385150909424,0.085302911698818,1
-0.17351302504539,-0.096345083322376,0.13360654562712,1
0.14718669652939,-0.13874074444175,0.063194163143635,1
-0.16278958320618,-0.22318506240845,0.068537667393684,1
-0.17655828595161,-0.0088802129030228,0.12965189665556,1
-0.11462816596031,0.20359804481268,0.16185300797224,1
0.022476017475128,0.22106822580099,-0.09371717274189,1
0.2083016037941,-0.19497987627983,0.021060414612293,1
-0.11114114522934,0.040928654372692,-0.026770070195198,1
-0.027555167675018,0.24085243791342,-0.088288545608521,1
-0.099905669689178,0.11821312457323,-0.038427002727985,1
-0.078956663608551,0.10669308155775,-0.083991400897503,1
-0.057730346918106,0.22608359903097,0.14317401498556,1
0.10371738672256,-0.083881136029959,-0.014116458594799,1
0.024012327194214,0.10921653360128,0.027895219624043,1
-0.060500144958496,0.013854391872883,-0.048001624643803,1
-0.033864080905914,-0.019492000341415,-0.011197663843632,1
-0.09650719165802,-0.2264676168561,0.12657877057791,1
0.10133123397827,0.18600218743086,0.11940140277147,1
-0.16287928819656,-0.17634937912226,-0.04366097599268,1
-0.066818922758102,-0.16266376525164,0.013673432171345,1
-0.12712174654007,-0.004937432706356,-0.080492965877056,1
-0.037183165550232,0.22732379287481,0.031103581190109,1
0.15156036615372,-0.13069970160723,-0.013451091945171,1
-0.082657694816589,0.029955498874187,0.011226780712605,1
-0.022905588150024,0.20792862027884,0.15161032229662,1
-0.20255878567696,0.16785045713186,0.093554385006428,1
-0.063989758491516,-0.099424666841514,0.033916421234608,1
-0.021486103534698,0.063932694494724,0.0095963254570961,1
-0.029694139957428,0.034498699009418,-0.015970699489117,1
-0.058454424142838,0.12876350432634,0.020629070699215,1
-0.15545919537544,-0.08253394253552,-0.0043410733342171,1
-0.0074548125267029,0.065898962318897,-0.02655965834856,1
0.03937166929245,-0.17939686030149,0.055361978709698,1
-0.085399270057678,-0.15931902825832,0.062792129814625,1
-0.015864074230194,-0.084003854542971,-0.0014679729938507,1
-0.15030494332314,-0.19065272063017,0.039083577692509,1
-0.18167608976364,-0.10224796598777,-0.056746318936348,1
-0.024360477924347,0.25120448321104,-0.00049762427806854,1
-0.028724491596222,-0.22388090193272,-0.014394491910934,1
-0.07289731502533,0.15337314456701,0.088285990059376,1
-0.024111926555634,-0.26591178029776,-0.052118860185146,1
-0.22690534591675,0.027190856635571,-0.0080020055174828,1
-0.05024591088295,-0.081355463713408,0.0077152922749519,1
-0.15016955137253,0.14694618433714,-0.037961535155773,1
-0.19625607132912,-0.17296020686626,0.015497080981731,1
-0.043290913105011,0.14354833215475,-0.052815198898315,1
-0.081892013549805,0.20072474330664,-0.038347445428371,0
0.16410917043686,-0.16284704953432,0.0036508813500404,1
-0.090246379375458,-0.092760354280472,-0.048436664044857,1
0.10396295785904,-0.096126128453761,-0.04568924754858,1
-0.04881739616394,0.23667629808187,0.035091333091259,1
-0.21330252289772,-0.0073774456977844,0.083637900650501,1
0.060998797416687,-0.12298427708447,-0.063166342675686,1
-0.16559165716171,-0.12079354375601,-0.091691963374615,1
-0.027075052261353,0.076382659375668,-0.059108294546604,1
0.058740735054016,0.16923876851797,-0.040010064840317,1
-0.026998937129974,-0.2315383926034,0.13752321153879,1
-0.24906313419342,-0.058959607034922,-0.021962553262711,1
-0.0078752636909485,-0.13830361515284,0.021219216287136,1
0.083344757556915,0.088274382054806,-0.016606159508228,1
0.066045880317688,-0.093382014892995,-0.051007255911827,1
-0.20446938276291,-0.12318550050259,-0.040040351450443,1
0.035138666629791,0.11747638136148,0.022600702941418,1
-0.064660638570786,-0.010070361196995,-0.0039736405014992,1
0.10963302850723,-0.18567615747452,0.082112200558186,1
0.043770730495453,0.14163006097078,-0.071420580148697,1
-0.1652646958828,-0.026851452887058,-0.084655221551657,1
-0.0098227858543396,0.23262187093496,-0.094741016626358,1
-0.20294487476349,0.025893025100231,0.16710061579943,1
-0.045999944210052,-0.27764862030745,0.01738191395998,1
0.10317832231522,-0.26340348273516,-0.05447793006897,1
0.13034451007843,0.14576991647482,-0.077931061387062,1
0.070463716983795,-0.096670144004747,-0.025000184774399,1
0.035409510135651,-0.081623995676637,0.01251695305109,1
0.056338310241699,0.22914128750563,0.094226606190205,1
0.0099027156829834,-0.23929200321436,0.10312292724848,1
-0.024564504623413,0.13317609578371,0.026045762002468,1
-0.0031468868255615,0.10645576566458,-0.012448891997337,1
0.006284773349762,-0.2193896099925,-0.0025784522294998,1
0.12798696756363,0.17702283710241,0.13554010540247,1
-0.056383043527603,0.21938737481833,0.16305733472109,1
-0.20586851239204,0.077320970594883,0.0592335537076,1
-0.042461693286896,-0.14469537138939,-0.051591835916042,1
0.14326548576355,-0.25464931875467,0.084200285375118,1
0.068749487400055,-0.21661837399006,-0.026438727974892,1
-0.2046269774437,0.075143180787563,0.034590966999531,1
-0.055790036916733,-0.16623178124428,0.075169064104557,1
-0.14608961343765,0.093115322291851,-0.026053234934807,1
-0.016682684421539,-0.10551295988262,0.0020579770207405,1
0.16035896539688,-0.14933132380247,0.090042240917683,1
-0.043829143047333,0.17467727512121,0.030122064054012,1
-0.011042654514313,0.22186367958784,-0.094754341989756,1
0.020251333713531,0.10287678986788,-0.010741949081421,1
0.089408457279205,-0.11168807558715,0.011855691671371,1
0.0069921016693115,0.16536708921194,0.048656694591045,1
-0.14958289265633,-0.032535657286644,0.033619903028011,1
-0.013928055763245,-0.23061639815569,-0.055388242006302,1
-0.089323312044144,0.18471606820822,0.11698988825083,1
-0.058878421783447,0.039911188185215,-0.026803836226463,1
-0.018422186374664,-0.07179451175034,0.0059301853179932,1
0.075263559818268,-0.25875785201788,-0.047540381550789,1
0.11404365301132,-0.27270618826151,0.038671776652336,1
0.032845556735992,0.26893713325262,-0.048223748803139,1
0.099802315235138,-0.18198694288731,-0.0090982541441917,1
-0.14465299248695,-0.068601951003075,0.073913402855396,1
-0.079343229532242,-0.088014387525618,-0.052707858383656,1
0.019129574298859,0.21252780407667,0.17696771770716,1
-0.1521338224411,0.11912127584219,0.052966259419918,1
0.0043044686317444,-0.15857737511396,-0.075055338442326,1
-0.0218905210495,0.085298039019108,-0.040896996855736,1
-0.11314511299133,-0.061321277171373,-0.040242627263069,1
-0.052256077528,0.071556188166142,-0.070730239152908,1
0.060048282146454,-0.18142302334309,0.064934350550175,1
0.04863303899765,0.050635658204556,-0.00079905241727829,1
-0.22677659988403,0.068477176129818,0.058788485825062,1
-0.096839129924774,-0.03409805893898,-0.013775371015072,1
-0.096344411373138,-0.0097482204437256,-0.0069281235337257,1
-0.056999802589417,0.145826600492,-0.040517784655094,1
-0.018544971942902,-0.15262036398053,-0.077014982700348,1
-0.19841584563255,-0.044681403785944,-0.015730105340481,1
-0.027872145175934,-0.075753692537546,0.020163029432297,1
0.088385879993439,-0.093581128399819,-0.021266289055347,1
0.051168620586395,-0.26711136847734,0.072806529700756,1
0.17256826162338,-0.16691413521767,0.11401166766882,1
-0.22671443223953,-0.1501139216125,0.044424884021282,1
-0.10030916333199,-0.11659417673945,0.032366029918194,1
0.048411428928375,-0.1000460331561,-0.035362288355827,1
-0.025029301643372,-0.29070103913546,0.019413001835346,1
-0.05348801612854,0.12832001596689,-0.034207455813885,1
-0.071937948465347,-0.15097436308861,-0.04945133626461,1
0.19363856315613,0.20962806791067,0.11423545330763,1
0.14618664979935,0.2037865743041,-0.089706689119339,1
0.04360693693161,-0.17681556195021,0.04466850310564,1
0.036925494670868,-0.15932815521955,-1.3373792171478e-05,1
-0.1557052731514,0.14271516352892,0.17164251953363,1
-0.18298196792603,-0.026161849498749,-0.075875110924244,1
0.17226296663284,-0.20828869193792,-0.0094661191105843,1
0.12224739789963,-0.15683390572667,-0.0063193365931511,1
-0.016943275928497,0.071561194956303,-0.040599711239338,1
0.045157372951508,-0.14269902184606,-0.07957199215889,1
-0.18371066451073,-0.038076899945736,-0.084922544658184,1
-0.12031218409538,-0.10977173037827,-0.050690732896328,1
0.039907872676849,-0.13432355970144,-0.017811231315136,1
-0.13594970107079,-0.02127843350172,-0.029883109033108,1
0.13457125425339,-0.17180166393518,0.13954970985651,1
-0.034910440444946,-0.19780171662569,0.072419874370098,1
0.064016878604889,0.071124412119389,-0.01679190993309,1
-0.12132325768471,0.062518484890461,-0.073380447924137,1
-0.0033298134803772,0.084092848002911,-0.0067073553800583,1
-0.051349341869354,-0.11492165643722,0.015919171273708,1
0.14027374982834,-0.15968603268266,0.21133960038424,1
0.08014976978302,0.11306449025869,-0.025652766227722,1
-0.016115367412567,0.23518129438162,0.12790464609861,1
0.024998009204865,-0.07094500400126,0.0080325677990913,1
0.089065074920654,0.066775403916836,0.011563993990421,1
-0.052358865737915,-0.0029964074492455,0.011265225708485,1
0.17598521709442,0.20162793248892,-0.056588172912598,1
0.086799681186676,-0.13924076780677,-0.05931331962347,1
0.021424472332001,0.056566245853901,-0.0036187767982483,1
-0.19541493058205,-0.023305639624596,0.14281784743071,1
0.1464010477066,-0.15517334640026,-0.0038894191384315,1
0.1486234664917,0.18257423490286,0.099065609276295,1
-0.098348677158356,-0.1019043372944,-0.068937011063099,1
-0.25051680207253,0.043155856430531,-0.051362857222557,1
0.044845521450043,0.18513392657042,-0.08569660410285,1
-0.055718392133713,-0.18790458142757,0.021650463342667,1
-0.089953154325485,0.24075528234243,-0.044790722429752,0
-0.16536182165146,-0.18399526923895,0.12180914729834,1
0.13166815042496,-0.11687214672565,-0.057557784020901,1
0.058413326740265,0.23167579621077,0.1563830152154,1
-0.10552290081978,0.19993831962347,-0.039579428732395,1
-0.088683694601059,-0.0043670982122421,-0.037995904684067,1
0.067105889320374,0.092270903289318,-0.034560143947601,1
0.077815532684326,0.077678374946117,-0.038144193589687,1
0.14858758449554,-0.15732573345304,-0.0086023136973381,1
0.022909283638,0.15465693920851,-0.032830037176609,1
0.056913673877716,-0.085680522024632,0.013387307524681,1
0.012201189994812,0.14136328548193,-0.083358380943537,1
0.11137670278549,-0.16410278528929,0.055184088647366,1
-0.22388708591461,0.044656060636044,-0.085893645882607,1
-0.082766950130463,0.036841921508312,-0.018909610807896,1
0.14271169900894,0.16343065351248,0.002288818359375,1
-0.07329535484314,-0.04354115948081,-0.0080281868577003,1
0.1409028172493,-0.16835816204548,0.080091424286366,1
-0.13749387860298,0.0016026347875595,-0.079329214990139,1
-0.19709727168083,0.068347074091434,-0.016488440334797,1
0.12092715501785,-0.13080295920372,-0.0044753029942513,1
-0.11711114645004,0.018149957060814,-0.058584786951542,1
-0.1611824631691,0.012555129826069,-0.045068018138409,1
0.015305280685425,-0.1385293379426,0.032750472426414,1
0.0056203007698059,-0.1276237424463,0.0284089371562,1
-0.030538737773895,0.091826371848583,-0.015025667846203,1
0.055176913738251,0.085071451961994,-0.013082973659039,1
0.031524837017059,-0.06261982023716,0.0041831806302071,1
-0.13545775413513,-0.062014173716307,-0.012436993420124,1
-0.13641396164894,-0.13327007368207,0.11375357955694,1
-0.013325393199921,0.25431396812201,0.11293222755194,1
0.014431118965149,-0.20107838511467,-0.017434023320675,1
-0.10881242156029,0.12027925997972,-0.077920995652676,1
0.078583478927612,0.17885004729033,0.020368076860905,1
-0.087793797254562,0.1105293110013,0.016773991286755,1
-0.092366456985474,-0.049935322254896,-0.073181010782719,1
0.027300536632538,-0.1547825448215,0.042897246778011,1
-0.12599232792854,0.011410482227802,-0.094196327030659,1
-0.063401073217392,0.14432639628649,0.053553394973278,1
-0.070635259151459,0.063400261104107,-0.056444190442562,1
0.12675601243973,0.18917139619589,0.10070843249559,1
-0.10747942328453,0.21233787387609,-0.012338005006313,0
-0.02041357755661,-0.20791601389647,0.049648016691208,1
-0.21188658475876,0.1354663297534,0.019946120679379,1
-0.12953823804855,0.074657805263996,0.073182113468647,1
-0.088467419147491,0.20131444185972,0.18439575284719,1
-0.06667685508728,-0.069869190454483,-0.072713010013103,1
-0.23284092545509,-0.054008323699236,0.14804971963167,1
-0.24936956167221,0.08102809637785,0.017472319304943,1
-0.10751494765282,0.12018821388483,0.049857623875141,1
0.018527925014496,0.21415134519339,-0.078728511929512,1
0.059899628162384,-0.12173471599817,0.016746707260609,1
-0.0069406628608704,-0.056421082466841,0.0032806992530823,1
-0.18670424818993,0.15452640503645,-0.060623086988926,1
0.014775633811951,0.10126855224371,-0.050749786198139,1
-0.22528070211411,0.091756902635098,0.063502095639706,1
-0.035899460315704,-0.19687789678574,0.091514833271503,1
-0.018624484539032,0.26430680602789,0.018538072705269,1
-0.092028737068176,-0.0070819929242134,-0.061583943665028,1
-0.20021346211433,0.11783529073,-0.015979878604412,1
-0.17939108610153,0.088183023035526,0.051073871552944,1
0.096901595592499,-0.16482900083065,-0.064806498587132,1
-0.059311956167221,-0.16326104849577,-0.037902519106865,1
0.088210761547089,-0.16190896183252,-0.076099216938019,1
-0.11750167608261,0.11328297108412,0.030173175036907,1
-0.021920025348663,0.18927314132452,-0.069788679480553,1
-0.18314689397812,0.0070105418562889,0.013479612767696,1
-0.04921966791153,-0.14354423061013,0.032881401479244,1
-0.12502413988113,0.091161422431469,0.035176865756512,1
0.079192161560059,-0.20680879801512,0.13033533841372,1
-0.12579452991486,0.14456977695227,-0.047953866422176,0
0.061916410923004,-0.10032155644149,0.017789721488953,1
-0.12979593873024,-0.15601214393973,0.15487181395292,1
-0.050781100988388,-0.069182589650154,-0.065654121339321,1
-0.074625939130783,-0.00717943161726,0.021728835999966,1
-0.075464099645615,-0.015351012349129,-0.067270778119564,1
0.013538300991058,0.22579487413168,-0.019780226051807,1
0.10172909498215,-0.085915189236403,-0.06608334928751,1
-0.0024951100349426,0.10407707840204,0.011635705828667,1
-0.052470773458481,-0.072947977110744,0.022839613258839,1
-0.096260964870453,0.071073688566685,-0.020934008061886,1
-0.14342322945595,-0.11695555411279,0.050362505018711,1
-0.013628363609314,0.22996320575476,-0.04193627089262,1
0.019351541996002,0.25851970165968,0.06346008181572,1
-0.059599339962006,-0.019446730613708,-0.016040600836277,1
-0.14180055260658,-0.23420802503824,0.055917285382748,1
-0.12402281165123,0.16511186212301,0.17798151820898,1
0.12104398012161,0.13428127020597,0.06330244243145,1
-0.024728655815125,-0.066899098455906,-0.013174958527088,1
0.016324520111084,0.22611036151648,-0.031573191285133,1
-0.074939340353012,0.19723113626242,0.033475235104561,1
-0.21241909265518,-0.019982181489468,0.12286976724863,1
-0.032066881656647,-0.034570157527924,-0.028434038162231,1
0.065245568752289,-0.28363097459078,0.031612634658813,1
0.058687448501587,0.15250932425261,-0.0034160315990448,1
0.030047833919525,0.20343696326017,0.11468646675348,1
0.045246481895447,-0.14124257490039,-0.061991594731808,1
0.014799237251282,0.25518967956305,0.035621516406536,1
-0.06620866060257,-0.0013175308704376,-0.047611825168133,1
-0.045248866081238,-0.16389349102974,0.024312116205692,1
0.058819174766541,0.26898195594549,0.030071668326855,1
0.11587852239609,0.2386839017272,0.095908530056477,1
-0.0096493363380432,0.095434300601482,0.018227972090244,1
0.1097953915596,0.21569960564375,0.063629530370235,1
-0.17090409994125,0.035196207463741,0.074222825467587,1
-0.034935176372528,-0.16757852584124,-0.009315513074398,1
-0.01609855890274,0.17335798591375,0.061241403222084,1
-0.003585159778595,-0.070781474933028,-0.029097780585289,1
-0.16279882192612,-0.050325941294432,0.0085073038935661,1
-0.15305724740028,-0.10620117280632,0.14494373649359,1
-0.099915027618408,-0.17243634909391,-0.092388667166233,1
-0.059889107942581,0.22900562733412,-0.0079652592539787,1
-0.018793702125549,-0.083612281829119,-0.054790787398815,1
-0.03917783498764,0.19087164849043,-0.031924329698086,1
0.11796891689301,-0.14467323943973,0.034910745918751,1
0.11587488651276,-0.22562532871962,-0.064560122787952,1
-0.094056457281113,-0.26506223529577,0.048840142786503,1
0.059882164001465,0.2252646908164,-0.0091591402888298,1
0.12218469381332,0.21690242737532,0.1255616620183,1
0.14261615276337,0.16314937919378,0.052133575081825,1
-0.24424284696579,0.02182874828577,-0.061907090246677,1
0.10691553354263,0.20923136919737,0.14598611742258,1
0.021059572696686,0.10234621912241,0.017168521881104,1
0.17718857526779,-0.19844356179237,0.060629047453403,1
-0.19325789809227,0.15978714078665,-0.067215703427792,1
0.07466596364975,0.22525053471327,-0.08455128967762,1
-0.15116369724274,0.010242223739624,0.0041125640273094,1
-0.054997950792313,-0.14156583324075,0.060772061347961,1
-0.021534204483032,0.092977993190289,-0.0071917548775673,1
0.1008152961731,0.1900257691741,0.14552902430296,1
0.16120976209641,-0.14274964854121,0.21184081584215,1
-0.20165836811066,-0.12754282914102,-0.055170595645905,1
-0.047990620136261,-0.20890513807535,0.13614358752966,1
0.10602062940598,0.14396993070841,0.027410857379436,1
0.053304970264435,-0.17616071552038,0.036763228476048,1
-0.19019874930382,0.049853391945362,0.12444444745779,1
0.10064345598221,-0.11699793674052,-0.055876515805721,1
-0.084322720766068,0.1640601977706,-0.030563868582249,0
-0.147077023983,0.11651829630136,-0.018518961966038,1
-0.064976722002029,-0.050813484936953,0.019345887005329,1
0.034340858459473,0.066662900149822,-0.00087719410657883,1
-0.22209885716438,-0.042325459420681,-0.013706855475903,1
0.025718092918396,0.14848314970732,0.046088322997093,1
-0.000873863697052,-0.20278117805719,0.032156102359295,1
-0.13373056054115,-0.18537966161966,0.13064669817686,1
-0.15221661329269,0.027081333100796,0.032586939632893,1
0.075196206569672,-0.22991538792849,0.010320730507374,1
-0.088609606027603,-0.13537871837616,-0.016109995543957,1
-0.24840781092644,-0.085748201236129,0.016096629202366,1
-0.04369181394577,-0.15791480988264,0.035700485110283,1
0.05539608001709,-0.075114475563169,-0.038339950144291,1
0.063466727733612,0.22289817780256,0.17708351463079,1
-0.13164401054382,0.20729782432318,0.081980295479298,1
-0.21850991249084,0.067661948502064,-0.0095924958586693,1
-0.24024280905724,-0.045575756579638,-0.072608977556229,1
0.04364138841629,-0.11840276420116,-0.033277705311775,1
-0.070139646530151,0.21174659579992,0.029854796826839,1
-0.0801722407341,0.14068656414747,0.027039237320423,1
-0.087623953819275,0.0011532381176949,-0.052034087479115,1
-0.082917630672455,0.027541272342205,-0.0611662119627,1
0.14633285999298,0.18578901141882,-0.046170771121979,1
-0.036639094352722,0.2106876000762,0.037264049053192,1
-0.051692754030228,-0.17452118545771,-0.054155841469765,1
-0.066468149423599,-0.053013645112514,-0.045881897211075,1
-0.21563240885735,-0.11275956500322,0.026231043040752,1
-0.001126229763031,-0.19138487428427,-0.083557203412056,1
-0.1752578318119,-0.10621823742986,0.0094221755862236,1
-0.043130099773407,-0.028507687151432,0.0089079067111015,1
-0.11553663015366,-0.019119627773762,-0.048337899148464,1
-0.12441730499268,-0.065757464617491,0.05114484578371,1
-0.19292333722115,-0.12268367037177,-0.0061984583735466,1
-0.083526223897934,-0.1221264693886,0.052979655563831,1
-0.071479856967926,0.21916522830725,0.069877475500107,1
0.032481610774994,-0.176005885005,0.024083383381367,1
-0.07707890868187,-0.27072698622942,0.069777712225914,1
0.20111507177353,0.18329205363989,0.15688658505678,1
-0.018530547618866,-0.1977778300643,0.026330344378948,1
-0.22311797738075,-0.12914551608264,-0.015025816857815,1
-0.037452340126038,-0.16706692427397,0.027478136122227,1
0.16361969709396,-0.14271414652467,0.045956067740917,1
-0.037373542785645,-0.10989713296294,0.014458283782005,1
0.052773773670197,-0.25629090517759,0.059423588216305,1
-0.048124730587006,0.15298446267843,-0.052183069288731,1
0.074199974536896,0.24717207998037,0.040316589176655,1
0.072189569473267,0.050171218812466,-0.010708354413509,1
0.10570359230042,0.18837248533964,0.12229826301336,1
0.012441217899323,-0.11784780025482,0.0044820830225945,1
-0.081431448459625,-0.070978632196784,-0.052952624857426,1
-0.089573502540588,-0.16230956837535,-0.028589852154255,1
-0.037458598613739,-0.1825849339366,-0.062206029891968,1
-0.20553997159004,-0.027058206498623,0.0060521438717842,1
0.11598056554794,-0.23636663705111,0.061413906514645,1
-0.025258541107178,0.12444923073053,-0.035344906151295,1
0.046874046325684,0.070135615766048,0.0038020387291908,1
0.10351300239563,0.080738373100758,-0.057344548404217,1
-0.12367576360703,-0.13759311288595,0.12595581263304,1
-0.11337348818779,-0.10042217321461,0.065340213477612,1
-0.012292563915253,-0.22714499384165,-0.070296563208103,1
-0.16988429427147,0.071483753621578,0.20008320361376,1
-0.15489488840103,0.11747109144926,0.11661469191313,1
-0.22528743743896,-0.13386322930455,-0.00090465694665909,1
0.030449569225311,0.27752526849508,0.035349994897842,1
0.1397442817688,0.25011353939772,-0.013222374022007,1
0.22934949398041,0.21150808781385,0.063653148710728,1
0.030912339687347,-0.2590451464057,-0.052800260484219,1
0.08865362405777,0.090511731803417,-0.055281326174736,1
0.056726813316345,0.15178640931845,-0.011564373970032,1
-0.076748013496399,0.030107192695141,-0.0262800604105,1
-0.073639065027237,0.18086244910955,-0.0059763416647911,1
0.04880702495575,0.076625190675259,0.0018543675541878,1
-0.075819432735443,-0.20307799428701,-0.018193036317825,1
0.055539429187775,0.088128112256527,-0.013667061924934,1
0.0066372156143188,-0.16240487992764,0.040100455284119,1
-0.017415881156921,0.28621955960989,-0.0081898048520088,1
0.15776199102402,-0.24483329802752,-0.04592090845108,1
0.10626047849655,-0.087843396700919,-0.079551242291927,1
0.050971388816833,0.14582534879446,0.031829833984375,1
0.17407310009003,-0.17957488447428,0.030561111867428,1
-0.1717129945755,0.01632197201252,0.043050937354565,1
0.084046900272369,-0.083977954462171,0.0067047849297523,1
-0.13086807727814,-0.11395172588527,0.091731943190098,1
-0.10686808824539,-0.10697497939691,-0.023062713444233,1
-0.15639740228653,0.034776918590069,0.05250097066164,1
-0.019407212734222,-0.27154157310724,0.12274874001741,1
0.0507972240448,0.068554647266865,-0.004932165145874,1
0.00064563751220703,-0.17355450242758,-0.041977137327194,1
0.089180171489716,0.26562853902578,-0.0032661780714989,1
-0.11176374554634,0.00055938214063644,-0.062466613948345,1
-0.01067453622818,0.20242484658957,0.17846421152353,1
-0.0054277777671814,0.22937472909689,0.0024346560239792,1
-0.24331706762314,-0.048811174929142,0.086791880428791,1
-0.09488832950592,-0.20468889176846,0.036763787269592,1
0.022618532180786,0.11362450569868,-0.058405555784702,1
-0.083248853683472,-0.11396687384695,-0.0010745599865913,1
-0.074322462081909,-0.024349942803383,0.0059381201863289,1
-0.0046038031578064,0.090819768607616,-0.022459767758846,1
-0.23083665966988,0.067409627139568,0.1337071582675,1
0.1526774764061,0.17120521515608,0.077159084379673,1
0.04524302482605,0.080395303666592,0.00056114792823792,1
-0.15359073877335,-0.18213864415884,0.099565006792545,1
-0.11309194564819,0.20900400727987,-0.041179083287716,0
-0.030997693538666,-0.15300900116563,-0.017367444932461,1
-0.03848659992218,0.25865801423788,0.1338923946023,1
0.15282708406448,-0.21884073317051,-0.011360883712769,1
-0.077300757169724,-0.11606239154935,0.013662062585354,1
0.061916053295135,0.24730100482702,0.13817120343447,1
0.18539351224899,0.18157782405615,0.090886019170284,1
-0.057390362024307,-0.204559892416,-0.031124114990234,1
-0.11093753576279,0.15515764802694,0.073699720203876,1
0.10096764564514,0.16763653606176,0.0041222497820854,1
-0.16121566295624,0.00497005879879,0.068286038935184,1
-0.21482774615288,-0.051911901682615,0.048648856580257,1
0.063264191150665,0.19056522101164,-0.016771756112576,1
0.012768924236298,0.092927657067776,0.014589257538319,1
-0.058108299970627,-0.069943357259035,-0.012566067278385,1
0.078607320785522,0.25497850030661,0.074188239872456,1
0.10994809865952,-0.14730845764279,-0.0072821378707886,1
0.0050482153892517,0.083459444344044,0.021182969212532,1
0.18779283761978,0.2076757773757,-0.051407888531685,1
-0.054164618253708,0.13282754272223,0.0156594440341,1
-0.08026984333992,-0.18314523994923,0.017989926040173,1
0.073778688907623,0.21383305639029,0.099542625248432,1
0.062085449695587,0.14266619831324,-0.030730403959751,1
-0.11662724614143,-0.17725352197886,0.054886497557163,1
-0.1221911907196,0.1742000207305,-0.072724647819996,0
-0.0064271092414856,0.075962759554386,-0.0020814463496208,1
-0.16638731956482,0.17759367078543,-0.084004648029804,1
0.102030813694,-0.16640179604292,-0.0084394291043282,1
-0.15221416950226,0.079297624528408,-0.089244678616524,1
0.08856612443924,-0.19759200513363,0.1422588005662,1
-0.055068075656891,0.062588609755039,-0.057968787848949,1
-0.072592258453369,0.16492258757353,-0.019586563110352,1
-0.018927931785583,0.21974524110556,0.053431816399097,1
-0.016165792942047,0.18317487090826,-0.087316006422043,1
-0.041037917137146,0.073268078267574,-0.022953324019909,1
0.027182579040527,0.10993144661188,-0.068021640181541,1
0.12984478473663,-0.18635523319244,0.14616695791483,1
0.075432598590851,0.10663639754057,-0.0061380788683891,1
0.030382931232452,-0.078991800546646,-0.0017983987927437,1
0.01789402961731,-0.066101565957069,0.0052691474556923,1
-0.060544341802597,0.2228837236762,-0.026920415461063,1
0.027937531471252,-0.19353640079498,0.057878158986568,1
-0.19150793552399,-0.072473011910915,0.14846754819155,1
0.079480111598969,-0.25097192078829,0.11577249318361,1
-0.048823773860931,-0.11101047880948,-0.044726021587849,1
-0.22715032100677,0.10581856220961,0.10589442402124,1
-0.058149099349976,0.27236416190863,0.003998763859272,1
-0.060427010059357,0.019860848784447,-0.0052093341946602,1
0.0028547048568726,0.12325390428305,-0.0065693631768227,1
-0.055520504713058,-0.034414805471897,-0.0071411058306694,1
0.022113442420959,0.10651173442602,-0.051305837929249,1
0.011775434017181,-0.2060826420784,-0.088805120438337,1
-0.044505715370178,-0.2482240870595,-0.084395740181208,1
-0.10589003562927,-0.13246874138713,0.02585481852293,1
0.031346499919891,0.13221224397421,-0.014448441565037,1
-0.11993262171745,-0.016908757388592,0.027086801826954,1
-0.13790336251259,-0.17183161526918,0.17240532487631,1
0.1510037779808,0.16629358381033,-0.062439359724522,1
0.17671221494675,0.16935991495848,0.14595256000757,1
-0.23611381649971,-0.068707998842001,-0.015786491334438,1
-0.026179075241089,0.15254395455122,-0.07549212872982,1
-0.043739914894104,-0.27244009822607,0.11245576292276,1
-0.19203692674637,0.039095796644688,0.093151353299618,1
0.087696373462677,-0.17833277583122,-0.091222450137138,1
0.074668705463409,-0.26511511951685,0.038263596594334,1
0.035194158554077,0.28535553067923,0.033965185284615,1
0.086913228034973,0.12590476125479,-0.059123061597347,1
0.092191398143768,-0.12596730142832,0.029106162488461,1
-0.041882574558258,0.24747761338949,0.010679215192795,1
-0.15822392702103,0.015834644436836,0.034859262406826,1
0.1254455447197,-0.18640358746052,-0.025359608232975,1
-0.021479427814484,0.24883826822042,0.030603863298893,1
0.11137408018112,-0.15581820160151,0.069202110171318,1
-0.13251551985741,0.14692255109549,-0.023377232253551,1
-0.086345851421356,0.019185282289982,-0.06822831183672,1
-0.14185279607773,-0.18843753635883,0.15058841556311,1
0.13521546125412,0.1667213961482,-0.037837788462639,1
-0.013018608093262,0.1834334358573,-0.062628820538521,1
-0.13064026832581,-0.10590379592031,-0.075674660503864,1
-0.1520984172821,-0.1562065333128,-0.069385655224323,1
-0.08638259768486,-0.14986627548933,0.093319900333881,1
-0.097525805234909,-0.25691986829042,0.0053660124540329,1
-0.11227130889893,-0.16078513488173,-0.095561802387238,1
0.068515837192535,-0.23900430649519,-0.06716088950634,1
0.11034828424454,0.18849884718657,0.093510814011097,1
0.045860588550568,-0.055084455758333,0.0047956928610802,1
-0.1716131567955,-0.14026137813926,-0.011939950287342,1
-0.010751307010651,-0.069315385073423,-0.017324022948742,1
0.064686894416809,-0.22118692100048,0.15292987972498,1
-0.099800676107407,-0.030554108321667,-0.073336973786354,1
0.13672363758087,-0.13157987222075,-0.087291680276394,1
0.012965738773346,-0.11137768812478,0.0084462016820908,1
0.026670455932617,0.097970478236675,-0.064746662974358,1
0.062349259853363,-0.19550656527281,0.0026746317744255,1
-0.13370221853256,0.053663156926632,0.033430732786655,1
0.029787003993988,-0.27806436270475,-0.015491269528866,1
-0.022962033748627,-0.20316540449858,0.16259574145079,1
0.089363873004913,-0.099458702432457,-0.019268848001957,1
0.083727300167084,0.24005644768476,0.022954605519772,1
-0.1901963353157,-0.0017435401678085,0.18184023350477,1
-0.1342499256134,-0.057030707597733,-0.0089308694005013,1
-0.16493535041809,0.17538481205702,0.053339265286922,1
0.028018653392792,0.24196549504995,-0.061791375279427,1
-0.052110999822617,-0.05953224375844,0.014968998730183,1
0.043626070022583,-0.25879579037428,-0.049074649810791,1
-0.18831524252892,0.042149268090725,-0.0061822161078453,1
0.0089906454086304,-0.11227188166231,-0.0045174434781075,1
0.15487366914749,0.17927315086126,0.1659928932786,1
-0.016758382320404,-0.20024084299803,0.034357592463493,1
-0.07438737154007,-0.029321074485779,0.01757437735796,1
-0.23063376545906,-0.011849589645863,-0.076184965670109,1
0.077595114707947,0.087672598659992,-0.057200275361538,1
-0.079902708530426,-0.035562545061111,0.014963336288929,1
0.020341753959656,-0.10176287218928,-0.018833570182323,1
-0.1842083632946,-0.11986361630261,-0.039166957139969,1
-0.0096895098686218,0.069613300263882,-0.005171038210392,1
0.01183146238327,0.13698267191648,0.038074344396591,1
-0.043294250965118,-0.086767667904496,-0.016070649027824,1
-0.072451829910278,0.056423597037792,0.021599940955639,1
-0.027961492538452,-0.12280994467437,0.016160674393177,1
0.040894210338593,-0.12209122814238,-0.048613540828228,1
-0.018258452415466,0.13508071750402,-0.045610904693604,1
0.16715258359909,0.14311168342829,-0.077051721513271,1
0.10676729679108,0.10673930495977,0.00093621015548706,1
-0.010180771350861,-0.086519557051361,-0.006718821823597,1
0.098846793174744,0.12031001597643,0.00054880976676941,1
-0.041724503040314,-0.074155431240797,0.017811991274357,1
-0.027810156345367,-0.016797997057438,0.00046909600496292,1
0.091323912143707,0.14767738431692,0.0070296972990036,1
0.088417112827301,0.12266112118959,0.035518065094948,1
0.13949340581894,-0.11855854280293,-0.035928197205067,1
0.12087327241898,0.12304707616568,-0.045715093612671,1
-0.13810044527054,-0.051468700170517,-0.0459114164114,1
-0.057399064302444,-0.11544046364725,-0.025521419942379,1
-0.11991915106773,0.20585890859365,-0.083579741418362,0
-0.10272216796875,-0.13274251669645,-0.057372234761715,1
-0.15934538841248,0.080834038555622,0.08470680564642,1
-0.1151414513588,-0.087214585393667,-0.0042162165045738,1
-0.14809823036194,-0.14267069473863,0.059686772525311,1
-0.062451601028442,0.017225101590157,-0.014432303607464,1
0.065879285335541,-0.18600501865149,-0.034737080335617,1
0.032675862312317,0.26424016803503,0.1206157580018,1
0.096392691135406,0.23778470605612,0.0069841518998146,1
0.081693589687347,0.093596495687962,0.024302572011948,1
-0.043334424495697,0.19269429892302,-0.040413439273834,1
-0.17949235439301,0.18189432471991,0.050445176661015,1
-0.19730952382088,0.15740471333265,0.010609321296215,1
0.043072164058685,-0.11022315733135,-0.024754919111729,1
-0.19069245457649,-0.052171692252159,0.081608258187771,1
0.077994883060455,-0.12280706502497,-0.022657856345177,1
0.040996432304382,-0.25070627778769,0.045031778514385,1
0.025394082069397,-0.26636519283056,0.13782047480345,1
0.078427076339722,0.16553571075201,0.069637142121792,1
-0.0047666430473328,-0.073982356116176,0.014767773449421,1
0.083841443061829,0.22576826065779,0.10397305339575,1
0.033877491950989,-0.16642052680254,0.020551957190037,1
-0.017621457576752,-0.11635316722095,-0.019720144569874,1
0.0071775913238525,-0.16762363910675,-0.083499807864428,1
-0.082510381937027,0.10982362180948,-0.0026319399476051,1
-0.017585933208466,0.091782964766026,0.0056691095232964,1
0.14110720157623,0.20408558100462,0.14096087962389,1
-0.18823355436325,0.050499759614468,-0.023942492902279,1
-0.16405314207077,-0.15228997170925,0.17786485701799,1
-0.18952941894531,0.11169894784689,-0.040584661066532,1
0.052489399909973,0.056617461144924,-0.01907717436552,1
-0.17355301976204,0.06535542756319,0.044387988746166,1
0.017300069332123,-0.20689970999956,-0.065503560006618,1
-0.035560309886932,-0.22015234827995,0.18141240626574,1
-0.090345710515976,0.23726602643728,-0.023680984973907,0
-0.12854495644569,-0.15894934162498,0.16556835919619,1
0.059597074985504,-0.18786256760359,-0.076409637928009,1
-0.084262847900391,0.13087714463472,0.058478601276875,1
-0.11121970415115,0.21122267097235,0.015509776771069,1
-0.029148817062378,0.11657234281301,-0.013055644929409,1
-0.13508918881416,-0.1554975733161,0.17475932091475,1
0.073230445384979,-0.28722155839205,0.053084246814251,1
-0.090712308883667,0.17875602096319,0.16874942928553,1
-0.055732190608978,-0.12732400931418,-0.024173319339752,1
0.10271763801575,0.15943296998739,-0.095603741705418,1
-0.16870206594467,-0.054450239986181,0.2049350515008,1
0.14422118663788,0.14891418069601,-0.022609740495682,1
-0.13538485765457,-0.049804337322712,0.05510338395834,1
0.16769605875015,-0.18132783472538,-0.0039169415831566,1
-0.2255254983902,-0.042130075395107,0.070507474243641,1
-0.25095254182816,-0.016007699072361,-0.01539196819067,1
-0.16554629802704,0.21232291311026,0.081968940794468,1
0.10079437494278,0.23928525298834,0.095467932522297,1
0.18411403894424,-0.22204603254795,-0.033988662064075,1
-0.22371330857277,0.12925712019205,-0.022831991314888,1
0.074315369129181,0.07600387185812,-0.0340880677104,1
0.049394845962524,0.23986472934484,-0.047861479222775,1
-0.12452736496925,0.0015726238489151,-0.047580264508724,1
0.056958258152008,-0.23246967047453,-0.045677274465561,1
0.16087573766708,-0.15955870598555,0.15882081538439,1
-0.14573326706886,-0.13263093307614,-0.08260989934206,1
0.067348718643188,-0.25315692275763,0.10943225771189,1
-0.17373952269554,0.19338747113943,0.10680506378412,1
-0.074852406978607,0.086055852472782,0.0087296888232231,1
-0.037083864212036,0.1725525483489,0.0062217265367508,1
-0.020700454711914,-0.1958137974143,-0.080733641982079,1
-0.091770708560944,0.078966043889523,0.026234678924084,1
0.050613820552826,-0.07626779563725,0.006093829870224,1
-0.028285920619965,0.010693565011024,-0.00087795406579971,1
0.027867138385773,0.096311874687672,0.0076013207435608,1
-0.056472390890121,-0.095375007018447,-0.0096877962350845,1
-0.09229588508606,0.10771057754755,0.035220183432102,1
0.014186143875122,0.078194133937359,-0.035835385322571,1
0.10407030582428,0.17579238861799,0.0074862465262413,1
-0.19111669063568,0.057507090270519,-0.032147124409676,1
-0.04761528968811,-0.020776480436325,0.0063370987772942,1
0.12546586990356,0.20479770749807,0.14018855243921,1
-0.0047075748443604,0.076059333980083,0.018307961523533,1
-0.18041437864304,-0.00084174424409866,0.046207375824451,1
-0.14037010073662,0.22033723443747,-0.05449353903532,0
-0.02431184053421,-0.05367586016655,-0.008473314344883,1
0.068186402320862,-0.09208261501044,0.0024857670068741,1
0.039602041244507,0.27908938378096,-0.011768944561481,1
0.033179938793182,-0.26531409472227,0.075662739574909,1
0.019535899162292,0.10373266786337,-0.052147105336189,1
0.019514143466949,0.19549121707678,-0.061353206634521,1
0.049660980701447,0.095061354339123,-0.048407904803753,1
0.045888841152191,0.13787015527487,0.029341496527195,1
-0.14953178167343,-0.1382877714932,-0.077318467199802,1
0.014834463596344,-0.10725566837937,-0.022470563650131,1
-0.029625594615936,0.057433538138866,0.014594398438931,1
-0.19197806715965,0.011761464178562,-0.0719960257411,1
-0.030302882194519,0.22945281118155,0.096628375351429,1
0.042964935302734,0.13984117656946,-0.036430448293686,1
-0.059980541467667,-0.09032919537276,0.022885121405125,1
0.021025359630585,-0.10973857808858,0.013933308422565,1
-0.013257443904877,-0.048844370990992,-0.003797210752964,1
-0.15298807621002,0.112712867558,-0.095662720501423,1
0.054984986782074,-0.087894747033715,-0.02633311599493,1
-0.19229793548584,0.13744736462831,0.0068187043070793,1
-0.16324087977409,-0.090909349732101,0.21228075772524,1
-0.25512087345123,0.046030320227146,-0.00063741952180862,1
-0.18704384565353,0.047482706606388,0.076720349490643,1
0.0060188770294189,-0.22427462041378,-0.083904102444649,1
-0.094748914241791,-0.19930458813906,0.13228381425142,1
-0.12945911288261,-0.20268379896879,0.027838170528412,1
-0.042141139507294,-0.1125259315595,0.038341104984283,1
-0.12972724437714,0.20354624837637,0.096781842410564,1
-0.15962719917297,0.1001313701272,0.087133787572384,1
-0.011663556098938,-0.077070251107216,0.0069182217121124,1
-0.11573156714439,-0.097920167027041,0.058012075722218,1
-0.10742956399918,0.15319588035345,-0.01481319218874,0
-0.20575055480003,0.050350062549114,0.08439839631319,1
0.13729244470596,0.12988636642694,-0.0038056895136833,1
0.022257328033447,-0.1170854549855,-0.070923738181591,1
-0.12424606084824,0.050634063780308,-0.018470726907253,1
-0.007702112197876,-0.089818837121129,-0.037875153124332,1
0.060157001018524,-0.16107866540551,0.056244887411594,1
-0.18234890699387,0.025454767048359,0.080914966762066,1
-0.093557387590408,-0.11497920751572,0.036732755601406,1
-0.052143514156342,-0.14032587781549,-0.025177024304867,1
-0.099772959947586,-0.014363273978233,0.015820913016796,1
0.10955148935318,-0.1734087318182,0.22026694566011,1
0.11969864368439,0.20350264757872,0.0069926902651787,1
-0.062496602535248,-0.025556303560734,0.019821651279926,1
-0.10509765148163,0.051922507584095,0.027317903935909,1
-0.079641491174698,0.15769185870886,-0.010790355503559,1
0.093417406082153,0.090694971382618,-0.015836514532566,1
0.17681866884232,-0.21548017114401,0.058518774807453,1
0.062038004398346,0.21491589397192,-0.053730688989162,1
-0.15822559595108,-0.099252949468791,0.15547906607389,1
0.17878860235214,-0.20185852050781,0.089072428643703,1
-0.17714428901672,0.026353038847446,0.043211974203587,1
-0.071459501981735,0.096317745745182,0.014569722115993,1
0.068481504917145,-0.078491007909179,-0.014463737607002,1
-0.015182554721832,-0.19655401259661,-0.029179356992245,1
0.040065705776215,0.060309790074825,-0.0028063207864761,1
-0.023472189903259,-0.21614202111959,0.19247061759233,1
0.036699891090393,0.11956638842821,0.0049684047698975,1
-0.048385143280029,-0.037905052304268,-0.0032000169157982,1
0.19519281387329,0.21992357820272,-0.048474855720997,1
-0.026386082172394,-0.034948222339153,-0.0034888461232185,1
-0.035110712051392,-0.051747940480709,0.00068851560354233,1
-0.12805703282356,0.048407472670078,-0.031082972884178,1
-0.21267628669739,-0.098299212753773,-0.0077526941895485,1
0.077647805213928,0.084334351122379,0.0095523148775101,1
-0.0037123560905457,0.10156791657209,0.024640806019306,1
-0.00053167343139648,-0.26626241952181,-0.0033509954810143,1
-0.044617056846619,-0.10382738360204,-0.023966044187546,1
0.105413377285,0.1579323336482,0.033508971333504,1
0.20710587501526,-0.18669303506613,-0.079866595566273,1
0.13119441270828,-0.11931801587343,0.0084877833724022,1
0.19565135240555,-0.18179751187563,0.037768669426441,1
0.020854234695435,0.071587152779102,0.0073734521865845,1
-0.044954359531403,-0.086512316949666,-0.048930518329144,1
0.049510598182678,-0.1232332251966,0.032402075827122,1
-0.12043085694313,0.18667187541723,-0.076013915240765,0
-0.017495036125183,0.15194376558065,-0.012380063533783,1
0.084259271621704,-0.10645274771377,-0.031340263783932,1
-0.23359882831573,-0.025543443858624,-0.026581659913063,1
0.095347344875336,-0.20530543476343,0.19817421585321,1
0.13808208703995,0.24508204311132,0.066737443208694,1
-0.020978271961212,0.098084501922131,-0.017834030091763,1
0.073271095752716,0.055560223758221,-0.026693716645241,1
0.049169778823853,0.19561149924994,0.094192154705524,1
-0.25208467245102,-0.018195994198322,-0.039330139756203,1
-0.053408592939377,0.23612263053656,0.047411642968655,1
-0.014577984809875,-0.11462306044996,0.031510002911091,1
-0.065584689378738,0.024260550737381,-0.0083621665835381,1
-0.067721009254456,-0.090987488627434,-0.04145023971796,1
-0.031298816204071,0.003135621547699,0.0046811923384666,1
-0.17293989658356,0.028244517743587,-0.069608502089977,1
0.01264613866806,0.22543656080961,0.00996133685112,1
0.16511106491089,-0.24091509729624,-0.0218805372715,1
-0.16459661722183,0.023879289627075,-0.052432723343372,1
0.054138600826263,-0.06373942270875,-0.0060166567564011,1
-0.20160448551178,-0.0042781457304955,0.084413819015026,1
-0.18016228079796,-0.043575346469879,0.087931491434574,1
-0.015098094940186,0.20192416757345,0.1505935266614,1
0.061965882778168,-0.21202466636896,0.011311620473862,1
-0.10836559534073,0.25820060819387,0.056308381259441,1
-0.05360022187233,0.034873135387897,-0.023577600717545,1
-0.2081658244133,-0.0078941658139229,0.085440419614315,1
0.042995631694794,-0.21662517637014,0.030062027275562,1
0.095573723316193,0.26201846450567,0.025571830570698,1
-0.054244846105576,-0.27514881640673,0.087423898279667,1
0.17931693792343,-0.21112780272961,0.0075880065560341,1
0.022736668586731,-0.21943847835064,0.10496819764376,1
-0.079161167144775,0.066285826265812,-0.051255650818348,1
-0.080687463283539,-0.041424266993999,0.028619028627872,1
0.063019454479218,-0.1401569917798,-0.061823792755604,1
0.06680953502655,-0.14991306886077,-0.047092445194721,1
-0.037559568881989,-0.009059876203537,0.001483254134655,1
-0.045149028301239,-0.036970295011997,-0.037891730666161,1
-0.10990130901337,-0.071973666548729,-0.010932601988316,1
-0.13102900981903,0.059080146253109,0.042844332754612,1
0.038856506347656,-0.16409833729267,0.025233864784241,1
-0.11620879173279,0.17244824022055,8.8445842266083e-05,1
0.024079322814941,-0.10810219869018,-0.04150265455246,1
0.050654232501984,-0.096194977872074,-0.025185756385326,1
-0.036484003067017,0.21471666544676,0.071538217365742,1
-0.042306125164032,-0.18598759174347,-0.071898065507412,1
-0.049303710460663,0.18287315219641,0.049903877079487,1
0.011383593082428,-0.10160004883073,0.0042536482214928,1
-0.10224339365959,0.11303404718637,-0.03152572363615,1
0.082025527954102,-0.1889383494854,0.024037435650826,1
-0.14126095175743,0.14482692629099,0.00239247828722,1
0.029145061969757,-0.08191798068583,-0.00017800182104111,1
-0.024129688739777,-0.21474543958902,0.011434532701969,1
0.026315689086914,-0.16285762935877,-0.013658918440342,1
-0.0088229775428772,-0.089396940544248,-0.033365152776241,1
0.037457585334778,0.059977285563946,-0.0043264105916023,1
-0.01043838262558,-0.15772338956594,-0.0039358362555504,1
-0.093095600605011,-0.048763182014227,-0.046523027122021,1
0.0869460105896,0.16241811960936,-0.038173541426659,1
-0.017108857631683,0.15570970624685,-0.012546263635159,1
-0.10122525691986,-0.13221609964967,0.081373788416386,1
0.12665510177612,0.11857805401087,-0.0044980868697166,1
-0.11221942305565,0.049017779529095,-0.05666683614254,1
0.025012135505676,0.085238434374332,-0.051642589271069,1
-0.088985294103622,0.037284605205059,0.010799594223499,1
0.15000611543655,-0.14846612885594,-0.054188124835491,1
0.063819885253906,0.1613509580493,0.065455801784992,1
0.15039992332458,0.23318784683943,0.10649637132883,1
-0.18771874904633,-0.012344397604465,-0.084500752389431,1
-0.15387618541718,0.01717272400856,-0.022029705345631,1
0.046250879764557,-0.29331608861685,0.0037252455949783,1
-0.057275295257568,-0.24701286107302,-0.067870013415813,1
-0.062159925699234,-0.25368968397379,-0.056494057178497,1
-0.18446189165115,-0.033306069672108,0.10335064679384,1
0.075504958629608,0.19568424671888,-0.06340841203928,1
-0.20425760746002,0.088461972773075,0.14016621559858,1
-0.22814843058586,0.045760713517666,-0.051845028996468,1
-0.08528009057045,-0.24608548730612,0.033812299370766,1
-0.051862508058548,0.00086911022663116,-0.0094991847872734,1
0.19185072183609,-0.17184577137232,0.16699103266001,1
0.0035049319267273,-0.18698084354401,-0.03638006746769,1
-0.035909712314606,0.13293588906527,0.034506551921368,1
-0.16141110658646,0.08603473752737,0.076388098299503,1
-0.064494729042053,0.051154561340809,0.015681229531765,1
-0.12645262479782,0.019525766372681,-0.035845942795277,1
-0.16387295722961,-0.13848185539246,0.16925700753927,1
-0.091871738433838,-0.14010199904442,-0.055919818580151,1
-0.13223958015442,0.11260537058115,-0.053495861589909,1
0.034463703632355,-0.17608490586281,-0.062168404459953,1
-0.17882439494133,-0.051620159298182,0.10487841814756,1
0.07753849029541,-0.10674606775865,-0.039381384849548,1
-0.0013250708580017,-0.052250470966101,0.0036390572786331,1
0.07864236831665,0.23977421969175,0.06346919387579,1
-0.030555486679077,-0.099312237929553,-0.0039406269788742,1
-0.074604958295822,0.037346474826336,-0.00084193795919418,1
-0.033261716365814,0.074222482740879,-0.015833802521229,1
-0.16797950863838,0.151137791574,0.13516885787249,1
0.010252296924591,0.24136837571859,-0.054775953292847,1
-0.15137392282486,0.030030988156796,-0.051467634737492,1
0.10279756784439,-0.18693992495537,0.015871897339821,1
0.09773725271225,-0.21589039266109,0.034479655325413,1
-0.1756429374218,-0.14074482396245,0.092878468334675,1
0.1716827750206,0.16655569523573,0.034047745168209,1
0.17081952095032,0.17305781692266,-0.015046246349812,1
-0.16984122991562,0.087753005325794,0.084984250366688,1
0.075151681900024,0.062891609966755,-0.011633716523647,1
-0.080165177583694,-0.1240601837635,0.023615315556526,1
-0.1991058588028,-0.13308205828071,0.11156270653009,1
0.078660845756531,0.064172886312008,-0.0090251117944717,1
0.057932138442993,-0.048055436462164,-0.0030158534646034,1
0.061485886573792,0.24390592426062,-0.041027180850506,1
-0.019103050231934,0.08891499787569,-0.054166935384274,1
0.068858742713928,0.07688807696104,-0.020401380956173,1
-0.11826387047768,-0.027336105704308,-0.047591872513294,1
-0.15518459677696,0.16039150208235,-0.054730467498302,1
0.14887022972107,-0.20201822370291,0.048941500484943,1
-0.073653519153595,0.25936128944159,-0.052003689110279,0
-0.12034618854523,-0.23254335671663,0.025152526795864,1
-0.046636760234833,-0.12209339998662,-0.0057883113622665,1
-0.074242293834686,0.1581177636981,-0.098579667508602,0
-0.2094703912735,-0.05640721321106,0.17753983289003,1
0.084462285041809,-0.2068053483963,0.19544089585543,1
-0.12214061617851,-0.055362820625305,-0.020400442183018,1
-0.11230072379112,0.087169103324413,-0.087214834988117,1
-0.24910202622414,-0.0036845430731773,0.095235578715801,1
-0.11264553666115,0.12494140118361,-0.043126367032528,1
-0.10803982615471,-0.0019740238785744,0.01178989559412,1
0.18907392024994,0.1717232093215,-0.053126119077206,1
-0.16137167811394,0.13061780482531,0.19000849872828,1
-0.091970205307007,-0.081413608044386,0.017395384609699,1
-0.1658930182457,-0.002497561275959,0.015816859900951,1
-0.20561644434929,0.053952895104885,0.060804106295109,1
-0.041599810123444,0.015029765665531,-0.014198087155819,1
0.080851256847382,0.25955804437399,-0.018555127084255,1
-0.01867002248764,0.1663349494338,-0.0091629773378372,1
0.13543671369553,-0.1621250808239,0.00098907202482224,1
0.17010170221329,0.16799270361662,0.042663760483265,1
-0.23704642057419,0.027372635900974,0.055363185703754,1
-0.050804853439331,0.057834483683109,-0.063214622437954,1
-0.07968658208847,0.24017544835806,0.064516097307205,1
-0.013972640037537,0.1103734895587,-0.048865519464016,1
0.11795371770859,-0.1428764089942,0.032513774931431,1
0.03712397813797,0.088399849832058,-0.0013502314686775,1
-0.087430566549301,0.018938161432743,-0.030164293944836,1
0.0072805285453796,0.086060665547848,0.014082945883274,1
-0.1528255045414,0.035741783678532,0.029787801206112,1
-0.08215406537056,-0.21930483728647,0.080483891069889,1
-0.052723497152328,0.17745175212622,0.015030018985271,1
-0.11475935578346,0.067922569811344,-0.079619102180004,1
-0.14488622546196,0.12425895780325,0.095385320484638,1
-0.18204373121262,0.18501677364111,-0.057482413947582,1
-0.13649600744247,0.034154735505581,0.066265113651752,1
-0.032126843929291,-0.15268088504672,-0.077992208302021,1
0.086768507957458,0.078965298831463,0.022378288209438,1
-0.021446704864502,-0.20407912880182,0.16926916688681,1
-0.071135461330414,-0.064977798610926,-0.0055856928229332,1
0.12375277280807,0.12444948405027,0.0023519173264503,1
0.028674066066742,-0.073143735527992,0.0045716986060143,1
0.047986090183258,-0.090600459836423,-0.044537238776684,1
-0.1421739757061,0.14069927483797,0.051248989999294,1
-0.23415172100067,-0.13572636246681,0.047344245016575,1
0.10369843244553,0.23910927027464,0.053683333098888,1
0.02930361032486,0.097517795860767,-0.042294755578041,1
-0.060553133487701,0.21803008764982,0.06511040776968,1
0.053868472576141,-0.06071287766099,-0.009611576795578,1
0.12937015295029,0.12859968096018,0.012407928705215,1
0.066875517368317,0.25891905277967,0.11229638010263,1
-0.018371999263763,-0.077388720586896,-0.0089385136961937,1
0.071586489677429,0.21458690613508,0.052502036094666,1
-0.024011254310608,0.17751475423574,-0.012024395167828,1
-0.18083986639977,0.068708367645741,0.027125470340252,1
0.0034666657447815,-0.079996587708592,-0.049216710031033,1
-0.025851428508759,-0.26589339226484,-0.048933684825897,1
0.063443005084991,0.18332352489233,-0.09073306620121,1
-0.22775802016258,-0.012374870479107,0.13229709118605,1
-0.17391365766525,0.016332395374775,0.016226328909397,1
-0.22863087058067,-0.11852051131427,0.024284742772579,1
0.03624016046524,-0.15035101771355,0.011114679276943,1
-0.061432987451553,0.1419934257865,-0.073318235576153,1
-0.057160794734955,-0.1108519891277,0.0021641701459885,1
-0.043943464756012,0.029503636062145,-0.0052168592810631,1
0.016113340854645,-0.093623429536819,0.0015755966305733,1
0.074249565601349,-0.21190822869539,0.027029044926167,1
0.14602988958359,0.26771175116301,0.017056114971638,1
-0.036178112030029,0.053067289292812,-0.040682174265385,1
-0.021756112575531,0.14967396110296,0.044948562979698,1
-0.0272256731987,-0.12773516960442,-0.030518777668476,1
0.14602476358414,0.18283518403769,0.18571973592043,1
0.19317066669464,-0.17335857450962,-0.023460321128368,1
-0.11056718230247,-0.22764743119478,0.088744111359119,1
0.019602537155151,-0.072286728769541,0.0069728419184685,1
-0.12638136744499,0.18741708248854,0.11432943493128,1
0.040070831775665,-0.1177338603884,-0.047635719180107,1
0.092974126338959,-0.14714694395661,-0.048098564147949,1
0.072947442531586,0.10108203440905,-0.067896001040936,1
0.17550539970398,0.15708818286657,0.20029286295176,1
-0.13491946458817,0.027888797223568,-0.023976169526577,1
0.061822354793549,-0.2641593888402,0.056379161775112,1
-0.1316174864769,-0.23273488134146,-0.023621924221516,1
0.0059269666671753,-0.19014325737953,0.066737525165081,1
0.031346142292023,-0.11901170760393,0.032016567885876,1
0.059956073760986,-0.077237155288458,0.016604833304882,1
-0.15742495656013,-0.12409028038383,0.15136978775263,1
-0.097566455602646,-0.050369959324598,-0.077197015285492,1
0.10094445943832,-0.097271210514009,-0.0036191120743752,1
0.022028505802155,-0.16624126583338,0.043997637927532,1
-0.11109036207199,-0.20888176560402,0.0018723532557487,1
-0.070617318153381,0.11906354874372,-0.013995252549648,1
-0.0069975852966309,-0.14642237499356,0.016080893576145,1
-0.0021607875823975,0.2553122267127,0.058603323996067,1
0.13189572095871,0.11586394160986,-0.061627961695194,1
0.025037705898285,0.23159342259169,0.035010911524296,1
-0.091412842273712,-0.24344093352556,-0.030945137143135,1
0.13928240537643,-0.20515082031488,0.12610168009996,1
0.060843527317047,0.13735412806273,-0.0034860596060753,1
0.06974869966507,0.12695478647947,-0.057382136583328,1
-0.066274464130402,0.077496759593487,-0.0096522644162178,1
-0.086382776498795,-0.033107854425907,-0.079340077936649,1
-0.12264496088028,0.18677785247564,0.053293637931347,1
-0.010337352752686,-0.20659368485212,0.14894533902407,1
-0.10154384374619,0.26399003714323,0.069105722010136,1
0.011723697185516,0.21335735172033,0.087326414883137,1
-0.18052285909653,0.044220797717571,-0.0026630982756615,1
-0.014533698558807,-0.09272377518937,-0.029692575335503,1
-0.16497930884361,-0.12279584631324,0.041266538202763,1
0.049997925758362,0.11041989177465,-0.027471669018269,1
-0.094656407833099,-0.24618921428919,0.081938557326794,1
0.044598400592804,0.18304561823606,0.080592803657055,1
-0.03415834903717,-0.013451904058456,0.00049049407243729,1
-0.12603953480721,0.15449418872595,-0.060038842260838,0
-0.017848134040833,0.29141058772802,0.052140392363071,1
0.15776097774506,-0.18407940864563,0.028367303311825,1
-0.1567642390728,-0.09795784112066,-0.081544384360313,1
-0.10142970085144,-0.01642119884491,0.0090443417429924,1
-0.074843794107437,0.06049058586359,-0.042727582156658,1
-0.054884552955627,-0.0048839300870895,0.0099720880389214,1
0.14230614900589,-0.12970888242126,0.074893169105053,1
0.013508081436157,0.1800599321723,0.075440175831318,1
-0.16179829835892,0.11281753331423,0.076492629945278,1
-0.013517916202545,-0.25902948528528,-0.0079159438610077,1
-0.1387967467308,-0.0037688985466957,0.013206787407398,1
-0.1858597099781,0.14041355997324,-0.033996768295765,1
-0.16526934504509,-0.16724892705679,-0.015309102833271,1
0.058550298213959,-0.085364144295454,-0.047688215970993,1
-0.070361286401749,-0.071879908442497,0.016919545829296,1
-0.048080563545227,-0.013633757829666,0.0092318579554558,1
0.029469609260559,0.26589282602072,0.13299540430307,1
-0.030785858631134,0.2301435098052,0.086821056902409,1
0.044109344482422,0.11149547249079,0.013320133090019,1
0.056107759475708,0.20162355154753,-0.063093341886997,1
0.089775443077087,0.17324801534414,-0.099971067160368,1
0.068848431110382,-0.14867798238993,0.014606423676014,1
-0.010153532028198,-0.11052245181054,0.0094450786709785,1
-0.1027766764164,0.15197309106588,0.10013451427221,1
0.013110458850861,-0.12962315790355,-0.084393825381994,1
-0.16926246881485,0.15495889633894,0.01656361669302,1
-0.093239784240723,0.24698074907064,0.067410357296467,1
-0.011473536491394,0.1248402222991,0.033495306968689,1
-0.19706454873085,0.0058537647128105,0.16214073449373,1
0.031380295753479,-0.070879070088267,-0.024542979896069,1
-0.064743638038635,0.21945168823004,0.064672715961933,1
-0.16898050904274,-0.10932076442987,0.0084844157099724,1
0.0071871280670166,0.1332376524806,0.0069400444626808,1
0.030762434005737,0.14621514827013,-0.081530787050724,1
0.038269460201263,-0.22606671601534,0.15042788535357,1
0.043876588344574,0.23217364400625,0.0023149326443672,1
0.1210920214653,-0.13102923333645,0.0026833340525627,1
-0.0017590522766113,0.079368613660336,-0.0032856687903404,1
-0.045263230800629,-0.15514948219061,0.065584905445576,1
0.090874016284943,-0.074123486876488,-0.056304775178432,1
-0.054475754499435,-0.031823717057705,0.0037006810307503,1
0.051900744438171,-0.10928523540497,0.022886000573635,1
-0.017559468746185,-0.073623890057206,-0.011060014367104,1
0.14341348409653,-0.13800075277686,-0.099922619760036,1
0.12540793418884,-0.18278363347054,0.14011638611555,1
-0.0786312520504,0.23664879053831,-0.078156553208828,0
-0.16983404755592,0.14300050586462,0.072840936481953,1
-0.15941002964973,0.17112671583891,0.12773311883211,1
-0.0045169591903687,-0.077598806470633,0.0013353824615479,1
-0.026558578014374,-0.19243777543306,0.083795584738255,1
-0.12954333424568,0.0095985159277916,-0.028917841613293,1
-0.10209676623344,-0.16232170164585,-0.052845537662506,1
-0.17076098918915,0.10161098092794,0.037664420902729,1
-0.072317987680435,-0.041410710662603,0.00111373513937,1
-0.023030579090118,-0.045640584081411,0.002807043492794,1
-0.10911351442337,0.053389571607113,-0.00054217129945755,1
-0.13876721262932,-0.18204665184021,0.019313372671604,1
0.0067285299301147,0.12727818638086,-0.0023870095610619,1
-0.020870089530945,0.06123872846365,-0.0011588558554649,1
0.096865355968475,0.14280163496733,0.021360903978348,1
0.092693269252777,0.1203945800662,-0.054109714925289,1
-0.060188055038452,0.0013588294386864,-0.049356430768967,1
-0.17350882291794,0.10086827725172,-0.02897997200489,1
0.033570945262909,-0.21131443977356,-0.0080059468746185,1
0.01249772310257,-0.13499213010073,-0.035717718303204,1
-0.044596612453461,-0.14499251917005,-0.053503677248955,1
-0.032425463199615,-0.086838806048036,0.022758558392525,1
-0.057330369949341,-0.091030073352158,-0.031534798443317,1
-0.18976363539696,-0.022587485611439,0.072449512779713,1
-0.20998308062553,-0.044348854571581,-0.012951277196407,1
0.05285519361496,0.23081930726767,0.010812617838383,1
0.06682276725769,0.054552935063839,0.0034888461232185,1
-0.14403063058853,0.16025855392218,0.16450042277575,1
-0.13042479753494,0.11242870241404,-0.040276564657688,1
0.12548476457596,-0.17471186071634,-0.060358792543411,1
-0.11717489361763,-0.080715419724584,-0.044696182012558,1
-0.047080636024475,-0.068758096545935,-0.056765593588352,1
0.071807622909546,0.047880388796329,0.0054603740572929,1
0.12132287025452,0.10833521932364,0.014621160924435,1
-0.078449457883835,0.040637277066708,-0.043322287499905,1
-0.17629265785217,0.090343184769154,0.02778422087431,1
-0.030735313892365,-0.26083564013243,0.057662233710289,1
-0.01595139503479,-0.038986749947071,0.0025736913084984,1
-0.19037252664566,0.089297287166119,0.07422598451376,1
-0.11326178908348,0.10387343913317,0.039447970688343,1
-0.079187095165253,-0.017841599881649,-0.021495416760445,1
-0.11260476708412,0.15903093665838,0.10517295449972,1
0.047516644001007,0.19387551397085,-0.03799457103014,1
0.021449089050293,-0.12645287066698,0.030902005732059,1
0.022299408912659,-0.25371377915144,0.12684864550829,1
-0.013174116611481,-0.15823818743229,0.014973372220993,1
-0.22718352079391,0.034892611205578,-0.030089251697063,1
-0.10709407925606,0.10589487105608,0.0075812414288521,1
0.10652738809586,-0.10175594990142,0.021966494619846,1
0.012707710266113,-0.087228855118155,0.0082890242338181,1
0.14907318353653,-0.13806239143014,-0.057762734591961,1
-0.053356021642685,0.10082948952913,0.029169388115406,1
-0.096539795398712,0.17749520391226,0.11503516882658,1
0.20671588182449,-0.22293062508106,0.029003165662289,1
0.053138017654419,0.12936349958181,-0.029880777001381,1
-0.046612799167633,-0.16619675606489,0.042389817535877,1
-0.00755774974823,-0.17006701976061,-0.059980139136314,1
0.129239320755,0.19740011543036,-0.017260141670704,1
0.059646427631378,-0.13773380592465,0.022076167166233,1
0.1218553185463,0.20436837524176,0.076339609920979,1
-0.083452105522156,0.023905798792839,-0.026010192930698,1
-0.12155783176422,0.011114999651909,-0.065307207405567,1
-0.15189266204834,0.16901215165854,-0.040802635252476,1
-0.091292291879654,0.073193334043026,-0.086242713034153,1
-0.1594899892807,0.029203481972218,-0.052624002099037,1
0.1375093460083,0.15259396284819,-0.0017448216676712,1
-0.16236290335655,0.05456767231226,0.063425935804844,1
-0.023203492164612,0.23216509073973,0.0028287693858147,1
-0.16711932420731,-0.07858020812273,0.101941652596,1
0.00014656782150269,0.20897989720106,0.15146715193987,1
0.02631026506424,0.22538294643164,-0.041760720312595,1
0.14923721551895,-0.21085140109062,0.095426626503468,1
-0.099448442459106,-0.092736254446208,0.050819717347622,1
-0.064068734645844,0.043009363114834,0.006152831017971,1
-0.14144647121429,-0.20394970476627,0.078746147453785,1
-0.069350033998489,0.046720080077648,-0.0095695033669472,1
-0.025433003902435,0.2660658583045,0.10608201473951,1
0.017830729484558,0.10734003037214,-0.068424455821514,1
-0.058634698390961,0.0090931281447411,0.010096497833729,1
0.082489013671875,-0.10412821080536,0.031144984066486,1
0.17568522691727,-0.22419876605272,-0.02070801705122,1
-0.0734643638134,-0.06795434653759,0.018154181540012,1
-0.044761598110199,0.092029415071011,-0.057396151125431,1
0.064451217651367,0.070610873401165,-0.0036453455686569,1
0.067529618740082,0.14857415109873,-0.058451108634472,1
-0.16477781534195,-0.067167885601521,0.21466792374849,1
-0.14821994304657,0.078442059457302,0.0080695971846581,1
0.05914443731308,-0.20008524507284,0.032080970704556,1
0.080775499343872,-0.075949646532536,-0.05142966657877,1
-0.069977015256882,0.06385525316,0.027965538203716,1
-0.01200395822525,0.091001711785793,-0.040402710437775,1
0.0043535232543945,-0.08786375913769,-0.025419734418392,1
0.062837183475494,0.19515191763639,-0.076508842408657,1
0.12020432949066,0.16690539568663,0.22533772140741,1
0.05094188451767,0.084198646247387,0.0094810798764229,1
-0.029448091983795,-0.18515600264072,-0.071639105677605,1
0.12574964761734,0.18898769468069,0.079975210130215,1
0.06195741891861,-0.14733562245965,-0.014038823544979,1
-0.032170355319977,-0.18748595565557,0.10015351325274,1
0.060783207416534,-0.089337735436857,-0.011284232139587,1
-0.14632898569107,-0.14179793745279,0.082764364778996,1
-0.013917684555054,0.095277808606625,0.0015684440732002,1
0.1220543384552,0.19398751109838,-0.036579169332981,1
-0.096668630838394,-0.13984061032534,-0.097089685499668,1
-0.083441019058228,-0.24061534553766,0.044802747666836,1
-0.16135835647583,0.035284139215946,0.0064230486750603,1
-0.094711601734161,-0.089171333238482,-0.029697753489017,1
-0.079081416130066,0.050767354667187,0.0022913888096809,1
0.0010790824890137,0.24257784336805,0.089574448764324,1
-0.22666648030281,-0.031912297010422,0.0038037970662117,1
0.060508787631989,-0.16836257278919,-0.038582839071751,1
-0.10406342148781,0.071645341813564,0.023936413228512,1
-0.15162390470505,0.22422965615988,0.047164537012577,1
-0.12450844049454,-0.19779855757952,-0.063020937144756,1
-0.2401622235775,-0.056932300329208,-0.020097874104977,1
-0.14084219932556,-0.12934291549027,0.20385757833719,1
-0.1475028693676,-0.09563032258302,0.028790764510632,1
-0.16557732224464,0.19059615582228,0.010147146880627,1
0.16493999958038,0.197838537395,0.03033409267664,1
-0.059860378503799,-0.24842453747988,0.036008082330227,1
0.098651826381683,-0.15474971011281,0.051941759884357,1
-0.11331951618195,-0.25677432864904,0.066829800605774,1
0.084691345691681,-0.19378450512886,-0.035988606512547,1
0.18922275304794,-0.21951030194759,0.12352683395147,1
-0.17987203598022,0.14792317897081,0.021711833775043,1
0.05772203207016,0.097081772983074,-0.029112920165062,1
0.045976936817169,-0.059476438909769,0.0039874464273453,1
-0.21108725667,-0.14895626157522,-0.043701745569706,1
0.083562910556793,0.19785975664854,0.073472268879414,1
0.054770469665527,-0.089296338148415,-0.043637059628963,1
-0.21732929348946,-0.083925390616059,0.029551617801189,1
0.02420437335968,0.16717614978552,0.021785899996758,1
-0.18594667315483,0.12577659636736,-0.025326617062092,1
0.10229378938675,0.24018030613661,0.078342460095882,1
0.089682579040527,0.12869485467672,0.001036249101162,1
0.16239911317825,0.17249258607626,-0.079828344285488,1
-0.036280453205109,0.25018023699522,0.055433750152588,1
-0.080866813659668,-0.079126909375191,0.010511182248592,1
-0.20317348837852,0.048789523541927,0.029137618839741,1
0.040726780891418,0.24284335225821,0.0064120292663574,1
-0.099166244268417,-0.12817594222724,0.020605750381947,1
-0.032066404819489,0.0065459683537483,0.0020951107144356,1
0.089343011379242,-0.11622183397412,0.037364564836025,1
0.12362259626389,-0.24224550276995,0.042270131409168,1
-0.14466378092766,-0.10499237757176,0.013524524867535,1
0.0049594044685364,-0.093701606616378,0.0075891241431236,1
-0.081799328327179,0.17855640500784,0.023891530930996,1
0.15591329336166,-0.1956485658884,0.17124734073877,1
-0.060353428125381,0.23322590440512,0.070052169263363,1
0.10939174890518,0.11267762631178,0.012134417891502,1
-0.084574013948441,0.22144826501608,-0.086711794137955,0
0.04610687494278,-0.1646661311388,-0.069051504135132,1
-0.040027737617493,0.049725465476513,0.0088955089449883,1
0.0072264671325684,0.2504134401679,0.16462183743715,1
0.17271053791046,-0.24429538100958,-0.0095499083399773,1
0.062145531177521,-0.10191169334576,-0.0089782103896141,1
0.10691899061203,-0.11210104171187,0.011393539607525,1
0.022168815135956,-0.08647680003196,-0.052051834762096,1
-0.15572461485863,0.067654125392437,0.050899796187878,1
0.074704349040985,0.17402451485395,-0.097302619367838,1
-0.019726514816284,0.12382476776838,0.0087608397006989,1
0.071260631084442,0.26546078175306,-0.045679904520512,1
-0.036044955253601,0.012239016592503,3.5248696804047e-05,1
0.013510465621948,-0.12660017982125,-0.072557687759399,1
0.10391670465469,-0.18422135710716,0.10026619583368,1
-0.063842058181763,-0.21750068664551,0.089790962636471,1
-0.070521712303162,0.083977021276951,0.017001710832119,1
-0.16844898462296,0.12101479619741,-0.080992497503757,1
0.12133872509003,0.2288338765502,0.043459318578243,1
-0.027962446212769,-0.081774605438113,0.014776065945625,1
0.04362827539444,-0.17727217823267,-0.083066523075104,1
-0.21517392992973,-0.090493511408567,0.084128983318806,1
0.052113950252533,-0.13011234812438,-0.087184727191925,1
-0.071618914604187,-0.035283342003822,0.016131497919559,1
-0.051856428384781,-0.11886792257428,-0.020995192229748,1
0.17945349216461,0.16075363010168,0.046193011105061,1
0.068675816059113,-0.21258261799812,-0.033381752669811,1
0.08520895242691,-0.21057538688183,0.18793066591024,1
0.020860135555267,0.11906715482473,0.024383865296841,1
-0.011421918869019,0.14089291542768,-0.05630349367857,1
-0.11577492952347,-0.079977853223681,-0.012868337333202,1
-0.12516587972641,-0.019799627363682,-0.065912455320358,1
-0.13766387104988,0.14331211894751,0.035511024296284,1
0.0090735554695129,0.19515734165907,0.22004476934671,1
0.10906475782394,-0.13019919209182,-0.049761839210987,1
-0.10841712355614,-0.088255889713764,-0.08819530159235,1
0.14600020647049,-0.13300198316574,0.0049839988350868,1
-0.050839692354202,0.10140176862478,-0.04739423841238,1
-0.040186882019043,0.066577978432178,0.0058368667960167,1
0.19075238704681,0.18973558396101,0.052166260778904,1
0.04614394903183,-0.085105371661484,0.014219187200069,1
0.17985284328461,0.19319745153189,-0.036423206329346,1
0.1111815571785,-0.24673258513212,-0.068777583539486,1
-0.029987931251526,-0.052787076681852,0.010974086821079,1
-0.090230166912079,-0.026281155645847,0.016663797199726,1
0.0029517412185669,-0.1112866634503,-0.063791677355766,1
0.028932154178619,-0.10435726586729,0.022600099444389,1
0.18070328235626,0.22522424906492,-0.050573840737343,1
-0.24132412672043,-0.010993808507919,-0.081945262849331,1
-0.048446238040924,-0.15062157809734,0.06562827527523,1
-0.18244725465775,0.067786253988743,0.099733598530293,1
0.029385507106781,-0.18680162727833,0.054198406636715,1
-0.0079578161239624,0.19343736022711,0.011867173016071,1
-0.089263170957565,0.19156374782324,-0.045750491321087,0
0.07379412651062,-0.061731427907944,-0.0058511421084404,1
-0.021134316921234,-0.10075264086481,0.027506746351719,1
-0.12916886806488,0.1323696449399,-0.050712816417217,0
-0.07941722869873,-0.015007592737675,-0.044287882745266,1
-0.0094624161720276,0.070650584995747,-0.009926363825798,1
-0.056265354156494,0.09991205483675,-0.066239677369595,1
-0.042268693447113,-0.22855923324823,0.049197733402252,1
-0.083457052707672,0.044657729566097,0.01216646283865,1
-0.05021458864212,0.017413802444935,-0.036083437502384,1
0.10173761844635,-0.15641906484962,0.071830876171589,1
-0.16361346840858,-0.1710125207901,0.050466023385525,1
-0.096352875232697,-0.18711818009615,0.12018432468176,1
-0.026912927627563,0.067281253635883,0.014006160199642,1
0.15397500991821,-0.17913554608822,0.16863303631544,1
-0.075170695781708,-0.11958697251976,0.027514606714249,1
-0.14167141914368,0.14333816617727,-0.063908092677593,0
-0.058899432420731,-0.10440804623067,0.021252751350403,1
-0.059162318706512,-0.0066772997379303,0.0081517174839973,1
0.097656905651093,-0.093612929806113,-0.07071465998888,1
0.13905644416809,0.15252783149481,0.022751048207283,1
0.080578923225403,0.22854220122099,-0.086808104068041,1
0.15873885154724,0.14770842343569,0.095652379095554,1
-0.049932837486267,-0.17114276438951,-0.081694945693016,1
-0.14195129275322,-0.15613815933466,0.042844183743,1
0.034666001796722,-0.080834770575166,-0.020184449851513,1
-0.0035061836242676,0.13881518691778,0.043404191732407,1
-0.1482615172863,0.16906448453665,0.10835792869329,1
0.091845095157623,-0.25909209996462,-0.073637321591377,1
-0.20617863535881,0.14045921713114,0.05051527172327,1
-0.058145433664322,-0.2375343516469,0.047623232007027,1
0.068975806236267,0.16412385553122,-0.057066895067692,1
0.17432022094727,0.18933149427176,0.11325714737177,1
-0.041637361049652,-0.20666303485632,0.13441184908152,1
0.11928242444992,-0.25607817620039,0.013318262994289,1
0.16576302051544,-0.15554174035788,-0.086667962372303,1
-0.066712707281113,-0.05775324255228,-0.025920234620571,1
0.07101583480835,0.14625381678343,-0.04600678384304,1
0.033983528614044,-0.14587727934122,0.035488285124302,1
0.16570746898651,0.16124623268843,0.019547529518604,1
-0.0021952986717224,0.26200404018164,0.092896588146687,1
0.10902255773544,-0.090170236304402,-0.039657272398472,1
-0.063932090997696,-0.024308010935783,-0.0069778338074684,1
-0.21580073237419,-0.12315368466079,-0.036391727626324,1
-0.11803239583969,-0.2032883092761,0.086562357842922,1
-0.094147622585297,-0.045574717223644,0.0047080591320992,1
-0.033028125762939,0.10510914772749,-0.036145806312561,1
-0.15918409824371,-0.13138326257467,0.17576595395803,1
0.0090521574020386,-0.12816035188735,0.031583711504936,1
0.19100689888,0.20495887845755,0.14103380590677,1
-0.15623909235001,-0.094799415208399,0.047762282192707,1
0.075332045555115,-0.072981100529432,-0.00076290220022202,1
-0.056431829929352,0.038547180593014,0.013712503015995,1
-0.186408162117,0.059265814721584,-0.069012470543385,1
-0.21093195676804,-0.058630127459764,-0.011132262647152,1
-0.12418305873871,-0.21725448220968,0.017981357872486,1
-0.18248122930527,-0.051779314875603,0.11103460937738,1
0.039038598537445,-0.17606469988823,-0.026161052286625,1
-0.16582414507866,0.067943133413792,0.11075987666845,1
0.094734847545624,-0.15225809812546,-0.089327499270439,1
-0.083047121763229,0.19785761088133,0.093451507389545,1
0.05755740404129,0.2059568092227,-0.019706599414349,1
0.018699407577515,-0.11706980317831,0.02856806665659,1
0.12929028272629,-0.23636423796415,0.10269940644503,1
0.054539978504181,0.080721043050289,-0.0057904347777367,1
-0.14730685949326,0.12274377793074,-0.036056600511074,1
0.071075737476349,-0.10992053337395,-0.043491087853909,1
0.18813240528107,-0.17633741348982,0.0691182538867,1
-0.18375790119171,0.1159065887332,-0.05987374484539,1
0.022358179092407,0.06636904925108,-0.011945202946663,1
-0.06698539853096,0.08277489989996,-0.050413973629475,1
-0.061575204133987,-0.049915809184313,0.0083726719021797,1
0.044375658035278,0.19726505130529,0.046095371246338,1
-0.0021749138832092,0.27003204077482,0.097833029925823,1
-0.03015810251236,0.20617511123419,-0.075550496578217,1
0.066780984401703,-0.091486641205847,-0.022095143795013,1
-0.053823053836823,0.11515241116285,0.026741527020931,1
0.034991979598999,-0.21884366869926,0.0056201741099358,1
0.015073657035828,-0.099362273409497,-0.0081476494669914,1
-0.077602803707123,-0.24338314682245,0.016118533909321,1
0.034832179546356,-0.22888430207968,0.11464581638575,1
-0.052938461303711,0.16075506061316,-0.066331639885902,1
0.06869250535965,-0.16343777626753,0.045281201601028,1
-0.16437926888466,-0.13499407842755,0.17494525760412,1
-0.093430042266846,0.072150938212872,0.034649573266506,1
-0.13355141878128,-0.1479274481535,-0.081724710762501,1
0.0065734386444092,0.069898687303066,0.007761649787426,1
-0.043443977832794,-0.040457364171743,-0.0046766325831413,1
-0.10974991321564,0.092039562761784,-0.0094595476984978,1
-0.1129062473774,0.015330359339714,-0.022554777562618,1
0.0021647214889526,-0.19332724809647,-0.00012468546628952,1
-0.12128928303719,0.068915762007236,0.055202417075634,1
-0.17485958337784,0.10667783766985,0.15424747020006,1
-0.04454517364502,-0.15660523995757,0.031911633908749,1
0.073449671268463,-0.053292252123356,-0.0028612986207008,1
-0.11280059814453,-0.00019088387489319,-0.087673041969538,1
0.059275150299072,-0.068184055387974,-0.012659750878811,1
-0.17693722248077,0.069156669080257,0.11573334783316,1
0.048501670360565,0.17521192878485,0.01073019951582,1
-0.19518551230431,-0.04718105494976,-0.043846689164639,1
-0.18695798516273,-0.068452548235655,0.20066968351603,1
-0.031746447086334,0.12512507289648,0.041243858635426,1
0.022307395935059,0.13747475296259,-0.055625848472118,1
-0.20811858773232,-0.11064398940653,0.0034531131386757,1
0.07120943069458,-0.069009255617857,0.0046403184533119,1
0.020676136016846,-0.24718733876944,0.16983193904161,1
0.11740607023239,0.26232051104307,0.076864339411259,1
-0.12681186199188,0.02518779784441,-0.062356747686863,1
0.056436777114868,-0.24420713633299,0.1326173171401,1
0.056873500347137,0.083655409514904,-0.018583826720715,1
0.10418713092804,0.27552580088377,-0.00097798556089401,1
0.15907031297684,-0.22515682131052,0.10168818384409,1
0.012860119342804,-0.082407290115952,0.016578063368797,1
-0.044894516468048,0.037180788815022,-0.039734825491905,1
-0.17822137475014,0.11743570119143,0.0026461556553841,1
0.15970915555954,0.16357960551977,-0.07314744591713,1
0.13519257307053,0.14489657431841,-0.011925771832466,1
-0.14796158671379,-0.1856886446476,-0.075042627751827,1
-1.6272068023682e-05,0.12498765438795,0.019962102174759,1
0.089219152927399,-0.12394989095628,0.02688093483448,1
-0.21378776431084,0.12084425240755,0.07262184470892,1
-0.052488416433334,-0.27849937230349,-0.024359300732613,1
-0.22112283110619,-0.018710561096668,-0.034653671085835,1
-0.030252397060394,-0.039279349148273,-0.0022232905030251,1
-0.08968260884285,0.095599539577961,-0.021244443953037,1
0.076559484004974,-0.23075271397829,-0.0071613192558289,1
-0.19243350625038,-0.1879131346941,0.034668140113354,1
-0.02482396364212,-0.06361311674118,-0.017899669706821,1
-0.12871751189232,-0.10724280262366,0.019533760845661,1
-0.18795019388199,0.065699882805347,0.078676320612431,1
-0.075099676847458,-0.016184501349926,0.023410625755787,1
-0.17322623729706,0.010191321372986,-0.009010337293148,1
0.12791174650192,0.14209217578173,0.0074705481529236,1
0.0027818083763123,-0.056487992405891,-0.010972239077091,1
0.12460649013519,-0.22675583511591,0.059297315776348,1
0.097422063350677,-0.076021734625101,0.010504625737667,1
-0.025484502315521,-0.24241114407778,0.0011294484138489,1
-0.21132186055183,0.048010759055614,0.11786022037268,1
-0.055698215961456,0.13398730009794,-0.0689432695508,1
0.060592889785767,0.24343084543943,0.0283427760005,1
-0.22046893835068,0.0060232505202293,-0.085085012018681,1
0.0091583728790283,-0.21960073709488,0.088448621332645,1
-0.044571757316589,0.20307072252035,0.13369450718164,1
0.078150272369385,0.091937981545925,-0.0034338384866714,1
-0.11351889371872,-0.021991230547428,-0.03318627923727,1
-0.23241248726845,0.0096628442406654,0.083635576069355,1
0.071556389331818,-0.18955115228891,-0.065582603216171,1
-0.16662621498108,-0.12288188748062,-0.071824751794338,1
-0.092675775289536,-0.21129129827023,0.0011925920844078,1
0.011145889759064,0.21371152251959,-0.011832907795906,1
0.016196191310883,-0.26532114297152,0.06975219398737,1
-0.057299792766571,0.007948525249958,-0.025905624032021,1
0.072400510311127,-0.19242564588785,0.016947127878666,1
0.076765477657318,0.078632913529873,-0.025190256536007,1
0.025250375270844,-0.15645506978035,-0.068765662610531,1
0.077765345573425,0.25149094313383,0.088895685970783,1
-0.07122266292572,0.22255643457174,-0.017195455729961,1
-0.055184781551361,0.025717578828335,0.014128394424915,1
-0.1185077726841,-0.13468055054545,0.0776561871171,1
-0.07821649312973,-0.14006606861949,0.065435312688351,1
0.018129169940948,-0.18950283527374,-0.060041837394238,1
0.095754563808441,0.26574733108282,0.097085542976856,1
-0.19931983947754,0.081179849803448,0.16280027478933,1
-0.21929794549942,0.096493847668171,0.10840434581041,1
-0.16116726398468,-0.19386743754148,-0.037678621709347,1
0.16020530462265,0.13575024157763,-0.083291210234165,1
-0.13165497779846,-0.10662396717817,0.082304142415524,1
-0.10419502854347,0.21442600339651,-0.067820556461811,0
-0.15060868859291,-0.20259085297585,0.046767555177212,1
-0.09392637014389,-0.017626777291298,-0.013482727110386,1
0.069532573223114,-0.15046034380794,-0.090792752802372,1
-0.17298248410225,0.15829577296972,-0.035396866500378,1
-0.13302719593048,0.059342034161091,0.021479688584805,1
0.037566542625427,0.22471406310797,-0.040385991334915,1
-0.068707436323166,0.093603976070881,-0.041282273828983,1
-0.080224454402924,-0.081276386976242,-0.068878181278706,1
0.020099222660065,0.2349427267909,0.059446968138218,1
-0.02692037820816,0.02608846873045,-0.0012203976511955,1
-0.039284944534302,-0.20289467275143,0.035727858543396,1
-0.044449388980865,0.082893379032612,0.012871004641056,1
0.004869282245636,-0.1452966965735,-0.02239716053009,1
0.026646137237549,0.08624029904604,-0.033468946814537,1
-0.043208062648773,-0.11968597956002,0.017555736005306,1
-0.20912545919418,0.003073662519455,0.084561668336391,1
-0.14749071002007,0.1120048686862,0.089396737515926,1
0.017705142498016,-0.12570879049599,-0.06411474198103,1
-0.016256034374237,0.088770098984241,0.0096837505698204,1
-0.096276938915253,0.22156455367804,0.00048558413982391,1
-0.12795323133469,-0.13954937085509,-0.098258651793003,1
-0.13811331987381,-0.039089057594538,-0.043058529496193,1
-0.11636260151863,-0.1320278570056,0.054340161383152,1
0.060914158821106,0.10968794673681,-0.073835723102093,1
0.066579043865204,-0.097243912983686,-0.017954774200916,1
-0.076794296503067,0.24629297107458,0.082340486347675,1
-0.047248482704163,0.20479979366064,-0.0028303265571594,1
-0.20528876781464,-0.087084162048995,0.090176068246365,1
0.11260765790939,-0.19136352837086,0.030151329934597,1
-0.12923476099968,-0.0029786750674248,-0.045115448534489,1
-0.18957686424255,-0.030131757259369,0.053116597235203,1
-0.1805234849453,0.0045789778232574,-0.04915676265955,1
-0.028907239437103,0.053276084363461,0.0070652440190315,1
-0.070741713047028,-0.0096923634409904,-0.04108651727438,1
0.12885278463364,-0.12593172118068,-0.078410781919956,1
-0.19353771209717,0.0069250091910362,-0.046924136579037,1
0.048421442508698,-0.16262079030275,-0.064039953052998,1
0.11891609430313,0.13458470255136,-0.0024501010775566,1
-0.14013594388962,-0.1094414871186,0.12320799380541,1
-0.19477826356888,-0.03548863530159,0.12424980849028,1
0.032882273197174,-0.10847760085016,-0.0461665391922,1
0.095198690891266,-0.14744140952826,-0.0049774646759033,1
-0.2100924551487,-0.16645117849112,0.06432282179594,1
-0.17644500732422,0.1978308185935,0.0020822361111641,1
-0.10472419857979,-0.15394237264991,-0.045104160904884,1
0.18157243728638,0.17444282025099,0.084826372563839,1
-0.062876254320145,-0.25901178270578,0.11340970546007,1
-0.051465034484863,-0.13504189252853,-0.044282697141171,1
-0.14740413427353,-0.01395557820797,0.070387460291386,1
-0.021621644496918,-0.083670917898417,0.023080445826054,1
-0.061808466911316,0.11532055586576,-0.0048568770289421,1
0.070940434932709,-0.14434629306197,0.049508549273014,1
0.096893966197968,-0.091446908190846,-0.033756129443645,1
-0.13251942396164,0.096426449716091,0.020540498197079,1
-0.025242805480957,0.10764423757792,-0.056245945394039,1
-0.077744245529175,-0.027582958340645,-0.064247973263264,1
-0.16071805357933,-0.18619791418314,0.10482660681009,1
-0.16525360941887,0.10144903510809,0.12823363393545,1
0.08854728937149,0.14929135888815,-0.044826313853264,1
-0.10905477404594,-0.12796573154628,0.094649814069271,1
0.20479780435562,-0.2022687420249,0.078396864235401,1
-0.20811152458191,0.078146733343601,0.060849733650684,1
0.16500705480576,0.14797062426805,0.20910263806581,1
-0.022987365722656,0.20065929740667,0.13752979785204,1
-0.25917366147041,-0.063012663275003,-0.012083627283573,1
-0.11763516068459,-0.20421724021435,0.095606260001659,1
0.15095835924149,-0.18416628986597,-0.043881513178349,1
-0.14487010240555,-0.020805135369301,0.041217438876629,1
0.15471869707108,0.1750505194068,0.12196450680494,1
-0.20203846693039,-0.047651305794716,0.10259335488081,1
-0.073972672224045,-0.025190889835358,4.587322473526e-05,1
-0.18086314201355,-0.0018518567085266,0.090976424515247,1
-0.1938049197197,0.16926666349173,0.089562363922596,1
-0.062709033489227,0.14549010246992,0.056192167103291,1
-0.11449843645096,0.042751081287861,-0.069178551435471,1
-0.15397489070892,0.10750006884336,0.044544138014317,1
-0.054399877786636,-0.1818348839879,0.052615620195866,1
0.023211598396301,0.23463182896376,0.14292318373919,1
-0.019833505153656,0.070776663720608,-0.029848955571651,1
-0.075992733240128,0.18057142943144,0.15973866730928,1
0.028190553188324,-0.21393327414989,0.10517770797014,1
-0.12217098474503,-0.10863038245589,0.042397491633892,1
0.16999757289886,0.16096188873053,0.16713730245829,1
-0.072569608688354,0.25410329550505,-0.041846334934235,0
-0.10900214314461,-0.033363163471222,-0.003445066511631,1
-0.010474026203156,0.04814774543047,-0.0047918632626534,1
-0.11701101064682,-0.0014423131942749,0.023481048643589,1
-0.02155202627182,0.053072459995747,-0.014470659196377,1
0.028380215167999,0.10488384217024,-0.0098954513669014,1
0.15595889091492,0.18756391853094,0.16961041837931,1
-0.13164886832237,-0.012218080461025,0.053948797285557,1
-0.10642439126968,0.0017271041870117,-0.05039868503809,1
-0.051012963056564,0.13381957262754,-0.024749666452408,1
-0.050627619028091,0.24343802779913,-0.020808652043343,1
-0.13732582330704,0.19365509599447,0.16296280175447,1
-0.05717396736145,-0.12695163488388,-0.040579631924629,1
0.004011869430542,-0.071823855862021,0.0058728083968163,1
-0.1076799929142,0.18576937168837,0.15931405872107,1
0.16191411018372,0.17279895395041,0.047345153987408,1
0.041339039802551,-0.177859403193,0.0037563145160675,1
-0.019344627857208,-0.16946121305227,-0.0022438243031502,1
0.10320484638214,0.14861609786749,-0.047745309770107,1
0.091050386428833,0.17167218774557,0.0053916200995445,1
-0.062519490718842,0.11131884902716,0.003858245909214,1
0.066020369529724,-0.21968641877174,0.0050204992294312,1
-0.16276115179062,-0.15380848944187,-0.073236398398876,1
-0.17193239927292,0.031148232519627,0.0023076757788658,1
-0.055064827203751,-0.20122797787189,0.15614072233438,1
0.046152114868164,-0.18983248621225,-0.05438631772995,1
-0.013984799385071,0.080660082399845,0.0005417987704277,1
-0.24742525815964,-0.10130847035907,0.0028577819466591,1
-0.19005918502808,0.11786707490683,0.15239583700895,1
-0.17265927791595,-0.063916616141796,0.0086929425597191,1
0.102334856987,0.21005680412054,-0.086688250303268,1
-0.017902612686157,0.25744917243719,-0.055017925798893,1
-0.15694287419319,-0.12231398932636,0.14037214964628,1
0.0029643177986145,-0.16322765499353,0.032492615282536,1
-0.18293803930283,-0.0056461170315742,0.029368586838245,1
0.11404263973236,-0.25808572024107,0.00028454512357712,1
0.16255182027817,0.18179025501013,-0.041287638247013,1
0.12121194601059,-0.1293474547565,-0.028988666832447,1
0.13655054569244,0.21084716171026,-0.0057689324021339,1
0.042136073112488,0.068060912191868,-0.011360831558704,1
-0.14345273375511,0.020393989980221,-0.089942168444395,1
0.033837497234344,-0.10137722524814,0.014045514166355,1
-0.13156619668007,0.20081844180822,-0.077800042927265,0
0.039862632751465,-0.099125552689657,-0.032315380871296,1
0.011922478675842,-0.18952644616365,-0.027363158762455,1
-0.052046924829483,0.007592998445034,-0.020479254424572,1
-0.14862015843391,0.16970717161894,0.036658562719822,1
0.10478460788727,0.21578016132116,0.15654001384974,1
0.12504357099533,-0.21178878098726,0.16317299753428,1
-0.090056031942368,0.24901454895735,0.075507141649723,1
-0.12304800748825,0.01372355222702,-0.022255755960941,1
-0.11495840549469,-0.16886675357819,-0.03496778011322,1
-0.0059037804603577,-0.091486898250878,-0.011680155992508,1
0.010270297527313,0.16343861073256,-0.05718094855547,1
-0.01078587770462,-0.12576160952449,0.024648569524288,1
0.044657528400421,-0.089537000283599,0.015674628317356,1
-0.029054939746857,0.16805546730757,-0.05806191265583,1
-0.064638316631317,-0.19684422016144,0.16248966008425,1
-0.11663317680359,-0.16447892040014,0.14159848541021,1
-0.17558157444,-0.081926390528679,0.081618495285511,1
-0.080385208129883,0.26023169606924,-0.0071145445108414,1
-0.19949990510941,-0.18144251406193,-0.0090260282158852,1
-0.078535377979279,0.065302543342113,-0.041807748377323,1
-0.1269947886467,-0.083080783486366,-0.014137051999569,1
-0.0092840790748596,-0.17155906558037,0.013736426830292,1
-0.22281387448311,0.096112422645092,0.0023041293025017,1
0.0077387094497681,0.12171166390181,-0.080728583037853,1
-0.17938941717148,-0.097231084480882,0.16429617255926,1
0.08619099855423,0.11688285320997,-0.020666658878326,1
0.0079719424247742,-0.14944188296795,-0.025729313492775,1
0.051220417022705,-0.1570565328002,-0.07970979064703,1
0.062711238861084,0.11394234746695,-0.073920577764511,1
-0.074236273765564,0.054716624319553,0.0060092732310295,1
0.10009092092514,-0.17487927526236,0.018613383173943,1
-0.07951346039772,0.22230520099401,-0.058504708111286,0
-0.024264931678772,0.19830443710089,-0.066047392785549,1
-0.022226750850677,0.057439915835857,-0.013097263872623,1
0.10896211862564,0.12168384343386,-0.012782648205757,1
0.027449727058411,0.27166869491339,-0.043916247785091,1
0.17073953151703,-0.14691139385104,0.036807052791119,1
-0.12182384729385,0.15979089587927,0.045874558389187,1
0.056324779987335,-0.22295869141817,0.17999569326639,1
0.15379250049591,0.17100318521261,-0.052328236401081,1
-0.054763972759247,-0.12926198542118,-0.076977126300335,1
-0.038042366504669,0.082434587180614,0.013728268444538,1
-0.031775057315826,-0.092538693919778,-0.056424476206303,1
0.10048770904541,0.18424066156149,0.043907143175602,1
-0.093415856361389,-0.10267263930291,-0.0064383074641228,1
0.094987690448761,-0.18135087937117,0.077052034437656,1
0.070496201515198,-0.22915174812078,0.11540596932173,1
-0.18523728847504,0.15663378685713,0.14976065605879,1
-0.018810212612152,-0.27682168036699,0.054449677467346,1
-0.24931627511978,-0.033443711698055,-0.055636949837208,1
-0.1237630546093,-0.091223384253681,-0.066446423530579,1
-0.13253638148308,-0.16561853140593,0.092614330351353,1
-0.10558390617371,0.062215439975262,-0.076714396476746,1
0.054564833641052,-0.19546196609735,-0.01263964176178,1
-0.14420309662819,-0.13619247451425,0.16607791930437,1
-0.020657479763031,0.1339560225606,-0.02684922516346,1
0.12650728225708,0.24310990422964,-0.045984178781509,1
-0.19390663504601,0.022596828639507,0.14459893852472,1
0.12001633644104,0.21782635897398,0.10069761425257,1
-0.049679398536682,0.089791603386402,0.00091081112623215,1
-0.19130352139473,-0.0049942880868912,0.12497352808714,1
-0.11567026376724,0.22011794894934,-0.068167217075825,0
0.103051841259,-0.24096415191889,0.14678970724344,1
0.09522408246994,-0.166105940938,-0.042584784328938,1
-0.05140146613121,0.032416589558125,-0.01805766671896,1
-0.10904330015182,0.088975436985493,-0.066880784928799,1
-0.0379998087883,-0.080382457002997,-0.025846838951111,1
-0.16740155220032,0.095511101186275,0.11390652507544,1
-0.18950948119164,0.0025581270456314,0.034928269684315,1
-0.20541962981224,0.14783852547407,0.013297758996487,1
0.080581903457642,-0.24056027084589,-0.087660770863295,1
-0.076261460781097,0.12128122895956,-0.034675545990467,1
-0.074982047080994,-0.080707721412182,-0.083163760602474,1
0.072615504264832,0.14705345779657,-0.028582483530045,1
0.19647246599197,-0.17918265610933,0.16906412690878,1
-0.088272541761398,0.19639261811972,0.062597349286079,1
-0.14895731210709,-0.11566111817956,0.12392879277468,1
-0.0060283541679382,0.16069518774748,-0.052471347153187,1
-0.12371835112572,-0.22001497447491,0.010514423251152,1
-0.11858877539635,-0.1561868712306,0.037728197872639,1
-0.064128190279007,0.081356398761272,-0.020111717283726,1
0.043502628803253,0.098365463316441,-0.011442869901657,1
-0.12638831138611,0.16599165648222,0.012576676905155,1
0.11635029315948,0.15510161966085,0.063417434692383,1
-0.10185354948044,0.19549354165792,0.13599144667387,1
0.042904794216156,0.27718927711248,-0.022605754435062,1
-0.0068269371986389,-0.16318284720182,-0.008696123957634,1
0.17204457521439,0.16764619201422,-0.07958222925663,1
-0.13482889533043,0.0044564753770828,0.057229407131672,1
0.039664506912231,0.26047208160162,-0.046570502221584,1
0.013414442539215,0.096284635365009,-0.061508886516094,1
-0.056849777698517,0.20515494793653,0.16449952870607,1
0.07435131072998,-0.17122668772936,-0.086505629122257,1
-0.13431307673454,-0.17347017675638,-0.038025476038456,1
-0.082328975200653,0.17490192502737,-0.078800357878208,0
-0.009103000164032,-0.10854984726757,-0.0069345012307167,1
-0.076827555894852,0.21604301780462,0.17704922705889,1
-0.15910911560059,0.18788345903158,-0.068387381732464,0
0.2087145447731,-0.2127765789628,-0.043048985302448,1
-0.17919406294823,0.031485058367252,-0.0097945556044579,1
-0.20135903358459,-0.028755106031895,0.18251708894968,1
-0.044747769832611,0.025607906281948,-0.010006971657276,1
-0.0044183135032654,0.11671187728643,-0.0039753839373589,1
-0.054390996694565,-0.025129161775112,-0.019240953028202,1
-0.020253717899323,0.057558558881283,-0.016683883965015,1
0.009077787399292,-0.27633876353502,0.076978839933872,1
-0.20538076758385,-0.067946378141642,-0.031778089702129,1
0.18226915597916,0.19506569951773,-0.027114242315292,1
-0.03503292798996,-0.010135069489479,-0.011272706091404,1
-0.0046442151069641,-0.12238733284175,-0.0061656832695007,1
-0.1805282831192,0.12307057529688,0.11508382111788,1
-0.0066404938697815,-0.099258246191312,-0.019582144916058,1
-0.062899619340897,0.060497812926769,0.023807518184185,1
-0.25012037158012,-0.047836605459452,-0.03388137370348,1
-0.12563693523407,0.057163633406162,0.0046799704432487,1
0.077665388584137,0.21064784377813,0.11220502108335,1
-0.17218080163002,-0.12727381661534,-0.090234450995922,1
0.092219352722168,-0.21821951121092,-0.089791744947433,1
0.1568695306778,-0.20654194056988,0.096038095653057,1
-0.079863697290421,-0.21859827637672,0.17889245599508,1
-0.046175241470337,0.029814355075359,-0.022044368088245,1
-0.20209038257599,0.025563679635525,0.14387049525976,1
-0.003936231136322,0.13190116733313,0.011340193450451,1
-0.1587048470974,-0.16116982698441,-0.068733714520931,1
0.065995872020721,-0.085191179998219,0.010715559124947,1
0.035799980163574,0.15166892856359,-0.026886954903603,1
-0.058921158313751,0.088726229965687,-0.030390955507755,1
-0.064373910427094,-0.1080581555143,-0.017518386244774,1
-0.050102293491364,-0.0306441411376,0.00071301311254501,1
-0.09836819767952,-0.011091329157352,0.032155506312847,1
0.060065448284149,-0.11878620833158,-0.013789899647236,1
0.0055239796638489,0.066383861005306,-0.018634743988514,1
-0.11545500159264,-0.0605813190341,-0.0064503028988838,1
0.098388850688934,0.15964936465025,-0.047680772840977,1
0.088996052742004,0.063850425183773,-0.022990711033344,1
-0.1131779551506,-0.17614821344614,0.046506091952324,1
-0.065016955137253,-0.13194983080029,-0.036716639995575,1
0.13484823703766,0.18233200162649,0.18387538939714,1
-0.0071818828582764,0.1534112021327,0.040505200624466,1
0.017363250255585,0.25313400477171,-0.08470381051302,1
0.081136405467987,0.17202355712652,-0.021585814654827,1
0.028081059455872,0.22705214470625,-0.052878692746162,1
-0.056582093238831,-0.12841051444411,-0.045170731842518,1
0.13990861177444,0.18865912407637,-0.090548828244209,1
-0.17712685465813,0.038515396416187,0.036649323999882,1
0.092204391956329,-0.14714062586427,0.045225627720356,1
-0.10741612315178,-0.24979396909475,0.074135668575764,1
-0.090792268514633,-0.21803833544254,-0.029537789523602,1
0.039455533027649,0.16685485094786,0.0038058757781982,1
-0.12343317270279,0.1550574824214,0.16325717419386,1
-0.041503131389618,0.20118328183889,0.0031715855002403,1
-0.22499606013298,-0.015094801783562,0.15911021083593,1
-0.21772468090057,0.051318727433681,0.046485789120197,1
0.025491058826447,-0.18321727961302,-0.021054580807686,1
-0.12946820259094,-0.13423563167453,-0.091639958322048,1
0.10097974538803,0.21277718991041,0.017230525612831,1
-0.076428592205048,-0.26866171509027,0.09298063069582,1
0.13239294290543,-0.21934250742197,-0.03515338152647,1
-0.090310215950012,0.18847944587469,0.026770375669003,1
0.044289469718933,-0.13161777704954,-0.059442669153214,1
-0.013339161872864,0.21850540488958,0.088939689099789,1
0.02862673997879,-0.22792809456587,0.039410322904587,1
-0.042172253131866,-0.17373339086771,0.039025314152241,1
0.0098249912261963,-0.1231316588819,-0.0048758685588837,1
-0.093783259391785,0.024055436253548,0.015849344432354,1
0.059449374675751,0.17711528390646,-0.031148925423622,1
-0.16318315267563,-0.079040860757232,0.025326676666737,1
-0.027908861637115,-0.16787608712912,0.00061224400997162,1
-0.088159888982773,-0.044689200818539,-0.042556665837765,1
-0.0047795176506042,0.066973932087421,-0.0078422352671623,1
0.094798028469086,-0.20889902114868,0.083829559385777,1
0.10585725307465,-0.24028272181749,-0.039083942770958,1
0.10614335536957,-0.22652610391378,-0.044444061815739,1
0.068446576595306,0.080116055905819,-0.011758059263229,1
-0.21821248531342,0.075190387666225,-0.011456198990345,1
0.044360637664795,0.25734519213438,0.13322771340609,1
0.039121150970459,0.092852614820004,0.0098882913589478,1
0.020331263542175,0.12872002273798,0.029808610677719,1
-0.10087889432907,0.18518467992544,0.057633616030216,1
0.096231162548065,-0.21911135315895,-0.085038527846336,1
-0.060876369476318,-0.055268883705139,-0.027173720300198,1
0.017302513122559,0.16032757610083,-0.02408853918314,1
0.18628293275833,0.23657309263945,0.032138586044312,1
-0.117057710886,-0.12856710515916,-0.03781545907259,1
0.11074060201645,0.20390292257071,0.05892600864172,1
0.0024623274803162,-0.22000969946384,0.15305162221193,1
-0.057845175266266,-0.2544017508626,0.059285499155521,1
0.078958928585052,-0.0647883862257,0.014703266322613,1
-0.12346109747887,-0.094185009598732,0.010645426809788,1
-0.15473213791847,-0.13700312003493,-0.079842008650303,1
0.067927241325378,-0.055564787238836,-0.016583435237408,1
0.13357895612717,-0.17192662507296,0.038581497967243,1
-0.10438537597656,-0.17391134798527,0.12133572250605,1
-0.10436362028122,0.13952774554491,0.01500079780817,1
0.049619197845459,-0.22295408695936,0.12358448654413,1
-0.065730363130569,0.24775566905737,-0.025606356561184,1
0.013916015625,0.074404530227184,0.0050911530852318,1
0.10453921556473,0.18758266419172,-0.0045170485973358,1
-0.066160827875137,0.09020584076643,0.018038518726826,1
-0.12287458777428,-0.11334446351975,-0.017125852406025,1
-0.13397938013077,-0.15265786275268,0.014410294592381,1
0.11982518434525,0.2330789193511,0.060713149607182,1
-0.10961955785751,-0.011461436748505,-0.034746408462524,1
-0.026808798313141,0.026664890348911,0.0017010048031807,1
0.013483107089996,-0.055127374827862,0.0010847523808479,1
-0.10970875620842,0.23778411000967,0.087072141468525,1
-0.12761706113815,-0.040308821946383,-0.051183104515076,1
-0.19930788874626,-0.15898169577122,0.077114813029766,1
-0.094950914382935,-0.057036235928535,0.03707442432642,1
-0.23316165804863,0.013566978275776,0.14079723507166,1
0.089158117771149,0.089116089046001,-0.0578748062253,1
-0.12608367204666,0.082124434411526,0.045654602348804,1
0.14339923858643,0.23713829368353,0.089495576918125,1
-0.13856044411659,-0.14087147265673,0.10047339648008,1
-0.17551916837692,0.037251211702824,0.19091568142176,1
-0.058766275644302,-0.15442521497607,0.076342679560184,1
0.072714149951935,-0.087598983198404,0.015021756291389,1
-0.18883174657822,0.096115685999393,0.099380917847157,1
0.093783438205719,-0.19985488057137,0.033852443099022,1
-0.066071063280106,-0.20968440175056,0.15364254266024,1
-0.14813479781151,-0.16050653159618,-0.017745964229107,1
0.052168846130371,0.22261457890272,-0.003572128713131,1
-0.0086191892623901,-0.17660374194384,-0.016965053975582,1
-0.12051138281822,0.19573350995779,0.09375923126936,1
0.088032364845276,0.19056987017393,0.064642824232578,1
0.076361298561096,0.057152189314365,0.0095784589648247,1
0.053398191928864,0.20831509679556,0.085633061826229,1
-0.032701253890991,0.04770452529192,-0.0052627101540565,1
-0.1467120051384,-0.047844514250755,-0.077384196221828,1
-0.18497604131699,0.045908533036709,0.058131687343121,1
-0.012381553649902,0.14629613608122,0.00037998706102371,1
0.00060713291168213,-0.2462348267436,-0.068519227206707,1
0.060539543628693,0.085329033434391,-0.017223246395588,1
0.03155654668808,0.19742255657911,0.11670533567667,1
-0.20708844065666,0.083272971212864,0.044141925871372,1
0.05041378736496,0.10083634406328,-0.031678058207035,1
-0.1713470518589,-0.064056560397148,0.18553368002176,1
0.013651847839355,0.23062076419592,0.018568068742752,1
-0.025296449661255,-0.1375833787024,-0.091097064316273,1
-0.15883281826973,0.18999292701483,0.047437347471714,1
0.11235404014587,0.1684250459075,-0.034709542989731,1
-0.044486582279205,-0.060522675514221,-0.0040960684418678,1
-0.032176971435547,-0.19756326824427,0.14977533370256,1
0.11725074052811,0.10972797125578,0.0039485543966293,1
-0.039319097995758,-0.064731817692518,0.0034627690911293,1
-0.24070489406586,-0.023962579667568,-0.005857028067112,1
0.054794371128082,-0.1519017778337,0.018973633646965,1
-0.083079129457474,-0.056067325174809,-0.037208810448647,1
-0.093193799257278,0.026755265891552,0.010173134505749,1
-0.20425048470497,-0.077825034037232,-0.054146774113178,1
-0.059559255838394,0.05335595458746,-0.064353324472904,1
0.095680832862854,0.11960565298796,0.02571252733469,1
-0.0042288899421692,-0.1766926124692,0.081390716135502,1
0.13185954093933,-0.23322827368975,-0.063642449676991,1
0.028742730617523,0.088780947029591,-0.048219338059425,1
0.012563705444336,-0.089912844821811,0.015376135706902,1
0.15283960103989,0.21634992212057,0.077567376196384,1
-0.038524687290192,0.098212726414204,-0.070517770946026,1
0.12143367528915,0.16952129453421,0.10903540998697,1
-0.099419504404068,0.027186684310436,0.0089699998497963,1
-0.15718215703964,0.021902725100517,-0.00021045655012131,1
-0.020374119281769,-0.090350780636072,-0.03169122338295,1
-0.10795041918755,0.10695821791887,-0.029230959713459,1
-0.072582542896271,0.19785156100988,-0.067957706749439,1
-0.047757685184479,-0.15163650363684,-0.030368663370609,1
0.083647072315216,0.062758766114712,0.012510515749454,1
-0.18682578206062,0.025820292532444,0.059102527797222,1
0.019212305545807,-0.10319286584854,-0.030463725328445,1
-0.19068762660027,-0.12327495217323,0.088077388703823,1
-0.21267917752266,-0.08021786250174,0.013577051460743,1
-0.26057252287865,-0.01858314871788,-0.010844863951206,1
-0.0098526477813721,-0.25616712123156,0.02165948599577,1
0.025835931301117,0.23087903112173,-0.033369064331055,1
-0.03745698928833,0.19120486825705,-0.030334934592247,1
0.068262755870819,0.056311018764973,-0.028430357575417,1
0.17715507745743,-0.22153660655022,0.093920268118382,1
0.17714244127274,-0.15855237469077,0.074905045330524,1
-0.1248659491539,-0.067064870148897,0.028287075459957,1
-0.24239233136177,-0.061490684747696,0.007920153439045,1
0.039583265781403,-0.14773418754339,0.034538082778454,1
-0.20404613018036,0.10287149995565,0.13057448714972,1
-0.061425060033798,-0.018995881080627,-0.026642717421055,1
-0.17723414301872,0.078809164464474,-0.085028812289238,1
0.1039080619812,-0.16850107908249,-0.025915734469891,1
0.023551106452942,-0.11929682083428,-0.061239406466484,1
-0.074364244937897,-0.17713291943073,-0.014761671423912,1
0.19735723733902,-0.18104595690966,-0.01157733052969,1
0.0782310962677,-0.12870583310723,-0.083084516227245,1
0.034797251224518,0.15424641221762,-0.052226603031158,1
0.099766671657562,-0.11755730211735,-0.036626316606998,1
0.025977194309235,-0.12638918124139,0.027631066739559,1
0.095389783382416,-0.087374076247215,0.00071520358324051,1
0.031082630157471,-0.070744005963206,-0.027022443711758,1
-0.10017344355583,0.009587898850441,-0.059758253395557,1
-0.026022136211395,-0.070519722998142,-0.041593320667744,1
0.02137017250061,0.19012095779181,0.02006908506155,1
0.024061620235443,-0.072347683832049,-0.014514602720737,1
0.12687855958939,-0.23241095989943,-0.036238871514797,1
0.12109899520874,0.172906242311,0.019747413694859,1
-0.052430957555771,0.17796640843153,-0.067245572805405,1
0.088472902774811,-0.10365804797038,0.0024827197194099,1
0.17857581377029,-0.18880328536034,0.0081493034958839,1
-0.049959778785706,0.20919498056173,0.032039031386375,1
-0.13849833607674,-0.011323302984238,0.023614145815372,1
0.15233844518661,0.17981796711683,0.093806512653828,1
0.18637710809708,-0.24016385525465,0.015402548015118,1
0.011901259422302,-0.16434053331614,-0.007107175886631,1
0.04212361574173,-0.16903143376112,0.067789047956467,1
-0.12584695219994,0.20412095636129,-0.057078324258327,0
-0.18264180421829,0.15069510787725,-0.0034817829728127,1
-0.14181110262871,-0.20932038873434,-0.0033255144953728,1
-0.060449540615082,0.12526131421328,-0.089130990207195,1
-0.21384954452515,-0.0089444294571877,-0.072846613824368,1
0.096218287944794,-0.21074563264847,0.15064907819033,1
-0.21465879678726,-0.15997620299459,-0.0047832056879997,1
0.027826905250549,0.20607622712851,-0.095293015241623,1
0.13423472642899,-0.18509575724602,-0.058669194579124,1
-0.10176253318787,0.070513211190701,0.043149195611477,1
0.014565169811249,0.1004818752408,-0.050433315336704,1
0.035887002944946,0.22833492606878,-0.054734840989113,1
-0.015002906322479,-0.20976320654154,0.14543683081865,1
-0.035295426845551,-0.017957575619221,0.00025985389947891,1
-0.027478754520416,-0.1745640039444,0.038004614412785,1
0.070510625839233,0.074444986879826,-0.01519138365984,1
-0.11671429872513,-0.063950434327126,0.012254066765308,1
-0.051342815160751,-0.13573225215077,0.050663165748119,1
-0.046819150447845,0.25461938232183,-0.015962593257427,1
0.096250951290131,-0.12801675312221,-0.087444670498371,1
0.046760618686676,-0.2564228400588,0.050945334136486,1
0.18090200424194,0.15581574290991,0.041116245090961,1
-0.089508175849915,0.050860770046711,-0.055466905236244,1
-0.02163690328598,-0.22082173079252,0.10759047418833,1
-0.10226076841354,0.12002109736204,0.0074516758322716,1
0.025882184505463,-0.2129003033042,-0.061651155352592,1
-0.19497221708298,0.081331662833691,-0.042991153895855,1
0.063666462898254,-0.15784920752048,0.024534732103348,1
0.057679533958435,0.24166335910559,-0.034749940037727,1
0.053757011890411,0.22308906167746,0.045674309134483,1
0.1053461432457,0.14796029776335,-0.039336614310741,1
0.05460923910141,-0.22585060447454,-0.014825686812401,1
-0.055057734251022,-0.090134964324534,-0.079813711345196,1
-0.10945507884026,-0.19655282050371,0.043653875589371,1
0.025381624698639,0.16416420787573,0.034479804337025,1
0.1656830906868,-0.17350790649652,-0.062905885279179,1
0.051454782485962,0.13509041815996,-0.0047062411904335,1
0.12621980905533,-0.25987266749144,0.080740205943584,1
0.16174006462097,0.17724557965994,-0.044618099927902,1
-0.16528725624084,0.0022002905607224,0.048200584948063,1
-0.15914765000343,-0.094934753607959,0.20715344697237,1
0.079927384853363,0.15114965289831,0.0091402158141136,1
-0.11256596446037,0.032484494149685,-0.090294718742371,1
0.09102874994278,-0.25005526095629,-0.056350715458393,1
-0.094129949808121,-0.043727416545153,-0.048250176012516,1
-0.049745321273804,0.074692763388157,0.01853009313345,1
-0.16714841127396,-0.0032332986593246,-0.01795344799757,1
-0.15669405460358,-0.16889964789152,0.018279023468494,1
-0.045157790184021,-0.064964644610882,-0.042174272239208,1
0.017826020717621,0.13333638757467,-0.047214776277542,1
-0.051725178956985,-0.11097613535821,0.010373845696449,1
0.049545586109161,0.06864108890295,-0.015498504042625,1
0.11394399404526,-0.090087689459324,-0.028784058988094,1
0.022351443767548,0.16723897308111,0.054936088621616,1
0.085262775421143,0.22814082354307,-0.053820006549358,1
-0.06773579120636,-0.050976976752281,-0.031332612037659,1
-0.075575798749924,0.24285959452391,0.07955127209425,1
0.1241238117218,-0.13417007774115,-0.051505394279957,1
-0.041345536708832,0.24606063216925,-0.082804918289185,1
0.014932870864868,0.066808633506298,0.0055152624845505,1
-0.12059810757637,0.056577138602734,0.022256709635258,1
0.08037942647934,-0.18815638870001,0.068677581846714,1
-0.023364245891571,-0.075197899714112,0.0028901845216751,1
-0.12314692139626,0.21114351600409,0.04145822674036,1
-0.01386684179306,-0.081482818350196,-0.0054463073611259,1
0.067550420761108,-0.18169195204973,0.027701936662197,1
-0.076772183179855,0.26075448840857,0.10743143409491,1
-0.17815768718719,0.01006618142128,0.027205534279346,1
-0.10851854085922,-0.065154109150171,0.033614300191402,1
0.056603074073792,0.20828344672918,0.10583762079477,1
-0.20503625273705,0.0010953098535538,0.18773555010557,1
-0.17212516069412,0.17956002801657,0.10537124425173,1
-0.16502791643143,0.19497817009687,0.10079947859049,1
0.17570298910141,-0.16370470076799,-0.026439808309078,1
0.051707088947296,-0.22220353037119,-0.081802181899548,1
-0.083469539880753,-0.021106481552124,-0.040065102279186,1
-0.059780448675156,0.19978537410498,0.13736661523581,1
0.032906830310822,0.076080091297626,-0.0055805817246437,1
-0.078345149755478,-0.043779708445072,-0.013338051736355,1
-0.076270818710327,0.098806865513325,-0.063925229012966,1
0.080181956291199,0.060969717800617,-0.018845848739147,1
-0.11135247349739,0.0018163621425629,0.034064687788486,1
0.087503373622894,-0.21090111136436,0.036003567278385,1
-0.076842874288559,0.21009924262762,0.18018817156553,1
0.15940409898758,0.20164706557989,-0.06586167961359,1
-0.14155638217926,-0.016247257590294,0.007147915661335,1
0.0148885846138,-0.087771792896092,0.012794271111488,1
-0.044721722602844,-0.056917019188404,-0.054601766169071,1
-0.18053302168846,-0.02588602155447,-0.021205127239227,1
0.14387732744217,0.17100217193365,0.019649110734463,1
0.024039626121521,0.10955186933279,0.024260967969894,1
0.090526163578033,0.18024765700102,-0.046866931021214,1
0.055495619773865,-0.17726934701204,-0.068896189332008,1
0.10163623094559,-0.19558769464493,0.065050773322582,1
-0.099292576313019,-0.17393479496241,-0.079989291727543,1
-0.029307961463928,0.087627477943897,0.024262331426144,1
-0.062910169363022,0.097550563514233,-0.046272940933704,1
0.010936379432678,-0.212213113904,0.048825405538082,1
-0.14940091967583,-0.20551843196154,-0.014780923724174,1
0.033041775226593,-0.088990395888686,-0.00051413476467133,1
-0.17484691739082,-0.031816035509109,-0.0766317024827,1
-0.070881247520447,0.042446337640285,0.0097190514206886,1
-0.019936323165894,0.049618415534496,0.0014432743191719,1
-0.24364197254181,-0.0041943788528442,0.045861519873142,1
0.17261964082718,-0.15311450511217,-0.080486334860325,1
0.10646277666092,-0.24014092236757,-0.039589688181877,1
-0.10519191622734,-0.18023104220629,-0.064402282238007,1
0.12321853637695,0.2122103497386,-0.06625109910965,1
0.12089765071869,0.22159390896559,0.0087940320372581,1
0.020532786846161,0.096889726817608,-0.040431953966618,1
0.17976075410843,-0.18008454889059,0.14734897762537,1
-0.10605663061142,-0.11344369035214,-0.030037008225918,1
0.084643006324768,0.1351198926568,0.020435281097889,1
-0.035081028938293,0.11618653684855,-0.077262960374355,1
-0.090217530727386,0.21729122847319,0.08795390278101,1
0.068193435668945,-0.070898693054914,-0.03644210845232,1
0.11751788854599,-0.23069111257792,0.10452339798212,1
-0.017775118350983,0.086038656532764,-0.018753029406071,1
-0.077694952487946,-0.039680074900389,0.0011159405112267,1
0.00069689750671387,0.084616534411907,-0.014684289693832,1
-0.092143654823303,0.09118964523077,0.029537878930569,1
0.072249054908752,-0.22951371222734,0.13021833449602,1
-0.038519322872162,-0.00452521443367,-0.0032731369137764,1
0.060645937919617,0.11497058719397,-0.028123386204243,1
-2.586841583252e-05,-0.080194287002087,0.010283797979355,1
-0.13939708471298,0.073566131293774,-0.087887316942215,1
-0.039027631282806,-0.12372045218945,0.020829223096371,1
-0.11029687523842,-0.11604594998062,0.018108241260052,1
-0.19933125376701,-0.030077002942562,0.17843995243311,1
-0.13375380635262,0.19926836341619,0.13156903535128,1
0.05567067861557,-0.12756281346083,0.035532243549824,1
0.13611143827438,0.22314333170652,-0.046629518270493,1
0.0051485300064087,0.10316266864538,0.0090938284993172,1
0.076235711574554,-0.21187673509121,-0.093561697751284,1
0.14933574199677,0.25214274972677,0.011637523770332,1
-0.032987177371979,-0.033073991537094,-0.025940507650375,1
-0.11076530814171,-0.12482745014131,0.059552632272243,1
-0.14231425523758,0.17130943387747,0.090460740029812,1
-0.17689681053162,0.086969576776028,-0.019390545785427,1
-0.26081362366676,-0.026842288672924,0.037206940352917,1
-0.21281859278679,0.061014629900455,0.029450811445713,1
-0.10360577702522,-0.10421863943338,-0.037241689860821,1
-0.060336023569107,-0.077924674376845,-0.015677265822887,1
-0.10707357525826,0.092549823224545,-0.07794526964426,1
0.041793048381805,-0.068473309278488,-0.013146266341209,1
-0.034266710281372,0.268654756248,0.065507657825947,1
-0.026468575000763,-0.061390660703182,-0.02278345823288,1
-0.036299765110016,-0.12649756856263,-0.016214720904827,1
-0.054809212684631,-0.094645567238331,-0.0022551417350769,1
0.0092626214027405,0.076004736125469,0.01204264909029,1
0.062512218952179,-0.084570358507335,-0.029942288994789,1
-0.057459801435471,0.070957385003567,-0.025521047413349,1
-0.16886681318283,0.05670490115881,-0.03968558460474,1
-0.02671891450882,0.042042039334774,-0.022004045546055,1
0.032188951969147,-0.0980376068037,0.0050760135054588,1
-0.079107940196991,-0.21727170050144,0.048954539000988,1
-0.029290616512299,-0.057307094335556,0.0077744647860527,1
-0.16319954395294,-0.14675756171346,-0.068237341940403,1
-0.031079769134521,0.10803047567606,-0.044134043157101,1
-0.071700632572174,0.081613503396511,-0.017782770097256,1
0.19749182462692,0.17705231159925,0.097760699689388,1
-0.11444792151451,0.12716177850962,-0.044326193630695,0
-0.18246963620186,-0.050097174942493,-0.016280837357044,1
-0.057951867580414,-0.062626130878925,0.015691690146923,1
-0.20029374957085,0.13965562731028,0.020473293960094,1
-0.16213887929916,-0.058806784451008,-0.0094431713223457,1
-0.11338499188423,-0.15567860752344,0.16197561472654,1
-0.16282552480698,0.026742376387119,0.036041416227818,1
0.10017704963684,0.19009115546942,0.19072184711695,1
-0.25395929813385,0.033661492168903,-0.040159501135349,1
0.19293904304504,0.20607271045446,-0.042542912065983,1
-0.11025473475456,-0.23217249661684,0.12777841836214,1
-0.035166621208191,0.23046102374792,-0.017498455941677,1
-0.024712800979614,-0.068461336195469,-0.010427869856358,1
-0.031289398670197,-0.054615907371044,0.0006352886557579,1
-0.23105812072754,-0.053213208913803,-0.017898611724377,1
-0.14206972718239,-0.11054558865726,0.0037085339426994,1
-0.12844154238701,-0.17865398526192,-0.083393603563309,1
0.048351645469666,0.23988630622625,0.086958788335323,1
-0.21703115105629,0.084798954427242,0.025758095085621,1
0.19058299064636,0.23691227287054,0.028598457574844,1
-0.15578311681747,-0.14149593189359,0.052118964493275,1
-0.16317841410637,0.13683251291513,0.14913480728865,1
0.10658353567123,-0.23745010048151,0.12192445248365,1
0.018814325332642,-0.078164534643292,-0.036149017512798,1
0.06680566072464,-0.14273604005575,0.0059481635689735,1
-0.0078272223472595,0.11750067025423,-0.020170785486698,1
-0.063037008047104,-0.025079391896725,-0.035517074167728,1
-0.084391921758652,-0.18716049939394,-0.0060763880610466,1
0.072300314903259,0.18070160597563,0.077294297516346,1
-0.07971128821373,-0.068152446299791,0.014718078076839,1
-0.047799527645111,0.12699160724878,0.048018805682659,1
-0.14056438207626,-0.074226943776011,0.039486698806286,1
-0.041226863861084,0.07140376418829,0.018834568560123,1
0.060126483440399,0.1073656603694,0.025264702737331,1
-0.24162393808365,0.037442959845066,-0.067725077271461,1
0.04889452457428,-0.11789551191032,0.013846762478352,1
-0.1438515484333,0.097786344587803,-0.0020641461014748,1
0.110759973526,0.18250384181738,-0.097014658153057,1
0.073382139205933,-0.13175746425986,-0.018514350056648,1
0.030860960483551,-0.2213217318058,0.1437336280942,1
0.10920780897141,0.177723698318,0.22117231041193,1
-0.041143178939819,0.23483964055777,0.11271420866251,1
-0.095181286334991,0.020283669233322,0.0025256797671318,1
-0.14284351468086,-0.21036265790462,0.039165571331978,1
-0.10081639885902,-0.21024354547262,-0.07325192540884,1
-0.12206462025642,0.11825857311487,-0.0076008066534996,1
0.076550006866455,-0.14022909477353,0.035749107599258,1
-0.16660964488983,0.056374348700047,0.12431954592466,1
-0.15647912025452,-0.096158909611404,0.05332275480032,1
0.11786562204361,-0.17256055772305,0.064819224178791,1
-0.093233942985535,0.15811311453581,-0.069043897092342,0
-0.055671811103821,-0.00035291910171509,0.00057036429643631,1
0.048904120922089,0.22302170842886,0.072416804730892,1
0.11269789934158,-0.18939130008221,0.18940005451441,1
-0.067278832197189,-0.00025115162134171,0.0069258436560631,1
-0.14409139752388,0.14189536124468,0.05583018809557,1
-0.21208214759827,0.12157287448645,-0.033068411052227,1
-0.25127327442169,0.02560880035162,0.066827483475208,1
-0.16988226771355,0.18452014774084,-0.042620666325092,1
0.086778044700623,0.21068649739027,0.18315530568361,1
0.037558615207672,0.10796185582876,0.0021940544247627,1
0.095852196216583,0.17459734529257,0.044217564165592,1
-0.06314605474472,-0.14572244510055,-0.081844419240952,1
0.032620191574097,0.19928448647261,-0.041560038924217,1
-0.20200458168983,0.027244888246059,0.15677370876074,1
0.071991801261902,0.23110973089933,0.064169980585575,1
0.16433042287827,-0.15139338001609,-0.051417537033558,1
-0.0076561570167542,-0.10350394598208,-0.061434678733349,1
-0.0044412016868591,-0.075942642986774,-0.021047182381153,1
0.14419466257095,-0.18223629891872,0.068445958197117,1
0.049417793750763,0.20424317568541,-0.051813758909702,1
0.015975058078766,-0.18017645925283,0.00080030411481857,1
-0.013871014118195,0.18928041309118,-0.016306720674038,1
-0.1916738152504,0.10638720542192,-0.090494282543659,1
0.098738372325897,-0.19996123015881,-0.098176270723343,1
-0.10334858298302,-0.16367042809725,0.057632148265839,1
-0.14996418356895,-0.19383084774017,0.102379091084,1
-0.024329483509064,-0.04755125567317,0.0047549679875374,1
0.044081330299377,0.19248067587614,0.066752791404724,1
-0.015259444713593,-0.23777655512094,0.039849348366261,1
-0.070968389511108,-0.13856042921543,-0.085388153791428,1
0.0038440823554993,-0.18364692479372,-0.056762583553791,1
0.10365468263626,0.18378897756338,-0.041495032608509,1
0.0281702876091,-0.10632824152708,-0.041824042797089,1
-0.16505202651024,0.00025223940610886,-0.081142202019691,1
-0.039884567260742,0.020459152758121,-0.0071567073464394,1
-0.066825747489929,0.064174123108387,0.0087596997618675,1
-0.18944811820984,-0.007581502199173,0.17546225339174,1
0.044878482818604,0.21891628950834,0.083445973694324,1
-0.067701607942581,-0.27678594738245,0.02713930606842,1
-0.067234069108963,-0.10290642408654,-0.00076087564229965,1
0.14306682348251,0.11853771656752,0.0056557580828667,1
-0.019358396530151,0.099277012050152,0.026195205748081,1
-0.025363266468048,-0.065775152295828,-0.0012063607573509,1
-0.13367119431496,0.18677782267332,0.061210639774799,1
-0.09592792391777,-0.21270386874676,0.091226197779179,1
-0.14423212409019,-0.056357380002737,-0.032822854816914,1
-0.0090309977531433,-0.082522956654429,0.0088364854454994,1
0.052952766418457,0.050335727632046,-0.0021279454231262,1
-0.15692916512489,-0.051836173981428,-0.076055906713009,1
-0.17577269673347,-0.20932866632938,0.028919108211994,1
0.17017561197281,-0.24735463410616,-0.003338411450386,1
-0.03788560628891,0.047449223697186,-0.040996827185154,1
0.083958685398102,-0.1915834620595,0.10356820374727,1
-0.2510127723217,0.01938121765852,-0.019429467618465,1
0.020980536937714,0.13626223057508,0.013308972120285,1
0.048612534999847,0.19741647690535,-0.0034804195165634,1
-0.15609151124954,0.071747668087482,-0.030498847365379,1
0.017336785793304,-0.13010655343533,0.029831804335117,1
0.048552393913269,0.15169253200293,-0.063180938363075,1
-0.0053063631057739,0.12070649117231,-0.022892668843269,1
0.16550272703171,0.17525758594275,0.1144482716918,1
-0.046549379825592,0.068762131035328,-0.023789502680302,1
-0.028220891952515,-0.025479882955551,-0.0090055987238884,1
0.14189541339874,-0.21634636074305,-0.02691412717104,1
0.13842552900314,0.16551627963781,-0.0019292607903481,1
0.10312908887863,-0.094881209544837,0.010390616953373,1
-0.13672167062759,0.063726477324963,-0.068550020456314,1
-0.078846544027328,0.057900570333004,-0.02132860571146,1
0.032432615756989,0.22622626274824,0.1883514598012,1
-0.18173652887344,-0.05707061290741,-0.046523004770279,1
-0.18218111991882,-0.14451739192009,0.0324791893363,1
0.072136580944061,0.18071236461401,0.060801267623901,1
-0.0073422193527222,-0.25444259494543,-0.053914964199066,1
0.15754526853561,0.23027493804693,0.087455399334431,1
-0.014460146427155,-0.092480492778122,-0.027827382087708,1
0.082498013973236,0.080158807337284,-0.0010069906711578,1
0.00023394823074341,0.26207792013884,0.032954841852188,1
0.076927781105042,0.086581386625767,-0.062804765999317,1
-0.24237379431725,0.074252925813198,0.024700008332729,1
0.11416834592819,-0.10155108058825,-0.023928932845592,1
-0.065096497535706,0.071584202349186,-0.0064562782645226,1
0.15373176336288,0.23734688013792,0.00082205235958099,1
-0.14259323477745,0.17534097284079,0.0022505447268486,1
-0.059944808483124,0.041597433388233,-0.030838020145893,1
-0.028372228145599,0.15888982266188,0.00037063658237457,1
0.11259895563126,-0.11029328405857,-0.036291055381298,1
-0.04807037115097,0.0231913626194,-0.0037768557667732,1
-0.026949226856232,-0.047491461038589,-0.014128796756268,1
-0.035007894039154,-0.14306034147739,0.026178605854511,1
-0.077545672655106,0.23390122503042,0.15915594249964,1
-0.16235518455505,0.16532113403082,0.15858285874128,1
-0.030442416667938,0.052164636552334,-0.0036890134215355,1
-0.15542095899582,0.046615667641163,0.030376695096493,1
0.02052903175354,-0.14582047238946,0.041748099029064,1
-0.16855132579803,-0.20670223981142,-0.030498959124088,1
-0.1765570640564,-0.019712932407856,-0.056713439524174,1
-0.022363483905792,-0.23880412429571,0.034013785421848,1
0.072799146175385,-0.20005627721548,-0.069064140319824,1
0.14139920473099,-0.13267731294036,-0.059442810714245,1
0.045188963413239,0.23416998237371,-0.049175091087818,1
-0.11290812492371,0.049847491085529,-0.039072930812836,1
-0.033087968826294,-0.26707715541124,0.12346553057432,1
-0.087756216526031,-0.16660434752703,0.10890529304743,1
-0.0018055438995361,-0.19791937619448,0.20126111060381,1
-0.19766935706139,-0.059520643204451,0.14666744321585,1
-0.061321675777435,0.034925825893879,-0.030473954975605,1
-0.17306703329086,-0.024459458887577,0.21830285340548,1
-0.11151665449142,-0.0064181983470917,-0.0046652033925056,1
-0.21576911211014,0.13271445780993,0.12456392496824,1
-0.10500970482826,-0.1581102386117,0.19808549433947,1
-0.12969586253166,-0.1830670684576,0.18164802342653,1
0.0321404337883,0.26862444728613,0.082182802259922,1
0.044686734676361,0.084978483617306,-0.017767079174519,1
-0.1143781542778,0.033997170627117,-0.051875494420528,1
-0.057285636663437,0.024839051067829,-0.048790141940117,1
0.098147928714752,0.075004868209362,-0.007390134036541,1
0.18068808317184,-0.23116501420736,-0.031950555741787,1
0.022721469402313,0.085532195866108,-0.0062964260578156,1
-0.10483267903328,0.25279953330755,0.01081782579422,1
0.11579138040543,-0.18358693271875,0.013220444321632,1
-0.24334651231766,0.073982231318951,0.11218447238207,1
0.010108351707458,0.19899620860815,-0.013320803642273,1
-0.093328714370728,0.011105224490166,-0.058354027569294,1
-0.15087813138962,0.053430087864399,-0.077404297888279,1
-0.249013453722,-0.077729659155011,0.086233831942081,1
0.12938207387924,-0.14492191746831,0.057781614363194,1
-0.19526371359825,-0.071755632758141,-0.07064725458622,1
-0.040876924991608,0.15211068838835,0.023670107126236,1
-0.039244651794434,0.019554063677788,8.1881880760193e-06,1
-0.058329999446869,0.034489385783672,-0.0060164108872414,1
-0.049039781093597,0.21425171941519,-0.078864380717278,1
-0.040193736553192,-0.09462432609871,0.0086422488093376,1
0.0089728236198425,-0.27411902695894,0.04867971688509,1
0.038933098316193,-0.17019825428724,0.043755538761616,1
0.076708376407623,0.12226288765669,-0.043882541358471,1
0.033708274364471,-0.16787145286798,0.057265795767307,1
-0.015389025211334,0.18416532129049,0.033758036792278,1
0.062601923942566,-0.13686022162437,0.025794349610806,1
-0.21823668479919,0.10294558852911,-0.065816394984722,1
-0.011434257030487,0.14680608361959,0.046912230551243,1
-0.14083388447762,0.11656124144793,-0.039612807333469,1
0.065393328666687,0.040885500609875,-0.0063221827149391,1
0.04752379655838,-0.26798879355192,0.10065577179193,1
-0.18278980255127,-0.15859749913216,0.13158265501261,1
0.061340570449829,-0.046581476926804,-0.0084582194685936,1
-0.2226294875145,-0.097139596473426,0.12381175905466,1
-0.20688155293465,-0.0037062540650368,-0.079413928091526,1
0.10529083013535,-0.18155018240213,0.078560508787632,1
0.019574344158173,0.14394732564688,0.026584506034851,1
0.18826419115067,-0.22702833265066,0.020322285592556,1
-0.060473531484604,0.19000884145498,0.19097802788019,1
0.0062830448150635,0.1473265811801,-0.034829579293728,1
-0.21513837575912,0.059035785496235,0.084614120423794,1
-0.12680593132973,-0.23697037249804,0.062931805849075,1
-0.018967807292938,0.26472344249487,0.051936909556389,1
-0.10242822766304,0.14424618333578,-0.017522282898426,0
-0.013947665691376,0.071205653250217,0.012518316507339,1
-0.098177969455719,0.018384926021099,0.024807743728161,1
-0.17280527949333,-0.053299624472857,-0.047855474054813,1
0.017801702022552,-0.25399572402239,0.042185261845589,1
0.14577788114548,0.15762888640165,0.0016201958060265,1
0.046094298362732,0.26718982309103,-0.032131254673004,1
0.046779096126556,-0.082423985004425,-0.00048135966062546,1
-0.12367326021194,-0.13636624068022,0.044884614646435,1
-0.22478091716766,0.041222862899303,0.10582999140024,1
-0.1701026558876,0.17613413184881,0.076605387032032,1
0.0063850283622742,-0.23407845944166,0.1695768609643,1
-0.15251570940018,-0.057148475199938,-0.028221443295479,1
0.097387611865997,0.095810435712337,-0.012838788330555,1
-0.022136270999908,-0.032233640551567,-0.0078837051987648,1
-0.25043073296547,-0.077702039852738,0.031297706067562,1
0.01581472158432,-0.12296951375902,0.0045904964208603,1
-0.028882086277008,-0.053428672254086,0.0039164051413536,1
0.14054673910141,0.24213560670614,0.014482483267784,1
-0.091667473316193,-0.11555568128824,0.023551590740681,1
-0.052117943763733,-0.18436293303967,-0.089911781251431,1
-0.081215530633926,-0.20381522923708,0.034990884363651,1
-0.028047442436218,0.24995055049658,0.06705466657877,1
0.14206403493881,-0.14141264185309,0.014065392315388,1
0.079546511173248,-0.18975903838873,-0.011581420898438,1
0.0024944543838501,0.22776072472334,-0.081315919756889,1
0.089876115322113,-0.10433789063245,0.013948135077953,1
-0.10818091034889,0.092582516372204,-0.037138588726521,1
-0.068496435880661,-0.04013204947114,-0.010364480316639,1
0.028247356414795,0.12661727517843,-0.036033004522324,1
0.027601540088654,-0.27467218786478,0.088997773826122,1
0.065145671367645,-0.14362836629152,-0.029775075614452,1
-0.082490980625153,0.067425303161144,-0.073734097182751,1
-0.1077823638916,0.028655640780926,0.0085950866341591,1
-0.00036376714706421,-0.14617512002587,-0.023142963647842,1
0.079306602478027,0.20938604325056,0.043464712798595,1
0.038509905338287,-0.16542881727219,-0.034824542701244,1
-0.099102288484573,-0.078500678762794,-0.061382450163364,1
-0.06303459405899,-0.011620678007603,0.013681791722775,1
0.016099870204926,0.13636862486601,-0.018711172044277,1
-0.10136115550995,0.24210485070944,0.076256282627583,1
0.0022823810577393,0.060820616781712,-0.0044316574931145,1
-0.029373824596405,-0.19919837266207,0.073700077831745,1
-0.080451756715775,0.14310871809721,0.018975265324116,1
0.071877777576447,-0.20986814051867,-0.021089628338814,1
-0.038059175014496,-0.10124384739902,-0.045268602669239,1
-0.11015433073044,0.054663754999638,-0.020771883428097,1
-0.19492480158806,-0.11556115653366,-0.03924211114645,1
0.019745588302612,0.12283080071211,-0.080180436372757,1
-0.032555103302002,-0.03206480294466,-0.0064510479569435,1
0.10982233285904,0.097002945840359,-0.0389314442873,1
-0.027371108531952,-0.2083278670907,-0.010696657001972,1
0.0035271644592285,0.18114363402128,0.015545196831226,1
-0.067816227674484,0.10126560181379,-0.016408808529377,1
0.10611778497696,-0.21159417182207,-0.019352734088898,1
0.13970351219177,-0.1154737751931,0.044741578400135,1
-0.040184617042542,0.017776243388653,-0.015539042651653,1
-0.05109828710556,0.1290043219924,-0.024358823895454,1
0.0054434537887573,0.14876983314753,-0.0087299272418022,1
0.087960779666901,-0.19367381185293,0.18188554793596,1
-0.14790889620781,0.2142096683383,0.086696125566959,1
0.069095075130463,0.21312751621008,0.16122060269117,1
-0.13904720544815,-0.012597158551216,0.049181319773197,1
-0.022630929946899,0.14470676332712,-0.058421529829502,1
0.05717259645462,-0.21052400022745,0.19761765748262,1
-0.086034804582596,-0.0034985616803169,0.024359740316868,1
-0.084267884492874,0.0010204389691353,-0.056778348982334,1
-0.065675795078278,0.13670334964991,0.025169275701046,1
0.11315751075745,-0.19103986769915,0.054401241242886,1
0.051811039447784,0.20023333281279,-0.058538980782032,1
-0.12582543492317,0.011135421693325,-0.053154967725277,1
-0.047532856464386,-0.15759634971619,-0.046106465160847,1
0.11790102720261,-0.12738328054547,0.0063933655619621,1
-0.016261577606201,-0.074919927865267,-0.024741359055042,1
-0.2471612393856,-0.11054790113121,0.059004329144955,1
-0.048077166080475,0.013640679419041,-0.010657109320164,1
-0.19527617096901,0.033807657659054,0.017082341015339,1
0.10724407434464,-0.091974652372301,-0.05882304161787,1
0.16978323459625,0.1790731176734,0.10426173359156,1
-0.067965447902679,-0.21630451828241,0.12038584798574,1
0.13793754577637,-0.17835009843111,0.10045423358679,1
-0.21486684679985,-0.064394738525152,0.065496392548084,1
0.06050443649292,-0.18541639298201,0.036894135177135,1
-0.038247287273407,-0.066256683319807,-0.025026358664036,1
-0.0667984187603,0.13420518487692,0.023578606545925,1
-0.03881973028183,-0.13552948459983,-0.063920103013515,1
0.056262493133545,-0.29393560439348,0.017155364155769,1
0.15015697479248,0.23313646763563,-0.063332945108414,1
-0.11597785353661,-0.19592480361462,-0.092783398926258,1
0.048561811447144,0.19699298590422,0.20620907098055,1
-0.064692288637161,0.16822489351034,-0.010119289159775,1
-0.040173590183258,-0.074614634737372,-0.011944465339184,1
-0.032764256000519,0.27051951736212,0.025685325264931,1
-0.004369854927063,0.28193023055792,0.10445178300142,1
-0.20038467645645,-0.095175565686077,0.1359733119607,1
-0.058192253112793,0.053949944674969,-0.02772631496191,1
-0.16266697645187,-0.083832109346986,-0.061716563999653,1
-0.11540815234184,-0.046716261655092,-0.040851406753063,1
-0.024633288383484,0.10271083563566,0.01259807497263,1
-0.1629803776741,0.07182464748621,0.12282385677099,1
-0.1548318862915,-0.18382299691439,-0.042966865003109,1
-0.23715278506279,0.13480228930712,0.042747311294079,1
-0.030982196331024,-0.18112363666296,0.065401062369347,1
0.064196944236755,0.11165415495634,-0.0016836002469063,1
-0.015304088592529,0.21379937976599,0.13893622905016,1
0.044527888298035,0.13041626662016,-0.0028748735785484,1
-0.03364509344101,-0.059023790061474,0.020700104534626,1
-0.11642044782639,-0.071630882099271,-0.080396912992001,1
-0.07440048456192,0.013416804373264,-0.025539375841618,1
-0.19436648488045,-0.092903497163206,-0.037733659148216,1
-0.0623399913311,-0.19132118672132,-0.017681770026684,1
-0.1763086616993,-0.13407046720386,0.02589412778616,1
0.084383308887482,-0.24042163044214,0.16723234206438,1
0.064323246479034,-0.17224425822496,0.0090253427624702,1
-0.1534144282341,0.13108109682798,0.11845811456442,1
0.033513844013214,-0.1903477460146,-0.012612886726856,1
-0.011666357517242,-0.072117215022445,-0.018784537911415,1
0.059359967708588,-0.096596629824489,0.012840636074543,1
0.16438508033752,0.18869420140982,0.027902416884899,1
-0.031646370887756,0.10202980786562,-0.058349102735519,1
0.088725984096527,-0.065546128898859,0.0033170208334923,1
-0.16787374019623,0.14453314989805,0.030688367784023,1
-0.17003965377808,-0.020415663719177,-0.019458569586277,1
-0.0064204931259155,-0.13007048517466,-0.0094785541296005,1
0.11902219057083,-0.17871778458357,-0.027348168194294,1
0.0091536641120911,0.089497350156307,-0.031768843531609,1
-0.030151307582855,0.19861536473036,-0.076460652053356,1
-0.038888990879059,-0.0334807112813,-0.010018311440945,1
-0.10199388861656,0.25225784629583,-0.0068472400307655,1
0.13326889276505,-0.13104522973299,-0.067981474101543,1
0.097045123577118,-0.1484096981585,-0.0013658329844475,1
0.19771152734756,-0.21203719824553,-0.057394929230213,1
-0.025073885917664,-0.2192589789629,-0.024907648563385,1
-0.04267692565918,0.21425690501928,0.15399768203497,1
0.03296560049057,0.10186552256346,-0.063935928046703,1
-0.15048536658287,0.12854330986738,-0.025260291993618,1
0.088720798492432,0.084036521613598,-0.035683944821358,1
0.015420973300934,0.11690121144056,-0.035782769322395,1
0.053042232990265,0.09936036914587,0.0058150142431259,1
-0.068748444318771,-0.12825057469308,-0.039703212678432,1
0.084194481372833,0.16201334446669,-0.013594783842564,1
-0.08076000213623,-0.19122187793255,0.039883375167847,1
-0.089484184980392,-0.23279098421335,-0.046527251601219,1
0.048214852809906,0.2124091014266,0.064097739756107,1
0.035566687583923,0.091790802776814,-0.03451693803072,1
0.098697245121002,-0.20402017235756,-0.032292380928993,1
-0.070755243301392,0.027882941067219,-0.033936306834221,1
0.16698098182678,0.23636349290609,0.0050182938575745,1
0.053947806358337,0.06275313347578,-0.029005885124207,1
0.15465062856674,0.14514168351889,-0.054453290998936,1
0.049489080905914,-0.16985069215298,-0.058424092829227,1
-0.21736735105515,-0.012152396142483,0.0031835213303566,1
0.14450323581696,0.22412355989218,-0.038820654153824,1
0.14091157913208,0.26064988225698,0.050195343792439,1
-0.1530949473381,-0.14583037793636,0.12409272044897,1
-0.023348033428192,0.14354287832975,-0.015287600457668,1
-0.27001866698265,-0.0022555738687515,0.049112565815449,1
-0.037844121456146,0.069356016814709,-0.015249185264111,1
-0.14333492517471,0.20855214446783,0.049620099365711,1
-0.038056254386902,-0.1258448548615,0.029100000858307,1
-0.19374716281891,-0.032902076840401,0.038535408675671,1
-0.020955920219421,-0.11860234849155,-0.010812304913998,1
0.024765372276306,0.19826980680227,0.11614147573709,1
0.10626000165939,-0.16431852430105,0.043667338788509,1
-0.083730518817902,0.10096433013678,-0.067920975387096,1
0.0018203854560852,-0.091203219257295,-0.019342333078384,1
-0.045113027095795,-0.09510981105268,0.0072231367230415,1
0.082412898540497,-0.057387683540583,0.010866291821003,1
0.099468767642975,-0.25095184892416,-0.070274241268635,1
-0.13534325361252,-0.12878448143601,0.061653308570385,1
0.006098210811615,-0.27114755660295,-0.0067324563860893,1
0.070678412914276,-0.16250289231539,-0.020291462540627,1
-0.056237608194351,0.19393836706877,0.19992942363024,1
-0.039084494113922,0.027999393641949,-0.015384025871754,1
0.17388278245926,-0.15121958777308,0.19514686614275,1
0.0096310377120972,-0.083413554355502,-0.031439252197742,1
-0.01344096660614,0.12685955315828,0.016332477331161,1
0.070142090320587,0.21886449307203,0.095986939966679,1
-0.1604385972023,0.11291030794382,0.15226944535971,1
0.0030530095100403,-0.079836439341307,-0.039615862071514,1
-0.22904202342033,-0.10987413488328,0.081435836851597,1
-0.1717723608017,0.1989471539855,0.071382261812687,1
0.18614584207535,-0.18885650485754,0.16490816324949,1
0.030454218387604,0.10982938855886,0.015365235507488,1
-0.12246119976044,-0.070037979632616,0.015905074775219,1
-0.08021080493927,0.05678453296423,-0.040341794490814,1
-0.08603036403656,0.13182847946882,0.055539302527905,1
-0.071335226297379,-0.0044761151075363,0.001946397125721,1
0.063529431819916,-0.13940989971161,0.00047895312309265,1
-0.10233673453331,0.14231712371111,-0.047959215939045,1
0.0081076622009277,0.22906007617712,0.0173160135746,1
0.020854592323303,-0.19760351628065,0.20648179203272,1
-0.011299788951874,0.26450287550688,0.094059683382511,1
0.01531320810318,-0.08613683283329,-0.047914549708366,1
-0.0015219449996948,-0.19100758433342,-0.023305259644985,1
0.072309195995331,0.074837855994701,0.016398325562477,1
0.18451911211014,0.17573960870504,0.059459038078785,1
-0.10495612025261,0.22089650481939,-0.084098815917969,0
0.014594852924347,0.059226848185062,0.0013635233044624,1
-0.014151632785797,-0.16668985038996,0.040815465152264,1
-0.057284563779831,-0.017648778855801,-0.029785878956318,1
-0.12561711668968,0.11128570884466,0.062071941792965,1
-0.034728109836578,-0.094580724835396,-0.013799920678139,1
-0.26671323180199,0.018084064126015,0.048328705132008,1
0.14553159475327,-0.12098561041057,0.03006599098444,1
-0.018537104129791,-0.067040856927633,-0.0085984170436859,1
-0.12954163551331,0.027431361377239,-0.024843335151672,1
-0.1181363761425,-0.076238313689828,0.058075048029423,1
0.056546747684479,-0.05347353965044,-0.013376966118813,1
0.048140466213226,-0.06623413041234,-0.0044786930084229,1
0.011449575424194,0.13623844832182,0.033456236124039,1
0.013551592826843,-0.16420666873455,-0.06355757266283,1
-0.063915640115738,-0.054179478436708,0.007300578057766,1
-0.084081888198853,0.06343961507082,-0.06352137774229,1
0.07476681470871,-0.051402661949396,-0.0092062726616859,1
-0.0081015825271606,0.1898595020175,-0.076269291341305,1
-0.02644270658493,-0.22415765374899,-0.010348573327065,1
0.16055434942245,-0.15300821512938,0.09255763143301,1
0.062086760997772,-0.20666886121035,0.05608656257391,1
-0.024556517601013,0.18471979349852,0.054498329758644,1
-0.064432322978973,0.029125608503819,0.0088813975453377,1
0.011257827281952,-0.15431445091963,-0.07325054705143,1
0.029673218727112,0.11213075369596,-0.033520296216011,1
-0.031716465950012,0.22521152347326,0.18921867758036,1
-0.135851085186,0.062688119709492,0.066292069852352,1
0.055445551872253,-0.07648635469377,0.015676990151405,1
0.070519745349884,-0.11756395176053,-0.059076718986034,1
-0.027696549892426,-0.2332184240222,-0.052625358104706,1
-0.17270547151566,-0.094237414188683,0.09864666312933,1
-0.13010117411613,-0.07068695500493,-0.069773614406586,1
0.089562714099884,0.127948962152,0.019808821380138,1
-0.068741858005524,-0.080637434497476,0.011154092848301,1
0.029535531997681,0.056772373616695,-0.0031087696552277,1
-0.012029886245728,-0.16635166853666,0.042808473110199,1
-0.05742621421814,0.19037219136953,-0.044355764985085,1
-0.19663155078888,0.030754245817661,0.083798237144947,1
-0.21910399198532,-0.089968084357679,0.024287529289722,1
0.018235623836517,0.11045791953802,-0.035464599728584,1
-0.063062846660614,0.0071772783994675,-0.0043360665440559,1
-0.19865414500237,-0.0020325407385826,0.038947425782681,1
-0.15687346458435,0.088791407644749,-0.021145455539227,1
-0.16994822025299,-0.19519762694836,-0.045099534094334,1
-0.25205698609352,-0.042436197400093,0.043538607656956,1
0.0037606358528137,0.10248612612486,0.012048400938511,1
0.029321014881134,-0.083450768142939,-0.018186889588833,1
0.028020560741425,-0.10985163785517,-0.058373622596264,1
0.16434478759766,0.17525129765272,0.069353714585304,1
-0.095406919717789,-0.22106762230396,0.12746972590685,1
0.016170859336853,0.10805077105761,-0.072071641683578,1
-0.0052782893180847,0.16571044176817,0.060601569712162,1
0.079324066638947,-0.14027003571391,-0.058321133255959,1
0.045912444591522,0.17474042624235,0.056172296404839,1
-0.010924935340881,-0.16623543947935,0.068705335259438,1
-0.017319619655609,-0.13769761845469,-0.080095902085304,1
-0.13791397213936,0.097895108163357,0.080548979341984,1
-0.10581770539284,0.00043492764234543,-0.029246106743813,1
-0.056164681911469,0.031215004622936,0.012961454689503,1
-0.18390902876854,0.16960116475821,-0.049891404807568,1
0.0016902089118958,-0.099406390741933,-0.0041220262646675,1
0.0549635887146,-0.11458159517497,0.019258692860603,1
0.20806521177292,-0.21740523725748,0.042858816683292,1
0.051319062709808,-0.24293000251055,-0.086972054094076,1
-0.045789301395416,-0.1920962780714,0.017907418310642,1
-0.14321535825729,0.13278535753489,-0.014975018799305,1
-0.23887792229652,0.0019596517086029,-0.031920336186886,1
-0.025360763072968,-0.227349601686,0.045489713549614,1
0.04383248090744,0.28033094853163,0.034919403493404,1
0.11440128087997,-0.099224072357174,-0.035315312445164,1
-0.051301538944244,-0.027763359248638,-0.029347032308578,1
-0.098046451807022,0.029502607882023,-0.010565556585789,1
0.0062370896339417,-0.21706731617451,0.029363460838795,1
-0.011926114559174,-0.13425791636109,-0.061404205858707,1
0.11264955997467,0.18398683518171,0.1330541446805,1
-0.038110494613647,-0.026602491736412,-0.02606076002121,1
-0.063253104686737,0.0027137249708176,-0.05651481449604,1
-0.10821896791458,0.13559261709452,0.020806483924389,1
-0.06038299202919,-0.039931315928698,0.0065071955323219,1
-0.001700758934021,-0.12769363075495,-0.042362548410892,1
-0.034131705760956,0.010364100337029,-0.0057156011462212,1
-0.022419035434723,-0.11437483038753,0.025537215173244,1
-0.17042189836502,0.068187050521374,0.036839358508587,1
-0.097552508115768,0.090634562075138,-0.037276782095432,1
0.0065720081329346,0.093872211873531,0.007427491247654,1
-0.10815897583961,-0.21346079558134,0.15154186636209,1
-0.072391241788864,-0.098863714374602,0.036990992724895,1
-0.17263585329056,-0.15015248209238,0.12224165350199,1
0.012519896030426,-0.079514689743519,0.00095050036907196,1
0.14822608232498,0.16457753628492,0.024001888930798,1
-0.00094449520111084,-0.16809622198343,0.071733392775059,1
0.078851342201233,-0.094485220499337,0.0067694932222366,1
-0.17520678043365,0.15429612249136,-0.032336048781872,1
-0.13977789878845,0.12536599487066,0.0042694285511971,1
0.023164033889771,0.072018660604954,-0.0035907328128815,1
-0.21624630689621,0.12388247996569,-0.040684565901756,1
-0.024473905563354,-0.087900140322745,0.016035340726376,1
-0.13951018452644,0.037952683866024,0.025397889316082,1
-0.13387987017632,-0.084612257778645,-0.048132821917534,1
-0.056441158056259,-0.039312724024057,-0.020383633673191,1
-0.034266591072083,0.1538056358695,0.059373065829277,1
0.16744273900986,-0.18224390596151,0.15393749624491,1
-0.11605194211006,-0.16042109578848,0.10301520675421,1
0.0152388215065,0.14846093207598,0.0086935609579086,1
0.11740213632584,0.20013158768415,-0.045783288776875,1
0.045867621898651,-0.2357416972518,0.16021043807268,1
-0.15546530485153,0.22481071203947,-0.021393455564976,1
-0.055022090673447,-0.16043554246426,0.034675747156143,1
-0.026990354061127,0.057461403310299,-0.0041838064789772,1
-0.10746243596077,-0.074247520416975,0.0049294754862785,1
0.14057099819183,0.23179062455893,-0.080392025411129,1
0.018846690654755,0.12479216605425,-0.027299493551254,1
-0.19100660085678,0.10352274030447,0.16536401957273,1
0.1266273856163,-0.18400631099939,-0.082640469074249,1
0.028979122638702,0.099788643419743,-0.03045379370451,1
0.089353322982788,-0.24252182990313,0.082040451467037,1
-0.14000874757767,-0.21271263808012,-0.033081084489822,1
0.05903297662735,-0.25844871252775,-0.039616256952286,1
0.10238254070282,0.2474167868495,-0.017796494066715,1
-0.13920426368713,-0.11800364404917,-0.023596100509167,1
0.051654100418091,0.073705457150936,-0.0097424313426018,1
0.18326598405838,0.17360236495733,0.0066628381609917,1
0.030986964702606,0.13979793339968,-0.074823923408985,1
0.042831480503082,0.06752922385931,0.0074946209788322,1
0.17699998617172,-0.18061284720898,-0.081570081412792,1
0.035451948642731,-0.094090426340699,-0.022017195820808,1
-0.17095363140106,0.073933251202106,-0.056772775948048,1
-0.18616098165512,0.051973007619381,-0.04184315353632,1
0.047380268573761,-0.10411566635594,-0.018254332244396,1
-0.13621380925179,0.0054733529686928,0.052482359111309,1
0.043895661830902,-0.21725819259882,0.11277959495783,1
-0.10509851574898,-0.006914034485817,-0.054084978997707,1
0.033836305141449,-0.10393156530336,-0.064579650759697,1
-0.0920190513134,-0.090089997276664,0.03451094776392,1
-0.2108995616436,0.1333741620183,-0.0416045114398,1
0.10893839597702,0.10001095384359,0.035090506076813,1
-0.048262178897858,0.080945812165737,-0.051979072391987,1
-0.040205895900726,0.014665074646473,-0.0096435770392418,1
-0.052633017301559,-0.060882426798344,-0.060347341001034,1
0.052166342735291,0.13522089272738,0.017058022320271,1
0.14793717861176,0.20851206034422,0.098625622689724,1
0.10760778188705,0.21877782791853,0.086856342852116,1
-0.22349199652672,0.084658436477184,0.031541354954243,1
-0.18988645076752,0.087792791426182,-0.025954097509384,1
0.022375822067261,0.24229034036398,0.11145985871553,1
0.061553657054901,-0.0569126047194,-0.014993973076344,1
0.00055438280105591,0.10783153027296,0.027133502066135,1
-0.076091915369034,-0.17475454509258,-0.096939168870449,1
0.055338263511658,0.25539421290159,0.14251530915499,1
-0.14279645681381,-0.19973058253527,0.10547182708979,1
0.11489790678024,0.10667043179274,0.032599098980427,1
0.024261653423309,-0.1509550511837,-0.013840295374393,1
-0.020763456821442,0.10460449010134,0.015980117022991,1
0.045199632644653,0.14058726280928,-0.0022251754999161,1
0.099521338939667,-0.28264535218477,0.015387304127216,1
0.11205798387527,0.26118244975805,-0.036841474473476,1
0.083395183086395,-0.18210339546204,-0.085630998015404,1
0.017541944980621,0.11912073940039,0.0066701173782349,1
-0.19100293517113,-0.073413325473666,0.11378512531519,1
-0.12878242135048,0.024968884885311,0.0076471045613289,1
0.12029707431793,-0.20427510887384,0.070293687283993,1
-0.072240054607391,-0.012430608272552,0.0019953325390816,1
-0.089872688055038,0.10736543685198,-0.082466267049313,1
-0.11843031644821,0.11439170688391,-0.085701443254948,1
0.058338701725006,-0.12734119035304,-0.022317081689835,1
0.13051176071167,-0.27211061865091,0.012494847178459,1
-0.010568261146545,-0.12692242488265,0.0078020319342613,1
-0.070854663848877,-0.010879836976528,-0.017392687499523,1
-0.1269251704216,0.082128293812275,-0.077780321240425,1
0.069940507411957,-0.07695103622973,-0.022293157875538,1
-0.15871885418892,-0.017422288656235,0.031818829476833,1
-0.16224974393845,-0.12704570777714,0.051616139709949,1
0.0064782500267029,-0.21435578912497,-0.039924062788486,1
-0.093848019838333,-0.14105273410678,0.052923746407032,1
-0.12958490848541,0.095461092889309,-0.050577841699123,1
0.016918838024139,0.19692250341177,0.061575502157211,1
-0.075603485107422,0.073048926889896,0.021775580942631,1
-0.17499488592148,0.085945852100849,0.066012136638165,1
-0.24754202365875,0.039637558162212,0.004011370241642,1
0.11375850439072,-0.14958746731281,0.042597755789757,1
0.016056180000305,0.098448120057583,-0.045542322099209,1
0.060826361179352,0.081724368035793,-0.031207896769047,1
-0.1066192984581,0.19224002212286,0.12994598597288,1
0.16367822885513,-0.19086537510157,0.038851447403431,1
0.11660403013229,-0.23985392600298,-0.019230045378208,1
-0.12484019994736,-0.11889973282814,0.050438739359379,1
-0.078980594873428,-0.20088239014149,0.084641225636005,1
0.070829689502716,-0.076571961864829,-0.0011487379670143,1
0.0042662620544434,-0.087289003655314,-0.0006839781999588,1
-0.057349801063538,-0.084196094423532,-0.069568581879139,1
-0.034919559955597,-0.16678357869387,0.042575478553772,1
0.049146413803101,0.060258604586124,-0.0023164972662926,1
-0.14168030023575,0.12507689744234,-0.036965973675251,1
-0.060233592987061,0.077094040811062,-0.0020037218928337,1
0.044493734836578,0.14474441856146,-0.029681041836739,1
-0.11784839630127,-0.12044076621532,-0.038114182651043,1
-0.11193093657494,-0.05556870624423,-0.087975442409515,1
0.07631903886795,0.16062846034765,-0.088536497205496,1
-0.043396711349487,0.057800777256489,0.0097640827298164,1
0.024506449699402,0.1024350002408,-0.003894679248333,1
0.16127789020538,-0.21018852293491,0.16685371845961,1
-0.0025686621665955,-0.085321514867246,-0.023771405220032,1
-0.023348391056061,-0.1537076421082,0.0490363240242,1
0.059812486171722,0.076307766139507,-0.044666059315205,1
-0.17212092876434,-0.17746599763632,-0.049903593957424,1
-0.0314821600914,0.041368149220943,0.0037371292710304,1
-0.054290473461151,0.026292882859707,0.015711061656475,1
-0.030139446258545,-0.2005122974515,-0.015912085771561,1
-0.020181000232697,0.1456892862916,0.03858794271946,1
-0.1443929374218,-0.058423832058907,-0.032090432941914,1
-0.22213497757912,0.084076933562756,-0.070346646010876,1
0.16306644678116,-0.1820712685585,-0.029548294842243,1
-0.054383367300034,-0.11993881128728,-0.082079023122787,1
-0.17653748393059,-0.10775084747002,0.084567718207836,1
0.16902631521225,0.20073535293341,-0.022926218807697,1
-0.17160347104073,-0.20838533341885,0.079238079488277,1
0.22003138065338,0.21438183635473,-0.024609006941319,1
0.06025892496109,0.28866734355688,0.04393220692873,1
0.066874206066132,-0.077341143041849,-0.0041139721870422,1
-0.12884962558746,-0.1671574935317,-0.066896371543407,1
-0.24757465720177,0.041609175503254,-0.047090068459511,1
-0.23558184504509,0.082703627645969,0.10018008202314,1
-0.084289044141769,0.23461654037237,0.071332313120365,1
-0.044784963130951,0.055487103760242,-0.027315028011799,1
0.11501961946487,-0.12108445167542,-0.038144432008266,1
-0.069200336933136,-0.076675921678543,-0.072640307247639,1
-0.022059679031372,0.032717190682888,-0.0013043507933617,1
0.073903262615204,0.22982361167669,0.14507616311312,1
0.014362394809723,0.078245975077152,0.011819384992123,1
0.0080998539924622,-0.12771979346871,-0.025845684111118,1
0.13043504953384,-0.16703069210052,0.035629026591778,1
-0.069031566381454,0.25257926434278,-0.049751184880733,0
0.029413998126984,-0.27714578062296,0.11239180713892,1
-0.10414856672287,0.04304976016283,-0.052583053708076,1
-0.25633752346039,0.040339939296246,0.092665024101734,1
-0.032179653644562,-0.066270761191845,-0.015203773975372,1
-0.10955965518951,0.015605211257935,-0.058819808065891,1
0.1522359251976,-0.15475354343653,0.13034596294165,1
-0.18926337361336,0.007560096681118,-0.019530676305294,1
-0.14840656518936,0.10419314354658,0.027398400008678,1
-0.015789330005646,-0.087630211375654,-0.057107843458652,1
0.070602178573608,-0.062793005257845,-0.003156952559948,1
-0.20158398151398,0.095515869557858,0.12540341168642,1
0.011633157730103,-0.17682669311762,-0.070292614400387,1
0.067610859870911,0.19410868734121,-0.053329415619373,1
0.064513564109802,0.22569387406111,0.078278265893459,1
0.10081833600998,-0.10709476144984,-0.066476292908192,1
-0.0035908222198486,0.1623180732131,0.036535650491714,1
0.07699453830719,0.18606608361006,0.0019470080733299,1
-0.0091974139213562,0.17296322435141,-0.065072618424892,1
0.058753430843353,-0.046057753264904,-0.0067462101578712,1
0.055855751037598,-0.066792584955692,-0.027019754052162,1
0.069257080554962,0.046897493302822,0.0050119534134865,1
-0.02734762430191,-0.013972535729408,-0.00091309100389481,1
-0.18856829404831,0.072658307850361,0.19006206840277,1
0.10208976268768,-0.182103715837,0.041752383112907,1
-0.16440457105637,-0.0019330829381943,-0.023839496076107,1
-0.0028120279312134,-0.090547199361026,-0.048947870731354,1
0.13139945268631,-0.20069034397602,0.044090241193771,1
-0.22871941328049,0.035702012479305,0.10989069193602,1
0.13480639457703,0.13623710721731,-0.015674434602261,1
0.096982061862946,-0.2059241309762,-0.013166666030884,1
-0.046829283237457,-0.016863495111465,0.0046669617295265,1
-0.064998656511307,0.26767643541098,-0.048215709626675,0
-0.031210243701935,0.069866202771664,-0.01355966180563,1
-0.16259676218033,0.1948846206069,0.04809383302927,1
-0.070629686117172,-0.0033234357833862,-0.054655492305756,1
-0.035259008407593,0.26017548888922,0.041839860379696,1
-0.11322894692421,-0.11393493227661,-0.090683482587337,1
0.14782017469406,-0.14688514918089,0.040882684290409,1
-0.071256548166275,0.081429816782475,-0.055866502225399,1
0.1683731675148,0.17985110729933,0.053166396915913,1
-0.054510116577148,0.22437240928411,-0.0013733208179474,1
-0.21985760331154,0.11035097390413,-0.0083505138754845,1
-0.094665586948395,-0.24865170568228,0.012222193181515,1
-0.13154172897339,-0.093631476629525,0.089504532516003,1
-0.010814070701599,-0.13630833849311,-0.061884880065918,1
-0.096195757389069,0.20007183402777,0.09705962985754,1
-0.057800799608231,-0.26691532880068,0.01897343993187,1
-0.069754004478455,0.14618394523859,-0.0014390870928764,1
-0.13753858208656,-0.11267646681517,0.20742536336184,1
-0.072820782661438,-0.16974846273661,-0.097907707095146,1
0.013433873653412,-0.17969106137753,-0.032570101320744,1
-0.073980391025543,-0.061721101403236,-0.0028331354260445,1
0.035625576972961,0.067188806831837,-0.013845570385456,1
-0.21004518866539,-0.020466268062592,-0.061997659504414,1
0.061816334724426,-0.065368749201298,-0.00075152516365051,1
-0.26039347052574,0.00262301415205,0.038599260151386,1
-0.14439499378204,-0.13743426650763,0.0193847194314,1
-0.051108628511429,-0.055713593959808,-0.030740089714527,1
0.078616797924042,0.064533732831478,-0.0094268545508385,1
-0.01493763923645,-0.1146980645135,0.018751479685307,1
-0.22013214230537,0.035716496407986,0.055304951965809,1
0.19478696584702,-0.17262930423021,0.00032889097929001,1
0.089392423629761,-0.26072088629007,0.099031545221806,1
0.0794278383255,-0.13798236846924,-0.0059889405965805,1
-0.09183669090271,0.046242795884609,-0.036620922386646,1
-0.19080474972725,0.12112044543028,-0.044973440468311,1
-0.13201704621315,0.03164816647768,0.056942768394947,1
0.14649379253387,0.13857395201921,0.085445277392864,1
-0.074158698320389,-0.17377971112728,-0.07614653557539,1
-0.097219377756119,-0.19763647019863,0.14508653432131,1
-0.099484920501709,0.11663188785315,0.033052898943424,1
-0.25543802976608,0.085771091282368,0.0012889578938484,1
0.092052757740021,-0.090494896285236,0.016778759658337,1
-0.096327662467957,-0.0004463866353035,0.006197102367878,1
-0.0083322525024414,0.16724821180105,0.05478497594595,1
0.1374676823616,-0.13575522974133,0.068897612392902,1
0.12012034654617,-0.19680444151163,0.070693470537663,1
-0.17105185985565,0.10632181912661,0.13674978166819,1
0.095498085021973,0.14482512325048,-0.065349474549294,1
0.058716297149658,-0.093208386562765,-0.023492753505707,1
-0.16255089640617,0.14610893279314,-0.031764157116413,1
-0.05329355597496,-0.19996433705091,0.12713960558176,1
0.11199194192886,-0.13823687657714,0.039570383727551,1
-0.23085576295853,-0.015112213790417,0.10058707743883,1
0.16133266687393,-0.14449321478605,-0.018344514071941,1
-0.021314144134521,0.15310256928205,0.059360697865486,1
0.13887238502502,-0.17989072203636,0.04447066038847,1
0.11047828197479,0.12778783589602,0.051018558442593,1
-0.011476814746857,0.055372051894665,-0.013930834829807,1
-0.047573387622833,0.10148315876722,-0.056144990026951,1
-0.029236674308777,0.12771197408438,-0.045934021472931,1
-0.072449117898941,-0.24482566863298,-0.0081057623028755,1
0.049753189086914,-0.19896449148655,-0.049723826348782,1
-0.15045821666718,0.14138748496771,0.15997571498156,1
0.023266196250916,0.1177359893918,-0.079926170408726,1
-0.001663863658905,0.072470299899578,0.0039896443486214,1
-0.12885862588882,0.0053516626358032,-0.018199183046818,1
0.0014415979385376,-0.21236646920443,-0.076980873942375,1
0.049652516841888,-0.23462361842394,-0.036599285900593,1
-0.12372213602066,0.16397165507078,0.018923617899418,1
0.21147578954697,-0.21016900986433,-0.051327116787434,1
-0.066179245710373,0.20797052234411,0.14613737910986,1
0.053612649440765,0.075467608869076,-0.025841563940048,1
-0.041818559169769,-0.025802128016949,-0.021893411874771,1
0.1428901553154,0.17231576889753,0.083972550928593,1
-0.075007736682892,0.20953627675772,-0.089017540216446,0
0.17210775613785,0.15482147783041,0.042836360633373,1
0.18880391120911,0.17518430203199,0.085798300802708,1
-0.10140189528465,0.26118826121092,0.043728739023209,1
0.075203955173492,-0.051516655832529,-0.026148580014706,1
-0.021623909473419,0.070412032306194,0.020657055079937,1
0.057027220726013,-0.10701313661411,-0.044756881892681,1
-0.0057478547096252,0.18247743695974,0.026557840406895,1
-0.13998001813889,0.043258927762508,0.049068339169025,1
-0.14262878894806,-0.17287530004978,-0.010719157755375,1
0.15030699968338,-0.17328101396561,0.12765605002642,1
-0.04357922077179,-0.043029397726059,-0.010929204523563,1
-0.097020596265793,0.22314759343863,0.031932428479195,1
0.0048606395721436,0.24705161899328,-0.057059071958065,1
-0.080766290426254,-0.10756006836891,0.0037816241383553,1
0.1367928981781,-0.21426376700401,0.092108137905598,1
-0.051059275865555,0.080882005393505,-0.0056512132287025,1
-0.01117730140686,0.061206988990307,-0.028314091265202,1
-0.042648315429688,-0.2640141621232,0.013881020247936,1
0.023022532463074,-0.098912437097169,-0.031513556838036,1
-0.19176888465881,0.037211962044239,0.18361077457666,1
-0.094490855932236,0.089659057557583,-0.040555231273174,1
-0.023650944232941,0.25956436246634,-0.048443518579006,1
-0.066176384687424,-0.16793724149466,0.091404177248478,1
-0.1765801012516,-0.090963996015489,-0.025338880717754,1
0.12049758434296,-0.14060856774449,-0.037497214972973,1
-0.17911970615387,-0.057111348956823,0.16470763832331,1
0.073279857635498,0.21892523020506,0.14395190030336,1
-0.15423917770386,0.043099336326122,-0.023856230080128,1
-0.21300956606865,-0.10953526385128,-0.05618741363287,1
0.074789822101593,-0.18258469551802,0.017666399478912,1
-0.010567724704742,0.04899225383997,-0.0073272809386253,1
0.070480585098267,0.23510705679655,0.1090749874711,1
0.1099271774292,-0.22568792849779,0.16030824929476,1
-0.049567222595215,0.14746690541506,-0.015151552855968,1
0.13242679834366,0.2672466263175,-0.027061954140663,1
-0.082312345504761,0.0014958158135414,-0.02177506685257,1
-0.11613383889198,-0.004224456846714,0.035296000540257,1
-0.1485513150692,-0.21082554757595,0.10276391357183,1
-0.16288983821869,-0.14980340003967,0.0039423033595085,1
-0.028089225292206,0.026233099400997,-0.0026305988430977,1
-0.049317598342896,0.26142802089453,0.09631360322237,1
-0.057954698801041,0.17507662624121,-0.013945713639259,1
-0.033518016338348,-0.041561100631952,-0.0083170607686043,1
-0.05650395154953,0.051514588296413,-0.042080916464329,1
0.009605348110199,0.11609705537558,-0.078081272542477,1
-0.13065487146378,0.1695801243186,0.11763896793127,1
0.0047869086265564,-0.054026704281569,0.0028454586863518,1
-0.069093286991119,-0.085493393242359,-0.054089657962322,1
-0.081525236368179,0.22930257767439,-0.085179507732391,0
-0.052272617816925,-0.034821234643459,0.015344254672527,1
-0.13985723257065,0.034593470394611,0.04259368032217,1
-0.13836514949799,0.18398555368185,0.053144253790379,1
-0.11839762330055,-0.13799064233899,0.034823559224606,1
-0.22159922122955,0.079283677041531,-0.036166079342365,1
0.14408081769943,0.13312605768442,-0.00065778940916061,1
0.081795930862427,-0.16223138570786,-0.0651610866189,1
0.036451578140259,0.20156966894865,-0.099995024502277,1
0.14903372526169,-0.1956452280283,0.13298936933279,1
0.011142313480377,0.11930363625288,-0.078720010817051,1
-0.11358919739723,-0.03607139736414,0.00048258155584335,1
-0.1191321015358,-0.066944226622581,0.055072911083698,1
-0.16144233942032,0.13709633797407,0.0080004706978798,1
-0.11032512784004,-0.16885141283274,-0.026997938752174,1
-0.14304175972939,0.069341458380222,-0.049290344119072,1
-0.03486156463623,-0.15017510205507,-0.0016805976629257,1
-0.11900824308395,-0.14233155921102,0.06273727864027,1
-0.20494389533997,0.15063690394163,0.057692550122738,1
0.0061732530593872,0.074733950197697,0.0060737878084183,1
-0.018243610858917,0.097097970545292,-0.024309605360031,1
-0.10858738422394,0.088340632617474,0.054744802415371,1
-0.025031626224518,0.15350367873907,0.062289506196976,1
0.073005616664886,0.1462429985404,-0.0022126287221909,1
0.051088392734528,0.17515286058187,-0.099581819027662,1
-0.11457687616348,-0.067448820918798,-0.066296473145485,1
-0.13134518265724,-0.066093608736992,0.008327342569828,1
-0.027161002159119,0.082584403455257,-0.045860312879086,1
-0.18871140480042,-0.19213292002678,-0.01057031005621,1
-0.088665544986725,0.0050901100039482,0.015513144433498,1
-0.041004836559296,-0.23857306689024,-0.057795777916908,1
0.0098875761032104,0.087816275656223,0.014720864593983,1
-0.045913219451904,0.04060835391283,-0.038472421467304,1
0.14739948511124,-0.15776177868247,0.071295045316219,1
-0.071298867464066,0.25005402415991,-0.063188835978508,0
-0.2354756295681,0.079255037009716,0.12959330528975,1
0.0014227032661438,0.12010600417852,-0.0081408992409706,1
0.052807748317719,-0.17596621066332,0.0104735866189,1
-0.0077317357063293,-0.11287476588041,-0.061812750995159,1
-0.11604177951813,-0.099557604873553,-0.01732774823904,1
-0.048888862133026,0.037834338843822,-0.002305306494236,1
-0.11003461480141,-0.16814431548119,-0.069764509797096,1
0.13124239444733,-0.21392407268286,-0.093764156103134,1
-0.19570189714432,-0.18520007282495,-0.020051635801792,1
-0.15115410089493,0.12989201396704,-0.071643479168415,1
-0.14257365465164,0.15561421960592,0.17480511218309,1
-0.20216616988182,0.032124869525433,0.14129576832056,1
-0.20481288433075,-0.017981335520744,-0.093805201351643,1
-0.013224482536316,-0.28147047013044,-0.0025607645511627,1
0.11092966794968,-0.13057092577219,0.015145055949688,1
-0.020662903785706,-0.08780375868082,0.02008431404829,1
0.093597531318665,0.2266503199935,0.020355373620987,1
0.012336254119873,0.26259606331587,0.048935562372208,1
-0.0261470079422,0.17726530879736,0.053685016930103,1
-0.035027086734772,0.18678995221853,0.05510152131319,1
-0.15065684914589,-0.092406930401921,-0.023930214345455,1
-0.1222183406353,0.13177167624235,0.0067192390561104,1
-0.03055864572525,0.20730420202017,0.17695233970881,1
-0.089625537395477,-0.12629805319011,0.069815449416637,1
-0.10824632644653,0.058509506285191,-0.027985528111458,1
-0.10394164919853,0.2303973659873,0.10603404790163,1
-0.10475155711174,-0.083658583462238,-0.094817630946636,1
-0.20456662774086,-0.053660791367292,0.12331981211901,1
-0.0060169696807861,0.11114471405745,-0.016821980476379,1
-0.16441935300827,-0.0022608190774918,0.06038349121809,1
-0.12647435069084,-0.076669942587614,0.04913491755724,1
-0.17103698849678,-0.11791947484016,0.027112789452076,1
0.043871521949768,0.12123373895884,-0.016350828111172,1
0.072129011154175,-0.093785483390093,-0.020353376865387,1
0.16995549201965,0.20785059779882,0.13736937195063,1
-0.15894597768784,0.0025737062096596,-0.0093938335776329,1
0.0030237436294556,0.24135177582502,0.056714661419392,1
-0.025597989559174,-0.055249772965908,-0.036695905029774,1
-0.067244380712509,-0.048143144696951,-0.038919024169445,1
-0.19347295165062,0.013138331472874,0.037497274577618,1
-0.14692586660385,-0.076294258236885,0.085047863423824,1
-0.15031304955482,-0.17564890533686,-0.056544832885265,1
0.016042590141296,-0.16583633422852,0.022380441427231,1
-0.17684686183929,-0.13930280134082,-0.069266267120838,1
0.014565348625183,0.16181733459234,0.0064903870224953,1
0.034896492958069,0.12544656544924,0.034930862486362,1
-0.070478826761246,-0.19725172221661,0.0096283480525017,1
-0.074654221534729,0.13040830940008,-0.091873176395893,0
-0.19979664683342,-0.089746158570051,0.078880004584789,1
-0.20049279928207,-0.11968073621392,-0.040923483669758,1
0.030362665653229,-0.21609833091497,-0.0084124654531479,1
-0.048256576061249,-0.046156369149685,-0.028468608856201,1
0.13913750648499,0.13486360758543,0.055410146713257,1
-0.01334273815155,0.20938812941313,-0.072751551866531,1
-0.031519412994385,-0.226432479918,-0.012970261275768,1
-0.15116423368454,-0.10258321696892,-0.06974270939827,1
-0.023179113864899,-0.19679579883814,0.093018107116222,1
0.048477113246918,-0.071747120469809,-0.0099424719810486,1
-0.0025858879089355,0.077077887952328,0.0010094121098518,1
0.040343165397644,0.071490533649921,-0.0087218433618546,1
0.061068654060364,0.062645278871059,-0.015654169023037,1
-0.12852320075035,-0.17958124727011,0.15183261781931,1
-0.15953105688095,0.12393591552973,0.11739336699247,1
-0.19696176052094,0.05582145601511,0.0062578245997429,1
-0.041478037834167,0.17709734290838,0.043762981891632,1
0.0016270279884338,-0.192208789289,-0.022782020270824,1
-0.21400356292725,0.046694405376911,0.13924389332533,1
-0.080511063337326,-0.17860909551382,0.08136785775423,1
0.14671009778976,-0.17117574065924,-0.080807767808437,1
0.1231352686882,0.15861659497023,0.0005032941699028,1
-0.10992443561554,-0.025636427104473,0.03354898840189,1
-0.066215962171555,0.0077695995569229,-0.023039072751999,1
-0.013618111610413,0.063645161688328,-0.028376244008541,1
-0.033910870552063,-0.016646221280098,-0.013086728751659,1
0.077480256557465,0.21357270330191,-0.031852513551712,1
-0.2636199593544,-0.013151057064533,0.056749723851681,1
-0.051517605781555,-0.24579910188913,0.14994407445192,1
-0.20118886232376,0.091573260724545,0.026878453791142,1
0.06117445230484,0.066261447966099,-0.025706075131893,1
-0.19257807731628,-0.091964335180819,-0.0654082223773,1
0.076831519603729,0.15245326608419,-0.058037213981152,1
0.12579101324081,-0.26211685687304,-0.01285145431757,1
-0.19621348381042,0.040376059710979,0.12302132695913,1
0.094529092311859,-0.12259807623923,-0.027879618108273,1
-0.10970216989517,0.16863270848989,0.11385894566774,1
-0.14936208724976,0.17545791715384,0.14763601869345,1
0.12913537025452,0.15754630416632,-0.071276009082794,1
-0.17883059382439,-0.10874641314149,0.064796812832355,1
0.10597521066666,-0.15307861194015,-0.038383834064007,1
-0.10644596815109,0.021605610847473,-0.043874703347683,1
-0.10415881872177,0.086060412228107,-0.071407146751881,1
0.071028709411621,0.27665706723928,-0.033360667526722,1
-0.13710650801659,-0.11906751617789,0.00052487105131149,1
-0.051358997821808,0.054379664361477,-0.012782610952854,1
0.0099356174468994,0.20553179830313,-0.051936216652393,1
-0.086945116519928,-0.079888483509421,0.0025288984179497,1
0.02307140827179,0.14294888824224,0.037164576351643,1
0.057690501213074,0.11356008797884,-0.070661529898643,1
0.068481922149658,0.18646871298552,0.021771721541882,1
-0.045995831489563,0.19098868221045,0.055951587855816,1
-0.20058754086494,0.058291383087635,-0.040336020290852,1
-0.077515631914139,0.070490635931492,-0.058242671191692,1
0.052987337112427,-0.094846437685192,-0.007374070584774,1
0.032607614994049,-0.11284423619509,-0.0074506774544716,1
-0.19491845369339,-0.050480835139751,0.1349269375205,1
0.13925570249557,0.2264443859458,0.07756719738245,1
0.16435343027115,-0.18654996156693,0.050999753177166,1
0.091728150844574,-0.2255180850625,0.035972997546196,1
-0.025664806365967,0.23160284012556,0.048440746963024,1
0.12091690301895,-0.11399922147393,-0.039829663932323,1
-0.059656888246536,0.084247685968876,-0.0037012174725533,1
-0.020090758800507,-0.055334992706776,0.0038319081068039,1
0.19864273071289,0.21926232427359,0.079096950590611,1
-0.17607712745667,-0.029993385076523,0.10984893888235,1
-0.10647687315941,-0.21037297695875,0.013681381940842,1
-0.04659241437912,0.26633786410093,-0.0058883801102638,1
-0.19051429629326,0.042294107377529,0.017408974468708,1
-0.00091326236724854,0.26996751874685,0.016279101371765,1
0.034458220005035,-0.13007341884077,-0.052299700677395,1
-0.075628727674484,0.095530159771442,0.038996390998363,1
-0.1534036397934,0.022255852818489,0.057507328689098,1
-0.090983986854553,-0.15743745863438,-0.070806697010994,1
-0.042434871196747,-0.056636117398739,-0.0063922926783562,1
-0.056273370981216,0.16124989837408,0.048067055642605,1
0.19336378574371,0.1710272654891,0.042407847940922,1
-0.02428925037384,-0.038777034729719,-0.0030377581715584,1
-0.066635757684708,-0.001680500805378,-0.0098165199160576,1
-0.14350923895836,-0.024770088493824,0.020215429365635,1
0.035352885723114,0.13268745690584,-0.074389480054379,1
0.058090567588806,0.20838137716055,-0.093975879251957,1
-0.11642304062843,-0.033944495022297,-0.065250776708126,1
0.068329870700836,0.062569417059422,0.010616950690746,1
-0.13819390535355,-0.15001938864589,0.05464880913496,1
-0.0051320195198059,-0.060933269560337,-0.007096640765667,1
0.061060607433319,-0.20909944921732,0.052926890552044,1
-0.18343311548233,-0.13286114111543,0.051450006663799,1
0.032400965690613,0.18669303506613,0.037533886730671,1
-0.18903422355652,0.071958042681217,-0.079444497823715,1
0.0073385834693909,0.14404825121164,-0.012792818248272,1
-0.061640620231628,-0.2088081240654,0.058276727795601,1
-0.19155740737915,0.045390464365482,0.117461822927,1
0.020953953266144,0.22741620987654,0.0022525638341904,1
0.088212251663208,0.074566356837749,-0.014785349369049,1
0.10216552019119,0.176344178617,0.057659327983856,1
-0.00086802244186401,-0.17445847392082,-0.045131415128708,1
0.057919442653656,-0.13108430430293,0.032567732036114,1
-0.20478278398514,0.017183072865009,0.0093292519450188,1
-0.15029871463776,0.017720647156239,-0.0038098767399788,1
0.013211131095886,-0.11091856006533,0.013545982539654,1
-0.1861435174942,-0.088538211770356,-0.0824294090271,1
0.041721642017365,-0.25128623098135,0.003898486495018,1
0.07142299413681,0.16572215408087,-0.078669063746929,1
-0.10890105366707,0.17933639138937,0.15780920535326,1
-0.17991930246353,0.083515606820583,0.062572352588177,1
0.075011551380157,0.11078932136297,0.0054611340165138,1
-0.14984717965126,0.070033811032772,0.049071215093136,1
-0.20777300000191,0.020716920495033,0.096731178462505,1
-0.16829657554626,0.088266871869564,-0.082184419035912,1
0.053517282009125,-0.063999123871326,0.0065095275640488,1
-0.04772812128067,-0.21363550424576,0.16199711710215,1
0.080522000789642,-0.19749474525452,0.043215967714787,1
-0.13582822680473,-0.058929663151503,-0.00045453757047653,1
-0.10383635759354,0.25673573464155,-0.031722769141197,0
0.045382559299469,0.15629240125418,-0.044383697211742,1
0.070087611675262,0.11439540237188,0.022008292376995,1
0.037419199943542,0.052514992654324,0.0041137412190437,1
-0.098122149705887,-0.057624578475952,-0.087244145572186,1
0.095866560935974,-0.18966430425644,0.045693725347519,1
-0.043797731399536,0.079250134527683,-0.0016496405005455,1
0.14272058010101,0.12482968717813,0.035176210105419,1
0.052558064460754,-0.14396693557501,-0.084888570010662,1
-0.19299933314323,-0.11519377771765,0.026602678000927,1
0.063155829906464,-0.076468847692013,0.011265531182289,1
-0.188940346241,0.12411848455667,-0.07548738270998,1
0.014923393726349,0.23961856216192,0.055057212710381,1
-0.21136164665222,0.12279836088419,0.0080860033631325,1
-0.010501444339752,-0.13639505580068,-0.077842839062214,1
-0.13231176137924,-0.022650852799416,-0.095057055354118,1
-0.17810663580894,-0.11089094541967,-0.026835091412067,1
-0.25913831591606,0.052214927971363,0.029022537171841,1
0.073364794254303,-0.13118017464876,-0.017810083925724,1
-0.0082622170448303,-0.15744825825095,0.045741774141788,1
-0.04193240404129,0.23698049038649,-0.048520088195801,1
-0.079958349466324,0.13116314262152,-0.039799921214581,1
-0.001853883266449,-0.058421861380339,-0.02015320956707,1
0.10731315612793,0.095555774867535,0.0069881081581116,1
-0.12918683886528,0.022439524531364,0.0046901926398277,1
-0.13976591825485,0.19869949668646,0.14208238571882,1
-0.22101831436157,-0.016138136386871,-0.069492854177952,1
-0.075436353683472,0.017807960510254,-0.003002293407917,1
0.047121942043304,-0.12728461809456,0.0091896131634712,1
0.049772799015045,-0.10502560483292,-0.028639025986195,1
-0.13662350177765,-0.18613225966692,0.15388361364603,1
-0.18346554040909,-0.069324545562267,-0.011435262858868,1
0.11154514551163,-0.15340230986476,0.026137657463551,1
0.072429120540619,0.090327449142933,-0.031695231795311,1
0.06963038444519,0.04859483987093,-0.015649013221264,1
-0.08980804681778,0.06539810448885,0.018768362700939,1
-0.1876734495163,0.010020330548286,-0.0075234994292259,1
0.033943712711334,-0.23924485594034,0.12782440334558,1
0.028454601764679,0.23053147643805,0.030932165682316,1
-0.073738574981689,0.024484135210514,0.022487662732601,1
-0.013981938362122,-0.11092311050743,0.01040056347847,1
-0.033563315868378,-0.047204706817865,-0.0028418377041817,1
0.0051361918449402,0.19462879747152,-0.005333237349987,1
0.14386707544327,-0.21656560152769,-0.0081063359975815,1
0.07042407989502,-0.10751638095826,0.024176545441151,1
-0.038950026035309,-0.15212848782539,-0.038702167570591,1
-0.12932774424553,-0.049326948821545,0.044279687106609,1
0.056988835334778,-0.053506009280682,-0.0026229247450829,1
0.0026286244392395,-0.084209404885769,0.0012234449386597,1
-0.030552744865417,0.056191109120846,0.0093196406960487,1
-0.023090183734894,-0.10517116170377,0.0081142410635948,1
-0.15040323138237,-0.1825365126133,0.087239064276218,1
-0.12790313363075,0.14524172991514,0.12335581332445,1
-0.18359744548798,0.083406500518322,-0.069725446403027,1
-0.12762987613678,0.056689359247684,-0.030760154128075,1
0.027708172798157,-0.079391710460186,-0.012399025261402,1
-0.22670072317123,0.067834101617336,0.073212422430515,1
-0.045196115970612,-0.28207022696733,-0.0040700659155846,1
0.043354511260986,0.26497157663107,0.047346092760563,1
0.08684903383255,0.074240006506443,-0.03597716242075,1
0.16680240631104,0.18079241365194,-0.00054718554019928,1
0.17748719453812,-0.17645106464624,0.14762335270643,1
0.13294738531113,-0.13988139480352,0.012077443301678,1
0.075089931488037,0.061495445668697,0.0075303688645363,1
-0.25472348928452,-0.010005965828896,0.048669494688511,1
-0.12088680267334,-0.0079875662922859,0.035827688872814,1
-0.084353536367416,-0.20155564695597,0.085458971560001,1
0.033763408660889,-0.099938881292474,-0.060186885297298,1
0.0086255073547363,0.23245581239462,0.042242832481861,1
0.12364947795868,0.11739905923605,-0.093324825167656,1
-0.034855902194977,-0.089749919250607,-0.0071321055293083,1
-0.072731405496597,-0.14213310927153,-0.072057723999023,1
-0.10827112197876,-0.22999361902475,0.11948499828577,1
0.155377805233,-0.2007987126708,0.13018844276667,1
-0.11171075701714,0.16579418629408,0.06914671510458,1
0.012757658958435,-0.099811850406695,-0.022739492356777,1
0.12694638967514,-0.22745879739523,-0.026653967797756,1
-0.057654440402985,0.041907839477062,-0.039731055498123,1
-0.043452501296997,-0.114407771267,0.013690501451492,1
-0.0011444091796875,-0.067737836390734,-0.00053193420171738,1
-0.15367648005486,0.060186631977558,-0.0065876170992851,1
0.1257780790329,-0.15322713926435,-0.064971841871738,1
-0.050553739070892,-0.1309400331229,0.0062000826001167,1
0.0074507594108582,0.18280863016844,0.063811719417572,1
0.052617073059082,0.069330833852291,-0.037751838564873,1
-0.097389161586761,0.12738398462534,0.019839234650135,1
0.10801166296005,-0.27788410335779,0.02514760196209,1
-0.048961520195007,0.18701495975256,0.038174115121365,1
0.12112063169479,-0.24713305383921,0.035197362303734,1
-0.0015928745269775,0.0639503672719,-0.016607575118542,1
-0.083651542663574,-0.040013745427132,-0.0020939484238625,1
-0.021257758140564,0.1321037337184,-0.041722297668457,1
-0.18025562167168,-0.027144394814968,-0.0029625371098518,1
-0.087546706199646,0.038312248885632,0.018376924097538,1
0.1434034705162,-0.25620386749506,0.019870758056641,1
-0.059291958808899,0.2155558988452,-0.046052478253841,1
0.054899871349335,-0.071110313758254,-0.030351527035236,1
-0.0080532431602478,-0.089188971556723,-0.0053692385554314,1
0.023158848285675,0.10067161172628,-0.026901409029961,1
0.11922562122345,0.14122166484594,-0.081463523209095,1
0.068889915943146,0.077775798738003,0.019809752702713,1
-0.1469441652298,0.044239334762096,0.03440798074007,1
0.028897643089294,0.08604321628809,-0.018168523907661,1
0.067011535167694,-0.05554823204875,-0.0017540827393532,1
0.085253775119781,-0.067433219403028,0.020929656922817,1
0.10690051317215,-0.23759394139051,-0.069128073751926,1
0.12197989225388,0.22989960759878,0.075240544974804,1
0.068666696548462,-0.067526455968618,-0.042763732373714,1
-0.17426291108131,-0.035029657185078,-0.042467392981052,1
-0.13028088212013,-0.19370059669018,-0.0082923546433449,1
-0.032145321369171,-0.22428476065397,-0.088578354567289,1
-0.20764109492302,-0.044255945831537,0.18470527976751,1
-0.057161301374435,0.17283030599356,0.063436672091484,1
0.036878645420074,-0.055135611444712,-0.0045996308326721,1
-0.14972212910652,0.16502752155066,0.065917231142521,1
0.10374236106873,0.17121743410826,-0.08952608704567,1
0.017327547073364,-0.14786574244499,-0.045291110873222,1
-0.016129553318024,-0.098742940695956,-0.01672538369894,1
-0.13942939043045,0.18026598542929,-0.032293386757374,1
0.066737711429596,-0.074639622122049,-0.052267424762249,1
-0.13920637965202,-0.17151470482349,0.1634531840682,1
-0.047815442085266,0.23790990561247,0.068168081343174,1
-0.15972536802292,0.082911752164364,0.055744998157024,1
-0.070760697126389,0.11225984245539,-0.067703478038311,1
-0.20307487249374,0.093485347926617,0.12705700844526,1
0.077076733112335,-0.24353704601526,-0.048791140317917,1
0.028798282146454,0.1895197853446,-0.087219208478928,1
-0.12130880355835,0.21577169746161,-0.004388652741909,1
-0.1114262342453,0.25208904594183,-0.010028094053268,0
-0.19490575790405,-0.0035219416022301,-0.034476913511753,1
0.063133656978607,-0.15712763369083,0.002700075507164,1
-0.02464884519577,-0.22600001841784,-0.096126016229391,1
0.16347283124924,0.15522166341543,-0.010162673890591,1
-0.17307734489441,-0.046302545815706,-0.055894449353218,1
0.086210608482361,0.24948220700026,-0.015521712601185,1
0.11679428815842,-0.16342543810606,0.081515081226826,1
0.014965236186981,0.14108266681433,-0.065736971795559,1
0.013458251953125,0.23444639891386,0.031406201422215,1
0.16828233003616,-0.1549866721034,-0.095549441874027,1
-0.23365044593811,0.061105273663998,-0.064056545495987,1
-0.065446972846985,-0.0045522898435593,-0.0095647647976875,1
0.066313326358795,0.066705875098705,-0.012884363532066,1
0.060027241706848,-0.086292878724635,0.0030123814940453,1
-0.083004593849182,-0.19186818599701,-0.043729841709137,1
0.018546342849731,0.23370309919119,-0.033198423683643,1
-0.10498097538948,0.18155702203512,0.0053370967507362,1
-0.22393518686295,-0.096742085646838,0.0059269294142723,1
-0.013382375240326,0.14876153320074,-0.0097258985042572,1
-0.048230946063995,-0.14204579591751,-0.057529270648956,1
-0.059633433818817,0.236935518682,0.1616929396987,1
-0.16495406627655,0.064198635518551,-0.087442472577095,1
-0.02144467830658,0.21871810406446,0.069640718400478,1
-0.089592516422272,-0.19301434606314,0.035374656319618,1
-0.087884217500687,-0.16041668131948,-0.028048776090145,1
-0.049447596073151,-0.20061890780926,0.084376864135265,1
0.070863246917725,-0.12101014889777,-0.029815658926964,1
0.10142821073532,0.25815089792013,0.10781163722277,1
-0.034751892089844,0.2298232242465,0.0021582245826721,1
-0.20338821411133,-0.0031915977597237,0.15945535153151,1
-0.0075039267539978,-0.11168686673045,-0.0017883330583572,1
-0.042904734611511,0.25843166559935,0.025436781346798,1
-0.14496591687202,-0.012651301920414,-0.069766350090504,1
0.15588665008545,0.13830951601267,0.0532361343503,1
-0.064593106508255,0.21049811691046,0.1096902564168,1
0.066610217094421,-0.11033324431628,0.017973497509956,1
-0.22105321288109,0.08343230932951,-0.071062080562115,1
-0.054724603891373,-0.092992264311761,-0.039299808442593,1
-0.061109721660614,-0.014359563589096,-0.042120933532715,1
-0.095399737358093,-0.10248832730576,0.032300196588039,1
0.021785855293274,0.0951142385602,-0.025528535246849,1
-0.21005603671074,-0.11932934634387,0.10630164295435,1
0.015675842761993,0.14325105398893,-0.049729526042938,1
-0.0015004873275757,-0.21633084863424,-0.047717176377773,1
-0.17117816209793,0.11602290719748,0.09202004224062,1
0.16624903678894,0.16172721236944,-0.025598630309105,1
0.051149189472198,-0.10298213316128,-0.054194442927837,1
-0.1648907661438,0.044361494481564,-0.082506559789181,1
0.056822717189789,0.089679293334484,-0.013759635388851,1
-0.078559845685959,0.071251191198826,-0.083025015890598,1
-0.00051426887512207,0.11241041868925,0.0063005015254021,1
0.034519731998444,0.14662171155214,-0.03587232530117,1
-0.17197853326797,-0.052651561796665,0.20211786776781,1
-0.046045541763306,0.15183188766241,0.0074926093220711,1
0.13879102468491,-0.2203533500433,-0.069217681884766,1
-0.012655794620514,-0.082863492891192,-0.05597772449255,1
0.19158571958542,0.20743786543608,-0.0073859617114067,1
-0.039509952068329,-0.047308564186096,0.0093965455889702,1
-0.17134016752243,0.1286019012332,-0.037077136337757,1
0.0057941079139709,0.20276745408773,0.030206821858883,1
0.046636521816254,0.092129044234753,-0.048143602907658,1
0.033079326152802,-0.16894946992397,-0.061886541545391,1
0.1737921833992,0.19141974300146,-0.073970824480057,1
0.061905682086945,-0.14211531728506,-0.05199908465147,1
-0.10879772901535,0.016005605459213,-0.0076515302062035,1
-0.24039950966835,0.098210029304028,-0.011452622711658,1
-0.077686309814453,-0.24954924732447,0.096148915588856,1
-0.085683524608612,-0.018005572259426,-0.046532273292542,1
0.006525456905365,-0.24045147746801,0.0066819712519646,1
-0.018393695354462,-0.19310791790485,-0.060852326452732,1
0.049128711223602,0.21119102090597,0.0532131716609,1
-0.027770161628723,-0.05821080878377,-0.014779664576054,1
-0.0048989653587341,-0.099974612472579,-0.052980802953243,1
-0.041223466396332,-0.1705749630928,-0.0096784457564354,1
-0.0021054148674011,-0.21861445903778,-0.049432657659054,1
-0.063060462474823,-0.099250267958269,0.031188808381557,1
0.1092249751091,0.19820316880941,0.12925157696009,1
0.14414340257645,-0.24292884021997,-0.042845115065575,1
0.084176421165466,-0.27243625372648,-0.047039218246937,1
0.023933231830597,-0.27381706982851,0.10979387909174,1
-0.11222666501999,-0.19984790682793,0.010970011353493,1
-0.032499492168427,-0.19584186375141,-0.035375230014324,1
-0.03988116979599,-0.13837923854589,-0.034010589122772,1
0.036592364311218,-0.094474809244275,-0.022303260862827,1
-0.13925379514694,0.099927254021168,-0.093202821910381,1
0.001598060131073,-0.13093725219369,-0.017331130802631,1
-0.047716617584229,0.2259614393115,0.13987607508898,1
0.068681657314301,-0.1037626452744,0.027281761169434,1
-0.21488437056541,-0.00175541639328,0.17116732150316,1
0.07206791639328,-0.21847628802061,0.056154370307922,1
0.0838543176651,-0.22305698692799,-0.087484963238239,1
0.0047669410705566,0.0932961627841,-0.033444538712502,1
-0.16707906126976,-0.17688050866127,0.019870348274708,1
0.082601010799408,-0.14058915153146,0.038111783564091,1
0.0089418292045593,0.24855440109968,0.021293461322784,1
-0.14668995141983,0.16447385400534,0.18408168107271,1
0.00010472536087036,-0.079117547720671,-0.040314517915249,1
0.034304320812225,-0.20292638987303,-0.099722970277071,1
0.07865971326828,-0.065071266144514,-0.014856331050396,1
-0.1061147749424,-0.0025907009840012,-0.003597654402256,1
-0.054810792207718,-0.014012411236763,-0.0036938861012459,1
-0.24563151597977,0.05824252218008,0.091344825923443,1
-0.20795926451683,0.13653626292944,0.12658252567053,1
-0.07219585776329,-0.17653529345989,0.13042507320642,1
-0.0077279210090637,-0.070702927187085,-0.017595842480659,1
0.11952608823776,0.18918939679861,-0.08322462439537,1
0.060557126998901,0.17042701691389,-0.026441536843777,1
-0.11241236329079,0.19150676578283,0.10834752768278,1
-0.039445161819458,-0.12360976077616,-0.08495220541954,1
0.098990023136139,-0.18538664281368,0.12885690480471,1
0.093259990215302,-0.2569150403142,-0.0082244724035263,1
-0.053004175424576,-0.093523937277496,0.0036956742405891,1
-0.0092328190803528,-0.12700117006898,-0.051870010793209,1
0.061374068260193,0.088358260691166,-0.049441881477833,1
0.013042867183685,0.084306828677654,-0.013415783643723,1
-0.18244913220406,0.035640321671963,-0.014147035777569,1
-0.1696480512619,-0.041295278817415,-0.055902220308781,1
0.0091316103935242,0.076299048960209,0.0080711245536804,1
-0.021852374076843,0.10004895180464,-0.06738767772913,1
0.0016402006149292,-0.070533053949475,-0.0021908357739449,1
-0.13793981075287,0.10557682067156,-0.01142043620348,1
-0.1319842338562,0.049649573862553,0.029802940785885,1
-0.1679467856884,0.080688260495663,0.14817557483912,1
-0.10393807291985,0.041886977851391,-0.0090517774224281,1
0.0081645250320435,0.11411770433187,-0.011524997651577,1
-0.10275334119797,0.12216382473707,-0.027788303792477,1
0.040445744991302,-0.095576719380915,-0.059958308935165,1
0.13340932130814,-0.19363591820002,-0.08732458204031,1
0.091214597225189,-0.1177364718169,-0.0083313286304474,1
-0.11042296886444,0.16476612538099,0.10490079969168,1
0.097095191478729,0.15470173209906,0.047135837376118,1
0.0034211277961731,0.089877106249332,0.005191445350647,1
0.013664960861206,-0.10424241377041,-0.02308513969183,1
-0.078266680240631,0.19761427491903,0.17693421989679,1
0.067730963230133,0.09910012036562,-0.02074871212244,1
0.11436384916306,0.23674245923758,0.083677016198635,1
-0.083934843540192,-0.099606855481397,0.020444937050343,1
-0.16765129566193,-0.018233045935631,0.0057739838957787,1
0.0031598210334778,-0.067840855568647,0.00083356350660324,1
0.10062509775162,-0.20520736277103,-0.0084997341036797,1
0.01852411031723,0.14247741550207,0.040084943175316,1
-0.086258888244629,-0.25963985174894,0.046987049281597,1
-0.1737274825573,-0.1965820863843,-0.0083929821848869,1
0.080324113368988,-0.11467576492578,-0.079234197735786,1
0.079781055450439,-0.08054287917912,-0.022078581154346,1
0.011761903762817,0.14959736913443,-0.024710759520531,1
-0.15114730596542,0.17000593990088,0.13695088773966,1
-0.039418041706085,0.032106332480907,0.0087989494204521,1
0.084402501583099,0.18371035903692,-0.015056036412716,1
-0.0023807287216187,-0.082549870014191,0.016535691916943,1
0.11978739500046,-0.1878768876195,-0.00049655139446259,1
0.018709301948547,-0.26267363876104,0.056609071791172,1
-0.23834615945816,0.11536440998316,0.050006724894047,1
0.063819468021393,0.071297593414783,0.010814525187016,1
0.013239800930023,-0.12769006937742,-0.0011766776442528,1
0.021391093730927,0.090332172811031,-0.009345754981041,1
-0.16749686002731,0.087767533957958,-0.016162939369678,1
-0.016679167747498,0.047923423349857,-0.014628849923611,1
-0.11179646849632,0.026234231889248,-0.052911050617695,1
0.069517433643341,0.21804439276457,-0.060423038899899,1
-0.15142050385475,-0.14202251657844,0.1064221188426,1
-0.19500005245209,0.16399838775396,0.065730638802052,1
0.02860301733017,0.098847143352032,0.0099697858095169,1
-0.24573045969009,-0.10112395812757,-0.0065433904528618,1
-0.018056750297546,0.25105916708708,0.13103625923395,1
0.084931790828705,0.13615047186613,0.048223033547401,1
0.15637391805649,0.17002125829458,0.1496192291379,1
-0.13459372520447,0.1244290843606,0.13511868566275,1
-0.10728245973587,0.089771129190922,-0.081166140735149,1
-0.031940758228302,0.14913723617792,0.011240109801292,1
-0.045335352420807,-0.18031425774097,0.051079846918583,1
-0.21248182654381,0.0019901990890503,0.012427188456059,1
-0.039678990840912,-0.0079312399029732,-0.0055493339896202,1
-0.038316905498505,0.077417276799679,0.0074028000235558,1
0.048795640468597,-0.13884643465281,-0.028774313628674,1
-0.050727427005768,-0.25802008062601,0.032389864325523,1
-0.14143708348274,-0.20652925223112,-0.013120196759701,1
-0.02850067615509,0.18194746226072,-0.047645047307014,1
-0.13004398345947,-0.17905017733574,-0.0059258788824081,1
-0.038489997386932,0.035676844418049,-0.02333664894104,1
0.10637813806534,0.10027184337378,0.018947541713715,1
0.026056289672852,0.063155360519886,-0.0057387501001358,1
0.067539632320404,0.042557992041111,-0.011572875082493,1
-0.18550539016724,0.1334517672658,0.069213710725307,1
0.11149072647095,-0.1300765927881,-0.0011497959494591,1
0.027789056301117,0.22430660575628,0.14567155390978,1
0.091467022895813,-0.14903444424272,0.044354118406773,1
-0.084693610668182,0.1453195437789,0.029798828065395,1
0.082715332508087,-0.081590037792921,-0.022291116416454,1
-0.15138456225395,-0.15982238575816,0.011703558266163,1
-0.012715518474579,-0.22528038173914,0.17927027493715,1
0.0088124871253967,0.093459449708462,0.022966228425503,1
-0.17481565475464,0.06041956692934,0.061284191906452,1
-0.21932110190392,-0.1126865260303,-0.07794239372015,1
0.018181085586548,0.19197540730238,0.0065117552876472,1
-0.17630869150162,0.10537339001894,-0.013237364590168,1
0.098795413970947,-0.20065509527922,0.13872259110212,1
0.046315968036652,-0.06103265658021,-0.0034749433398247,1
0.1074361205101,0.15146022289991,-0.062901347875595,1
-0.1991004049778,0.029289446771145,0.019297771155834,1
-0.063399016857147,0.0034348666667938,0.0031086429953575,1
0.012133061885834,-0.1391839236021,-0.062158688902855,1
0.13442957401276,0.19109597057104,-0.037804000079632,1
0.0060223340988159,0.17713864892721,0.038796715438366,1
-0.10582461953163,0.018894217908382,-0.056164644658566,1
-0.013826906681061,-0.10954095423222,0.016989521682262,1
0.10191404819489,0.13636695593596,-0.025611117482185,1
-0.079708248376846,-0.064955107867718,0.020049832761288,1
0.0023493766784668,0.21722870320082,0.1661959066987,1
-0.011571109294891,-0.1787342056632,0.076096959412098,1
0.038377225399017,0.26484384387732,-0.015507735311985,1
-0.044025301933289,0.037297122180462,0.0040177032351494,1
0.017205655574799,-0.064198303967714,-0.015849456191063,1
-0.02271181344986,-0.047026488929987,-0.017782978713512,1
0.020268678665161,-0.25664798170328,0.07548401504755,1
0.074896454811096,-0.19070282578468,0.069660551846027,1
-0.041904032230377,0.06192684918642,0.0074223950505257,1
-0.080457508563995,0.19438778609037,0.17002058774233,1
-0.070692867040634,-0.010148406028748,0.022922210395336,1
0.0096699595451355,-0.09233497781679,0.018299028277397,1
-0.15442106127739,-0.13197346776724,-0.092830650508404,1
-0.011924088001251,-0.10500627988949,-0.020676255226135,1
0.10714286565781,-0.17227069288492,-0.0094241723418236,1
-0.22734129428864,0.0059404447674751,-0.043692864477634,1
-0.09197124838829,-0.087009944021702,0.040883503854275,1
0.048630893230438,-0.20338689535856,-0.027776584029198,1
-0.038728654384613,-0.21928455680609,0.076793558895588,1
-0.14956748485565,-0.13729689642787,0.086838893592358,1
-0.10168340802193,0.20171006768942,0.02265477925539,1
0.15078604221344,0.13191541284323,0.051109351217747,1
-0.11815237998962,-0.032658524811268,0.031551353633404,1
-0.21641892194748,-0.084234863519669,-0.078340634703636,1
-0.00026810169219971,0.18522038310766,-0.014505736529827,1
-0.06667160987854,0.22609280794859,0.038171678781509,1
-0.22026431560516,0.054742179811001,0.05539608746767,1
-0.18686777353287,0.071841724216938,0.012778855860233,1
0.13244396448135,0.1933883652091,-0.033995375037193,1
0.12403655052185,0.11364874988794,-0.045532956719398,1
0.032831966876984,-0.17408373206854,-0.036480806767941,1
0.025607049465179,-0.21626967191696,0.11592525988817,1
-0.094382852315903,0.0027986690402031,-0.0042748376727104,1
-0.13178193569183,-0.15987985208631,-0.0081384256482124,1
-0.19916099309921,0.0030021220445633,-0.069961942732334,1
0.14532464742661,-0.18560164421797,-0.013305373489857,1
-0.097962498664856,0.030422367155552,0.014001332223415,1
0.049337685108185,-0.20084750652313,0.033999979496002,1
0.038702249526978,0.07380748540163,-0.01454608887434,1
-0.16917243599892,-0.12192217819393,0.022313855588436,1
-0.069143623113632,0.11065917462111,-0.066143311560154,1
0.10854583978653,0.25551234930754,0.12387580424547,1
0.058701872825623,0.077997826039791,0.0024329796433449,1
-0.0081110000610352,0.13336985558271,-0.0046758428215981,1
-0.098850905895233,-0.24505458027124,0.098500572144985,1
-0.080347448587418,-0.17291121929884,0.010949201881886,1
-0.15814742445946,0.18029894679785,0.042282439768314,1
-0.11503517627716,-0.0042736083269119,-0.016813211143017,1
0.12421077489853,-0.18121061474085,0.044134750962257,1
-0.17422285676003,-0.037216246128082,0.072215773165226,1
-0.18337175250053,0.016539536416531,-0.054047830402851,1
-0.25412261486053,-0.035782180726528,-0.047668300569057,1
-0.061082541942596,-0.1689148247242,-0.0054510682821274,1
-0.21245113015175,-0.10923720803112,0.10995899885893,1
-0.13358148932457,-0.17252710461617,-0.0068193897604942,1
-0.15479111671448,-0.038837905973196,-0.058069780468941,1
0.043256759643555,0.090464033186436,0.00040664523839951,1
0.0083181262016296,-0.12269754335284,-0.0046564862132072,1
-0.11215102672577,-0.12914901226759,-0.019321627914906,1
0.12221258878708,-0.19629015773535,0.024592980742455,1
-0.02163964509964,-0.096203627530485,-0.0085987225174904,1
0.11456370353699,-0.18884884566069,0.18100956827402,1
0.083827018737793,0.077202968299389,-0.046825356781483,1
-0.14692723751068,0.07527407258749,-0.044876255095005,1
-0.19397500157356,-0.017394728958607,0.10963439196348,1
0.0013664364814758,-0.1931668817997,0.021169804036617,1
-0.1060134768486,-0.19512764364481,0.15143225342035,1
0.037979006767273,-0.20515185594559,0.20944521576166,1
-0.14241343736649,0.21844007819891,0.064681209623814,1
-0.086609661579132,0.066010199487209,0.031334631145,1
0.15594679117203,-0.25499374419451,-0.010683760046959,1
0.13943064212799,0.20112966746092,-0.046744920313358,1
-0.084710657596588,0.10347216576338,0.01482642441988,1
-0.18780314922333,0.088915847241879,0.11533264070749,1
0.10014706850052,0.13920677453279,-0.031082257628441,1
0.065688908100128,0.2358842715621,0.1145653501153,1
-0.020300567150116,-0.13966627418995,-0.0041197538375854,1
-0.077000498771667,-0.19199419021606,-0.004444919526577,1
-0.13530740141869,-0.098652028711513,-0.092417508363724,1
0.15016037225723,-0.23453719168901,0.13865927606821,1
-0.10812437534332,0.087457530200481,-0.051057539880276,1
-0.13852107524872,-0.085178512148559,0.0040871575474739,1
0.1150768995285,-0.10910732205957,0.0057363286614418,1
-0.10345256328583,-0.20680668950081,0.063610479235649,1
-0.040044963359833,0.062605239450932,-0.050262339413166,1
-0.057914525270462,-0.023492604494095,0.0013986900448799,1
0.017530083656311,-0.1618667691946,-0.026316843926907,1
-0.021770000457764,-0.13795870169997,0.012994043529034,1
-0.057627111673355,0.15102364867926,-0.041117146611214,1
0.0067417025566101,-0.10871829744428,-0.048165202140808,1
0.013317584991455,-0.17723772674799,-0.082763455808163,1
-0.056777209043503,0.14685993641615,0.0072540938854218,1
-0.11025556921959,0.020054638385773,-0.016757525503635,1
-0.059186935424805,0.087859146296978,-0.038742937147617,1
-0.15097722411156,-0.096854204079136,0.13840118795633,1
-0.12662225961685,0.064445309340954,-0.075482383370399,1
0.073405563831329,0.18343629688025,0.057979047298431,1
-0.005279541015625,-0.047498095780611,-0.0013130456209183,1
-0.020413458347321,-0.092491516843438,-0.020225301384926,1
-0.23714298009872,-0.035499103367329,-0.074959963560104,1
-0.042135953903198,-0.064636159688234,-0.047088615596294,1
-0.056997776031494,0.16780441254377,0.080055005848408,1
-0.13852718472481,0.17322631925344,0.0040837153792381,1
0.080197989940643,0.076654426753521,0.011189609766006,1
0.074143350124359,0.072761707007885,0.0012655481696129,1
0.13571739196777,0.23389136046171,0.15579856187105,1
-0.20522919297218,-0.12040880322456,0.098859809339046,1
-0.068301677703857,0.11028140038252,0.0018454417586327,1
-0.039966344833374,-0.07782762311399,-0.026809215545654,1
-0.039341270923615,0.097796998918056,-0.00070726126432419,1
0.10454529523849,0.27001278847456,0.030510626733303,1
-0.080160945653915,-0.068940039724112,-0.016660146415234,1
-0.024239003658295,-0.064190417528152,-0.033964611589909,1
0.053699791431427,-0.16916227340698,-0.037846080958843,1
-0.1388875246048,-0.10548890940845,0.00041288882493973,1
-0.25574424862862,0.023375943303108,-0.025214143097401,1
-0.10861897468567,0.10223989933729,0.036701627075672,1
-0.067903190851212,-0.23211217671633,0.16974840313196,1
-0.10894179344177,0.13192559033632,0.039703719317913,1
0.14852696657181,0.16642379015684,0.073974154889584,1
-0.16319134831429,0.15487875789404,0.026431195437908,1
0.14013177156448,-0.24994494765997,0.10634020715952,1
-0.0078032612800598,0.22767024487257,-0.0057140812277794,1
0.028418958187103,0.27102538198233,0.075420446693897,1
0.038147449493408,0.074144057929516,0.0046919286251068,1
0.072378396987915,-0.23445584625006,-0.085627779364586,1
0.045110523700714,-0.2340317890048,-0.034101165831089,1
-0.024051427841187,0.26759671419859,0.021246358752251,1
0.033007323741913,-0.25177694112062,0.061031632125378,1
0.005256175994873,-0.18590175360441,0.020751103758812,1
-0.05158257484436,0.040659479796886,0.01974842697382,1
0.11173623800278,0.12274848669767,0.042896762490273,1
0.004975438117981,0.25783001631498,-0.016974784433842,1
0.084832072257996,0.21393617242575,0.13580990582705,1
-0.008952796459198,-0.14806909114122,-0.074828788638115,1
0.18555867671967,0.17551251500845,-0.044920720160007,1
-0.097454816102982,0.04233605414629,-0.034952215850353,1
-0.086738616228104,0.094992808997631,-0.040386579930782,1
-0.017386853694916,-0.072490803897381,-0.011833302676678,1
0.10749667882919,-0.082394475117326,-0.0041137114167213,1
-0.16447058320045,0.022588238120079,-0.0047610476613045,1
-0.042533993721008,0.25216989964247,0.10801703482866,1
-0.14504674077034,-0.12218551337719,0.14747575670481,1
-0.094461768865585,-0.08021198771894,0.04735205322504,1
-0.035758256912231,-0.066750392317772,0.0039274021983147,1
-0.21918103098869,-0.0043879076838493,-0.077736921608448,1
0.094436407089233,-0.17265971004963,-0.01438581943512,1
-0.035080194473267,0.070344023406506,0.010815940797329,1
-0.030490338802338,-0.14334096759558,-0.077154971659184,1
0.13285541534424,-0.24183348566294,-0.063684329390526,1
0.048814594745636,-0.16055858507752,-0.059663504362106,1
0.023637354373932,-0.19799610972404,-0.073427319526672,1
0.026235997676849,-0.13415800407529,-0.074892088770866,1
0.0082096457481384,-0.084511819295585,-0.011802539229393,1
0.025071144104004,-0.072273083031178,-0.0225919932127,1
-0.058265686035156,0.15120556205511,-0.072931587696075,1
-0.04535037279129,-0.1078944709152,-0.055839352309704,1
-0.097078859806061,0.013703905045986,-0.072875373065472,1
-0.16255283355713,0.11808263510466,0.12855555862188,1
-0.08003968000412,0.075090505182743,0.0081262812018394,1
-0.039722681045532,0.096821404993534,-0.0077842995524406,1
0.05310070514679,-0.16253178566694,-0.056885123252869,1
-0.24534302949905,0.09999493509531,-0.012985400855541,1
-0.045532047748566,-0.14741156622767,0.014178536832333,1
-0.092093467712402,-0.25823283940554,0.051855333149433,1
-0.020714700222015,-0.20076993852854,0.064971655607224,1
0.052116274833679,-0.28428810089827,0.03834529966116,1
0.13411456346512,-0.24505277723074,0.11044526845217,1
0.13368618488312,0.1461132094264,-0.032870046794415,1
-0.087850540876389,-0.0029501467943192,0.0066665038466454,1
0.042788147926331,0.12831566482782,-0.022597119212151,1
0.049314916133881,0.19562947005033,0.051759608089924,1
0.087883651256561,-0.14109882712364,-0.013649374246597,1
-0.043499231338501,0.12838501483202,-0.05537036806345,1
0.077866673469543,0.10807900875807,-0.022544540464878,1
-0.058369815349579,0.0027621611952782,0.0053085014224052,1
0.1990088224411,0.19228949397802,0.11717683821917,1
-0.13800442218781,0.011215575039387,0.02162628620863,1
0.086426377296448,-0.21712889522314,0.10516730695963,1
0.073934853076935,-0.17758647352457,0.020944982767105,1
-0.0020567774772644,0.10737829655409,-0.036000192165375,1
-0.15753766894341,-0.17323701828718,0.052640445530415,1
-0.18226599693298,-0.12412332184613,0.038518451154232,1
-0.19522574543953,-0.10299408994615,0.11507544666529,1
0.14968127012253,-0.13198022544384,0.0095783099532127,1
-0.19616216421127,0.14024642854929,-0.0097019150853157,1
0.019117414951324,0.26864283531904,0.12769541889429,1
-0.051244258880615,-0.088936338201165,0.0053833723068237,1
-0.18915730714798,0.093788288533688,0.16158705204725,1
0.058883786201477,0.16104754060507,0.026464521884918,1
-0.11868533492088,0.14513408392668,0.20966614037752,1
-0.14112281799316,0.074280239641666,-0.076346307992935,1
-0.12554758787155,0.16345804184675,0.063553251326084,1
-0.16850271821022,0.0045831501483917,0.015348024666309,1
0.0244460105896,0.17664816230536,0.0019394978880882,1
0.014818489551544,-0.23666945844889,0.174380607903,1
-0.14623188972473,0.024449057877064,-0.06078078597784,1
-0.13895562291145,0.064961485564709,0.011663727462292,1
-0.059562087059021,-0.0097554549574852,0.013632796704769,1
0.0010057091712952,0.14835236221552,-0.023892506957054,1
-0.16296181082726,0.082192830741405,0.065971307456493,1
-0.081437468528748,-0.19640920311213,0.14720637351274,1
-0.12037074565887,0.035793267190456,0.022244997322559,1
-0.12341168522835,0.21866472810507,-0.076493807137012,0
0.1107759475708,0.28250550478697,0.03384030610323,1
-0.070383369922638,-0.030318163335323,0.010939218103886,1
0.068360209465027,0.28352992981672,0.056659244000912,1
-0.018566846847534,0.15321143716574,0.033844731748104,1
-0.07281482219696,0.062591962516308,-0.058416835963726,1
-0.088961094617844,-0.016915746033192,0.02685884386301,1
-0.072173595428467,0.18995790928602,0.18740562349558,1
-0.090487331151962,0.02920875698328,0.01714601367712,1
-0.025769412517548,0.20735978335142,0.065907068550587,1
-0.1760978102684,0.12073508650064,0.14630491286516,1
-0.23805686831474,0.030815981328487,0.058253459632397,1
-0.049813807010651,-0.0011591985821724,-0.024492159485817,1
0.096311151981354,0.084045700728893,-0.015743710100651,1
0.024370670318604,0.1172859147191,0.020538955926895,1
-0.10454288125038,-0.16870050877333,-0.045542247593403,1
-0.018094122409821,-0.27336252480745,-0.024442307651043,1
-0.062449723482132,0.12434490770102,0.0091081485152245,1
0.1515217423439,0.22007732838392,0.070261396467686,1
-0.0092622041702271,0.086073897778988,-0.026471205055714,1
-0.033471047878265,-0.12159767560661,-0.0065006837248802,1
-0.06309786438942,0.25811289995909,-0.010589346289635,1
-0.1724012196064,-0.1542285233736,-0.089965529739857,1
-0.076750218868256,-0.066759716719389,-0.015111602842808,1
-0.04429817199707,0.01738865673542,-0.010428123176098,1
-0.12207952141762,0.097219593822956,-0.082982890307903,1
-0.15613955259323,-0.1034884264227,0.091861076653004,1
-0.13986325263977,0.12811266630888,0.084294728934765,1
0.037300109863281,0.26637067645788,0.093264617025852,1
0.028255820274353,-0.17628866434097,0.067579858005047,1
-0.18336373567581,0.08583041280508,0.10385755449533,1
-0.14748817682266,0.12019666284323,-0.062348566949368,1
-0.058548420667648,-0.0091271549463272,-0.051333472132683,1
-0.10240072011948,0.055835328996181,-0.011765949428082,1
0.20049571990967,0.22531186789274,0.033632442355156,1
0.060996472835541,0.092926539480686,-0.0047625079751015,1
0.089017570018768,0.09856366366148,-0.017053171992302,1
-0.11504197120667,-0.072642356157303,-0.0089236572384834,1
0.057458758354187,-0.067592356353998,-0.033775888383389,1
-0.050239831209183,-0.13895415142179,-0.015425436198711,1
-0.16273072361946,-0.17615962773561,-0.053784750401974,1
-0.11774098873138,-0.15621160715818,0.087280236184597,1
0.0053836107254028,-0.19513513892889,0.10717473179102,1
-0.17733183503151,-0.0083879455924034,0.12977517396212,1
-0.18603229522705,0.10791633278131,0.044461198151112,1
0.096505105495453,0.22970866411924,0.032062150537968,1
-0.15547463297844,0.083076037466526,-0.031688347458839,1
-0.13270774483681,-0.20792007446289,0.045100793242455,1
-0.22454822063446,0.11476313322783,0.11975165456533,1
0.063007116317749,0.15239795297384,0.036878027021885,1
-0.16235268115997,-0.17194532603025,0.1357946023345,1
-0.073898285627365,0.17924829572439,-0.0085538327693939,1
0.026792466640472,0.11668141931295,-0.029431864619255,1
-0.0081095099449158,0.21418195217848,-0.032615996897221,1
0.16692876815796,0.18945192545652,0.16126666218042,1
-0.092553049325943,-0.13127676397562,0.046694301068783,1
0.034106612205505,0.063283450901508,-0.005331814289093,1
-0.032783567905426,-0.1052945042029,-0.033631153404713,1
0.10629612207413,0.25698711723089,0.025742195546627,1
-0.058755069971085,-0.27189392596483,-0.0041871294379234,1
0.035369396209717,-0.089840072207153,-0.0024775192141533,1
-0.13474452495575,-0.02629903703928,-0.054648220539093,1
0.080494701862335,0.21234934777021,-0.075887612998486,1
0.057418286800385,-0.19425175338984,-0.047357812523842,1
0.010243058204651,-0.12774282321334,0.03006599098444,1
0.12731146812439,-0.15102513879538,-0.055926628410816,1
0.084765255451202,-0.12144724652171,0.01653877645731,1
0.15193510055542,0.16122078150511,0.0016259625554085,1
-0.072579920291901,0.21850164979696,-0.024875819683075,0
-0.054792106151581,0.017953649163246,-0.031440436840057,1
0.13511365652084,-0.17520756274462,0.125976331532,1
0.040741741657257,-0.096023097634315,-0.022733815014362,1
0.094399452209473,0.22729977220297,0.18196509033442,1
0.10275137424469,0.10111438483,-0.027314394712448,1
-0.045301258563995,-0.0040722265839577,-0.00095295161008835,1
0.037672936916351,-0.088276929222047,-0.025106504559517,1
-0.18560388684273,-0.066146451979876,0.075517229735851,1
0.22942328453064,-0.21341777592897,0.022650994360447,1
0.011160910129547,0.20892455428839,0.18116097897291,1
-0.067369490861893,0.23784440010786,0.10386041551828,1
0.012819468975067,0.098534904420376,-0.064932502806187,1
0.079827129840851,-0.11185244657099,0.011124089360237,1
-0.064494490623474,-0.11404513753951,-0.06539174169302,1
-0.071959853172302,0.20414759963751,0.12689543515444,1
-0.056969285011292,0.097152195870876,0.0012540593743324,1
-0.092927426099777,-0.24641159921885,0.020249709486961,1
-0.17525205016136,0.044870607554913,-0.068976104259491,1
-0.15190029144287,0.020851410925388,0.0018677785992622,1
0.06835001707077,0.13068657368422,0.036466017365456,1
-0.026028513908386,0.2389816865325,-0.091248758137226,1
-0.082536518573761,-0.0066918507218361,-0.022758103907108,1
-0.12683138251305,-0.13222159072757,0.047920115292072,1
-0.10318118333817,-0.23950914293528,0.028666138648987,1
0.074114739894867,0.17327608913183,0.047633171081543,1
-0.050483673810959,-0.091883194632828,-0.035558342933655,1
0.073363721370697,0.062925092875957,0.010890930891037,1
-0.077553927898407,-0.043203253298998,-0.030981004238129,1
-0.21792009472847,-0.050129488110542,-0.030844777822495,1
0.018271565437317,0.18316509574652,-0.03468231856823,1
0.05072945356369,-0.12860767543316,-0.067001454532146,1
-0.042047560214996,-0.04209116101265,-0.027437403798103,1
-0.064961493015289,-0.2249945178628,-0.021158568561077,1
-0.16023343801498,-0.10178968694527,0.070052273571491,1
-0.037600874900818,0.03065101057291,-0.02824454754591,1
-0.14730209112167,0.19761278480291,-0.043572567403316,0
-0.056109130382538,-0.24032030254602,-0.033673547208309,1
-0.13591209053993,0.092822201550007,-0.058918841183186,1
-0.25932252407074,0.038180790841579,-0.017245270311832,1
-0.088878601789474,-0.013008184731007,0.010810367763042,1
-0.14463904500008,-0.049490120261908,0.047053493559361,1
-0.15205365419388,0.11269351094961,0.11249364167452,1
0.11372447013855,0.16816108673811,-0.042217694222927,1
0.038225948810577,-0.072373514994979,0.0084995403885841,1
-0.014655351638794,-0.087563168257475,-0.0043764784932137,1
-0.095103412866592,-0.041564851999283,-0.010308064520359,1
0.043679118156433,0.23222767561674,0.048584535717964,1
0.046891808509827,0.10561697930098,-0.049293592572212,1
-0.11957496404648,0.05591606348753,-0.03388325124979,1
-0.017414510250092,0.26527681201696,-0.022644482553005,1
-0.14760240912437,-0.1530949473381,-0.07160534709692,1
0.015600502490997,-0.19855626672506,0.09693805128336,1
-0.083217203617096,-0.25217766314745,-0.017509788274765,1
-0.062860995531082,-0.05316061899066,-0.0010582879185677,1
-0.22997903823853,0.0075477808713913,0.14640175551176,1
-0.17987278103828,0.08972442895174,-0.060258813202381,1
0.061137437820435,-0.13258518278599,-0.063957341015339,1
-0.014393508434296,-0.092545370105654,-0.025376245379448,1
-0.2344998717308,-0.0072726383805275,-0.0028643533587456,1
-0.16904705762863,0.039181165397167,-0.098112564533949,1
-0.2369718849659,0.076464749872684,-0.063557006418705,1
-0.011659443378448,-0.16504526883364,-0.033265627920628,1
-0.094111055135727,-0.068389926105738,-0.0023661926388741,1
-0.052238345146179,-0.021504707634449,-0.039384484291077,1
-0.0035955309867859,0.10149034112692,0.024634264409542,1
-0.14624062180519,0.069997452199459,-0.089482001960278,1
0.083659887313843,0.12493952363729,0.0023179948329926,1
-0.10463061928749,-0.068984255194664,0.0046516284346581,1
-0.018629908561707,-0.1256181076169,-0.026418372988701,1
0.024001657962799,0.088012300431728,-0.037618182599545,1
-0.055155396461487,0.11673105508089,0.01618254929781,1
-0.16171383857727,0.17951648682356,-0.028587929904461,1
-0.092531114816666,0.078128956258297,-0.025828801095486,1
0.069740414619446,0.12179579585791,0.033395335078239,1
-0.10413777828217,-0.033946380019188,0.032037623226643,1
0.0001940131187439,-0.091339377686381,-0.0025006160140038,1
0.0098385214805603,-0.10253474512137,-0.056214787065983,1
-0.17744117975235,-0.18489234894514,-0.0085463896393776,1
-0.055939435958862,0.22571261972189,0.013457529246807,1
-0.10606914758682,0.056475661695004,-0.079821519553661,1
0.17285001277924,0.2328938767314,0.0417155995965,1
-0.19710797071457,0.069683946669102,-0.06347544491291,1
-0.24061846733093,-0.050776481628418,0.071779496967793,1
0.078840613365173,0.22247337549925,0.045864723622799,1
-0.017388164997101,-0.13156067207456,-0.068118818104267,1
-0.099848002195358,0.16509767621756,0.017091818153858,1
-0.16314056515694,-0.21883534640074,0.0030827149748802,1
0.055696547031403,0.088794447481632,0.022918395698071,1
0.13666278123856,0.23449423164129,-0.034781910479069,1
0.073239088058472,0.055410794913769,-0.0033708587288857,1
-0.21054396033287,-0.04596671462059,0.17202065140009,1
0.02980774641037,-0.20446248352528,0.21725938469172,1
-0.019374668598175,-0.17076364904642,-0.014963753521442,1
-0.11615735292435,0.14221646636724,0.049376524984837,1
0.084783017635345,-0.15734119713306,-0.086097724735737,1
0.097102880477905,-0.20646572113037,0.2010170891881,1
0.096552550792694,0.10819975286722,-0.026596426963806,1
0.045139133930206,0.28047659248114,-0.0060070157051086,1
-0.057911574840546,-0.033505603671074,-0.028582073748112,1
0.093402922153473,-0.13460728153586,-0.0071609392762184,1
0.12064009904861,0.12033600360155,-0.012765131890774,1
0.033909678459167,-0.19642749428749,0.10586265474558,1
0.20529413223267,0.21925800293684,-0.0048895478248596,1
0.012724041938782,0.13530647009611,-0.038421601057053,1
0.10541290044785,-0.24184419959784,0.1543215289712,1
0.19028061628342,-0.16997819393873,0.088360108435154,1
-0.16753345727921,0.0015338212251663,0.042891822755337,1
0.10938900709152,0.24282654374838,-0.011095657944679,1
0.062020361423492,0.05070623010397,-0.00038199871778488,1
0.0010136961936951,-0.2125896140933,-0.020555272698402,1
0.091593027114868,0.19974460452795,0.022074319422245,1
-0.083345711231232,0.09241060167551,-0.0048689916729927,1
0.12623071670532,0.16368886083364,0.0092913284897804,1
-0.10945820808411,0.067276827991009,-0.084792450070381,1
-0.033224880695343,0.0372019931674,-0.02342564612627,1
-0.12885764241219,-0.035573787987232,-0.021162800490856,1
0.044810235500336,0.24167712777853,0.13101238757372,1
-0.10504135489464,-0.029649369418621,-0.018504910171032,1
-0.019777834415436,-0.1604253128171,0.065198861062527,1
0.030937731266022,-0.2403160110116,0.17269361764193,1
-0.10338139533997,-0.15788860991597,-0.018998265266418,1
0.041097104549408,-0.28960218280554,0.012378722429276,1
-0.017989039421082,0.056580893695354,-0.02399954944849,1
0.11167418956757,0.12543656677008,0.014999479055405,1
-0.1594951748848,0.10067995637655,-0.048974968492985,1
0.0067653059959412,-0.22046683728695,0.034072421491146,1
-0.14062413573265,-0.12178735621274,0.11193484812975,1
-0.072730213403702,-0.21168499439955,0.16697324067354,1
0.07731431722641,-0.10295655881055,-0.0028759390115738,1
-0.24861067533493,0.0057024583220482,-0.010782174766064,1
-0.060218065977097,-0.0029405802488327,0.017009817063808,1
0.023295640945435,-0.10269323713146,-0.025607287883759,1
-0.030838668346405,-0.22130864113569,0.18792853504419,1
-0.16755497455597,0.14090327173471,0.09207796305418,1
0.072629272937775,-0.15451373159885,0.038706950843334,1
0.093085169792175,0.20229359716177,0.002177856862545,1
-0.19755998253822,0.064160339534283,-0.088513575494289,1
-0.048797190189362,0.024554707109928,0.010380811989307,1
-0.14109483361244,-0.10137616563588,0.093030653893948,1
0.046938359737396,0.12919773906469,-0.064013913273811,1
0.10150372982025,0.11965139955282,-0.010214574635029,1
0.0014241933822632,-0.24057307094336,0.11183766275644,1
-0.15438461303711,0.11490315943956,0.18893537670374,1
-0.098428517580032,-0.21293973177671,-0.0092774406075478,1
0.15701532363892,0.16989149898291,0.19936016947031,1
0.013817489147186,0.26421370357275,0.14761752635241,1
-0.037266910076141,-0.16745016723871,0.01983530819416,1
0.075408220291138,-0.26339264959097,-0.01274748891592,1
-0.079549223184586,0.033731304109097,-0.064037941396236,1
0.10786998271942,-0.23169443756342,0.059337176382542,1
-0.1281076669693,-0.15207222476602,-0.0089918747544289,1
0.015290975570679,0.19937729090452,0.0037805885076523,1
0.13949602842331,-0.25819956511259,0.1008218601346,1
-0.054629981517792,-0.021729834377766,0.0050911828875542,1
0.11199146509171,-0.13399652764201,0.023664586246014,1
0.1585665345192,-0.13335969299078,-0.08658704906702,1
-0.0039047598838806,0.10005859285593,-0.013400375843048,1
-0.091327875852585,0.16736038774252,0.17747730761766,1
0.16162884235382,0.16336291283369,0.10326062887907,1
0.00012081861495972,-0.086653922684491,0.01404394954443,1
-0.041934251785278,-0.035009577870369,0.0079405233263969,1
-0.012518882751465,0.26380782574415,0.0094862878322601,1
0.17080610990524,-0.25486946851015,-0.0046805068850517,1
-0.1849427819252,-0.039771065115929,0.10368267446756,1
-0.026791393756866,0.10873728245497,-0.0053910315036774,1
-0.090347498655319,0.085547246038914,-0.013810865581036,1
0.0207759141922,0.23494040220976,-0.082662649452686,1
0.098919808864594,-0.21499743312597,0.028793327510357,1
-0.00037211179733276,0.16891255229712,0.038143463432789,1
-0.11122941970825,0.029997684061527,-0.064924798905849,1
-0.0084048509597778,-0.28382765501738,0.053740814328194,1
-0.15845185518265,0.0023282691836357,0.024288423359394,1
-0.14016965031624,0.19233044236898,0.15346244722605,1
0.06113213300705,0.20395531505346,0.1534850075841,1
0.015726268291473,-0.14565967023373,-0.052331618964672,1
0.15846794843674,0.25082107633352,-0.029910646378994,1
-0.047258019447327,0.086535818874836,-0.033072791993618,1
-0.075663715600967,-0.072322567924857,0.031862862408161,1
0.0036311745643616,-0.1184709277004,-0.00081989914178848,1
-0.066358387470245,-0.0065041929483414,0.022095434367657,1
-0.18164503574371,0.079295076429844,-0.010494373738766,1
0.074820756912231,0.096567161381245,-0.05628015100956,1
-0.20630583167076,-0.089605793356895,0.095264069736004,1
0.02883243560791,0.10716623812914,0.011321604251862,1
-0.10100296139717,-0.034667536616325,0.0030014738440514,1
-0.12381386756897,-0.14125641062856,0.20252162963152,1
-0.20343381166458,-0.10665966477245,0.09523593634367,1
0.10471725463867,0.11427224427462,0.015870325267315,1
-0.0077230930328369,0.087210424244404,-0.0039598196744919,1
-0.10272067785263,0.088465683162212,-0.033051647245884,1
-0.21409800648689,-0.14817080274224,-0.037698224186897,1
0.030111193656921,0.063186965882778,-0.012259028851986,1
-0.14298444986343,0.11789026111364,0.11808360368013,1
0.12908667325974,-0.18500067293644,0.11720211058855,1
-0.079304873943329,-0.1521963737905,0.092696286737919,1
0.05237352848053,0.089830853044987,-0.045667096972466,1
-0.0072494745254517,0.20886840671301,0.05742534250021,1
-0.14166441559792,-0.087817963212729,-0.031558856368065,1
-0.018959105014801,0.24253647774458,0.022598750889301,1
-0.086640000343323,0.094687916338444,-0.023211278021336,1
0.053960978984833,0.092779718339443,-0.0051384195685387,1
-0.048803389072418,0.10587526112795,-0.079117991030216,1
0.059480607509613,-0.066800616681576,-0.011745043098927,1
-0.018864095211029,-0.15489216893911,-0.004516214132309,1
-0.17211899161339,-0.20405792444944,0.010065041482449,1
0.053336024284363,0.069799356162548,-0.0087277293205261,1
0.078035473823547,-0.086916983127594,-0.040870018303394,1
0.1239110827446,0.24733521789312,0.0059119537472725,1
-0.097307682037354,-0.15102728828788,0.085106782615185,1
-0.10787039995193,0.091292224824429,-0.017643488943577,1
-0.031437337398529,-0.14688137918711,0.046453721821308,1
-0.057597428560257,-0.25156765431166,0.034460686147213,1
0.085422694683075,0.18175678700209,0.038129918277264,1
-0.042491912841797,0.10278934985399,0.033932112157345,1
-0.13719379901886,-0.019375018775463,-0.084375936537981,1
-0.015578806400299,0.050116904079914,-0.016551367938519,1
-0.064434289932251,-0.21876272559166,0.11111948639154,1
-0.19938802719116,0.083441711962223,0.070614390075207,1
0.094059348106384,-0.12192725017667,-0.073948323726654,1
0.075905025005341,0.1641419455409,0.024896822869778,1
-0.035866439342499,0.092770956456661,-0.019171394407749,1
-0.090593129396439,-0.0076839029788971,-0.011781625449657,1
-0.073172062635422,0.084784187376499,-0.081577785313129,1
0.018872737884521,0.21194045990705,-0.099971365183592,1
0.1567291021347,0.18294604867697,0.12496026605368,1
-0.13069894909859,-0.03592586517334,-0.012561820447445,1
-0.16997265815735,0.044395454227924,-0.018840752542019,1
0.0082404017448425,0.10820593684912,-0.0044156387448311,1
-0.2370600104332,0.02432469278574,0.036653451621532,1
-0.052438348531723,0.049989469349384,-0.016856200993061,1
-0.057472348213196,-0.0036384388804436,-0.044340886175632,1
0.096118807792664,-0.076540308073163,-0.026554651558399,1
0.0056331753730774,-0.20120809972286,0.042382098734379,1
-0.18171536922455,0.0053813010454178,0.11163064092398,1
0.049032390117645,-0.12371379882097,-0.067305959761143,1
-0.072575837373734,0.22104402631521,0.069241046905518,1
-0.076092571020126,-0.062123231589794,-0.0023739412426949,1
-0.035645127296448,0.20874928683043,0.11344707757235,1
0.048927545547485,0.14010038226843,-0.046961888670921,1
0.088106334209442,-0.23476190119982,-0.015104621648788,1
-0.20274701714516,-0.058104287832975,0.17367009073496,1
0.14533907175064,0.1506244763732,-0.057509563863277,1
0.11306607723236,0.2080262824893,0.018740184605122,1
0.090949594974518,-0.17996830493212,-0.040524750947952,1
-0.065445780754089,-0.074356554076076,0.020190142095089,1
-0.030663192272186,-0.09605687437579,0.028870038688183,1
-0.1496502161026,0.035233877599239,-0.033993400633335,1
-0.086947441101074,-0.11992629244924,0.024066232144833,1
-0.20016771554947,-0.042505357414484,0.050160132348537,1
-0.068344950675964,-0.26393719762564,-0.032701469957829,1
-0.075441300868988,0.23884212225676,0.13485030084848,1
-0.060472369194031,-0.11189755424857,0.028649277985096,1
0.040495634078979,0.18194349855185,0.031074605882168,1
-0.058672934770584,0.070027969777584,0.021039135754108,1
-0.15802866220474,0.025035627186298,0.078721053898335,1
0.031526505947113,0.072460703551769,0.0069093108177185,1
-0.20942974090576,0.12196699529886,0.034019149839878,1
-0.12830817699432,0.079088486731052,0.065782137215137,1
0.075245141983032,0.14727026969194,0.053859807550907,1
-0.064113140106201,-0.15319793298841,0.034244745969772,1
-0.02736622095108,0.071645803749561,-0.033696480095387,1
0.12540954351425,0.19555019587278,0.062673091888428,1
0.021034121513367,-0.11913073249161,-0.07393579185009,1
0.080219089984894,-0.13071116991341,0.010942853987217,1
0.0080758333206177,-0.077648263424635,0.0077574849128723,1
-0.047971785068512,-0.14065607637167,-0.0071324408054352,1
-0.069601535797119,0.16731085628271,0.087857969105244,1
-0.077271074056625,0.19094564765692,0.032498627901077,1
0.040772676467896,-0.2264139726758,0.1518519744277,1
-0.074525743722916,-0.20952773839235,0.11157809942961,1
-0.063032358884811,0.082404427230358,0.015911437571049,1
-0.21355873346329,0.042552404105663,0.020856253802776,1
0.095219552516937,-0.27809701114893,0.036630503833294,1
0.12817186117172,-0.18498528748751,-0.052018351852894,1
-0.23465147614479,-0.011921018362045,0.095314882695675,1
-0.0060960650444031,-0.16808965057135,0.060917593538761,1
-0.079038083553314,-0.081735836341977,-0.07626099139452,1
0.18042582273483,-0.17752614617348,0.0029040947556496,1
0.10836511850357,-0.27007991820574,-0.02018915116787,1
-0.16095507144928,-0.19747415184975,-0.028003506362438,1
-0.033456265926361,-0.00069010257720947,-0.0093386694788933,1
-0.021751523017883,0.15398284047842,0.0047769173979759,1
-0.045106112957001,0.21264406293631,0.19780275970697,1
0.12846612930298,0.11680098623037,0.010458312928677,1
-0.18080925941467,-0.075967589393258,0.20081121474504,1
0.073434293270111,-0.17920047789812,0.063850328326225,1
-0.11328706145287,-0.081575026735663,-0.0062646493315697,1
-0.042950451374054,-0.076228696852922,-0.020839370787144,1
-0.02161717414856,0.18020372837782,0.071534983813763,1
0.0034962296485901,-0.07547183893621,-0.027592077851295,1
0.10644692182541,0.11597683280706,-0.082424134016037,1
-0.032157242298126,0.2197675332427,-0.086964875459671,1
-0.066880166530609,0.043160893023014,-0.057098537683487,1
0.059845268726349,-0.10143008548766,0.019026346504688,1
0.19548636674881,-0.17369227856398,0.010906957089901,1
-0.23346120119095,0.10096938163042,0.091364182531834,1
0.094754219055176,0.17316775768995,-0.086897142231464,1
0.065692245960236,0.07960020750761,-0.022770375013351,1
0.058977246284485,0.13305255025625,-0.0868259370327,1
-0.14246296882629,0.13129407912493,-0.031752623617649,1
0.020503878593445,-0.057360876351595,0.003714494407177,1
0.04467236995697,0.092370487749577,0.012328810989857,1
0.0034242868423462,0.11029475182295,0.018029384315014,1
-0.039059042930603,0.14428690820932,-0.00043697655200958,1
0.058956801891327,0.11257819086313,-0.05495585501194,1
-0.17128965258598,0.20974250882864,0.030431784689426,1
-0.071287155151367,-0.18642555177212,0.14836228638887,1
0.056315124034882,-0.091037411242723,-0.048033110797405,1
-0.14497852325439,0.19786351174116,0.058484993875027,1
0.030610382556915,-0.13051143474877,0.032620534300804,1
0.055304825305939,-0.15948620811105,0.039534084498882,1
-0.012314796447754,0.050565339624882,-0.00087247043848038,1
-0.25440528988838,-0.08331162109971,0.0030562207102776,1
-0.11665925383568,-0.14050327986479,0.11999719589949,1
-0.14490324258804,0.0088179111480713,-0.032511301338673,1
-0.079645991325378,0.083016432821751,-0.046970687806606,1
0.060931980609894,0.178047709167,0.07476582378149,1
0.076798617839813,0.12790208309889,0.0059012174606323,1
0.030079305171967,-0.26933657377958,0.094730474054813,1
-0.099950850009918,0.041871212422848,-0.016698442399502,1
0.099825501441956,-0.21126943081617,0.016857303678989,1
-0.072149068117142,-0.06563775241375,-0.011008150875568,1
-0.049394428730011,0.15884044021368,-0.096261888742447,1
-0.25574976205826,-0.049436204135418,0.0041432753205299,1
-0.13505437970161,0.032189317047596,-0.046072743833065,1
0.1988987326622,-0.2193037122488,-0.031216137111187,1
-0.12430408596992,0.15036644786596,-0.0013147071003914,1
-0.08182755112648,-0.061869911849499,-0.075885497033596,1
0.17352622747421,-0.19164433330297,0.16734253615141,1
-0.066588431596756,0.12981320172548,0.03581390529871,1
-0.068730026483536,-0.17114727944136,0.022126168012619,1
-0.15718978643417,0.1085736528039,0.096242733299732,1
-0.1881363093853,0.057141505181789,0.079747341573238,1
-0.10732352733612,-0.13211616501212,-0.027497671544552,1
0.076685667037964,0.098317913711071,-0.049960739910603,1
0.08682906627655,0.083233319222927,-0.0089352279901505,1
-0.10245603322983,0.23306380957365,-0.0037154108285904,1
-0.091710656881332,0.1846871599555,-0.087580613791943,0
-0.085091054439545,-0.078119866549969,-0.03322396427393,1
-0.11633458733559,-0.2071413397789,-0.066563472151756,1
0.052606880664825,-0.17157097905874,-0.0028598234057426,1
-0.14888441562653,0.21035482734442,-0.025154374539852,1
-0.11157691478729,-0.15689205378294,-0.064269937574863,1
-0.12916335463524,0.080233730375767,0.0058043971657753,1
0.15412271022797,0.19394632428885,-0.030582457780838,1
-0.17399781942368,-0.027958139777184,0.086704380810261,1
0.072849452495575,0.21328517049551,-0.08985373005271,1
0.057931542396545,0.069078795611858,-0.025876961648464,1
-0.050269901752472,-0.029765956103802,-0.0109608694911,1
0.18694651126862,-0.16317025572062,0.19248705357313,1
-0.0024345517158508,-0.12683807685971,-0.041095592081547,1
-0.18910267949104,-0.0092382803559303,-0.041324891149998,1
-0.03051882982254,0.24028461426497,0.1386691108346,1
-0.17821955680847,-0.18251663446426,-0.042341910302639,1
-0.13330781459808,0.078371487557888,0.051188819110394,1
0.11200207471848,0.16935329884291,-0.033334650099277,1
0.054608464241028,0.20481833070517,0.011453218758106,1
-0.1298092007637,0.17441629618406,-0.080575220286846,0
0.051426351070404,-0.24768020957708,0.11467803269625,1
-0.029104948043823,-0.010311208665371,-0.0022573247551918,1
0.12548637390137,0.22736268490553,0.1194299980998,1
0.060869872570038,0.21612482517958,0.10244468599558,1
-0.05545499920845,-0.25603542476892,0.040325880050659,1
-0.18901666998863,0.018604822456837,0.010266624391079,1
-0.10462146997452,0.077937625348568,-0.017266996204853,1
-0.16454955935478,-0.033923760056496,-0.036426804959774,1
-0.0060997009277344,-0.24208500236273,0.063661344349384,1
0.096102237701416,0.16185649484396,0.064170576632023,1
0.14290708303452,0.2092866525054,0.0589519739151,1
-0.085019588470459,-0.031414784491062,-0.070331372320652,1
-0.21104598045349,0.091197721660137,0.14036356657743,1
-0.085868060588837,0.16883447021246,-0.0082246884703636,1
-0.13714563846588,-0.072168748825788,-0.011222057044506,1
0.0020072460174561,0.23955585807562,0.11821583658457,1
0.072695434093475,-0.117103215307,-0.0057944729924202,1
-0.06948921084404,-0.11653322540224,-0.039339497685432,1
-0.022569954395294,-0.14736577495933,-0.024886921048164,1
-0.13913524150848,0.10151451081038,0.063955582678318,1
-0.070659339427948,0.14582505077124,0.041842572391033,1
-0.080281347036362,-0.030418135225773,-0.042448759078979,1
0.10221379995346,0.097131811082363,0.016447849571705,1
-0.018170177936554,-0.15838635340333,-0.052301436662674,1
-0.035652995109558,0.20070322602987,-0.040845774114132,1
0.054749667644501,0.2341036722064,0.15648261457682,1
-0.0099508166313171,-0.081289378926158,-0.029629603028297,1
-0.15555533766747,-0.1096682138741,-0.065835371613503,1
0.10840821266174,-0.1226689890027,-0.04777368158102,1
-0.19213274121284,-0.072473021224141,-0.058260254561901,1
-0.013200879096985,-0.22044885158539,0.1701207831502,1
-0.077353805303574,-0.070143401622772,-0.047239191830158,1
0.11384630203247,0.15841271728277,0.051100082695484,1
0.13042712211609,0.18675860017538,0.17524146288633,1
0.085275113582611,-0.1944946795702,-0.084347680211067,1
0.080613136291504,-0.27443570643663,-0.044761143624783,1
-0.099337935447693,0.038261510431767,0.020576156675816,1
0.084717452526093,-0.077482899650931,-0.063610561192036,1
-0.2569565474987,-0.041812747716904,0.03961094468832,1
0.10969227552414,-0.097068710019812,0.0059117749333382,1
0.07037228345871,-0.20772810280323,0.057895489037037,1
0.051378428936005,0.1971827968955,0.032675139605999,1
0.064053952693939,-0.1609738394618,0.03815720975399,1
-0.13157317042351,-0.10709707345814,-0.051438637077808,1
-0.1323704123497,-0.059579491615295,-0.094140842556953,1
-0.017382681369781,-0.24039477854967,-0.08043472468853,1
0.17743963003159,0.22706832736731,0.06434154510498,1
-0.13959237933159,0.0012452676892281,-0.094607405364513,1
-0.066036075353622,0.21794425696135,0.17931211739779,1
0.1811335682869,-0.20257814973593,0.15862762182951,1
-0.0356165766716,-0.087367983534932,-0.030219666659832,1
-0.16905856132507,-0.02068143337965,0.085932694375515,1
0.094205439090729,-0.12905426137149,0.048215679824352,1
0.093105494976044,0.07906749099493,-0.026535719633102,1
-0.063791275024414,0.012617893517017,-0.02898845821619,1
-0.247932523489,-0.10051380627556,-0.012685291469097,1
-0.12104758620262,-0.035068906843662,-0.042928069829941,1
0.075566709041595,0.071720294654369,0.002060279250145,1
0.10632556676865,-0.10968253295869,0.03532188385725,1
0.064561128616333,0.18911334127188,0.10772029310465,1
0.085908174514771,0.073340587317944,-0.0056343451142311,1
-0.051163047552109,-0.15363269671798,-0.014821693301201,1
-0.11563655734062,0.17190178483725,-0.027251593768597,1
-0.042600989341736,0.22392379492521,-0.01400363445282,1
-0.02151620388031,-0.25817830115557,-0.059656232595444,1
0.0064163208007812,0.25400611013174,0.015013165771961,1
0.030366241931915,-0.12331946194172,0.023554533720016,1
-0.14635467529297,-0.17318335175514,0.04217704385519,1
0.040296137332916,-0.093383137136698,-0.022727429866791,1
0.14666777849197,-0.16485238075256,0.013413168489933,1
0.053178548812866,0.070490054786205,0.0045497715473175,1
0.057908833026886,0.087852247059345,-0.060275882482529,1
-0.092311084270477,0.11145659536123,0.041759304702282,1
0.16941159963608,0.20643516629934,0.10523540526628,1
-0.091395378112793,0.18982007354498,-0.061658345162868,0
-0.12288197875023,-0.01004284620285,-0.020069621503353,1
0.063208401203156,0.14960501343012,0.051338829100132,1
0.03475022315979,0.10671430081129,-0.019123859703541,1
0.1282165646553,-0.11679791659117,-0.031491570174694,1
-0.05710905790329,0.13676469773054,0.021388195455074,1
-0.2653015255928,-0.029878504574299,0.018203817307949,1
0.076821625232697,-0.21057823300362,0.1335116699338,1
0.065101802349091,-0.083432588726282,0.021784022450447,1
0.14702814817429,-0.15255402028561,-0.069528557360172,1
-0.061340838670731,0.11756104975939,-0.07596193999052,1
-0.11803299188614,0.091469787061214,-0.061102516949177,1
-0.19332408905029,0.01477175951004,0.15267946571112,1
0.011540591716766,-0.18839321285486,0.056707426905632,1
-0.057514607906342,0.060325287282467,-0.028299354016781,1
0.11728465557098,0.11131968349218,0.0032374337315559,1
-0.17696091532707,-0.079416237771511,-0.022536970674992,1
0.14483290910721,0.20104282349348,0.0019024536013603,1
-0.092922061681747,-0.25044437497854,0.011398546397686,1
-0.1423162817955,-0.051865983754396,-0.040574319660664,1
-0.06923434138298,0.19143008440733,-0.086017921566963,0
0.021923184394836,-0.22489540278912,0.081504262983799,1
-0.08074352145195,-0.19506890326738,0.13459724932909,1
-0.041564702987671,-0.043248929083347,-0.023702494800091,1
0.12447100877762,0.17564206570387,-0.011829487979412,1
-0.10091519355774,0.12187566608191,-0.076521702110767,1
-0.13575464487076,0.0055966898798943,0.059158019721508,1
0.093790829181671,0.085982374846935,-0.063958711922169,1
0.020718157291412,-0.099147984350566,0.0012488290667534,1
-0.054408639669418,0.15807255357504,-0.080462232232094,1
-0.04646223783493,0.020907439291477,-0.0037765130400658,1
0.096811473369598,0.11408377438784,-0.04798648506403,1
-0.015750706195831,0.10075771063566,0.019626222550869,1
-0.08064278960228,-0.19555275887251,0.10188115388155,1
-0.186513453722,0.03211697191,0.030073098838329,1
-0.098671704530716,0.083183832466602,-0.010079763829708,1
-0.076145529747009,-0.13021276891232,0.043052703142166,1
0.042702376842499,-0.26771827787161,0.091729588806629,1
0.1969843506813,-0.23566874116659,0.057711206376553,1
-0.11216875910759,0.060088999569416,0.039042271673679,1
-0.22595205903053,-0.054574228823185,-0.031171143054962,1
-0.10316812992096,0.16677054017782,0.086270473897457,1
0.10582858324051,0.1668184325099,0.0023101195693016,1
-0.050833493471146,0.18723805993795,0.099000684916973,1
0.036351978778839,-0.15935432910919,-0.084109541028738,1
-0.14906495809555,0.14747785776854,0.15151687711477,1
-0.17632269859314,0.1646539196372,0.11329627782106,1
-0.017047941684723,0.2706805691123,0.082391120493412,1
-0.082850933074951,0.012286387383938,0.0099373087286949,1
-0.090657085180283,-0.042291156947613,-0.047491773962975,1
0.094726741313934,-0.12224934063852,-0.010810919106007,1
-0.037930309772491,0.06066507846117,-0.02521038800478,1
-0.10894578695297,-0.043210506439209,0.043313734233379,1
-0.0097986459732056,-0.2171778678894,-0.087641805410385,1
0.037959456443787,0.24767141789198,-0.069268494844437,1
0.013950109481812,0.13659650832415,-0.00031410902738571,1
-0.15189039707184,-0.048594009131193,-0.075105763971806,1
-0.21451652050018,-0.14671772345901,-0.030436091125011,1
-0.035454571247101,0.27142401784658,0.0020813271403313,1
-0.10220521688461,0.026893623173237,-0.038840606808662,1
0.027649939060211,0.14773156493902,0.042384810745716,1
-0.18683385848999,0.028365276753902,0.051073126494884,1
-0.023051083087921,-0.074693396687508,0.019286945462227,1
-0.013430416584015,-0.11954982206225,-0.018180407583714,1
0.050783276557922,-0.099194466951303,-0.0015860199928284,1
0.055271923542023,-0.078155156224966,-0.042253971099854,1
0.00083214044570923,0.099323324859142,-0.056273281574249,1
0.075318396091461,-0.19675976037979,0.089547909796238,1
-0.22494673728943,0.011723950505257,-0.065180078148842,1
-0.14874902367592,0.017588511109352,0.027374036610126,1
-0.17287239432335,-0.10856107715517,-0.088031135499477,1
-0.0011328458786011,0.20378573983908,0.1399929895997,1
-0.10408911108971,0.054237939417362,-0.081108227372169,1
-0.17981907725334,-0.096532731782645,-0.04117988795042,1
-0.1732112467289,0.15708025544882,0.11190914362669,1
0.13372504711151,-0.13382218405604,-0.045544512569904,1
-0.10925567150116,-0.17187874019146,0.13894798606634,1
-0.056413054466248,0.17369880527258,0.065405085682869,1
0.039737045764923,-0.10496246721596,-0.025059498846531,1
-0.042602896690369,-0.117964733392,-0.08692828565836,1
-0.19459122419357,-0.08646794129163,0.031060941517353,1
0.13108414411545,0.15143092721701,0.0096416100859642,1
-0.097404420375824,0.065300099551678,-0.053040213882923,1
-0.083085268735886,-0.059250272810459,-0.082601048052311,1
0.16212773323059,0.22437011450529,0.13666454702616,1
-0.18544667959213,0.12920469790697,0.10310826450586,1
0.009965717792511,0.083154805004597,-0.04480392485857,1
-0.01100879907608,-0.21209038048983,0.074237681925297,1
0.15037137269974,-0.12593879550695,0.076826266944408,1
-0.039989233016968,-0.20767098665237,-0.036103643476963,1
-0.029266059398651,-0.10260228859261,-0.0028043016791344,1
-0.25494766235352,0.036484368145466,-0.021453395485878,1
-0.17184901237488,-0.010809279978275,-0.047729842364788,1
0.035877525806427,0.21925031393766,0.06625472009182,1
-0.085230827331543,-0.14226284995675,0.031003922224045,1
0.14400386810303,-0.17783214896917,0.19027853757143,1
0.20874202251434,0.19536247104406,0.054438062012196,1
0.096185564994812,0.15643676370382,-0.093270801007748,1
-0.007568359375,-0.16085247322917,-0.056321278214455,1
-0.1367478966713,-0.17600932717323,0.1496292874217,1
0.10056585073471,-0.12963505648077,-0.053948953747749,1
0.064683139324188,-0.047458790242672,-0.008414588868618,1
-0.21749991178513,0.0786217674613,-0.067472070455551,1
-0.14718401432037,0.058110572397709,-0.083850599825382,1
-0.011358499526978,0.077958755195141,-0.03197855502367,1
-0.043753921985626,0.16652422398329,-0.061939559876919,1
-0.018072605133057,0.060501523315907,-0.035012103617191,1
0.13390326499939,-0.19812770932913,0.088197655975819,1
0.167425096035,-0.14950451254845,-0.012216813862324,1
0.14866667985916,-0.13504554331303,0.016598485410213,1
0.029975652694702,-0.14337744191289,0.041229851543903,1
-0.049226641654968,0.0093449503183365,-0.004612036049366,1
-0.17248713970184,-0.065183229744434,0.16422196477652,1
0.091804683208466,0.20673009008169,-0.0061982050538063,1
-0.075986713171005,-0.095989118330181,-0.02500257641077,1
-0.09877148270607,-0.08154839463532,0.013505525887012,1
0.061269462108612,0.20473401993513,-0.050884999334812,1
0.069401681423187,-0.16187179833651,0.0019781216979027,1
0.046875476837158,0.24166928976774,0.021471105515957,1
-0.15105465054512,0.011433236300945,-0.051398649811745,1
0.086210548877716,-0.21914231777191,-0.074853904545307,1
0.10929238796234,0.2825795635581,0.024980016052723,1
0.090551555156708,-0.12001355923712,0.035568729043007,1
0.04985511302948,0.16020285338163,0.0084563866257668,1
-0.090511918067932,-0.10434394329786,0.0017822310328484,1
-0.078747630119324,-0.14790404587984,0.044473454356194,1
-0.19918394088745,0.036494500935078,-0.096946191042662,1
-0.17348289489746,0.037049971520901,-0.061007462441921,1
0.17984706163406,-0.15527540072799,-0.093833930790424,1
-0.046730041503906,0.20625319331884,-0.034140154719353,1
-0.0037241578102112,-0.22069465368986,0.13094822317362,1
-0.035163640975952,0.091532744467258,0.0035385414958,1
0.025285482406616,0.10755049437284,0.013508267700672,1
-0.01959753036499,-0.27564453333616,0.035477168858051,1
0.075701236724854,-0.125503083691,0.032881923019886,1
-0.036204099655151,-0.18811149150133,-0.063611075282097,1
-0.055060982704163,-0.02800951898098,0.016873769462109,1
-0.098182499408722,-0.19696956127882,0.11272586137056,1
-0.22891828417778,0.071777738630772,0.11592369526625,1
0.076760351657867,-0.083551855757833,-0.011896438896656,1
0.043313443660736,-0.057010587304831,0.0033738613128662,1
0.086618363857269,0.11171423643827,0.0042875781655312,1
-0.12757721543312,-0.013256072998047,-0.058408655226231,1
-0.012996733188629,0.26470183581114,-0.024840980768204,1
-0.1752927005291,0.022712513804436,-0.042574167251587,1
0.13876283168793,0.1944425329566,0.09377933293581,1
-0.019246876239777,0.068543516099453,0.0015008971095085,1
-0.15132573246956,0.11528814584017,-0.0043106153607368,1
-0.067245602607727,-0.12941347621381,-0.017629384994507,1
0.14971888065338,0.17849477380514,0.087391324341297,1
0.10810786485672,-0.24032992869616,-0.072384931147099,1
0.059987664222717,-0.079732988029718,0.016099520027637,1
0.12938207387924,0.20974161475897,0.15192688256502,1
-0.14032876491547,-0.17338012158871,0.090217970311642,1
-0.060283035039902,-0.21695894002914,0.12096979469061,1
-0.069338977336884,-0.24666699022055,-0.070263139903545,1
0.070415079593658,-0.13155066594481,-0.063537195324898,1
0.0011687874794006,-0.074483901262283,0.0067605748772621,1
0.061616122722626,0.062555573880672,-0.02869924902916,1
-0.12245735526085,-0.05789528042078,-0.093869216740131,1
-0.18978995084763,-0.05971685051918,0.020920015871525,1
-0.050797283649445,0.010716155171394,-5.6006014347076e-05,1
-0.035867273807526,0.1573998555541,0.03738210350275,1
-0.036149442195892,0.21471648663282,0.039371579885483,1
-0.052687734365463,-0.038154318928719,0.0067855939269066,1
0.039057791233063,0.09544713050127,-0.0081560984253883,1
0.11115223169327,0.11428109556437,0.011495180428028,1
-0.1156317293644,0.11622873693705,-0.088258527219296,1
-0.0039284825325012,0.088383950293064,0.014953032135963,1
-0.09977513551712,-0.064512323588133,0.023915596306324,1
-0.20907509326935,-0.12901134975255,0.077310107648373,1
-0.054289430379868,0.060666136443615,-0.00042013078927994,1
-0.036346673965454,-0.0901356972754,-0.023400321602821,1
-0.070794403553009,0.051531545817852,0.014061890542507,1
0.026466906070709,-0.15677835047245,-0.031054347753525,1
-0.017390608787537,-0.078632356598973,-0.029720082879066,1
-0.21951404213905,-0.020255081355572,0.070773236453533,1
-0.052347183227539,0.11788279563189,0.0032677128911018,1
0.00014233589172363,0.20051347464323,0.10335133224726,1
-0.0061430931091309,0.19008462876081,-0.079089872539043,1
-0.031814098358154,0.15394895523787,0.055770866572857,1
0.029572010040283,0.11034623533487,-0.022345632314682,1
-0.024819433689117,-0.04037406668067,-0.014501743018627,1
-0.16885992884636,-0.15546147152781,0.024305991828442,1
0.0066463351249695,-0.21999599039555,-0.086461815983057,1
-0.037151396274567,-0.1971947774291,0.09211503714323,1
-0.11721977591515,-0.028778478503227,-0.089081704616547,1
0.1229555606842,-0.2045090124011,0.067533932626247,1
-0.1399160027504,0.021437384188175,-0.044662840664387,1
-0.21297633647919,-0.032523132860661,0.14967950433493,1
0.031197190284729,0.091929115355015,0.01057406514883,1
0.062457382678986,-0.18207687884569,0.084968201816082,1
-0.21595352888107,0.065682210028172,-0.0056699141860008,1
0.045620918273926,0.21904962509871,-0.0088834688067436,1
0.14282137155533,0.19339325278997,0.13366188853979,1
0.047936141490936,-0.17501070350409,-0.033036828041077,1
-0.24615371227264,0.040712423622608,0.10242208093405,1
0.018444895744324,0.195471547544,0.04676428437233,1
0.029344260692596,-0.194286711514,0.050987370312214,1
-0.090819150209427,0.16963060945272,0.13359936326742,1
0.1624727845192,0.21985276788473,-0.060244359076023,1
-0.10190925002098,-0.21862824261189,-0.052146054804325,1
-0.25264376401901,0.078917719423771,-0.010651774704456,1
-0.19936168193817,0.17893984168768,-0.025013856589794,1
-0.052728027105331,-0.0032351016998291,0.0042771026492119,1
-0.10630041360855,0.15153946727514,-0.065310113132,0
-0.16684222221375,0.099122770130634,0.12487722188234,1
0.065851986408234,-0.14877457916737,0.0022615492343903,1
0.020047545433044,-0.21718372404575,0.12570173293352,1
0.09238862991333,0.22808995097876,0.027666106820107,1
0.083157241344452,-0.24126014858484,-0.0075004771351814,1
-0.22928941249847,-0.0042341277003288,-0.045869611203671,1
0.047352969646454,0.21730848401785,-0.090153854340315,1
-0.12729147076607,-0.091547561809421,-0.054028362035751,1
0.01274847984314,0.071839414536953,0.00016433745622635,1
-0.19376280903816,-0.034097827970982,0.12554220110178,1
-0.042462646961212,-0.014898307621479,0.003643237054348,1
-0.093555212020874,-0.11113817710429,0.045851089060307,1
0.1071789264679,-0.23986978083849,0.00053700059652328,1
-0.058719784021378,-0.031394958496094,-0.029717080295086,1
0.049096286296844,-0.085533568635583,-0.054524756968021,1
-0.19335681200027,0.055382572114468,0.14716482907534,1
-0.095309972763062,-0.095537791028619,-0.0026195868849754,1
0.072301149368286,0.17390867322683,0.022804513573647,1
-0.072199165821075,-0.020162105560303,-0.063580133020878,1
0.075482606887817,0.10343938320875,0.0092060416936874,1
0.048213362693787,0.12199790030718,0.026912972331047,1
-0.092745751142502,0.0024014934897423,0.0053060278296471,1
-0.079146236181259,0.11815278977156,-0.082719542086124,1
0.001185417175293,-0.090799063444138,0.0055754333734512,1
-0.063218146562576,-0.059219673275948,0.019955135881901,1
-0.0059878826141357,0.27382981032133,-0.037114150822163,1
-0.085677742958069,-0.1064846040681,0.0046835914254189,1
-0.051252961158752,0.11600307375193,0.013530112802982,1
0.11835545301437,-0.18422798812389,-0.051488466560841,1
-0.030262053012848,-0.041320815682411,-0.0087755396962166,1
-0.087503463029861,0.26132895797491,-0.039916053414345,0
0.16722762584686,0.21361290663481,0.008265882730484,1
-0.14231950044632,0.043331898748875,-0.020974062383175,1
0.085836827754974,-0.1134056514129,0.015688836574554,1
-0.11702108383179,0.14549428969622,0.023125566542149,1
0.07941859960556,0.1639124378562,-0.0593486353755,1
-0.11876603960991,0.1735183224082,0.029393397271633,1
-0.12641733884811,0.18658202141523,-0.034056283533573,0
0.03579968214035,-0.29322821646929,0.011501781642437,1
-0.14250200986862,-0.050998616963625,0.00041621178388596,1
-0.1181788444519,0.24476694315672,0.053970634937286,1
-0.097904324531555,-0.033307380974293,-0.017120309174061,1
0.023993611335754,0.14792566746473,-0.063742622733116,1
0.0081644058227539,0.19019379466772,0.0015200972557068,1
0.16252726316452,-0.16469743102789,0.11344400793314,1
-0.033856451511383,0.18480264395475,-0.093022465705872,1
-0.17253306508064,0.10094626992941,0.014132849872112,1
0.03464537858963,-0.12296267226338,-0.03025983273983,1
0.092901647090912,0.073516510426998,0.014188282191753,1
-0.16835230588913,0.16417964547873,0.13495164364576,1
-0.21735581755638,-0.049213513731956,-0.030477337539196,1
-0.13943207263947,0.029386334121227,0.046383179724216,1
-0.064816862344742,0.17456799000502,0.21558202058077,1
0.076564967632294,0.097132198512554,0.026821836829185,1
-0.095466107130051,0.19822665303946,0.082026980817318,1
-0.070845574140549,0.1357459500432,0.021964900195599,1
-0.023967921733856,-0.17535186558962,0.086386196315289,1
-0.1003150343895,0.015389494597912,-0.012788839638233,1
-0.069616764783859,0.076082237064838,0.026107661426067,1
-0.21247047185898,-0.09985956834862,0.15334663540125,1
0.19754701852798,0.21582754701376,-0.026638016104698,1
-0.042374789714813,0.2580773755908,0.0953134521842,1
-0.051066040992737,-0.023714035749435,-0.01689725369215,1
-0.24689930677414,-0.092512503266335,0.04371439665556,1
0.066668391227722,0.078370876610279,-0.012018129229546,1
0.012506902217865,-0.13192230463028,-0.046312719583511,1
-0.15646305680275,0.0090056210756302,0.076474495232105,1
-0.017773151397705,0.061399556696415,0.0098633393645287,1
0.020596504211426,-0.081759544089437,-0.0062054693698883,1
-0.2159041762352,0.12546529620886,0.085729382932186,1
-0.19631898403168,0.12564136832952,0.12557793408632,1
-0.1126155257225,0.12365538626909,0.016694135963917,1
-0.045661628246307,-0.20986980944872,0.12948337942362,1
-0.0090800523757935,0.28148128837347,0.08895493298769,1
-0.06618943810463,-0.14731504023075,-0.040073931217194,1
-0.046405375003815,-0.04643601924181,-0.029131479561329,1
-0.028266191482544,-0.25256104022264,0.080958239734173,1
0.015648066997528,-0.11898085288703,-0.043844915926456,1
-0.1988570690155,-0.013694703578949,0.17224674671888,1
-0.11955630779266,-0.109464334324,0.063124619424343,1
-0.046571135520935,-0.17307157069445,-0.011799536645412,1
-0.034815669059753,-0.0094593837857246,-0.0036300793290138,1
-0.023932337760925,0.26803185790777,0.050036795437336,1
-0.16824644804001,0.19645812362432,0.10217096656561,1
-0.02029150724411,-0.22881703823805,0.072460420429707,1
-0.16877457499504,0.0076651200652122,0.072420202195644,1
-0.081097781658173,0.067408420145512,-0.024030067026615,1
0.073959410190582,-0.16410923749208,-0.041561484336853,1
0.096262156963348,0.17057635635138,-0.027528792619705,1
0.035658538341522,-0.20610361546278,0.14652057737112,1
0.12436902523041,0.268370680511,0.091261960566044,1
-0.13404840230942,-0.092532178387046,0.019759587943554,1
-0.17192932963371,0.018142037093639,-0.013477109372616,1
-0.017035663127899,0.095804400742054,-0.014780186116695,1
-0.051187515258789,-0.013897098600864,-0.03843516856432,1
-0.092569231987,0.042882718145847,-0.053650200366974,1
-0.15688446164131,0.21675952523947,0.08298697322607,1
-0.21702674031258,-0.018156230449677,-0.0058759674429893,1
-0.033824563026428,0.10643576830626,0.0022362619638443,1
-0.093841969966888,0.0013612136244774,0.0068596377968788,1
0.17869275808334,-0.15634763613343,0.15162544697523,1
0.025116264820099,-0.18585630506277,0.025311551988125,1
-0.0081849098205566,-0.070618115365505,-0.042811401188374,1
-0.12823376059532,0.01011535525322,0.032815806567669,1
-0.23769629001617,-0.017373383045197,0.14547108858824,1
0.02232950925827,0.11858885735273,-0.028032794594765,1
0.05251008272171,-0.28628089278936,0.057658202946186,1
-0.13830369710922,0.0088253691792488,0.056435994803905,1
-0.19294217228889,0.080759562551975,0.097210936248302,1
0.056187570095062,-0.20101796090603,0.12994237989187,1
-0.253712028265,0.017474912106991,-0.018834434449673,1
-0.11753621697426,-0.16513895988464,0.14014185220003,1
-0.19229757785797,-0.019280776381493,-0.05780740827322,1
-0.0078953504562378,0.2541654035449,-0.077501013875008,1
-0.19510337710381,-0.16912258416414,0.029575400054455,1
-0.17461988329887,0.11405617743731,-0.034908019006252,1
-0.13210067152977,0.14956773072481,-0.087950266897678,1
0.084781110286713,-0.11873714998364,0.038362510502338,1
0.023449182510376,-0.14128823950887,0.035047136247158,1
-0.050417214632034,-0.062652952969074,-0.057814098894596,1
-0.092934489250183,-0.19240190088749,0.1473775729537,1
-0.17005327343941,0.10462049394846,0.065568499267101,1
-0.16667950153351,0.046940974891186,0.040361769497395,1
-0.087168097496033,-0.22435589879751,-0.0035273507237434,1
0.1526460647583,0.17517989128828,0.033414900302887,1
0.075684666633606,-0.078018922358751,-0.051613189280033,1
-0.077229380607605,0.21925546973944,0.1038571074605,1
-0.10741376876831,-0.0023284032940865,-0.056337364017963,1
-0.13099285960197,0.13896682113409,0.0033605471253395,1
0.024595439434052,0.12816620618105,0.028058648109436,1
-0.016771972179413,-0.065273359417915,-0.041438207030296,1
0.063448846340179,-0.20087080448866,0.14154122024775,1
0.10106617212296,0.07667588442564,-0.029632158577442,1
0.055702865123749,-0.11222063563764,-0.019940547645092,1
0.095454156398773,-0.19141896814108,0.13155218213797,1
-0.052836000919342,-0.085873005911708,0.0046272352337837,1
-0.12803930044174,0.2136948928237,0.00022516399621964,1
-0.2304322719574,0.12440242618322,-0.022036872804165,1
-0.21019148826599,-0.057907655835152,-0.040094383060932,1
0.028940558433533,-0.16521974653006,0.014405883848667,1
0.056364238262177,0.26677104085684,-0.062466889619827,1
0.029359996318817,0.10522677749395,-0.034612007439137,1
0.10595816373825,-0.10227309865877,0.011931352317333,1
0.14312154054642,-0.26913196593523,0.013849198818207,1
-0.23816069960594,-0.094010408502072,-0.032251954078674,1
-0.21029078960419,0.042423658072948,0.15783611685038,1
-0.11201271414757,0.075562261044979,0.034620590507984,1
-0.1796378493309,-0.016741648316383,0.10253348201513,1
0.16345876455307,0.210623703897,0.09120649844408,1
0.20683521032333,0.22023045271635,0.016432419419289,1
-0.20727586746216,-0.075283901765943,0.060555957257748,1
-0.14874503016472,0.20816617459059,0.073198936879635,1
-0.017313480377197,0.2571077272296,0.041008852422237,1
0.10187560319901,-0.15860920399427,-0.0036137923598289,1
0.0056515336036682,-0.22511950880289,-0.0095145031809807,1
-0.048984169960022,-0.1851242929697,0.2053559795022,1
-0.0489102602005,-0.11839566379786,-0.028223820030689,1
0.00015491247177124,-0.08278089761734,0.012977123260498,1
0.055327951908112,-0.2746841982007,0.11745218187571,1
0.11240416765213,0.12190102785826,0.021263167262077,1
-0.21609264612198,0.034771971404552,0.021654583513737,1
-0.039616346359253,-0.033691540360451,-0.025723524391651,1
-0.12472829222679,-0.23388724774122,0.085657797753811,1
-0.24467152357101,0.019167706370354,0.072798483073711,1
-0.013329863548279,0.042354099452496,-0.00434560328722,1
-0.087856203317642,0.12957870215178,-0.08399636298418,1
0.1696475148201,-0.21265999227762,0.036511398851871,1
-0.16015747189522,-0.0028003007173538,0.037607006728649,1
0.18488436937332,-0.19629769772291,0.059319518506527,1
-0.19893205165863,0.081185691058636,-0.080430939793587,1
0.16242337226868,-0.16413955390453,0.083214201033115,1
-0.14676880836487,0.13024846464396,0.084937192499638,1
-0.1238921880722,-0.0021713674068451,0.030385889112949,1
0.015474855899811,0.16146527975798,-0.0078793838620186,1
0.10772573947906,-0.16168125718832,-0.040673345327377,1
-0.18761157989502,-0.12201031297445,0.0037507191300392,1
-0.048450171947479,-0.11152445990592,-0.071736223995686,1
-0.15208554267883,-0.096765851601958,-0.051790244877338,1
-0.12668493390083,0.14416969567537,0.087737418711185,1
-0.044766843318939,-0.25690326839685,0.020648911595345,1
-0.040486216545105,0.043278388679028,-0.032762162387371,1
0.075128078460693,-0.065491668879986,-0.010588251054287,1
-0.032501578330994,0.17225580662489,-0.090663686394691,1
0.04897528886795,-0.1741718351841,0.019289709627628,1
-0.14684993028641,0.033509306609631,0.070379294455051,1
0.087310075759888,0.074360124766827,-0.037798963487148,1
-0.21783661842346,-0.09466136759147,-0.019534073770046,1
0.029273927211761,-0.13586241006851,-0.051774494349957,1
-0.15366035699844,0.0034751445055008,0.011474139988422,1
-0.10398289561272,0.013711489737034,0.030983991920948,1
-0.010558545589447,0.08606044203043,0.012223541736603,1
0.0061714053153992,-0.10697177518159,-0.037480793893337,1
-0.062839657068253,-0.16962850093842,0.084171541035175,1
-0.11066347360611,0.034316219389439,0.0011295899748802,1
0.15442985296249,-0.15641996636987,0.013296090066433,1
-0.22600293159485,-0.074083365499973,0.10149823874235,1
0.050345599651337,-0.057487316429615,-0.0035655125975609,1
0.045668959617615,0.059641607105732,-0.011111818253994,1
-0.085265427827835,-0.094344281591475,0.031126730144024,1
0.043814897537231,0.27289717644453,0.0039052665233612,1
-0.010039806365967,-0.28168388456106,0.030933156609535,1
0.057985007762909,-0.068223368376493,-0.0044992938637733,1
0.0072224736213684,0.26037060469389,0.017739340662956,1
-0.21044093370438,0.081387721002102,-0.0090521797537804,1
-0.066915571689606,0.23547663539648,0.15631725639105,1
0.04770040512085,0.21134217828512,0.0034001991152763,1
-0.0056033730506897,-0.069237314164639,0.002017967402935,1
-0.12983000278473,-0.13027069717646,-0.03344451636076,1
-0.020908772945404,0.21291183680296,0.1788219884038,1
0.16061133146286,-0.14126213639975,-0.055104561150074,1
-0.064911454916,0.045368917286396,-0.028777047991753,1
0.0076078176498413,0.16774141043425,-0.038105554878712,1
-0.017322421073914,-0.053433701395988,-0.012542821466923,1
0.16767823696136,0.16863163560629,0.087783418595791,1
-0.1194603741169,-0.1165575273335,-0.052785389125347,1
-0.23967760801315,0.023108087480068,0.019018433988094,1
0.041004240512848,-0.085396635346115,-0.0081219151616096,1
-0.062187165021896,0.11178844422102,-0.076895289123058,1
0.029696464538574,-0.09029190428555,0.0030585005879402,1
-0.22233125567436,-0.10286364937201,-0.010081209242344,1
0.081533372402191,-0.17186753451824,-0.013702481985092,1
-0.095258980989456,-0.15254218503833,0.10246960073709,1
1.8775463104248e-05,0.092532001435757,-0.027916505932808,1
0.050250470638275,-0.10563800670207,-0.060738317668438,1
0.021539509296417,0.18585171550512,-0.095437757670879,1
0.074975669384003,0.069317482411861,-0.032124720513821,1
0.025798261165619,0.095472745597363,-0.0061515122652054,1
-0.12704020738602,0.080977134406567,-0.06034255027771,1
-0.07457023859024,0.052031971514225,-0.011854358017445,1
-0.15104973316193,-0.050635810941458,-0.040100708603859,1
-0.043231785297394,-0.16216241940856,-0.094775259494781,1
0.032046735286713,-0.18451450020075,0.03662832826376,1
-0.14490699768066,-0.099215488648042,0.083659760653973,1
0.18591779470444,0.21876712888479,0.11207068711519,1
0.092024326324463,-0.2397393360734,0.04162235558033,1
0.052052140235901,0.22005286067724,0.16827461868525,1
-0.071612656116486,-0.0048801079392433,0.016836859285831,1
0.080520272254944,0.20657875388861,0.039583712816238,1
0.035898089408875,0.12336108833551,0.027545414865017,1
-0.1442474424839,-0.22834523767233,0.02586368471384,1
0.087172031402588,0.27349024266005,-0.034092262387276,1
-0.18223556876183,0.040140368044376,0.096161909401417,1
-0.036527812480927,0.11021613329649,0.015090338885784,1
-0.14707416296005,0.23258086293936,0.0077668502926826,1
0.031473219394684,-0.084610071964562,-0.029716484248638,1
0.062231361865997,0.13297019153833,-0.08393358066678,1
-0.045843780040741,0.016097657382488,-0.029132209718227,1
-0.041565299034119,0.20127358287573,-0.0048652663826942,1
-0.035221695899963,0.020455971360207,0.0056525692343712,1
0.089058816432953,-0.24325112253428,0.10665167123079,1
-0.083353936672211,0.075466714799404,-0.050462536513805,1
-0.12624111771584,-0.18098901212215,0.10741848498583,1
-0.070801973342896,-0.0933180260472,0.0064485743641853,1
0.049708604812622,-0.19170416146517,0.093622840940952,1
-0.064878225326538,-0.25292468816042,-0.062673881649971,1
-0.096313834190369,0.21212526410818,0.077601917088032,1
-0.20236450433731,0.09465130418539,0.049266867339611,1
0.043553113937378,0.12853739410639,0.01795981824398,1
-0.10848000645638,-0.22040019929409,-0.0049086287617683,1
-0.059769600629807,-0.037215515971184,0.011584661900997,1
-0.138975918293,-0.11342505086213,0.029808707535267,1
0.13089501857758,0.12154456228018,0.041370064020157,1
-0.09174120426178,0.0087657272815704,-0.00015116482973099,1
0.030541241168976,-0.079879477620125,-0.014984600245953,1
-0.17064034938812,-0.17285441607237,-0.075003065168858,1
-0.20769166946411,0.021892905235291,-0.011624656617641,1
0.026646494865417,-0.26352857798338,0.027251161634922,1
0.021536827087402,0.2183458134532,0.018480218946934,1
0.027018368244171,-0.23803400248289,0.045930102467537,1
-0.0034632682800293,0.13673140853643,0.0086780562996864,1
-0.062114596366882,0.020691990852356,0.0202621743083,1
0.012457966804504,0.064886458218098,-0.012115128338337,1
0.13088768720627,0.23475807160139,0.1240686699748,1
-0.073580503463745,0.02724451571703,0.018387474119663,1
-0.15758436918259,-0.13312093168497,0.16576271504164,1
0.068343341350555,-0.056649088859558,-0.00038620084524155,1
0.038418114185333,-0.12641292996705,0.020674541592598,1
0.13037157058716,0.11961565166712,0.036392621695995,1
0.0026065707206726,-0.078768830746412,0.01373864710331,1
-0.012708306312561,0.10981287807226,-0.0058193653821945,1
-0.087219297885895,0.024279482662678,0.029653780162334,1
-0.11865663528442,-0.17721205949783,-0.012410119175911,1
-0.00042212009429932,-0.27920689433813,0.089333020150661,1
0.13806599378586,0.20724972337484,0.10251808911562,1
0.086271941661835,0.062075458467007,0.011259265244007,1
-0.0071960091590881,-0.15269824489951,-0.06937138736248,1
-0.058118462562561,-0.087453802116215,-0.057420678436756,1
-0.1633560359478,0.1594300493598,0.067918635904789,1
-0.15482357144356,0.037142910063267,-0.0048386082053185,1
0.10258120298386,-0.20795498043299,0.050432510674,1
-0.20110595226288,-0.078800411894917,-0.091708056628704,1
-0.033360421657562,-0.17353574931622,-0.020236924290657,1
-0.05652529001236,0.086924903094769,-0.023090593516827,1
0.18390536308289,0.19179161638021,0.15016040951014,1
0.075485825538635,0.22121935337782,0.012821510434151,1
-0.051157742738724,0.033265508711338,-0.0049880817532539,1
0.11717063188553,0.17035158723593,0.045535884797573,1
0.026371419429779,0.19995208829641,0.03061068803072,1
-0.040078282356262,-0.061405919492245,-0.036640368402004,1
-0.12345644831657,-0.22806826978922,0.079155005514622,1
0.085193395614624,0.065964065492153,-0.035472668707371,1
-0.016049087047577,-0.06822994351387,-0.032466024160385,1
-0.020304203033447,0.14645575731993,-0.051497183740139,1
0.16196447610855,-0.15102231502533,0.10765736550093,1
0.014906167984009,0.13914849609137,-0.090867333114147,1
-0.13945528864861,-0.21932311356068,0.081235267221928,1
-0.072764694690704,-0.20201979577541,0.10549852997065,1
-0.10543745756149,-0.21567638218403,0.14797412604094,1
-0.17134544253349,-0.067136857658625,0.13130345195532,1
-0.16779938340187,0.033148087561131,-0.0985885001719,1
0.069449961185455,-0.14430662244558,0.036145955324173,1
-0.050744742155075,0.1761052235961,-0.031448505818844,1
-0.0054482221603394,-0.12588029913604,-0.042883865535259,1
-0.061816394329071,-0.0011477097868919,-0.010632209479809,1
-0.022187888622284,-0.032699421048164,-0.0028258487582207,1
-0.16616624593735,0.165332429111,0.13083039969206,1
-0.1741946041584,0.1650806888938,-0.061091996729374,1
0.075540721416473,0.06012000888586,0.011690340936184,1
0.037462949752808,-0.17993342876434,-0.0757145434618,1
-0.034110844135284,-0.16433199495077,-0.027088783681393,1
-0.11961525678635,0.03916784375906,-0.070898473262787,1
0.083253383636475,0.12500467151403,-0.064320415258408,1
0.090396165847778,0.17003663629293,0.056895412504673,1
0.022547781467438,-0.18115708231926,0.024742059409618,1
0.0038467645645142,-0.12180289626122,0.0095712468028069,1
-0.057917833328247,-0.003621518611908,-0.043801389634609,1
-0.19231152534485,-0.18013727664948,0.090647347271442,1
-0.20684283971786,-0.050261009484529,0.030580244958401,1
-0.098733603954315,0.15644650906324,0.021570883691311,1
-0.06435289978981,-0.02901641279459,-0.020920969545841,1
-0.1833923459053,0.107895873487,0.098648481070995,1
0.096766769886017,0.10913877934217,-0.04365561902523,1
-0.16861510276794,0.038136370480061,0.017048247158527,1
-0.13849547505379,0.020581103861332,0.015471570193768,1
-0.14062958955765,0.067983485758305,0.006903313100338,1
0.0014089345932007,0.083466254174709,0.011519074440002,1
-0.058488309383392,-0.0090963393449783,-0.014129005372524,1
-0.055912554264069,0.23438151925802,0.15157320350409,1
-0.060995668172836,-0.11318312585354,-0.050377704203129,1
-0.15545493364334,-0.1054194169119,0.19460698217154,1
-0.16240492463112,-0.072439592331648,0.064144514501095,1
-0.18274495005608,0.07416882365942,-0.03537941724062,1
0.1714443564415,-0.21273241192102,0.10927613824606,1
0.096774399280548,0.093392543494701,-0.012304238975048,1
-0.045198976993561,0.16021402925253,0.047377832233906,1
0.099691212177277,0.1428087875247,-0.0096873790025711,1
0.01788717508316,-0.16891940683126,0.015057988464832,1
-0.11849650740623,0.10463317483664,-0.080621115863323,1
0.015006482601166,0.073034159839153,-0.0088348016142845,1
-0.21617850661278,0.028069950640202,-0.016035057604313,1
-0.14085486531258,-0.031390033662319,-0.032025054097176,1
-0.043711841106415,-0.024470463395119,-0.012220107018948,1
-0.014257431030273,0.21749236434698,-0.095384165644646,1
-0.14825356006622,-0.049106854945421,0.034808076918125,1
-0.10281163454056,0.027716405689716,0.0045387372374535,1
0.029407739639282,-0.22952132672071,0.058312632143497,1
-0.055757820606232,-0.12207618914545,-0.020750105381012,1
0.0046243071556091,0.25989087671041,0.082909531891346,1
0.091994404792786,-0.090061776340008,-0.038259632885456,1
-0.12799465656281,0.087000824511051,0.0340171828866,1
-0.024329721927643,0.033386938273907,-0.012425549328327,1
-0.24456629157066,-0.037962831556797,-0.037777327001095,1
-0.018872201442719,0.18567805737257,-0.062548488378525,1
-0.22553908824921,0.083867944777012,0.092975236475468,1
0.11431306600571,-0.091064475476742,-0.012590371072292,1
-0.15284079313278,0.1133743301034,0.042059831321239,1
-0.1103855073452,0.13326812535524,0.023153893649578,1
0.0003698468208313,0.16467150300741,-0.0053969398140907,1
0.05880743265152,0.087147958576679,-0.0080596506595612,1
-0.055306196212769,-0.058600775897503,-0.004476435482502,1
-0.093209028244019,-0.13338733837008,-0.0062031373381615,1
-0.072875142097473,0.11882589012384,-0.0081358179450035,1
-0.063811123371124,0.21816294640303,-0.050968706607819,0
0.038780748844147,-0.066257182508707,0.0033673569560051,1
-0.12038719654083,-0.11896820925176,-0.091897316277027,1
-0.19922479987144,-0.096212995238602,-0.074517883360386,1
-0.16739642620087,-0.021263256669044,0.047704868018627,1
0.070634722709656,0.19876351207495,0.13022226840258,1
-0.049623906612396,-0.099170205881819,0.012961089611053,1
0.12221866846085,0.13279325515032,-0.027509830892086,1
-0.041783273220062,-0.062027543783188,0.0070536956191063,1
-0.055546224117279,0.017476268112659,0.0042782202363014,1
0.051620423793793,-0.064667601138353,-0.017868764698505,1
-0.16663056612015,0.033686377108097,0.21714130789042,1
0.02755206823349,0.24048652499914,-0.0016252771019936,1
-0.031545102596283,-0.26495782285929,0.096553035080433,1
0.046942055225372,0.10856949537992,0.0056425034999847,1
-0.060835808515549,-0.19949931651354,0.079750023782253,1
0.033996403217316,-0.25876437872648,0.12322632223368,1
-0.033322155475616,-0.21655478328466,-0.017605602741241,1
0.024128139019012,0.15240889042616,0.027257025241852,1
0.0073553919792175,0.17494633048773,0.075079940259457,1
0.14081090688705,-0.18663816899061,0.11449141055346,1
0.15647387504578,0.17844256013632,0.1561728194356,1
-0.12238907814026,0.0014632046222687,0.022292591631413,1
-0.12155133485794,0.0039283186197281,-0.01551678031683,1
0.17588520050049,0.18565138429403,0.093862302601337,1
-0.17583081126213,0.13765851408243,-0.0346794500947,1
-0.22107982635498,0.036216713488102,0.093192033469677,1
-0.052705526351929,0.051813371479511,0.0059703066945076,1
-0.17399418354034,-0.1501461006701,-0.056082211434841,1
-0.087924540042877,0.18988247960806,-0.0093588903546333,0
0.1350371837616,-0.15138332173228,-0.020564697682858,1
-0.026701152324677,-0.095154793467373,-0.0031064674258232,1
0.018454670906067,0.20179539173841,0.13260955363512,1
-0.21421059966087,0.0068668276071548,-0.0099451914429665,1
-0.16735506057739,-0.068825867027044,-0.05083629488945,1
-0.13507103919983,0.21742787212133,0.045638717710972,1
0.032245278358459,0.098534114658833,-0.051114916801453,1
0.03022962808609,0.11156591027975,0.026916064321995,1
-0.06087264418602,0.23759233206511,0.087097145617008,1
-0.050888061523438,0.10642316192389,0.0011337026953697,1
0.11303251981735,0.18624215573072,-0.035537630319595,1
0.01342648267746,0.10457430034876,0.011622667312622,1
0.064581632614136,-0.15139239281416,-0.024952441453934,1
-0.028664886951447,-0.075832040980458,0.0056479647755623,1
-0.13096132874489,-0.21111490577459,-0.021607376635075,1
-0.022116661071777,0.25202592462301,0.075408540666103,1
0.082466304302216,-0.10472947917879,0.015710778534412,1
0.077641069889069,-0.05492465570569,0.010516054928303,1
-0.21769630908966,0.086605109274387,0.006747655570507,1
0.16847026348114,-0.18236987292767,0.11097667366266,1
-0.16291603446007,-0.15929197147489,0.14176691323519,1
-0.20822209119797,-0.17052795737982,-0.00018958002328873,1
-0.18121385574341,0.10007760673761,-0.046938918530941,1
-0.20927885174751,-0.054757591336966,0.178596816957,1
-0.088188499212265,-0.10006110701943,0.030748538672924,1
-0.21033069491386,0.054341845214367,0.18013224750757,1
-0.19262206554413,0.089679189026356,0.097855545580387,1
0.13529735803604,-0.14517690241337,-0.087466977536678,1
-0.16781383752823,-0.13218914344907,0.13368236273527,1
0.14116996526718,0.13803511112928,0.056208305060863,1
-0.044653534889221,0.2652110978961,-0.0035297200083733,1
-0.026528239250183,-0.18761130422354,0.21893132477999,1
0.19741421937943,0.17324539273977,-0.084363035857677,1
-0.098158061504364,0.052522636950016,-0.0062180981040001,1
0.082363069057465,-0.070910580456257,-0.0021602436900139,1
0.026561737060547,0.17057471722364,-0.02018291503191,1
0.10769164562225,0.25301190465689,0.055179409682751,1
-0.010790586471558,0.22876670211554,-0.031883724033833,1
0.032790005207062,0.28144978731871,0.086323402822018,1
-0.21977519989014,-0.037623070180416,0.14961586147547,1
-0.2062671482563,0.018971048295498,0.13398600369692,1
-0.02152818441391,0.076410077512264,0.019722871482372,1
-0.25667181611061,-0.023348666727543,0.076280228793621,1
-0.10015225410461,-0.18620631843805,-0.09753430634737,1
-0.01380443572998,-0.1804775968194,0.057013154029846,1
-0.088689744472504,-0.17398738861084,0.11456545442343,1
0.039555549621582,0.20957037061453,-0.09957767277956,1
0.030424535274506,-0.11585981026292,0.017826572060585,1
0.034426033496857,-0.1013922910206,0.01756227761507,1
-0.19056156277657,-0.14068425446749,-0.027702920138836,1
-0.17946892976761,0.076775141060352,-0.089259803295135,1
-0.013518989086151,-0.087665942497551,0.0084736123681068,1
0.10251450538635,0.11944971233606,-0.021219909191132,1
-0.07217013835907,-0.26174531131983,0.10966897755861,1
-0.011016070842743,0.20799001306295,0.025028102099895,1
-0.11392045021057,-0.058103762567043,0.036296956241131,1
-0.029952704906464,0.0051167234778404,0.0019510164856911,1
-0.098117470741272,0.15645369142294,0.11726004630327,1
-0.19422650337219,0.12785840779543,0.14110042899847,1
-0.15764766931534,0.13561012595892,0.0033730939030647,1
-0.079579591751099,-0.052648466080427,-0.050043404102325,1
0.07796984910965,0.25356512516737,-0.047935210168362,1
-0.051962673664093,0.24279286712408,0.12689659744501,1
0.081890940666199,-0.2714833393693,0.030443899333477,1
0.071981489658356,-0.20019537955523,0.020473562180996,1
-0.073081374168396,0.12657327204943,-0.021852023899555,1
-0.19946527481079,0.060318477451801,0.079898111522198,1
-0.088529944419861,-0.12077545747161,-0.050958372652531,1
-0.06171041727066,0.061242319643497,-0.046149589121342,1
0.12909024953842,-0.22272612899542,0.063554964959621,1
-0.068273961544037,0.185701392591,-0.062326803803444,0
-0.005112886428833,-0.062269750982523,-0.028036646544933,1
0.0090806484222412,0.063881389796734,-0.021344780921936,1
-0.25589630007744,-0.03399520367384,0.080476351082325,1
-0.08393919467926,-0.13683396950364,-0.02118169516325,1
-0.015097975730896,0.23076605051756,0.15574253350496,1
0.011019110679626,0.084661684930325,-0.019251771271229,1
-0.19765761494637,0.0026923641562462,0.048262946307659,1
-0.08845579624176,-0.019579097628593,-0.059710331261158,1
0.073106527328491,0.067483685910702,0.01420783251524,1
0.15264689922333,-0.1797281652689,0.12268906086683,1
-0.045889675617218,0.024478919804096,-0.020268104970455,1
-0.15879946947098,0.13650517910719,0.099413879215717,1
-0.06361386179924,-0.212586812675,0.07838798314333,1
0.18511742353439,-0.186773262918,-0.089807830750942,1
-0.1385509967804,0.14987956732512,0.067714206874371,1
-0.09039443731308,-0.12078618817031,0.043556548655033,1
-0.098503410816193,0.016560949385166,-0.014322735369205,1
-0.060675621032715,0.093388713896275,0.031458608806133,1
0.021885395050049,-0.10767793189734,-0.0086971297860146,1
-0.05667570233345,-0.04967212677002,-0.0033202096819878,1
-0.041125357151031,-0.084558503702283,-0.058544956147671,1
-0.082453101873398,-0.044542197138071,-0.020976938307285,1
0.090771853923798,0.076146207749844,0.02345222234726,1
0.10094457864761,-0.078697463497519,0.021345756947994,1
-0.084588527679443,-0.15069238841534,0.062772803008556,1
0.09193629026413,0.28594698756933,0.00037406384944916,1
0.093927919864655,0.09712528437376,-0.055822171270847,1
-0.12402811646461,-0.1614721827209,0.133898191154,1
0.081824600696564,-0.13748347759247,0.028666809201241,1
0.073725044727325,-0.10746517591178,-0.012386925518513,1
-0.076571434736252,0.19155668467283,-0.070109859108925,0
0.017847537994385,-0.19964474439621,-0.076083727180958,1
-0.10425359010696,-0.04263424500823,-0.047335267066956,1
-0.14346039295197,0.16241040080786,0.094036854803562,1
0.053591787815094,-0.21501726657152,0.039331987500191,1
-0.04966127872467,0.065512619912624,0.0024647191166878,1
0.079982876777649,0.082821808755398,-0.0017959550023079,1
0.05608743429184,-0.13714673742652,0.016711711883545,1
-0.0024637579917908,-0.20662751793861,0.17502466589212,1
0.011259496212006,0.058322362601757,-0.0007360577583313,1
-0.059240847826004,0.13021834939718,0.052379615604877,1
-0.033853650093079,-0.0087870880961418,-0.011804975569248,1
0.028845369815826,0.21972884982824,0.060804016888142,1
0.030874967575073,0.074269108474255,-0.013872571289539,1
-0.019771695137024,0.21119146794081,-0.04164645075798,1
-0.15020167827606,0.10125800222158,-0.039105407893658,1
0.13426947593689,0.23960249871016,0.10847236961126,1
-0.046184360980988,-0.090142170898616,-0.0047038123011589,1
-0.005865752696991,-0.062996845692396,0.0076002478599548,1
-0.11307334899902,0.033025331795216,-0.0912796407938,1
-0.18565419316292,-0.06057083979249,-0.064363487064838,1
0.21382230520248,0.19278814643621,0.094783000648022,1
-0.18836987018585,-0.097709900001064,0.071059919893742,1
-0.13553300499916,-0.13076945766807,0.10175692290068,1
0.00061875581741333,-0.052915327250957,0.002274751663208,1
-0.082629948854446,-0.044979091733694,0.019370101392269,1
-0.093838751316071,0.0022875517606735,-0.0049406215548515,1
-0.18010413646698,-0.025532320141792,0.010103605687618,1
-0.063721835613251,-0.033823251724243,-0.023828789591789,1
-0.032956421375275,-0.010786719620228,0.0045313909649849,1
-0.0068261027336121,-0.1294705029577,-0.070252358913422,1
-0.10935410857201,0.086802490055561,-0.062949933111668,1
-0.054001986980438,0.17086603492498,0.052438326179981,1
-0.056685656309128,-0.053277507424355,0.0095525607466698,1
-0.010165512561798,0.28063776344061,0.085977323353291,1
0.020763039588928,0.14505655318499,-0.062615051865578,1
0.095338881015778,-0.087309934198856,-0.05375025421381,1
-0.096305161714554,-0.22828955203295,-0.0109011977911,1
-0.053924739360809,-0.079339526593685,0.026804707944393,1
-0.17521217465401,0.0042843818664551,0.20194122940302,1
-0.0033115744590759,-0.063173476606607,-0.0030162930488586,1
-0.010968387126923,0.12081538885832,-0.01631485670805,1
-0.20697942376137,-0.13313348218799,0.0069170817732811,1
-0.033828139305115,0.12126862257719,-0.064065746963024,1
-0.12896770238876,-0.081893820315599,-0.018811888992786,1
0.092588603496552,-0.27531083673239,0.0849963799119,1
0.052732169628143,-0.08331392146647,-0.046560943126678,1
0.011081159114838,-0.13558507710695,-0.032966986298561,1
-0.15922662615776,0.1350197866559,0.069175072014332,1
-0.041195452213287,-0.10705088218674,0.028812274336815,1
-0.010545611381531,0.17512138932943,-0.046225816011429,1
-0.0058985352516174,0.079277269542217,0.018244974315166,1
0.0428826212883,-0.058704879134893,0.00094861537218094,1
-0.034018635749817,0.15362515300512,-0.053051754832268,1
-0.027608156204224,0.023649610579014,0.0052555426955223,1
-0.092039942741394,0.056558333337307,-0.054607711732388,1
0.10364800691605,-0.093576355371624,-0.036332495510578,1
-0.12922376394272,0.1894755885005,0.10828832536936,1
-0.097266674041748,-0.023178420960903,-0.035257168114185,1
0.049915850162506,-0.0558942258358,-0.0051719918847084,1
-0.15908908843994,-0.17825944721699,0.022614918649197,1
0.046570360660553,-0.12691067717969,0.014354676008224,1
0.12200516462326,-0.19586964696646,0.022054061293602,1
0.055216550827026,0.13598317652941,-0.086005967110395,1
0.031042575836182,0.26085384935141,0.082298897206783,1
-0.18803384900093,-0.10853079427034,0.034180380403996,1
0.037373125553131,0.1444840952754,0.011626444756985,1
-0.02048259973526,0.071092627942562,-0.016055591404438,1
-0.041938662528992,0.0062331035733223,-0.021246924996376,1
0.060906231403351,-0.14424129575491,-0.0013291165232658,1
0.082556188106537,0.17938192933798,-0.085239998996258,1
-0.24971386790276,-0.033733129501343,0.0047243908047676,1
0.15731376409531,-0.17767576128244,0.029410861432552,1
0.06132847070694,-0.11121539399028,0.0099329128861427,1
-0.029295325279236,-0.19659561663866,0.07044393569231,1
-0.080811023712158,0.035883672535419,-0.037025570869446,1
0.13708502054214,-0.25195025652647,-0.06242360919714,1
-0.052968531847,-0.019920393824577,0.0052712485194206,1
-0.19870328903198,-0.00055010616779327,0.11806955188513,1
0.00031810998916626,0.067174799740314,-0.015529833734035,1
-0.10796639323235,-0.22594497352839,0.06793000549078,1
0.032952606678009,-0.075257450342178,0.0051519349217415,1
-0.15481913089752,0.20342721790075,0.063143230974674,1
-0.036452293395996,-0.17933354526758,0.054231144487858,1
0.013752341270447,0.20315402001143,0.17656359821558,1
0.0040071606636047,-0.23826146870852,0.010131992399693,1
-0.1234142780304,0.013520501554012,-0.059696346521378,1
-0.012870371341705,-0.071181936189532,-0.018899016082287,1
-0.037518382072449,-0.07435598038137,-0.00032337754964828,1
0.16085731983185,0.1641583070159,0.18284683674574,1
0.057222902774811,-0.059079758822918,0.0053022801876068,1
-0.12601971626282,0.24129354208708,-0.025471992790699,0
0.12957489490509,-0.11413707956672,-0.067097596824169,1
-0.09945610165596,-0.084852564148605,-0.034255392849445,1
-0.092292159795761,0.1754959449172,0.12308245152235,1
0.039340674877167,0.22098099440336,-0.041100785136223,1
0.025958836078644,0.23980271071196,0.068411767482758,1
-0.16854184865952,-0.12137180939317,0.17822774499655,1
0.01468700170517,0.083144031465054,-0.0091041103005409,1
-0.13151216506958,-0.043097626417875,-0.0044873133301735,1
-0.026398241519928,-0.15686896443367,0.062618218362331,1
0.13383430242538,-0.19499339163303,0.08275168389082,1
-0.009107768535614,0.071350760757923,-0.041996754705906,1
-0.047706186771393,-0.0010042488574982,-0.02424868196249,1
0.050828516483307,-0.23733881860971,0.050470292568207,1
-0.20827978849411,0.14409095793962,-0.065207727253437,1
0.005179762840271,-0.15808130800724,-0.03851331025362,1
-0.0688117146492,0.0048744305968285,-0.058181099593639,1
-0.098507881164551,0.011181935667992,-0.015877656638622,1
0.039240062236786,-0.095207723323256,0.0026383399963379,1
-0.067109048366547,-0.025153048336506,-0.020460523664951,1
-0.086062788963318,0.089090846478939,-0.013408027589321,1
0.051341235637665,-0.10102016339079,-0.070230439305305,1
-0.025822043418884,0.1966962441802,0.058331526815891,1
-0.2271716594696,0.032081432640553,0.082596756517887,1
-0.056836187839508,0.07751040905714,0.003412239253521,1
-0.027782738208771,-0.16058723628521,-0.092342432588339,1
0.16377127170563,-0.19774105399847,-0.020317755639553,1
0.069561660289764,0.22524344176054,-0.03088241815567,1
-0.149469435215,0.095540247857571,-0.041934289038181,1
-0.16562193632126,0.047585524618626,0.00642379373312,1
0.0024562478065491,0.10280037671328,-0.055187471210957,1
-0.018265664577484,-0.23995091766119,0.013155482709408,1
-0.097558259963989,0.14784047752619,0.0084362998604774,1
0.026240408420563,-0.055535521358252,0.0023850202560425,1
-0.13349783420563,-0.026048369705677,0.059489823877811,1
-0.033231914043427,-0.13406183570623,0.020850948989391,1
0.13324278593063,-0.18991810828447,0.057895064353943,1
-0.041723728179932,0.15503218024969,-0.014563642442226,1
0.039666593074799,0.061708576977253,-0.0071929767727852,1
-0.098662734031677,-0.067896962165833,-0.044447787106037,1
-0.16581708192825,-0.21212939172983,0.033610217273235,1
0.012396395206451,-0.063633173704147,-0.024647511541843,1
0.089251935482025,0.17390459030867,-0.039606630802155,1
0.061345160007477,-0.14777616038918,0.017714329063892,1
0.11449271440506,-0.17892558127642,0.011687904596329,1
-0.22534045577049,-0.099867144948803,-0.014444552361965,1
-0.119116127491,0.16615464538336,0.1643728390336,1
0.092112362384796,0.073544137179852,0.022911138832569,1
-0.068468481302261,0.23108034580946,0.130470700562,1
-0.095303535461426,0.22076868265867,-0.054235674440861,0
0.11530137062073,0.18936278671026,0.023136273026466,1
-0.24251410365105,-0.039208728820086,-0.018826119601727,1
0.097796618938446,0.18880637735128,-0.018936954438686,1
0.023151934146881,0.22341345995665,0.13907847553492,1
-0.03107875585556,-0.20985049754381,0.04752205312252,1
-0.12109485268593,-0.12352568283677,-0.036256588995457,1
-0.0029857754707336,0.07438001781702,0.0012717470526695,1
-0.056246161460876,0.22493874281645,0.0087007731199265,1
-0.047102868556976,-0.065775338560343,-0.044057719409466,1
0.089297711849213,-0.24869359284639,0.032891601324081,1
0.19959539175034,-0.17509880661964,-0.03772085160017,1
0.044486284255981,0.27632596343756,0.074069149792194,1
0.10125201940536,0.20030312985182,0.16698514670134,1
-0.11958825588226,-0.15049127489328,0.059171177446842,1
-0.015158712863922,0.14286419004202,-0.014019154012203,1
0.14884531497955,0.16715475171804,-0.06657562404871,1
-0.16570365428925,0.10671826452017,0.12713647633791,1
0.014281928539276,0.075420372188091,-0.02396883815527,1
0.15503787994385,0.17696776241064,-0.082383304834366,1
-0.05989208817482,-0.1782990694046,0.12312335520983,1
-0.20570030808449,-0.057335454970598,-0.058608032763004,1
0.14977210760117,0.18733712285757,0.12777499109507,1
-0.090965390205383,-0.22652892023325,0.13328915089369,1
-0.038196265697479,-0.17701157927513,-0.011730000376701,1
0.082478642463684,-0.084470063447952,0.00044596940279007,1
0.050888419151306,0.062397889792919,-0.013915680348873,1
-0.019511938095093,0.2173090800643,0.15433546155691,1
0.012884497642517,-0.17403768748045,-0.0023923218250275,1
-0.10639649629593,-0.065843552350998,0.020603783428669,1
0.17338186502457,-0.16518449038267,0.11038895696402,1
0.1818864941597,-0.23324122279882,0.10300553590059,1
0.021129429340363,-0.1246733032167,0.034218855202198,1
-0.14891964197159,0.094199620187283,0.047989226877689,1
-0.095620930194855,0.11740203946829,-0.076205112040043,1
0.080174148082733,0.10293128341436,-0.069385953247547,1
-0.14849644899368,0.02807504683733,-0.029953062534332,1
-0.027642071247101,-0.10907126776874,-0.0080934911966324,1
-0.0040722489356995,-0.26469365507364,0.088024027645588,1
-0.2321714758873,-0.018276706337929,0.03077781945467,1
-0.089840769767761,0.038686580955982,0.031035639345646,1
0.076181292533875,0.22399085015059,0.19261697679758,1
-0.12928837537766,0.15885927528143,0.19035124033689,1
0.065347850322723,0.19516041129827,-0.08753813803196,1
-0.014873266220093,-0.22766355425119,0.085303477942944,1
0.054412424564362,0.089079014956951,-0.030705526471138,1
0.044187128543854,-0.1105598276481,-0.068892285227776,1
-0.0012091994285583,-0.11416162922978,0.0064322277903557,1
-0.18262231349945,0.041707508265972,0.05487572401762,1
-0.18953594565392,0.029074393212795,-0.027749009430408,1
0.11092436313629,0.12542497366667,-0.05022282153368,1
0.022813737392426,0.20394369214773,0.024065092206001,1
-0.077142506837845,-0.11461683548987,0.04456802457571,1
0.14785552024841,0.25597562640905,0.017976969480515,1
0.12498331069946,0.20780774205923,-0.060275837779045,1
0.049273431301117,0.13502975553274,0.010292150080204,1
-0.078522264957428,0.17230417579412,0.13515508919954,1
-0.13485112786293,-0.023013345897198,0.049056105315685,1
-0.05756551027298,0.11029487103224,0.010260470211506,1
-0.12625533342361,-0.036610893905163,-0.045015223324299,1
-0.041543960571289,0.2718952819705,-5.9343874454498e-05,1
-0.19109863042831,0.067285530269146,0.12051298469305,1
-0.12162521481514,-0.15833135694265,-0.09445471316576,1
-0.20491474866867,-0.1617053411901,0.10901596397161,1
0.12727844715118,0.1063094958663,-0.052319623529911,1
-0.11709403991699,0.13624199479818,-0.00028350204229355,1
-0.13399696350098,-0.21469163894653,0.077439941465855,1
0.03952157497406,0.23849826306105,-0.019462309777737,1
-0.081160187721252,0.23637770861387,0.0045446455478668,1
-0.096116483211517,0.0536884739995,-0.03643923997879,1
0.066822469234467,-0.13428546115756,0.043866954743862,1
0.068555533885956,-0.17148167639971,-0.0025946646928787,1
-0.0056437849998474,0.072066403925419,-0.013147838413715,1
0.1000160574913,-0.12338763475418,-0.081475995481014,1
-0.13170456886292,0.14927653223276,0.1214289739728,1
0.052685976028442,0.066161222755909,-0.014468647539616,1
-0.22030520439148,0.15688323229551,-0.014274097979069,1
-0.12990659475327,-0.10233668098226,0.083428658545017,1
-0.12612083554268,0.16271149367094,0.11100886017084,1
0.064605176448822,0.12585883587599,0.037383563816547,1
-0.22199606895447,-0.11935140192509,-0.025279022753239,1
0.026105642318726,0.23215766996145,0.085939384996891,1
-0.059295564889908,-0.18767186254263,0.21329561620951,1
-0.11492824554443,0.13359086960554,-0.099304564297199,1
0.12561649084091,0.14704313129187,-0.086145952343941,1
-0.017438590526581,0.082586400210857,0.0014155581593513,1
0.16888922452927,-0.2018915489316,-0.033280067145824,1
-0.018302857875824,0.22726254910231,0.19068101793528,1
0.039181292057037,0.13628921657801,-0.018966250121593,1
0.062021553516388,0.21899377554655,0.045878551900387,1
-0.088333934545517,-0.175307713449,-0.023127749562263,1
-0.031604826450348,-0.20239840447903,0.09010211378336,1
0.042320489883423,0.19599746912718,0.029958814382553,1
0.062098979949951,0.12988153845072,0.037942126393318,1
0.050103008747101,-0.15077178552747,-0.035659082233906,1
-0.1900275349617,-0.038135584443808,0.10995277017355,1
-0.15492898225784,-0.092211680486798,0.075391478836536,1
-0.17883810400963,-0.15750158950686,0.071468226611614,1
0.043174386024475,0.094457469880581,-0.027119301259518,1
-0.076025277376175,-0.08790222927928,0.0059714838862419,1
-0.01971447467804,0.075213499367237,0.008616216480732,1
-0.034053683280945,-0.2332299426198,0.059181198477745,1
-0.23213005065918,-0.044607400894165,0.029893286526203,1
0.19992756843567,0.23234271258116,0.0031614676117897,1
-0.096241235733032,-0.12377592176199,0.039899237453938,1
-0.091359674930573,-0.062089361250401,-0.055062726140022,1
-0.031157195568085,-0.17614930868149,-0.059031181037426,1
-0.013830065727234,-0.08694860432297,0.014519222080708,1
-0.014281034469604,0.1121067032218,-0.029595643281937,1
-0.065229952335358,0.021667517721653,-0.044549874961376,1
0.045601665973663,-0.11842495948076,0.01236317306757,1
-0.089139878749847,0.19179420918226,0.1676063016057,1
-0.1902351975441,0.17060675472021,0.031985945999622,1
0.019637644290924,0.100351087749,-0.030045941472054,1
0.046785771846771,-0.1719099059701,-0.013491913676262,1
-0.08800020813942,-0.15180470049381,-0.077658534049988,1
-0.20537242293358,0.0016945153474808,-0.067565195262432,1
-0.15889176726341,-0.19840896874666,0.025102563202381,1
-0.048958957195282,-0.028110913932323,-0.039428137242794,1
-0.1799613237381,0.18073173612356,0.10295055061579,1
-0.20482063293457,-0.086869862861931,0.11862095445395,1
-0.2017967402935,-0.085395282134414,0.072231329977512,1
-0.21372917294502,-0.0055319145321846,-0.0096069052815437,1
-0.052418798208237,-0.20875187963247,-0.078215703368187,1
0.0044004321098328,-0.22840451449156,0.17345652729273,1
-0.16574996709824,0.21199645847082,0.035959951579571,1
-0.051905483007431,0.260802321136,0.011305905878544,1
-0.0067399740219116,-0.17219486087561,-0.038331866264343,1
-0.14725410938263,0.21561153978109,0.045896075665951,1
0.057461500167847,-0.06148562207818,-0.0094714611768723,1
0.061537444591522,0.1342858299613,0.0085638836026192,1
-0.17466619610786,-0.076136393472552,0.11466694623232,1
0.16674476861954,-0.15020933002234,0.11781495064497,1
-0.10673770308495,-0.073718817904592,-0.035086400806904,1
-0.083795130252838,0.19003470987082,0.10334191471338,1
-0.096689134836197,-0.022379532456398,0.033920370042324,1
0.098902523517609,0.077725119888783,-0.01429744809866,1
0.02836000919342,0.20611944049597,0.17382041364908,1
-0.037015378475189,0.085911877453327,0.015070654451847,1
0.16014117002487,0.24979471415281,0.083457194268703,1
-0.1152029633522,-0.029469579458237,-0.039388246834278,1
-0.011126935482025,0.15953850001097,0.052663959562778,1
-0.024154543876648,0.089847855269909,-0.020719774067402,1
0.048458516597748,-0.17647130042315,-0.001688651740551,1
0.097658216953278,-0.18544414639473,0.20119283348322,1
-0.15817886590958,0.12940824776888,0.19242640584707,1
-0.02228045463562,0.21287371963263,-0.049621537327766,1
-0.13630729913712,-0.086436284705997,0.0067362710833549,1
0.014398455619812,-0.075510675087571,-0.016034618020058,1
-0.2203321158886,0.07961767166853,0.12292920798063,1
0.061409533023834,-0.24568075686693,0.11955869942904,1
-0.10648474097252,0.020891681313515,0.0032314285635948,1
-0.058978855609894,0.13529089838266,-0.036772571504116,1
-0.17219164967537,-0.14591675624251,0.16876059025526,1
0.12684941291809,-0.14268342405558,-0.018816329538822,1
-0.15961763262749,-0.037070952355862,-0.040232747793198,1
0.078425645828247,-0.15814850479364,-0.085488043725491,1
-0.06858879327774,-0.076967736706138,-0.01008527725935,1
0.019768595695496,0.12550842016935,-0.032819464802742,1
-0.15917217731476,0.16232793778181,0.01989359408617,1
-0.17054098844528,0.13210009783506,-0.016300149261951,1
0.12021869421005,0.10591787844896,-0.026091955602169,1
0.16131085157394,-0.19777522981167,0.16609673947096,1
-0.12275916337967,0.20835348218679,0.11610316485167,1
0.13631528615952,0.19642739742994,-0.012934975326061,1
-0.010954141616821,-0.13150468096137,-0.030721746385098,1
-0.0053863525390625,-0.083600832149386,-0.0037182196974754,1
-0.19025138020515,-0.092485702596605,-0.057555288076401,1
-0.12732300162315,-0.22546628862619,0.089260913431644,1
-0.1335768699646,-0.12329555861652,0.071999736130238,1
-0.011804521083832,-0.10317034064792,-0.053238444030285,1
-0.19318088889122,-0.0055083334445953,0.10340455919504,1
0.14600360393524,-0.16291434317827,-0.068724982440472,1
0.047902882099152,-0.24110359698534,0.13651851564646,1
-0.078866720199585,-0.22197059541941,0.13428192585707,1
-0.04024600982666,-0.11411325260997,-0.04555045068264,1
-0.10144093632698,-0.16516941040754,-0.083479978144169,1
0.032043516635895,-0.1667365282774,0.034397125244141,1
-0.19943809509277,-0.061448607593775,0.13607998937368,1
0.083393633365631,-0.1889510601759,0.081909842789173,1
0.029940605163574,-0.21673984825611,-0.0084905400872231,1
-0.16486987471581,0.015888527035713,0.02261707931757,1
-0.21172070503235,0.081105120480061,0.14503499120474,1
-0.12096136808395,0.033847011625767,0.028419710695744,1
0.1824893951416,0.17932014912367,-0.01143291592598,1
-0.20028728246689,-0.020834192633629,-0.087880037724972,1
0.062998116016388,0.070282600820065,-0.019552372395992,1
0.21020352840424,0.22009321302176,-0.0011198818683624,1
0.029404640197754,-0.22177478671074,0.053631402552128,1
-0.19978266954422,-0.11049123853445,-0.088359124958515,1
0.11897909641266,-0.19917768239975,0.034282207489014,1
-0.13641411066055,0.18327360600233,-0.067953519523144,0
-0.016798079013824,-0.076681025326252,-0.020470999181271,1
0.16630083322525,0.18603327125311,0.14189655333757,1
0.057709395885468,-0.20276842266321,-0.027149699628353,1
0.089233338832855,-0.079250860959291,-0.035170368850231,1
0.032410740852356,0.25872152298689,-0.0053125396370888,1
0.021581709384918,-0.21873939782381,0.10062896460295,1
0.0081441402435303,-0.15837953239679,-0.077413432300091,1
-0.12848740816116,-0.10548189934343,0.0068364962935448,1
0.03490823507309,-0.23076579719782,0.18436198681593,1
0.036923587322235,0.12117647379637,-0.011311903595924,1
-0.07480251789093,0.011071309447289,-0.0443414747715,1
0.084378302097321,0.11603610962629,-0.032974973320961,1
0.082870781421661,0.15043511241674,-0.001202754676342,1
-0.13498306274414,0.096418552100658,-0.091034956276417,1
-0.046417772769928,-0.080339334905148,0.0046970769762993,1
0.051950454711914,0.20062284916639,-0.059392563998699,1
-0.00056952238082886,0.12168275564909,-0.040077969431877,1
-0.064440429210663,0.058304183185101,0.026891283690929,1
-0.17471662163734,-0.018140740692616,-0.099451623857021,1
-0.0089204907417297,0.14168807119131,0.0094470605254173,1
-0.095012962818146,-0.096661425661296,0.024644918739796,1
-0.16144743561745,0.018500611186028,-0.095291670411825,1
0.13615876436234,-0.19823645055294,0.0055621638894081,1
0.13232809305191,-0.17971263080835,0.11996530741453,1
-0.076217174530029,-0.036419980227947,-0.05523643642664,1
0.043054938316345,0.096563838422298,0.014357216656208,1
-0.0027716755867004,0.082453913986683,-0.043408609926701,1
-0.036231100559235,-0.024251170456409,-0.023248791694641,1
-0.048571288585663,0.16233547776937,-0.016220182180405,1
-0.065177947282791,0.13574389368296,-0.050595037639141,1
-0.0091806054115295,-0.10318462457508,-0.046030379831791,1
0.0013708472251892,-0.1011218726635,-0.019181601703167,1
-0.10552269220352,0.17119946330786,0.0080637559294701,1
0.092354953289032,0.24273958057165,0.045819781720638,1
0.0030078291893005,0.072455145418644,-0.018777996301651,1
-0.18461352586746,-0.096982793649659,0.18432245403528,1
0.097852766513824,-0.11891388520598,-0.0058956071734428,1
-0.018997371196747,-0.14641769602895,-0.041999742388725,1
0.16174125671387,-0.22302906960249,0.13889127224684,1
0.089739382266998,-0.15700586512685,-0.071165353059769,1
-0.10821852087975,0.17189063876867,0.16855152696371,1
-0.10380145907402,-0.22209289669991,0.051161654293537,1
-0.068984031677246,0.01724923402071,0.010789595544338,1
-0.089341074228287,0.15314915031195,-0.080421946942806,0
0.0076678395271301,-0.071196353062987,-0.015921078622341,1
-0.16926881670952,0.16237553209066,0.01818024367094,1
-0.0091331005096436,0.053447864949703,0.0024077966809273,1
-0.053753137588501,0.0458599999547,-0.00096761435270309,1
0.0048547387123108,0.063580892980099,-0.0044531598687172,1
0.042387783527374,-0.0934156794101,0.0014678090810776,1
0.043992042541504,0.20865236967802,0.067345105111599,1
0.0095927119255066,-0.25532653182745,-0.024291180074215,1
-0.12575107812881,0.0053065195679665,0.047448582947254,1
-0.1580702662468,0.2002060636878,-0.058408863842487,1
0.088302910327911,0.24796887487173,0.065177030861378,1
0.0082557797431946,-0.13239660859108,-0.028768457472324,1
0.10855311155319,0.18076109141111,0.10614652186632,1
-0.091447412967682,0.010961383581161,-0.0020658299326897,1
0.1177242398262,-0.14140420779586,-0.017303191125393,1
6.633996963501e-05,-0.060792524367571,-0.009667880833149,1
-0.025821030139923,-0.1579367145896,-0.019551627337933,1
-0.023289263248444,-0.25400809198618,0.048408232629299,1
-0.031328678131104,0.071263141930103,0.015492014586926,1
-0.20806992053986,-0.031412072479725,-0.002663753926754,1
0.14408767223358,0.13042936474085,-0.0090672299265862,1
-0.17023301124573,-0.086020696908236,0.18124925345182,1
-0.11653178930283,0.11974183470011,-0.033877782523632,1
0.12491005659103,0.15449615567923,0.011649183928967,1
0.19837719202042,-0.19474092870951,-0.05651081353426,1
-0.080002725124359,-0.089631975628436,0.010330908000469,1
-0.12218734622002,-0.027287937700748,0.04518885165453,1
-0.051408410072327,-0.064572591334581,-0.00072405487298965,1
-0.11046761274338,0.18013002723455,0.14415829628706,1
-0.10894054174423,0.0034446194767952,0.036237321794033,1
-0.23230177164078,0.12175620347261,0.0091444328427315,1
0.0043600797653198,-0.15444366633892,0.0034137740731239,1
-0.047849237918854,-0.086578777059913,-0.06539298593998,1
0.01842337846756,-0.10538964346051,0.018923722207546,1
-0.19110077619553,-0.085817642509937,0.17800755053759,1
0.15707838535309,0.13821197301149,-0.069678626954556,1
0.17487728595734,0.15230157226324,0.17053761333227,1
0.013739168643951,-0.10113386204466,-0.030065402388573,1
0.034662127494812,-0.059866670519114,0.0050618499517441,1
-0.15722659230232,-0.12735988199711,0.14903327077627,1
-0.017264127731323,-0.17333363741636,0.05441015958786,1
-0.014601290225983,0.10405702143908,-0.039268657565117,1
0.054129123687744,0.091684572398663,-0.009119026362896,1
-0.016818761825562,-0.13418338820338,-0.015130646526814,1
0.065551996231079,0.058889888226986,0.007394552230835,1
-0.23451977968216,-0.039418552070856,-0.081479988992214,1
-0.051299601793289,-0.002261571586132,-0.0179278627038,1
0.03757381439209,-0.094277618452907,-0.019607938826084,1
-0.013270199298859,0.17398478835821,0.06074907630682,1
0.051874220371246,-0.083820626139641,-0.055838949978352,1
0.14794564247131,0.14407651871443,-0.072230622172356,1
-0.066306978464127,0.21434035152197,0.038067273795605,1
-0.05117204785347,-0.067359942942858,-0.025326631963253,1
-0.012622475624084,-0.25993078202009,0.041826769709587,1
-0.11816248297691,-0.012094959616661,0.030509032309055,1
0.013069272041321,0.22306021302938,0.070480324327946,1
-0.081590473651886,0.068565167486668,0.031358473002911,1
0.063140094280243,-0.085804157890379,-0.0071807876229286,1
-0.038347363471985,0.10058050602674,-0.033214069902897,1
-0.083613723516464,-0.12472754903138,-0.07126172631979,1
-0.044543445110321,0.031294621527195,0.011842496693134,1
-0.049441635608673,-0.079137098044157,0.025305770337582,1
0.035454273223877,-0.069124445319176,0.0051923468708992,1
0.10532504320145,-0.097023704554886,-0.0635150000453,1
0.12596791982651,-0.2055547311902,0.18587142974138,1
0.010599553585052,0.17176156491041,-0.088680434972048,1
-0.20115968585014,-0.019731767475605,0.17148817330599,1
0.017522096633911,0.11559128016233,-0.028478041291237,1
0.016475439071655,0.25040280073881,-0.040239952504635,1
0.052766144275665,0.088276840746403,-0.023289777338505,1
-0.017137706279755,-0.19062438607216,0.024833098053932,1
0.13983124494553,0.23728077858686,-0.066880732774734,1
-0.15440139174461,0.14917572587729,0.18854907900095,1
-0.071199506521225,0.26499076932669,0.013283558189869,1
0.10082560777664,-0.25037135928869,0.13518131524324,1
0.092438697814941,0.12124531716108,-0.083432801067829,1
-0.12470650672913,-0.081528028473258,-0.050519742071629,1
-0.15039491653442,-0.054412648081779,-0.064297176897526,1
-0.15460553765297,-0.13171055912971,-0.055030815303326,1
0.11919242143631,-0.20638621598482,0.035024426877499,1
-0.038718163967133,-0.081363318488002,-0.037953600287437,1
0.027605831623077,-0.1122207660228,0.017892815172672,1
-0.039588391780853,0.0674684420228,0.018600784242153,1
0.087096273899078,-0.18389743566513,-0.040460832417011,1
0.033093214035034,0.077951081097126,0.0066396668553352,1
-0.17367318272591,-0.010735563933849,0.056600265204906,1
-0.045134365558624,-0.17658925801516,0.020602889358997,1
-0.0034275650978088,0.09816237539053,-0.018459841609001,1
-0.09248873591423,0.11746344715357,-0.048116855323315,1
-0.077654153108597,-0.066339183598757,-0.021990530192852,1
-0.031027615070343,-0.16243289411068,0.064060173928738,1
0.16458648443222,0.16617747396231,0.0062387585639954,1
-0.26178500056267,-0.024102240800858,0.047534056007862,1
0.089775204658508,-0.16702008247375,-0.031568221747875,1
0.055828750133514,-0.17071529477835,0.042767502367496,1
0.014789879322052,-0.23507233709097,0.042162291705608,1
-0.057962149381638,0.08150327950716,-0.067048110067844,1
0.11902564764023,0.094853647053242,-0.019636534154415,1
-0.049741566181183,0.13666266947985,-0.089814908802509,1
-0.23294925689697,0.11189586669207,0.098421536386013,1
-0.11625623703003,0.12225737422705,-0.090004123747349,1
0.077012956142426,-0.21958773583174,0.15778220444918,1
0.136325776577,-0.16850430518389,0.21415368467569,1
0.0032060146331787,0.072366885840893,0.011059105396271,1
-0.12902247905731,-0.22684790939093,-0.047326438128948,1
-0.030542492866516,0.087685309350491,-0.050805471837521,1
-0.075840622186661,0.20637448877096,0.16710687428713,1
-0.25775009393692,-0.0039592385292053,-0.024413622915745,1
-0.14464449882507,0.095973707735538,0.073366813361645,1
-0.0054464936256409,0.17116751521826,-0.032568797469139,1
-0.042368173599243,0.2006935402751,0.11391175538301,1
0.11332327127457,0.14644909650087,0.043266996741295,1
-0.033913135528564,0.20045774430037,0.033023282885551,1
0.069187164306641,0.25089981406927,0.081094600260258,1
-0.014900147914886,-0.10395038314164,-0.0030020102858543,1
-0.17740178108215,0.061169750988483,0.053827933967113,1
0.1511555314064,0.1526759788394,0.11368841677904,1
0.053157150745392,0.15038057416677,-0.013922408223152,1
0.16719073057175,-0.15411245822906,0.015004239976406,1
0.064329385757446,0.063826195895672,-0.032203942537308,1
-0.11179226636887,0.010089911520481,0.02692324668169,1
-0.058136522769928,-0.07612818479538,0.016253389418125,1
-0.055073618888855,0.10294064134359,-0.054524071514606,1
-0.19410189986229,-0.015563331544399,0.12372248619795,1
0.1124547123909,-0.087203901261091,-0.023205272853374,1
-0.061413049697876,-0.039999779313803,-0.039063431322575,1
0.13928151130676,0.19604345411062,0.062849380075932,1
0.031242251396179,0.073489956557751,-0.034830808639526,1
0.11320334672928,-0.14556663483381,-0.0079015120863914,1
0.065348088741302,0.094204224646091,0.016608454287052,1
0.057246387004852,-0.20577090233564,-0.087099600583315,1
-0.010446667671204,-0.13884983211756,0.039079427719116,1
-0.22551557421684,-0.059335965663195,0.016032673418522,1
0.00061863660812378,-0.20863553136587,-0.086047410964966,1
-0.15891847014427,-0.20231010019779,0.05131072551012,1
-0.17276096343994,0.1364369764924,0.12856339663267,1
0.19916641712189,0.18500366061926,-0.043010868132114,1
-0.010561227798462,0.10770537704229,0.00038352608680725,1
0.032856643199921,-0.23528695851564,-0.006535105407238,1
-0.18303021788597,0.034229703247547,0.14459688216448,1
0.0092834234237671,-0.14587648957968,0.039456471800804,1
-0.059046804904938,-0.098366923397407,0.034337148070335,1
-0.19398957490921,0.098091952502728,0.066526673734188,1
-0.085440099239349,-0.013299725949764,-0.047609679400921,1
0.096829831600189,-0.079625094309449,-0.051196344196796,1
-0.099694162607193,-0.13993789255619,-0.010051943361759,1
0.081669569015503,0.11744401603937,-0.047598734498024,1
-0.12539413571358,-0.15786582604051,-0.013763763010502,1
0.082358300685883,0.24059715121984,0.1123486533761,1
-0.21396905183792,0.029034145176411,-0.093062404543161,1
-0.065673589706421,-0.1875873953104,0.12321104854345,1
-0.13825350999832,-0.077587919309735,0.030570946633816,1
0.054534614086151,0.052642576396465,-0.0044235065579414,1
0.10128551721573,0.19112896174192,0.044730179011822,1
-0.15035396814346,-0.13840395957232,0.023187942802906,1
0.057437837123871,-0.18314787745476,-0.0064719766378403,1
0.11319255828857,0.12356667965651,-0.074434071779251,1
-0.045333445072174,-0.044317081570625,0.0028003081679344,1
-0.17290815711021,0.17235478013754,-0.054324395954609,1
-0.13224881887436,-0.14524368196726,-0.080955363810062,1
-0.13328057527542,-0.047707781195641,0.031119890511036,1
0.06619930267334,0.2009302303195,0.029662616550922,1
-0.19126933813095,-0.086823519319296,-0.034440495073795,1
-0.051129937171936,0.048727832734585,-0.037179239094257,1
0.015405833721161,0.12873988598585,-0.046820521354675,1
-0.12719005346298,0.075509510934353,-0.049087554216385,1
-0.18828395009041,0.11990877240896,-0.056251138448715,1
0.11652731895447,-0.2284926250577,0.081141091883183,1
-0.019640028476715,-0.21587886661291,-0.010608769953251,1
-0.010336875915527,-0.15491558611393,-0.029784306883812,1
0.0081068277359009,0.16834648698568,0.0088471248745918,1
-0.12367659807205,0.1124574765563,0.05090556293726,1
-0.058961510658264,0.067854695022106,0.0027920678257942,1
-0.058756679296494,-0.10447688866407,0.033874288201332,1
-0.013216733932495,-0.081268187612295,-0.018545188009739,1
0.14461290836334,0.14588757604361,-0.056281410157681,1
-0.022579371929169,-0.10593831632286,0.02412161976099,1
0.038182616233826,0.22817298024893,0.041003987193108,1
0.16521245241165,0.24690582603216,0.085376031696796,1
-0.062238156795502,-0.13013423420489,0.030778415501118,1
-0.03324693441391,-0.036597676575184,-0.024463891983032,1
-0.21890982985497,0.018104232847691,0.076548852026463,1
0.048506677150726,-0.14059400558472,-0.0035258680582047,1
-0.11629974842072,0.093638278543949,-0.0075245276093483,1
-0.056830614805222,0.071346692740917,-0.023612596094608,1
-0.19872808456421,-0.076532272621989,0.049203686416149,1
-0.037875950336456,0.2672355696559,0.014173701405525,1
0.0218425989151,-0.083429023623466,0.0055051371455193,1
-0.16672670841217,0.080276004970074,-0.092390850186348,1
-0.040926873683929,-0.032443635165691,-0.024009048938751,1
-0.13185036182404,0.093365706503391,-0.036281459033489,1
0.086521148681641,0.11472376435995,-0.016019031405449,1
-0.083084613084793,0.042618922889233,-0.060925215482712,1
0.16182261705399,0.2246680483222,0.040587529540062,1
0.16973453760147,-0.18332955241203,-0.05055683106184,1
-0.19423860311508,0.10741031914949,0.11375675350428,1
-0.09004071354866,0.026879943907261,-0.05696227401495,1
0.099951565265656,-0.2318968847394,-0.040932394564152,1
-0.17827254533768,0.035676069557667,-0.054660946130753,1
-0.13282132148743,-0.11821930855513,0.20923013240099,1
-0.022396862506866,-0.16278751194477,-0.018120042979717,1
-0.14067360758781,-0.048858050256968,-0.079735845327377,1
0.10625952482224,0.21213015168905,-0.09346542134881,1
-0.12087398767471,-0.11556112580001,-0.043653376400471,1
0.093541443347931,0.24187766760588,0.12131444364786,1
0.068881213665009,-0.1105113485828,-0.037583597004414,1
-0.0031524896621704,-0.07664923928678,0.010163053870201,1
-0.25337982177734,0.06167558580637,0.10015860944986,1
0.0085370540618896,-0.1693701967597,-0.018702298402786,1
-0.039577305316925,0.033952690660954,-0.029371604323387,1
0.099583327770233,-0.20074903219938,0.061079293489456,1
0.051313936710358,-0.18867146968842,-0.06299003213644,1
0.0044833421707153,0.11311884969473,-0.0021753162145615,1
0.090738713741302,0.075930796563625,0.024133279919624,1
-0.022621035575867,0.068944327533245,-0.032973028719425,1
-0.10630735754967,-0.12324406206608,-0.029206462204456,1
-0.16521853208542,0.097487576305866,0.08374822884798,1
-0.0910784304142,0.1512088701129,0.075326763093472,1
-0.24519929289818,-0.077956112101674,-0.036722026765347,1
0.070061802864075,-0.10215579927899,0.0046487525105476,1
-0.095612704753876,0.079150430858135,0.00021768361330032,1
0.061406075954437,0.20076473802328,0.1727127507329,1
-0.0027838945388794,0.22381442040205,0.15928760915995,1
0.13029676675797,-0.17457470297813,0.16952917724848,1
-0.052176654338837,0.04863017052412,-0.019919879734516,1
-0.1831693649292,-0.017178684473038,-0.038070194423199,1
0.025686323642731,0.26810549944639,0.13087130337954,1
-0.049150168895721,-0.10924273077399,-0.0099385902285576,1
0.070100009441376,-0.13812632113695,0.01590433716774,1
-0.18761840462685,-0.17958536744118,0.019542075693607,1
-0.22416573762894,0.051857195794582,-0.023928798735142,1
-0.053111553192139,0.16011413186789,0.074562288820744,1
0.019696235656738,0.14838372915983,0.030839070677757,1
-0.10747557878494,0.076334543526173,-0.0040293410420418,1
-0.02940708398819,0.11273627728224,-0.00257358700037,1
0.15000921487808,-0.14399453252554,-0.060235403478146,1
-0.21153292059898,-0.061462428420782,0.10010493546724,1
0.036639034748077,0.11855939775705,-0.052644953131676,1
-0.017311990261078,0.072399832308292,0.0020544081926346,1
-0.001437246799469,0.14082165807486,-0.048872031271458,1
-0.030067086219788,0.071432657539845,-0.0058274790644646,1
0.0075893402099609,0.15411152690649,-0.091903757303953,1
-0.065018624067307,-0.098356884438545,-0.057506181299686,1
-0.22693434357643,-0.016340106725693,0.03424658626318,1
-0.014597058296204,-0.28241410106421,0.072772212326527,1
0.11501890420914,0.1094718053937,0.037048630416393,1
0.060564517974854,0.07361314445734,0.00015690922737122,1
-0.080000579357147,0.0037974044680595,-0.05799875408411,1
0.15740782022476,-0.14883683621883,0.10759625583887,1
0.17498773336411,-0.19573908299208,0.11227536946535,1
-0.092728227376938,-0.11408090777695,0.018906585872173,1
-0.15269428491592,0.12711793929338,-0.09301795810461,1
-0.090134382247925,-0.19303817301989,0.093285582959652,1
-0.057530850172043,0.017895452678204,-0.026368126273155,1
-0.12010744214058,0.2063769325614,0.16222418099642,1
-0.20888003706932,0.021087504923344,0.17380989342928,1
0.079276382923126,0.13025786727667,0.0067847743630409,1
0.19856184720993,-0.19393625855446,0.12742308527231,1
-0.174849152565,-0.059477318078279,-0.07975260913372,1
-0.15667098760605,0.088206820189953,-0.067835919559002,1
0.039339959621429,-0.16223775222898,-0.042249023914337,1
0.079419434070587,-0.16808393597603,-0.0052591785788536,1
0.087900280952454,-0.13126062974334,-0.057070560753345,1
-0.12586444616318,-0.074165528640151,-0.075275711715221,1
0.12131983041763,0.12660177797079,-6.8672001361847e-05,1
-0.023918032646179,0.071821518242359,-0.0077199414372444,1
0.078733861446381,0.23921298235655,0.11246898025274,1
-0.1639715731144,0.0062176734209061,0.015118561685085,1
0.16144448518753,0.25518684834242,0.075521297752857,1
-0.030218183994293,-0.10677148820832,0.030594162642956,1
-0.17729365825653,-0.060455095022917,0.15060872584581,1
-0.21001580357552,-0.10959980450571,0.01482043415308,1
-0.043091297149658,-0.065171644091606,0.016127459704876,1
-0.16693311929703,-0.16339838504791,0.13374257832766,1
-0.16076946258545,0.022607050836086,0.021242178976536,1
-0.036323010921478,-0.19276414811611,0.09362206608057,1
-0.17797929048538,0.19916351884604,0.01367025822401,1
-0.046109020709991,0.074317239224911,7.0683658123016e-05,1
-0.087108731269836,-0.17573407292366,0.1239465251565,1
-0.085743576288223,0.078486673533916,-0.042376451194286,1
0.16114324331284,0.17810716480017,-0.018224619328976,1
-0.21725970506668,-0.1486331038177,0.032832331955433,1
-0.018493056297302,-0.12551700882614,-0.018785707652569,1
0.033830940723419,-0.12737382762134,0.024231471121311,1
0.026424467563629,0.079198993742466,-0.046025536954403,1
-0.18837854266167,-0.084883226081729,-0.072773307561874,1
-0.025822699069977,-0.073993748053908,0.010298393666744,1
-0.045944809913635,0.023571655154228,-0.039367653429508,1
-0.067503482103348,0.095957510173321,-0.084923595190048,1
-0.028960883617401,-0.069057768210769,-0.037093386054039,1
0.0368891954422,-0.24254127591848,0.14049372822046,1
-0.11148330569267,0.16707947105169,0.12104035168886,1
-0.15635058283806,-0.089730155654252,-0.066729322075844,1
-0.094461619853973,-0.095880018081516,0.025376059114933,1
0.19669908285141,0.18190588802099,0.043990008533001,1
-0.092301428318024,0.056309424340725,-0.063335448503494,1
-0.19815704226494,-0.04432874917984,0.11244112998247,1
-0.15081110596657,0.036974377930164,-0.042256250977516,1
0.076053321361542,0.21918510645628,-0.063175939023495,1
-0.18609404563904,0.089742206037045,-0.079963460564613,1
-0.011152565479279,-0.16345294564962,-0.080279968678951,1
-0.083977878093719,0.0040877759456635,-0.011344321072102,1
-0.070768177509308,0.038518704473972,-0.052395038306713,1
0.091755628585815,0.1799974963069,0.026889286935329,1
0.041136741638184,0.086112968623638,-0.011043764650822,1
0.03553569316864,0.23309760540724,0.14602879434824,1
-0.028485834598541,-0.18249241262674,0.079553909599781,1
-0.01522958278656,-0.19396868348122,0.1233182027936,1
-0.12264969944954,0.1085713878274,0.086374364793301,1
-0.1540601849556,0.20475532859564,0.11573829501867,1
-0.20504885911942,0.10423899441957,-0.063619591295719,1
0.065073311328888,0.10115011781454,-0.0033494308590889,1
0.12618535757065,0.23694058507681,-0.020218431949615,1
0.12131088972092,-0.13616533949971,0.030555181205273,1
0.10186392068863,0.088559530675411,0.0034455731511116,1
-0.1336904168129,0.19381269067526,-0.058896891772747,0
0.010995745658875,0.22276648133993,-0.06150895357132,1
-0.1954048871994,0.10492790490389,-0.089736506342888,1
-0.021577715873718,-0.27365673333406,-0.061095543205738,1
0.097118854522705,-0.20622348040342,0.080969236791134,1
0.0096663236618042,0.14948263019323,0.038874886929989,1
0.19803315401077,0.19082247465849,0.077933557331562,1
0.00013816356658936,0.2010163590312,0.00054705888032913,1
0.08542937040329,-0.23084358125925,-0.050091303884983,1
-0.018087327480316,0.24149217456579,0.14820200949907,1
-0.1924746632576,0.069229058921337,0.14192133396864,1
0.12188816070557,0.10423070937395,-0.027642987668514,1
0.11134606599808,0.11736094206572,0.035076193511486,1
0.1439653635025,-0.21265683323145,0.012315198779106,1
0.085848569869995,-0.15266795828938,-0.079865679144859,1
0.0010343194007874,-0.17332375049591,-0.029273018240929,1
-0.16377747058868,0.076971597969532,0.17249209433794,1
-0.047532439231873,0.062603496015072,-0.053809858858585,1
-0.12504035234451,-0.13989581167698,0.052171461284161,1
-0.22902858257294,0.067990906536579,-0.045975804328918,1
-0.050567507743835,-0.0054737254977226,0.0099902078509331,1
-0.08426433801651,-0.23458156734705,0.073086805641651,1
-0.059398233890533,-0.065851148217916,-0.0020452812314034,1
-0.022553205490112,0.11606446653605,-0.084388561546803,1
0.13540470600128,0.18013259023428,-0.049591362476349,1
-0.22562539577484,-0.13177916035056,-0.023640282452106,1
0.10344910621643,0.20025482028723,-0.092951528728008,1
-0.18770387768745,0.019138909876347,0.10514657944441,1
-0.07679209113121,0.085399396717548,-0.012115813791752,1
0.060524344444275,0.15258192270994,0.0456587895751,1
0.017352640628815,-0.078482570126653,0.0094107612967491,1
0.12802332639694,-0.22319786995649,0.12517336755991,1
-0.069605201482773,-0.024511948227882,0.01588287204504,1
0.057861506938934,-0.082663772627711,0.006813608109951,1
0.14856421947479,-0.2174433618784,-0.079653352499008,1
0.086196899414062,-0.071239460259676,0.0066821053624153,1
0.029620409011841,0.2861281260848,0.044511072337627,1
-0.091944843530655,0.2548199519515,0.11373595148325,1
-0.079625815153122,-0.1841024979949,-0.064554959535599,1
0.13528561592102,0.18730434030294,-0.024552002549171,1
-0.033641219139099,0.1702731475234,0.076975844800472,1
0.12403559684753,0.22977780550718,0.052458800375462,1
-0.21171724796295,-0.10034687706502,0.035556055605412,1
-0.0070232748985291,0.071036897599697,-0.0044927522540092,1
-0.022008836269379,-0.075899131596088,0.0052647218108177,1
-0.16003561019897,0.10142482072115,0.061408407986164,1
0.14602982997894,0.15238850563765,-0.076524794101715,1
-0.19856444001198,-0.005737192928791,0.19200127571821,1
-0.04425173997879,0.013890773057938,-0.028760835528374,1
0.16057854890823,0.20424079149961,0.0032206773757935,1
0.024780750274658,0.093350045382977,-0.035878628492355,1
-0.070691287517548,0.058566100895405,-0.053259544074535,1
0.12138116359711,0.19537397474051,0.0057738572359085,1
0.020649254322052,-0.14292217418551,-0.023652769625187,1
-0.25204050540924,-0.01358924806118,0.001097209751606,1
0.062478005886078,-0.25248790532351,0.11950612813234,1
-0.017776787281036,0.11937310546637,0.0091961398720741,1
-0.02447521686554,-0.22910640388727,-0.077893100678921,1
-0.070948541164398,-0.08431532792747,-0.012827895581722,1
0.10167545080185,0.19679515808821,0.073225744068623,1
-0.02911502122879,-0.20815378427505,0.067132063210011,1
0.056653916835785,0.085105903446674,-0.054456919431686,1
-0.12097695469856,0.10841611772776,-0.078651152551174,1
0.078637063503265,0.094921253621578,0.0098166689276695,1
-0.16129305958748,0.073342077434063,0.057067237794399,1
0.13830876350403,0.16000410169363,-0.067267425358295,1
0.057073354721069,0.26717516034842,0.089391686022282,1
0.063940584659576,0.22220464795828,0.091691978275776,1
0.17593663930893,-0.16577042639256,0.16719726473093,1
-0.10694748163223,-0.17601694911718,0.12196499854326,1
0.11703956127167,0.19874124974012,0.063689492642879,1
0.074089467525482,0.068453602492809,-0.034875243902206,1
-0.019560992717743,-0.076159857213497,0.008556567132473,1
-0.098461389541626,0.066069014370441,0.0051294788718224,1
-0.065729945898056,0.11925936490297,-0.023905076086521,1
0.029808878898621,0.25678654760122,-0.073246456682682,1
-0.012970685958862,-0.14422574266791,-0.0076627135276794,1
-0.1667003929615,-0.099653274053708,0.1083374992013,1
-0.10889959335327,-0.067768208682537,-0.03054678440094,1
-0.12471714615822,-0.25130956619978,0.024643272161484,1
-0.15785413980484,-0.081753872334957,-0.013115294277668,1
-0.14843338727951,0.086663402616978,-0.030126839876175,1
0.065647423267365,-0.048160225152969,-0.014598272740841,1
0.081845581531525,0.1891105696559,0.21496031433344,1
0.1125556230545,0.19031771272421,0.085230447351933,1
0.049266040325165,0.19338696449995,-0.057733960449696,1
0.057071924209595,0.14522253721952,-0.0081130340695381,1
-0.047814607620239,0.13108851760626,-0.08590479195118,1
-0.044248759746552,-0.047703862190247,-0.014409430325031,1
-0.13875353336334,0.062030874192715,-0.0040663555264473,1
-0.1511894762516,-0.080650499090552,0.0062569454312325,1
0.0056807398796082,-0.2529819086194,0.096525557339191,1
-0.045659124851227,-0.27998957782984,-0.012234956026077,1
-0.029471635818481,-0.15000585094094,0.040981940925121,1
-0.093207806348801,-0.068987775593996,-0.017197601497173,1
0.045130908489227,-0.24665040522814,-0.063421957194805,1
0.016587495803833,0.06444900482893,-0.013065822422504,1
-0.053309768438339,-0.22958747297525,-0.054915763437748,1
0.16831737756729,0.16810940951109,-0.041061170399189,1
-0.048936903476715,0.21227606385946,0.092834837734699,1
-0.14158773422241,0.056008256971836,-0.032842509448528,1
-0.24910041689873,0.046256773173809,0.045740835368633,1
-0.20667111873627,0.093597792088985,0.047474347054958,1
-0.055789083242416,0.010023877024651,-0.044123068451881,1
0.11155354976654,-0.25284021347761,-0.054977230727673,1
0.036355435848236,-0.12359336391091,-0.015091441571712,1
0.043404519557953,-0.099293680686969,-0.054949298501015,1
0.051178514957428,0.22587438672781,0.061251699924469,1
-0.06799727678299,-0.11820003204048,-0.00099557638168335,1
-0.069260716438293,0.17104186862707,0.070971019566059,1
-0.13747119903564,-0.058204803615808,0.027918763458729,1
-0.065563291311264,-0.1722494289279,-0.058910816907883,1
-0.094099342823029,0.019853018224239,0.016762338578701,1
0.010931372642517,0.14742758125067,0.039949253201485,1
-0.033584773540497,0.14040269702673,-0.043913587927818,1
-0.10808819532394,-0.039153803139925,0.039544023573399,1
-0.12507990002632,0.18834435194731,0.044369705021381,1
0.046566426753998,0.092493541538715,-0.014099292457104,1
0.055890321731567,0.24719991534948,0.061112597584724,1
0.19297534227371,-0.17161878943443,-0.0014918819069862,1
0.06054276227951,0.074031673371792,-0.013006076216698,1
0.10396206378937,-0.18806946277618,0.009787030518055,1
-0.014803826808929,0.17823018878698,0.042247839272022,1
-0.22191706299782,-0.072920298203826,0.077545993030071,1
0.02610832452774,0.26734476536512,0.055492728948593,1
-0.07026270031929,-0.25296724587679,-0.016592778265476,1
-0.13453391194344,0.13716810196638,0.026047699153423,1
0.13002890348434,-0.12658384628594,0.019303552806377,1
-0.16795885562897,0.21650638431311,0.046202056109905,1
0.051699936389923,-0.1330557949841,0.015477687120438,1
-0.17051595449448,-0.17894776165485,0.022174291312695,1
0.1292610168457,0.13017778843641,-0.073929265141487,1
0.054725885391235,0.050411187112331,-0.0039418563246727,1
0.13863164186478,0.20965155214071,0.014530494809151,1
-0.10118126869202,0.075797714293003,0.030274547636509,1
-0.075989276170731,0.1513511762023,0.07552631944418,1
-0.13017100095749,-0.1072265165858,0.083538867533207,1
-0.029008209705353,-0.20617680996656,0.19085035473108,1
0.021969318389893,0.2208584472537,0.16973490267992,1
0.026718974113464,-0.22060531377792,0.11522395163774,1
-0.17940652370453,0.049342431128025,-0.080129310488701,1
0.083528280258179,0.06730767339468,0.020673759281635,1
-0.21126022934914,0.03497751802206,0.090967766940594,1
-0.033817231655121,-0.21751011162996,0.046887770295143,1
0.049021422863007,-0.25080759078264,0.12703687697649,1
-0.11473688483238,-0.10640149656683,0.02636181563139,1
-0.05304080247879,-0.023632027208805,0.0006352886557579,1
0.059334218502045,0.28761484473944,0.012527219951153,1
0.04379016160965,-0.14698454737663,-0.011254094541073,1
-0.11185485124588,0.050137527287006,-0.023865222930908,1
-0.058760762214661,0.2514519020915,0.14665661007166,1
-0.095653712749481,-0.17403966933489,0.15863449126482,1
-0.17128375172615,-0.16762649267912,0.043729089200497,1
0.013953387737274,0.11859042197466,-0.016632713377476,1
0.016447424888611,-0.27748303860426,0.033575415611267,1
0.095524728298187,0.071189619600773,-0.038553975522518,1
0.075196087360382,-0.21847286075354,0.18190140277147,1
-0.13455483317375,-0.22883392125368,0.072686828672886,1
-0.002320408821106,0.054560400545597,-0.011700809001923,1
0.18223947286606,-0.18367271125317,-0.011402405798435,1
0.14990216493607,0.22384389489889,0.13571757823229,1
-0.031369864940643,-0.02532559633255,0.0023161992430687,1
0.036312758922577,-0.16187988221645,-0.035522736608982,1
0.071475565433502,-0.1861807256937,0.045739285647869,1
0.093906700611115,0.2294675335288,0.067195631563663,1
0.040647804737091,-0.150649741292,0.050504900515079,1
-0.036116182804108,-0.24188012629747,0.03896402567625,1
0.037978708744049,-0.08688981179148,0.015079863369465,1
-0.05201256275177,0.07073562592268,-0.01764764636755,1
-0.058188855648041,0.15650012344122,0.030581682920456,1
-0.086211174726486,-0.037988476455212,-0.006064273416996,1
0.13515973091125,-0.20015119016171,0.059198550879955,1
-0.033437073230743,0.28564219921827,-0.0017229244112968,1
0.10530239343643,-0.10875151865184,0.037636838853359,1
0.047031879425049,0.072163157165051,0.0091175213456154,1
0.16843348741531,-0.25087431818247,-0.0071905851364136,1
0.028165817260742,-0.19816370308399,0.10766825824976,1
0.10087078809738,0.22586163133383,-0.089552991092205,1
0.16175979375839,0.14486368745565,-0.043343372642994,1
-0.056433081626892,-0.0040073990821838,0.015419997274876,1
0.16050320863724,-0.15586316213012,-0.04331361502409,1
0.20841920375824,0.20969315618277,0.044969856739044,1
-0.07993346452713,0.028187654912472,-0.067156344652176,1
-0.14688271284103,0.0098416432738304,-0.087609458714724,1
-0.071418434381485,0.036089070141315,-0.03289357572794,1
-0.05429744720459,-0.01334572583437,-0.018067397177219,1
0.14081501960754,-0.16480139642954,0.11489541083574,1
0.067582190036774,-0.082420462742448,-0.014987491071224,1
0.031800746917725,0.08175415545702,-0.016081251204014,1
-0.099193692207336,-0.14301842078567,-0.035008199512959,1
0.038834393024445,0.19480308145285,0.016183510422707,1
0.097953975200653,-0.26631317287683,-0.036551676690578,1
-0.11006930470467,-0.18537761271,0.16551481932402,1
-0.027939975261688,-0.17708930373192,0.0018230304121971,1
-0.16515648365021,-0.16778060048819,0.14599628001451,1
-0.10525366663933,0.20053204149008,0.10546085983515,1
0.020522952079773,0.12517636269331,-0.023805655539036,1
-0.076805114746094,0.021070227026939,-0.023989848792553,1
0.04184228181839,-0.077171765267849,-0.016803562641144,1
0.026363849639893,0.15907599776983,0.050800576806068,1
-0.16214200854301,-0.010148555040359,0.0032614544034004,1
-0.015206634998322,0.2589193508029,0.012148454785347,1
-0.2003715634346,0.072889231145382,0.11019705981016,1
-0.24215599894524,9.9673867225647e-05,0.0924007371068,1
-0.1363228559494,0.076162584125996,-0.043040387332439,1
0.098862707614899,0.083183474838734,0.008672259747982,1
0.034743547439575,0.10131361335516,-0.00050730258226395,1
0.096121370792389,-0.11972169391811,0.03113266825676,1
-0.04986172914505,-0.1798006221652,0.036130115389824,1
0.14434397220612,0.19781690090895,0.0018042325973511,1
0.039942979812622,-0.29504121094942,0.047486342489719,1
0.057580232620239,-0.20538901537657,0.0014815405011177,1
0.069066047668457,-0.064173005521297,-0.010430432856083,1
-0.06530624628067,0.25471916049719,0.074965782463551,1
-0.12553402781487,0.17587824910879,0.03989427536726,1
0.12670814990997,-0.25342089682817,0.059010215103626,1
-0.20819398760796,0.12540777772665,-0.049692764878273,1
0.071246564388275,-0.26308504492044,-0.019120998680592,1
0.069688320159912,-0.071117322891951,-0.020463593304157,1
0.027316331863403,0.19390764087439,-0.042285442352295,1
0.11147034168243,0.1966939792037,-0.057792238891125,1
-0.057439684867859,0.24238982051611,-0.031229898333549,1
0.10729825496674,0.20791282504797,0.18934965878725,1
0.048934280872345,-0.20766285061836,0.14946288615465,1
0.053229570388794,0.093797959387302,0.010658383369446,1
-0.11192053556442,-0.0055464059114456,-0.055424056947231,1
0.16136211156845,-0.17080716788769,0.19794929772615,1
-0.088534623384476,-0.20238716155291,-0.023819305002689,1
-0.069862514734268,0.17521395534277,-0.040212482213974,0
-0.12375259399414,-0.22198311239481,0.025769472122192,1
-0.093567132949829,-0.15981793776155,0.099970750510693,1
-0.093999207019806,0.10770317167044,-0.045056350529194,1
0.043963611125946,-0.1853104531765,0.083401091396809,1
-0.17540508508682,0.096440903842449,0.19135884195566,1
-0.13623467087746,0.11556793004274,-0.08081167191267,1
-0.2016499042511,0.036326937377453,0.16082025319338,1
-0.10080122947693,0.035084895789623,0.00068695098161697,1
-0.24073821306229,0.038880996406078,0.060551516711712,1
0.13802963495255,0.2360582575202,0.10374876111746,1
-0.24445739388466,-0.0071966797113419,0.023776076734066,1
0.0094889998435974,-0.074149264022708,0.0027362480759621,1
-0.069937884807587,-0.0011050701141357,0.0081255659461021,1
0.065831363201141,-0.212651707232,0.10756542533636,1
0.14365518093109,0.19382142275572,-0.073336154222488,1
0.026708781719208,-0.20759475976229,0.0958336815238,1
-0.01531058549881,-0.20486732572317,0.12941966205835,1
-0.15271523594856,0.12175496667624,0.10243194550276,1
-0.051353693008423,0.16961400955915,-0.094721540808678,1
0.14192062616348,0.15381520241499,-0.049208395183086,1
0.012245416641235,0.080720476806164,0.017238117754459,1
-0.03106015920639,-0.2228485122323,0.17632455378771,1
-0.036305606365204,-0.26547116786242,-0.068231664597988,1
0.11309134960175,0.1029465124011,0.01604039222002,1
-0.15503698587418,-0.13613171502948,0.11318656057119,1
-0.16067886352539,0.1482945010066,0.15961245447397,1
-0.14678195118904,-0.10439300071448,-0.058086976408958,1
-0.24790665507317,-0.076102068647742,0.046285681426525,1
-0.19423395395279,0.14416895061731,0.13366853445768,1
-0.1272782087326,-0.0073399394750595,-0.0014404430985451,1
0.084364473819733,0.24513079971075,0.088741026818752,1
-0.10039013624191,0.17362340539694,0.19402145594358,1
-0.06938511133194,-0.1672945395112,-0.079010479152203,1
-0.071032911539078,-0.27099896222353,-0.026322819292545,1
0.044964909553528,-0.12033214047551,-0.048142537474632,1
-0.17692089080811,-0.014969892799854,0.20295084267855,1
0.087740957736969,0.2472453340888,-0.053773015737534,1
-0.063882887363434,0.11852780729532,-0.026988364756107,1
0.19386267662048,-0.23221912235022,-0.0086206719279289,1
-0.19587188959122,-0.072974607348442,0.017713688313961,1
0.021812438964844,0.22480421513319,0.15063828974962,1
0.039060235023499,0.14094045013189,-0.01444236189127,1
0.024761199951172,0.21067263931036,-0.021432034671307,1
-0.17819362878799,0.10602406412363,0.038330085575581,1
0.070816159248352,0.16996227949858,0.025158524513245,1
-0.029312372207642,-0.19600491225719,-0.043329350650311,1
-0.1756683588028,-0.050209928303957,0.073099933564663,1
0.054309546947479,-0.2138043269515,0.058137029409409,1
0.10747468471527,0.27501254528761,0.057603299617767,1
-0.21565851569176,-0.070137741044164,-0.04254774749279,1
0.074997246265411,-0.12567739188671,-0.087583586573601,1
-0.22214522957802,0.12324377149343,0.016991980373859,1
-0.1066457927227,-0.079605357721448,-0.067016310989857,1
-0.045120060443878,0.16308023780584,-0.041898168623447,1
0.03372710943222,-0.26572688668966,0.088902272284031,1
-0.13359731435776,0.016578681766987,-0.066490039229393,1
-0.074090898036957,0.024510748684406,0.0035758689045906,1
-0.065505683422089,0.24991612881422,0.016629658639431,1
-0.032061517238617,0.25489278882742,0.097387962043285,1
-0.058945596218109,0.20951467007399,0.1567112877965,1
-0.10107487440109,0.081435926258564,-0.093803353607655,1
-0.073988676071167,-0.094508338719606,0.0071230605244637,1
-0.072368025779724,-0.018574543297291,-0.013140343129635,1
-0.2489900290966,0.011240966618061,0.10082871466875,1
-0.037142097949982,0.16345968097448,0.056683868169785,1
-0.14700490236282,0.064108721911907,-0.074988380074501,1
-0.16194403171539,0.19936688989401,0.11826280504465,1
0.15268248319626,-0.14021862670779,0.09314601868391,1
-0.027343511581421,0.26668976992369,0.10235936194658,1
-0.05874490737915,0.21361889690161,0.029466688632965,1
0.1411110162735,-0.11859143897891,-0.063013024628162,1
-0.17087090015411,0.18803726881742,0.10776839405298,1
-0.15747737884521,0.15253134816885,0.14185922592878,1
0.054004549980164,0.16279902309179,-0.032011441886425,1
-0.099726408720016,0.13605988770723,0.060654781758785,1
-0.18223160505295,-0.10539719322696,-0.074132464826107,1
0.084885120391846,-0.14249601215124,-0.070612110197544,1
-0.05030944943428,-0.074012653902173,-0.04653937369585,1
-0.14921882748604,0.22743996232748,0.043565325438976,1
-0.033046960830688,0.097398780286312,-0.055587120354176,1
0.021565198898315,0.22221656888723,0.076637364923954,1
-0.0026900768280029,0.27084024995565,0.11155120283365,1
-0.15092921257019,-0.069687984883785,0.054659195244312,1
-0.16512763500214,-0.055316992104053,-0.026622034609318,1
-0.1438362300396,-0.11332349665463,-0.055781103670597,1
-0.043052554130554,0.21673884242773,0.10268894582987,1
0.036296308040619,-0.1295587271452,-0.079641193151474,1
0.066290199756622,-0.18621980398893,0.086138807237148,1
0.020307302474976,0.18491911143064,0.05273000895977,1
-0.13314723968506,-0.14113365858793,0.14227242022753,1
-0.090664684772491,-0.21488885581493,0.062699750065804,1
0.032352030277252,-0.089569686912,0.0025473833084106,1
0.016068696975708,0.16980569809675,0.042499355971813,1
0.04750394821167,0.17664953321218,-0.010191813111305,1
-0.10430082678795,0.0021823197603226,0.0022877082228661,1
0.17143303155899,-0.15074641257524,-0.037445537745953,1
0.015625834465027,-0.20454413443804,-0.079981915652752,1
-0.16547501087189,0.052538074553013,0.093872241675854,1
-0.1604298055172,-0.17862601578236,0.09018561989069,1
-0.17229902744293,0.051069609820843,0.11605126410723,1
0.086961030960083,0.10966848582029,-0.043069265782833,1
0.062317430973053,0.05762692540884,-0.020862020552158,1
0.10689300298691,-0.24537501484156,-0.044325157999992,1
0.10375207662582,0.23159500211477,0.041268698871136,1
-0.16996356844902,0.04875960201025,0.054226852953434,1
-0.062351077795029,-0.075636383146048,0.014407850801945,1
0.12825310230255,0.23742770403624,0.087967939674854,1
0.14383774995804,-0.14929585531354,0.017924256622791,1
-0.14010384678841,0.012749426066875,0.029987134039402,1
0.022744119167328,-0.21883328258991,0.19098477810621,1
0.11068147420883,0.20786046236753,0.16114271432161,1
0.043185830116272,-0.12198878824711,-0.06791714578867,1
0.011727809906006,-0.097589812241495,0.001012422144413,1
0.0030507445335388,0.090322948992252,0.0087563022971153,1
0.19932436943054,0.21142690628767,-0.02109482139349,1
0.063261091709137,-0.15529004856944,-0.065851800143719,1
-0.18624365329742,0.15003453940153,-0.070967055857182,1
-0.1060243844986,-0.21242276579142,-0.031086198985577,1
0.10439068078995,-0.088428782299161,-0.075718283653259,1
-0.15139606595039,-0.0091666057705879,-0.07945279031992,1
-0.10199531912804,-0.17272384464741,0.064650073647499,1
-0.10788601636887,0.17481332272291,0.14000860601664,1
0.2078378200531,0.20206358283758,0.06891455501318,1
-0.22175458073616,-0.044501800090075,0.097724460065365,1
0.067356765270233,0.11735137552023,0.016826599836349,1
0.076936781406403,-0.19941221922636,0.083754666149616,1
-0.0099578499794006,-0.057184942066669,-0.02550745010376,1
0.067495405673981,-0.21336830407381,-0.036487892270088,1
0.055980503559113,-0.14540964365005,-0.0060915052890778,1
0.14661926031113,0.18156983703375,0.11652935296297,1
0.065687775611877,0.059768848121166,-0.0034012943506241,1
-0.12710604071617,-0.18616628646851,0.16470461338758,1
-0.038337588310242,-0.26893723756075,0.010267689824104,1
-0.12135231494904,0.15319629758596,0.066420070827007,1
-0.21053665876389,0.14755322784185,-0.048483617603779,1
-0.058239370584488,0.042809821665287,0.013853780925274,1
-0.18182116746902,-0.062192071229219,0.063261948525906,1
0.057942807674408,0.12370949238539,-0.063609153032303,1
-0.046149909496307,-0.052460730075836,0.0055490806698799,1
0.0089855194091797,-0.20933987945318,-0.022950693964958,1
0.040622651576996,-0.083290707319975,-0.0053148716688156,1
0.015159845352173,-0.06588613986969,-0.010295078158379,1
-0.11359909176826,-0.046051129698753,0.02403686195612,1
0.015993654727936,-0.12004602514207,-0.0002753809094429,1
-0.050575643777847,0.24676182121038,0.1505386158824,1
0.045728743076324,0.13222981244326,-0.084147728979588,1
-0.061038047075272,-0.12101622670889,0.021873846650124,1
-0.029594123363495,-0.036417111754417,-0.015039570629597,1
0.18714445829391,0.16665177792311,0.16259179264307,1
0.018807113170624,0.10341925173998,-0.069960117340088,1
0.12380701303482,-0.10765324439853,0.00063369423151016,1
0.12801998853683,0.17538996785879,0.036861747503281,1
0.040330946445465,0.10736384242773,-0.053361877799034,1
0.07461953163147,-0.087307967245579,0.0068928673863411,1
0.20610719919205,-0.18470776826143,0.15761440247297,1
-0.0041337609291077,0.14381422847509,-0.072122432291508,1
-0.017201602458954,0.04649505764246,0.00017804652452469,1
0.09950464963913,0.22273650020361,0.17125303298235,1
0.014937698841095,0.10529459267855,-0.013833329081535,1
-0.09383100271225,0.11067303270102,-0.063986100256443,1
-0.14138635993004,-0.23179201036692,0.05170364677906,1
-0.036019504070282,0.0097971707582474,-0.017689190804958,1
-0.062442541122437,-0.19024327397346,0.16340359300375,1
-0.13945445418358,0.065928228199482,-0.024142183363438,1
0.016327261924744,-0.18893507868052,0.057652853429317,1
-0.17774531245232,0.15905987471342,0.14326854795218,1
0.022031009197235,0.088525928556919,0.021460264921188,1
0.14010399580002,0.14469435065985,0.010339692234993,1
0.064943969249725,-0.26826273649931,0.016674034297466,1
-0.1511167883873,-0.16846767067909,0.11973557621241,1
-0.029422581195831,0.019379578530788,-0.010395772755146,1
0.0071147084236145,-0.092480994295329,0.01501726359129,1
-0.10349667072296,-0.1743371412158,0.029171578586102,1
0.070086002349854,0.217001311481,0.030945338308811,1
-0.050729632377625,0.140225879848,-0.020908392965794,1
-0.010760366916656,-0.064347062259912,0.0075572058558464,1
0.18490332365036,-0.1886010915041,0.0050569400191307,1
-0.055426001548767,-0.092694531660527,0.012941993772984,1
-0.20115423202515,0.094836451113224,0.0076034441590309,1
-0.092047184705734,0.066069699823856,-0.039719611406326,1
-0.18507319688797,0.099937938153744,-0.042637273669243,1
0.030082643032074,0.10379359871149,0.0232849791646,1
0.11844366788864,-0.13863933831453,0.0058973357081413,1
0.074049234390259,-0.07035906240344,0.016617007553577,1
0.022713840007782,-0.10980436764657,0.016818426549435,1
-0.1953681409359,0.16875752061605,-0.022003583610058,1
0.0013462901115417,-0.068883620202541,-0.0058504268527031,1
-0.019499957561493,-0.12403360009193,-0.062658302485943,1
0.074953496456146,-0.05592917650938,-0.0013707056641579,1
-0.24070876836777,0.081978000700474,-0.0029927417635918,1
0.091872870922089,-0.072143187746406,-0.0052132830023766,1
-0.11076158285141,0.079455338418484,-0.014473520219326,1
0.069259583950043,-0.19364564865828,0.20948699861765,1
0.098640859127045,0.12751554697752,-0.058283969759941,1
0.14688831567764,0.22523828595877,-0.072893872857094,1
0.050031960010529,0.25280430167913,0.083517663180828,1
-0.11743307113647,0.030719839036465,-0.078599683940411,1
-0.124526232481,0.22984816879034,0.089548073709011,1
-0.0022183060646057,-0.053834468126297,-0.0038765370845795,1
-0.014587759971619,0.20920880883932,0.19062025099993,1
0.11910659074783,-0.12030754424632,-0.029648475348949,1
-0.19118073582649,0.069332234561443,0.050045840442181,1
-0.16159021854401,0.13310842961073,0.033237971365452,1
0.14753723144531,-0.20577667653561,-0.085959516465664,1
0.055101811885834,-0.19790198653936,-0.09579449146986,1
0.11225831508636,0.091514773666859,-0.052871771156788,1
0.040147364139557,-0.16885418444872,0.054064519703388,1
0.036913990974426,0.23243250697851,0.019782982766628,1
-0.068195044994354,0.039564423263073,-0.054532967507839,1
0.07695472240448,0.24939530342817,-0.079788871109486,1
-0.26398277282715,0.014823980629444,0.032344169914722,1
-0.094503909349442,-0.10096160043031,-0.053203351795673,1
-0.054820120334625,0.18466659635305,-0.081620015203953,1
0.13292616605759,-0.18715862184763,0.16501391679049,1
0.017870187759399,-0.078784251585603,0.0094074830412865,1
0.018836259841919,0.085825435817242,0.0056782141327858,1
0.040245294570923,0.084327064454556,-0.0037521049380302,1
0.10201358795166,0.12659355252981,-0.0075846984982491,1
-0.17106023430824,-0.0065197050571442,-0.059589177370071,1
0.074202477931976,-0.23461609333754,-0.058496549725533,1
-0.098154693841934,0.12511680275202,-0.087378345429897,1
0.16067719459534,-0.16376212984324,0.017569474875927,1
0.040590047836304,-0.12251790799201,0.010029003024101,1
0.043051421642303,0.24688296765089,0.13812427967787,1
-0.058367133140564,0.13648704439402,0.054908908903599,1
-0.030097186565399,0.27098383754492,0.059741728007793,1
0.07022351026535,0.17817347496748,0.068655706942081,1
0.058664977550507,0.050789706408978,-0.008902981877327,1
-0.029836714267731,-0.075277648866177,-0.022982455790043,1
0.079243779182434,-0.091817973181605,-0.015820048749447,1
0.036787927150726,0.18844064325094,-0.10096022486687,1
-0.11509937047958,-0.02213616669178,-2.0809471607208e-05,1
-0.0055451989173889,-0.078309461474419,-0.0099961385130882,1
-0.12270548939705,0.16700574010611,0.16106302291155,1
-0.054548919200897,-0.051439017057419,0.00865488499403,1
0.058964312076569,-0.21185895055532,0.060795895755291,1
0.083130061626434,0.11350268870592,0.0087547153234482,1
-0.11985957622528,0.069728784263134,0.020228810608387,1
-0.042744040489197,0.038150988519192,-0.00099744647741318,1
-0.058367550373077,0.18295254558325,0.19938636571169,1
-0.036630511283875,0.071794636547565,0.016666121780872,1
-0.16430881619453,0.14669012278318,0.064182601869106,1
-0.17791163921356,-0.074802638962865,0.15116646140814,1
-0.14078804850578,-0.144242528826,0.05089994519949,1
-0.11113703250885,-0.02948310226202,0.018721021711826,1
-0.026591956615448,-0.26481463760138,0.059057071805,1
0.13909155130386,-0.21845886111259,-0.05413293838501,1
0.064256608486176,-0.22791033238173,0.1124674603343,1
-0.0048825144767761,-0.10223483131267,-0.012643583118916,1
0.11484795808792,-0.26807505637407,0.025601163506508,1
0.1726006269455,-0.2132321447134,-0.0092933401465416,1
0.01758599281311,0.13416220992804,-0.03630780428648,1
-0.047954082489014,0.22625281661749,-0.086631581187248,1
-0.14715954661369,-0.019799567759037,-0.016757793724537,1
-0.019980251789093,-0.066598638892174,0.00389114767313,1
-0.18325573205948,-0.051716849207878,-0.079319484531879,1
0.086695373058319,0.24384149163961,0.0045388117432594,1
-0.004121720790863,-0.21199265122414,-0.067342095077038,1
-0.083905816078186,-0.20343981683254,0.090817295014858,1
-0.00038009881973267,0.26291277259588,-0.037083856761456,1
-0.051064968109131,-0.10392608540133,-0.0088100507855415,1
-0.086450636386871,0.19570293277502,0.11561492830515,1
0.10677117109299,-0.14087048918009,0.03413899987936,1
-0.15996116399765,0.088849879801273,0.017403073608875,1
-0.16760689020157,-0.060517106205225,0.06055673211813,1
-0.096851080656052,-0.038327563554049,0.020676843822002,1
-0.020589530467987,-0.16761986166239,0.043053723871708,1
-0.021208345890045,-0.060590703040361,-0.012488521635532,1
0.0071834325790405,0.18176832050085,-0.067219272255898,1
-0.10640859603882,-0.028923600912094,0.02486202865839,1
0.14942103624344,-0.18818408995867,-0.036378957331181,1
-0.012921035289764,-0.06525281816721,0.011123009026051,1
0.063105285167694,0.12086830288172,-0.040808975696564,1
-0.13317757844925,0.054300509393215,-0.055704735219479,1
-0.038066983222961,0.14479786902666,-0.034114941954613,1
-0.17016160488129,0.037478066980839,0.10433914512396,1
0.13380980491638,0.26214440912008,0.053745873272419,1
-0.17928451299667,0.081341646611691,-0.063705019652843,1
0.0072790384292603,-0.15084535628557,0.010700091719627,1
-0.033991634845734,0.023720115423203,-0.020132638514042,1
-0.23874625563622,0.044624544680119,0.012135930359364,1
0.074742138385773,-0.11747798323631,0.020596459507942,1
-0.18132796883583,-0.15132810920477,-0.039338119328022,1
-0.13776463270187,-0.099480043398216,0.22586710005999,1
0.021329641342163,0.075698785483837,-0.013285957276821,1
-0.15774285793304,-0.12106402590871,0.0021999701857567,1
-0.14639464020729,-0.10520800715312,0.13440046459436,1
-0.13297012448311,-0.16370067745447,0.18313462287188,1
-0.12580487132072,0.13599645346403,-0.0090087428689003,1
0.10779911279678,0.24137454479933,0.035484530031681,1
0.090720355510712,-0.071879558265209,-0.045705519616604,1
-0.20052462816238,0.046153463423252,-0.033656522631645,1
0.081744790077209,-0.20043484121561,-0.009348563849926,1
-0.16420754790306,-0.13705947995186,0.16559586673975,1
0.14197951555252,0.15800663083792,0.007485531270504,1
0.17281132936478,0.20558550208807,0.08224768191576,1
0.039441227912903,0.19939442723989,-0.077393352985382,1
0.14310598373413,0.16298814862967,-0.049130521714687,1
0.010214507579803,0.11075644940138,-0.0010892227292061,1
0.015297591686249,-0.23903132230043,0.045504905283451,1
-0.08087494969368,-0.014497637748718,-0.045565940439701,1
-0.1228338778019,-0.0072369202971458,-0.068707041442394,1
0.096176028251648,-0.14812840148807,-0.010720402002335,1
-0.0019568800926208,-0.27311638742685,0.12013126164675,1
-0.20995265245438,-0.036710500717163,0.071672461926937,1
-0.042437613010406,-0.13804257661104,-0.077007852494717,1
-0.066275358200073,0.12882020324469,-0.0080243274569511,1
-0.044285416603088,-0.14514629170299,0.056470900774002,1
0.12242341041565,-0.1237620934844,0.011797212064266,1
0.010168373584747,0.16224636882544,-0.070845477283001,1
0.073549866676331,-0.13323414698243,0.028755471110344,1
-0.018707752227783,0.069451026618481,-0.028998784720898,1
-0.17549911141396,-0.18984340876341,0.088059462606907,1
-0.18838602304459,0.095694087445736,-0.0083450749516487,1
-0.10317406058311,-0.0087815672159195,0.033155806362629,1
-0.11860153079033,-0.015350192785263,0.014597289264202,1
-0.066617608070374,0.085800983011723,-0.07897662371397,1
-0.20742571353912,0.097662396728992,0.045903213322163,1
0.11911410093307,-0.17964885383844,0.12146461755037,1
-0.15057152509689,-0.17692099511623,-0.067436389625072,1
-0.17851883172989,-0.095814154017717,0.16458705812693,1
0.16285234689713,-0.2153339907527,0.019111163914204,1
-0.1615543961525,0.11117238551378,0.020563922822475,1
0.093502700328827,0.11203525215387,0.012688122689724,1
0.040950894355774,0.24864142388105,0.017727598547935,1
-0.048852980136871,0.021340988576412,-0.036887608468533,1
-0.14866417646408,-0.13727783039212,0.065993942320347,1
-0.026285529136658,-0.1102849021554,-0.002222090959549,1
0.0016241669654846,0.14039804786444,0.024494461715221,1
-0.12127676606178,-0.21428845822811,0.058399394154549,1
0.060759723186493,-0.094452746212482,0.011413857340813,1
-0.18662852048874,-0.026586316525936,0.089492343366146,1
-0.19292694330215,0.13125712424517,0.0084522739052773,1
-0.025313138961792,0.075595416128635,0.0062737241387367,1
-0.11705213785172,0.19688182324171,0.091048084199429,1
0.13908076286316,-0.16626224666834,-0.051754735410213,1
-0.11103183031082,-0.14748924970627,0.20606753975153,1
0.059671938419342,0.23399140685797,0.063184700906277,1
-0.1574635207653,-0.1104638138786,-0.062070898711681,1
0.15296626091003,0.1834918782115,0.11454714089632,1
0.088263332843781,-0.27340493351221,0.039573453366756,1
-0.034709930419922,-0.23880306631327,-0.027144365012646,1
-0.05681249499321,0.1937440559268,0.11391729861498,1
-0.20776543021202,-0.028644062578678,0.13665731996298,1
0.071063101291656,0.24170260876417,0.034770838916302,1
0.036275327205658,-0.090416625142097,0.0016094669699669,1
-0.025225758552551,0.07826142758131,0.016817025840282,1
0.079082727432251,-0.26562631875277,0.12233258038759,1
-0.12738618254662,0.2148659452796,-0.051716230809689,0
-0.1012995839119,0.16801541298628,-0.0073806717991829,1
-0.10598176717758,-0.025618478655815,-0.032274663448334,1
-0.20696792006493,-0.051408208906651,0.12489073723555,1
-0.10881823301315,-0.10552017390728,-0.054827161133289,1
0.028872132301331,0.057728819549084,-0.0013013407588005,1
0.085826635360718,0.24606486409903,0.056429669260979,1
-0.10049960017204,0.043875478208065,-0.0033952370285988,1
0.091341614723206,0.10788892954588,0.0060735791921616,1
0.077567517757416,-0.056582950055599,-0.022617734968662,1
0.11132222414017,-0.18015424907207,-0.097119607031345,1
-0.027124106884003,-0.12774921767414,-0.0041609406471252,1
-0.063921958208084,0.025669671595097,0.0041445717215538,1
-0.10605353116989,0.13455025106668,-0.053219847381115,0
-0.070586055517197,0.23122414201498,-0.049944572150707,0
-0.14112392067909,0.16853304952383,0.18439994007349,1
-0.073437422513962,-0.0044563114643097,-0.0015278980135918,1
-0.10791498422623,0.0041849985718727,0.0016257241368294,1
-0.010381758213043,-0.086372714489698,-0.055590763688087,1
-0.020811855792999,-0.21159426122904,0.039826989173889,1
-0.054131925106049,0.11429303139448,0.025114186108112,1
0.03379362821579,0.10871828347445,0.013128608465195,1
-0.13736411929131,0.040826179087162,-0.070430867373943,1
-0.1282154917717,-0.13392586633563,0.1699428036809,1
0.11224806308746,-0.099033720733132,-0.025324337184429,1
-0.071899980306625,0.087920717895031,-0.04148692637682,1
0.11787062883377,-0.11068120412529,-0.016314543783665,1
-0.019044578075409,0.098126851022243,-0.061657965183258,1
-0.20519551634789,-0.060176253318787,0.053365163505077,1
-0.034112811088562,0.1786732301116,0.046987637877464,1
0.0082769393920898,-0.17841054499149,0.063029401004314,1
0.064657866954803,0.089768014848232,-0.044972568750381,1
-0.12816363573074,-0.14811339974403,-0.01887071877718,1
-0.11690831184387,0.0039844512939453,-0.053605742752552,1
-0.098702728748322,-0.12704143859446,-0.056645758450031,1
-0.19305831193924,-0.19693846255541,0.054448969662189,1
-0.022310674190521,0.14699096232653,0.034446768462658,1
-0.09992727637291,0.001599594950676,-0.052080638706684,1
0.08887642621994,-0.072886366397142,-0.029431127011776,1
0.075135052204132,-0.2869316264987,-0.0080667659640312,1
-0.083672285079956,-0.22910129278898,-0.021665096282959,1
-0.016888380050659,-0.057137217372656,0.0039576217532158,1
0.026422083377838,0.2786838337779,0.095642454922199,1
0.11149644851685,0.13143444806337,-0.053551830351353,1
-0.05496734380722,0.20179941505194,0.069478534162045,1
0.043418109416962,-0.16015738993883,0.02336348593235,1
-0.11513942480087,0.11243300884962,-0.057197757065296,1
-0.13248899579048,-0.10969447996467,-0.030192352831364,1
-0.010478436946869,0.082179762423038,0.015209220349789,1
-0.15547871589661,0.06428986042738,-0.047873042523861,1
-0.017169177532196,-0.11683111079037,-0.03099799901247,1
-0.031612455844879,0.03277712315321,-0.022320427000523,1
-0.076608568429947,-0.27703192085028,0.031232707202435,1
-0.038803696632385,0.056228347122669,-0.0217260196805,1
0.1533687710762,0.14045862108469,-0.03268725425005,1
-0.1195532977581,0.23276277631521,0.10213919728994,1
0.16738486289978,-0.20434737950563,0.1620407178998,1
-0.046758949756622,-0.07960900478065,0.027385674417019,1
-0.03653222322464,0.13776876777411,-0.014359146356583,1
0.17670792341232,0.16472174972296,0.011747814714909,1
0.067922294139862,-0.1482740342617,-0.04279151558876,1
-0.00026100873947144,-0.15207516774535,-0.01728692650795,1
-0.16553503274918,-0.15352568775415,-0.053619749844074,1
-0.066409349441528,-0.15365589782596,0.029026567935944,1
-0.19930151104927,-0.079080183058977,0.14365921169519,1
0.11117738485336,-0.19276225566864,0.10385326296091,1
-0.1213750243187,-0.17437309771776,-0.064272940158844,1
-0.10922095179558,-0.091333816759288,0.027942679822445,1
-0.10080289840698,-0.13011904247105,0.071110107004642,1
0.059132874011993,-0.19914045184851,0.052820414304733,1
-0.22519668936729,0.072402112185955,0.066646166145802,1
0.051557242870331,0.22860332578421,0.055262967944145,1
0.0047122836112976,-0.068947590887547,-0.00019200891256332,1
0.10648667812347,0.22099112719297,0.1869139149785,1
-0.14567917585373,-0.23124109953642,-0.0074843913316727,1
0.045265793800354,0.097012393176556,0.024154655635357,1
-0.16470783948898,0.0031778812408447,-0.051047824323177,1
-0.24136337637901,-0.11550628952682,0.054711826145649,1
-0.018982827663422,0.062300212681293,-0.018923796713352,1
0.0061303377151489,0.25390597432852,-0.06677583605051,1
-0.032325625419617,0.061346508562565,0.01326347142458,1
-0.024243295192719,-0.032116360962391,-0.0033246204257011,1
-0.23531317710876,0.086057059466839,0.10718988627195,1
0.17654669284821,-0.23192322999239,0.067242793738842,1
-0.17571392655373,-0.18813977390528,0.074329130351543,1
-0.21178242564201,0.12228158861399,0.14290011674166,1
-0.07191014289856,-0.070045540109277,-0.023372732102871,1
-0.017912089824677,-0.20942419022322,-0.056462302803993,1
-0.0027576088905334,-0.14618794620037,0.0078997910022736,1
-0.12031182646751,0.12426846474409,0.031195856630802,1
-0.013922810554504,-0.084301613271236,-0.044504076242447,1
-0.25724515318871,0.013905219733715,0.10073841363192,1
-0.0824855864048,0.00379678606987,-0.05257723480463,1
0.079776883125305,-0.27332396060228,-0.04537907242775,1
-0.012576043605804,-0.1359821036458,-0.074900694191456,1
0.082778811454773,-0.059427298605442,-0.0083827897906303,1
0.089785158634186,0.15696965903044,-0.092404067516327,1
-0.11574593186378,0.14414896816015,-0.022784195840359,1
0.019527494907379,-0.064245246350765,-0.00095613300800323,1
-0.11259686946869,0.031738318502903,-0.0077190026640892,1
-0.16717764735222,0.19358213990927,0.049349509179592,1
-0.091863006353378,0.19856002181768,0.054394751787186,1
-0.10309979319572,-0.16485968232155,0.17441570013762,1
-0.052398562431335,-0.16188756376505,0.021078661084175,1
0.13663232326508,-0.16965974867344,0.091406412422657,1
-0.18785199522972,-0.056349318474531,0.078697495162487,1
0.0087772011756897,-0.1298540700227,0.018149606883526,1
-0.15361967682838,0.10805856436491,0.036191649734974,1
-0.019960522651672,-0.16477899253368,0.0089692398905754,1
-0.0076966881752014,0.073837734758854,-0.019165493547916,1
-0.030290901660919,-0.19861677289009,0.20763874799013,1
0.033145189285278,0.10589975863695,-0.049113899469376,1
-0.014573633670807,0.10538885742426,0.013100378215313,1
0.16695696115494,-0.17117216438055,0.12978770583868,1
0.075716912746429,-0.19785493612289,0.062180764973164,1
0.0082801580429077,0.26617144793272,0.052837379276752,1
-0.044279932975769,-0.1821516007185,0.036679714918137,1
-0.056928277015686,-0.052881252020597,-0.064199425280094,1
0.059355854988098,0.25785582512617,0.14372170716524,1
-0.10758027434349,-0.093469408806413,-0.03400395065546,1
0.18787652254105,-0.17702808231115,0.048196218907833,1
-0.14593344926834,-0.15624826774001,-0.0014562681317329,1
-0.026571571826935,-0.097662218380719,-0.067102938890457,1
0.07644248008728,0.081420950591564,-0.025968961417675,1
-0.16405829787254,-0.045240473002195,-0.059012480080128,1
0.19264143705368,0.1879388615489,0.12546638399363,1
0.096494853496552,-0.22694409638643,-0.085950158536434,1
-0.17536616325378,-0.025709338486195,0.047472663223743,1
-0.18846246600151,-0.084596186876297,-0.028527855873108,1
0.032645881175995,-0.18629966676235,0.086115084588528,1
0.045059144496918,-0.062671210616827,-0.0074646025896072,1
0.11372941732407,0.14377892762423,-0.035955429077148,1
0.21594488620758,0.2003041729331,-0.013973422348499,1
-0.18979650735855,-0.047944243997335,0.16709492355585,1
0.12289607524872,0.21167265623808,0.035251699388027,1
-0.19718408584595,0.028549902141094,-0.030337609350681,1
-0.0913365483284,-0.14517552778125,-0.035552695393562,1
0.040330767631531,0.19019740074873,-0.099915187805891,1
-0.14812460541725,0.17699467390776,-0.009946845471859,1
0.10630649328232,-0.211998000741,-0.042669646441936,1
0.029240846633911,0.18721719831228,-0.016706794500351,1
0.018426120281219,0.18906050175428,-0.085362330079079,1
-0.20144337415695,-0.12135563790798,0.048878990113735,1
0.17523449659348,0.17993139475584,0.18885266035795,1
0.058459222316742,0.13466715067625,0.029748573899269,1
0.047760307788849,-0.098568314337172,0.011123053729534,1
-0.2295837700367,-0.07581453025341,-0.069309659302235,1
-0.075899660587311,0.059039689600468,-0.030543334782124,1
-0.015754222869873,0.11611842364073,0.02764380723238,1
0.064396739006042,0.048071093857288,-0.018706075847149,1
-0.22467768192291,0.0099093616008759,0.021848089993,1
0.11411392688751,0.097993291914463,-0.067783199250698,1
-0.13131630420685,0.045328609645367,-0.025278069078922,1
-0.22270125150681,0.079362370073795,0.11511570960283,1
-0.17823225259781,0.085469476878643,-0.021872878074646,1
-0.15531784296036,0.065877296030521,-0.030147425830364,1
-0.073507279157639,0.0055234655737877,-0.037954650819302,1
0.15251618623734,-0.20322807133198,0.083246119320393,1
-0.033778250217438,-0.28588568419218,0.056068390607834,1
-0.11642807722092,0.033117316663265,0.024318225681782,1
-0.066553622484207,-0.02116521447897,0.019486539065838,1
-0.12103134393692,0.059624381363392,0.0076510831713676,1
0.15706145763397,-0.19687990099192,0.094823248684406,1
-0.053412646055222,0.23113679140806,0.1376650556922,1
0.050099194049835,-0.16490954905748,0.02599224448204,1
0.059382438659668,-0.18931403756142,-0.080681622028351,1
-0.10067939758301,0.076834224164486,-0.073101915419102,1
0.031023442745209,0.19473376125097,-0.031782530248165,1
-0.073297381401062,-0.0082569867372513,-0.0066707357764244,1
-0.10975974798203,0.1395074352622,0.058713890612125,1
0.085337579250336,-0.19301822036505,0.18863392621279,1
-0.070051491260529,-0.047935981303453,-0.012515835464001,1
-0.10096418857574,0.034465081989765,-0.036868825554848,1
0.041326105594635,0.07541648298502,-0.012259669601917,1
-0.097554475069046,0.16924419254065,0.15779490023851,1
0.07738208770752,0.055217213928699,0.0094255432486534,1
-0.19604998826981,0.031193025410175,0.11722906678915,1
0.11498910188675,0.16364710777998,-0.10066507011652,1
0.010726809501648,-0.09153716173023,-0.0049966648221016,1
0.011451721191406,0.22011818736792,0.025945030152798,1
0.090977430343628,0.095078431069851,-0.072679288685322,1
-0.03491485118866,-0.095235370099545,-0.01107494533062,1
-0.022307336330414,0.16220911592245,-0.0060294419527054,1
-0.091237008571625,-0.035930328071117,-0.062965176999569,1
0.0174560546875,0.24789159744978,0.16027399152517,1
-0.039648354053497,0.11010190099478,-0.006579615175724,1
0.024325549602509,-0.059385973960161,-0.0019648745656013,1
0.13795036077499,-0.20002561062574,0.11375648528337,1
-0.15806201100349,0.16102343052626,-0.064802728593349,1
-0.13964968919754,0.11516397446394,0.08924051374197,1
-0.065192371606827,-0.012816786766052,0.0019974187016487,1
0.019857704639435,0.16476928442717,-0.042424365878105,1
-0.14829081296921,0.12705291062593,-0.074733383953571,1
-0.091142266988754,-0.055133622139692,0.011486656963825,1
0.11567968130112,-0.10639477334917,-0.080027006566525,1
-0.036929190158844,0.080528624355793,-0.065668903291225,1
-0.092258810997009,0.11726745218039,0.055852629244328,1
-0.023521482944489,-0.031175568699837,0.0040416941046715,1
-0.18463414907455,0.13451392203569,-0.012067370116711,1
-0.090601712465286,0.10238512605429,-0.034980602562428,1
-0.095291525125504,-0.20362965762615,-0.077010400593281,1
0.14754182100296,0.15489181131124,0.042727082967758,1
0.084254264831543,-0.21363175660372,0.12510818988085,1
0.027168273925781,0.25953581184149,0.022783398628235,1
-0.061032742261887,-0.035232439637184,0.022786475718021,1
-0.20294490456581,0.024330668151379,-0.0013673231005669,1
-0.0087795853614807,-0.075024491176009,-0.042832687497139,1
-0.05017963051796,-0.1176939252764,0.004441000521183,1
0.0026416182518005,-0.075525708496571,-0.02220955491066,1
-0.13900271058083,0.14162199944258,-0.070273645222187,0
0.20739251375198,-0.19063033908606,0.12073326855898,1
-0.16759234666824,0.19517546147108,-0.042966984212399,1
-0.0093867182731628,-0.11336418241262,-0.063980527222157,1
-0.13284051418304,-0.11156508140266,-0.036316864192486,1
0.11063522100449,0.28292053192854,0.017200239002705,1
0.18806713819504,-0.16663549095392,-0.015472017228603,1
0.18536573648453,0.20354666560888,0.071083851158619,1
-0.13992166519165,-0.049283731728792,0.02324590831995,1
-0.057860761880875,-0.044291105121374,0.016925521194935,1
-0.16331434249878,-0.18397060781717,-0.043535657227039,1
0.039590239524841,0.17471756786108,-0.086499929428101,1
-0.21269902586937,-0.050879962742329,0.088744767010212,1
-0.054630368947983,-0.2344169691205,0.14953754097223,1
-0.14322805404663,0.12141943722963,-0.081460766494274,1
-0.069663912057877,0.14604523032904,-0.018851287662983,1
-0.18824195861816,0.025837503373623,0.18875799328089,1
-0.06910040974617,-0.037465319037437,0.020010255277157,1
-0.11385753750801,-0.11877415515482,0.079406015574932,1
-0.037392318248749,0.11682737618685,-0.0007464736700058,1
0.1742359995842,0.18078511208296,0.18622953444719,1
-0.24812960624695,-0.044417794793844,0.11609771102667,1
-0.11908560991287,-0.19474650174379,0.15270150452852,1
-0.18579405546188,0.10875382274389,-0.070039480924606,1
0.14082938432693,-0.15461080148816,0.10049449652433,1
-0.074708551168442,0.013180263340473,-0.0019346252083778,1
-0.031484842300415,-0.025858275592327,-0.0088693276047707,1
-0.097777336835861,-0.039630528539419,-0.01515444368124,1
-0.013129115104675,0.25574978441,0.0076748505234718,1
-0.01549905538559,-0.20942180603743,0.086815752089024,1
0.015109181404114,-0.08354340493679,0.0012455508112907,1
-0.099999129772186,0.24689077585936,-0.056194879114628,0
0.062746405601501,0.091722838580608,-0.0017151460051537,1
0.062864184379578,0.21114628762007,0.082442484796047,1
-0.078053176403046,-0.094886327628046,0.025470174849033,1
0.092549979686737,0.27392094582319,0.046505428850651,1
0.0070565342903137,0.065635107457638,-0.025296546518803,1
-0.10293874144554,-0.013023726642132,-0.059068463742733,1
-0.045451521873474,0.017051361501217,0.0040061250329018,1
0.16413754224777,-0.15347264707088,0.091531194746494,1
0.11645674705505,-0.22774272412062,-0.073307707905769,1
0.17387408018112,0.18333365768194,0.095581032335758,1
0.033167243003845,-0.097860946785659,0.010358408093452,1
0.051715850830078,0.12924777716398,0.0060076788067818,1
-0.036064088344574,-0.038988277316093,-1.5817582607269e-05,1
-0.14490637183189,-0.17693775892258,-0.083751328289509,1
0.042454898357391,-0.12384007498622,-0.022018373012543,1
-0.020172476768494,0.03495816141367,-0.0041942372918129,1
-0.12713378667831,0.094342969357967,0.077262453734875,1
0.043375134468079,0.11403376609087,-0.025899700820446,1
-0.13063013553619,0.14541821926832,0.077991835772991,1
-0.18960562348366,-0.076648820191622,-0.095595970749855,1
0.17829918861389,0.2071373090148,0.10983104258776,1
0.076197564601898,-0.2123958542943,0.17144257575274,1
-0.12964871525764,-0.11089349258691,0.097250513732433,1
-0.015082776546478,-0.24875051528215,-0.046314582228661,1
-0.096076816320419,-0.12663056701422,-0.057213760912418,1
0.037169575691223,0.16764818876982,0.053640358150005,1
-0.013471901416779,0.06744235008955,-0.017344020307064,1
-0.20084276795387,-0.060086883604527,0.014122165739536,1
-0.18469607830048,-0.1327743716538,0.018481574952602,1
0.03788834810257,-0.15056379511952,-0.0082424730062485,1
0.016576528549194,0.17089050263166,0.019002676010132,1
0.063948452472687,-0.13278346508741,0.011594213545322,1
-0.12894520163536,-0.21187584847212,0.14701897650957,1
0.00038832426071167,-0.05526565015316,-0.0033241212368011,1
-0.21436828374863,0.069866351783276,-0.071593791246414,1
-0.080619513988495,0.11961077898741,0.039339683949947,1
-0.046505272388458,-0.18827980011702,0.065740346908569,1
-0.17074260115623,-0.070573726668954,-0.064654931426048,1
0.025087535381317,-0.092473972123116,-0.011832632124424,1
-0.016000330448151,0.16295667737722,-0.0365851521492,1
-0.14918899536133,-0.069495480507612,0.092264421284199,1
-0.16704404354095,-0.19268563389778,0.13329672068357,1
-0.20255720615387,-0.087782084941864,-0.081418909132481,1
0.070325791835785,-0.10962359700352,-0.075130589306355,1
0.20890361070633,0.20982154458761,0.11212918907404,1
0.01399028301239,0.083343409001827,0.014460772275925,1
-0.018511593341827,0.15145330876112,-0.051966458559036,1
-0.084322214126587,0.044093795120716,0.017050422728062,1
-0.11767056584358,0.072619549930096,0.026164717972279,1
0.097640216350555,-0.18626843392849,0.12036941200495,1
0.079930365085602,-0.067238107323647,0.0015912726521492,1
-0.077230930328369,-0.0088781267404556,0.020659811794758,1
0.15875637531281,0.17264955490828,0.14850936084986,1
0.15334486961365,0.23646932095289,-0.061794355511665,1
0.11820322275162,-0.18924652785063,-0.064691789448261,1
-0.10910114645958,-0.000672847032547,-0.027285270392895,1
0.11849582195282,-0.14759490638971,-0.088148169219494,1
-0.038954079151154,-0.16202674806118,0.054481826722622,1
-0.029218137264252,-0.13058488443494,0.020893909037113,1
-0.0055493116378784,0.10746888071299,-0.050606653094292,1
-0.064826458692551,-0.052259411662817,-0.028344579041004,1
-0.034728348255157,0.050279475748539,-0.023734204471111,1
0.024009585380554,0.22521185129881,-0.00087358057498932,1
-0.028213500976562,0.10111441463232,0.029600888490677,1
-0.1185114979744,0.10960002988577,0.00068419426679611,1
-0.0021525025367737,0.09141156822443,-0.01064782589674,1
0.071310043334961,0.071703545749187,-0.015700951218605,1
-0.04517275094986,0.077454961836338,0.019190020859241,1
-0.13215303421021,0.11213267594576,0.056039907038212,1
0.035372912883759,-0.18557541817427,-0.0083238407969475,1
0.11938858032227,-0.25164853781462,-0.073519363999367,1
0.022785484790802,-0.07750852778554,0.0098444074392319,1
-0.0036400556564331,-0.23454128950834,0.10475347191095,1
-0.0064961910247803,0.054038442671299,-0.0044652968645096,1
-0.078296303749084,-0.099937965918798,-0.056886829435825,1
-0.14843848347664,-0.15562509745359,-0.0096232071518898,1
0.041885912418365,-0.088877289555967,-0.038571573793888,1
-0.19849163293839,0.060782350599766,0.13298430293798,1
0.091687142848969,0.19357918947935,-0.032411739230156,1
0.11775434017181,0.12583770602942,-0.027697153389454,1
-0.040691554546356,-0.08754815813154,-0.013237752020359,1
-0.049253880977631,-0.16039965301752,0.059778280556202,1
0.18598705530167,-0.19466222077608,0.034520260989666,1
0.1964790225029,-0.2244888022542,0.019799865782261,1
0.092159986495972,0.15135582536459,-0.0041710436344147,1
0.052256882190704,-0.14035997539759,0.026512667536736,1
0.097369372844696,0.082086779177189,-0.059449128806591,1
-0.18572023510933,-0.10758553445339,-0.050966039299965,1
-0.20269799232483,-0.11954859085381,-0.010250471532345,1
-0.12533396482468,-0.14702792093158,-0.017754204571247,1
-0.16700172424316,-0.13375728949904,-0.015860848128796,1
-0.031064093112946,-0.07611732929945,-0.0096193626523018,1
-0.14836010336876,-0.10744300158694,0.096910618245602,1
-0.2116619348526,0.018626563251019,0.037075884640217,1
0.075421750545502,0.13000724464655,-0.052197299897671,1
-0.012242019176483,-0.081934813410044,-0.015268348157406,1
0.17878979444504,-0.20669469237328,-0.018310837447643,1
0.087169110774994,-0.17698360234499,-0.09760720282793,1
0.045540988445282,-0.087380930781364,0.021811716258526,1
0.045624375343323,-0.096856102580205,-0.028505302965641,1
-0.1555378139019,0.029510952532291,-0.051579780876637,1
-0.150076597929,0.13733664900064,0.082900308072567,1
0.0085580348968506,-0.19159375876188,-0.078572891652584,1
0.12526339292526,0.1104889139533,0.011406384408474,1
-0.15121066570282,0.12380770593882,0.050734914839268,1
-0.076761543750763,-0.089520514942706,-0.059501178562641,1
0.17364579439163,-0.19060514122248,-0.091033510863781,1
-0.11101484298706,-0.16674358397722,0.038698300719261,1
-0.1259084045887,0.10100100189447,-0.054724030196667,1
-0.1696375310421,-0.032690852880478,0.022692181169987,1
-0.076613128185272,-0.14893116801977,-0.035935066640377,1
0.02587628364563,-0.22990895062685,0.087321318686008,1
0.073121726512909,-0.057997103780508,0.0094519779086113,1
-0.022806167602539,-0.10420287819579,-0.0038842484354973,1
-0.21125656366348,0.052266128361225,0.050316549837589,1
-0.06000167131424,-0.12705651670694,-0.031955301761627,1
-0.06213167309761,0.037201277911663,-0.055246353149414,1
-0.038305222988129,0.062394522130489,-0.047207973897457,1
-0.16086980700493,0.095802031457424,0.17453920096159,1
-0.20378065109253,0.077208794653416,0.16806545108557,1
-0.21697017550468,-0.075384082272649,-0.055531732738018,1
-0.1967026591301,-0.096345821861178,0.14646930247545,1
-0.21620923280716,-0.080555213615298,-0.00060274451971054,1
-0.03543096780777,0.25788988918066,-0.068512536585331,1
0.094713985919952,-0.12924631685019,-0.029401049017906,1
-0.16196498274803,-0.009517639875412,-0.087601006031036,1
-0.0172159075737,-0.12093143351376,-0.024653352797031,1
-0.11122345924377,0.042069889605045,-0.045995205640793,1
0.1356828212738,-0.19638765603304,0.15082327276468,1
-0.17229041457176,-0.19061628729105,0.053542859852314,1
0.12047469615936,0.18716727942228,0.055858254432678,1
0.050861179828644,-0.20295890420675,0.086236782371998,1
-0.038477718830109,0.057889513671398,-0.019925348460674,1
-0.12991282343864,-0.056646522134542,-0.013423837721348,1
-0.016262650489807,-0.23123679310083,0.055051572620869,1
-0.010292112827301,-0.19236006587744,0.082913406193256,1
0.19272214174271,-0.20583214610815,0.025682099163532,1
0.035689234733582,0.1114891692996,-0.0040134117007256,1
-0.094205409288406,0.11321987956762,0.01321680098772,1
-0.031683385372162,0.22909431904554,0.01500342041254,1
0.085614144802094,-0.075545417144895,-0.03744351118803,1
-0.11434784531593,-0.12281167507172,-0.029775969684124,1
-0.089922815561295,0.15786754339933,0.1151000931859,1
-0.048209488391876,0.13095285743475,0.050678014755249,1
-0.21456509828568,-0.018424615263939,0.12685082107782,1
-0.19676810503006,-0.096298669464886,-0.076321400702,1
0.0010008811950684,0.15552224963903,-0.054411895573139,1
-0.12804076075554,-0.068637497723103,-0.065905377268791,1
0.016133904457092,0.19025697559118,0.03419890999794,1
0.14125865697861,0.21862926334143,0.10635418444872,1
-0.069756925106049,-0.10506398789585,-0.021742217242718,1
0.047030031681061,0.060048185288906,-0.017711646854877,1
-0.10135823488235,-0.11975315771997,-0.034217514097691,1
-0.080023229122162,-0.23253779858351,-0.075226716697216,1
0.06077766418457,0.076935894787312,-0.043355390429497,1
-0.15086457133293,0.12781145423651,0.10701989382505,1
0.080018162727356,0.075027413666248,-0.043957352638245,1
-0.048530876636505,0.19169422239065,0.18866085261106,1
-0.06278470158577,0.21293162554502,0.052356727421284,1
0.033150374889374,-0.089049628935754,-0.046689584851265,1
-0.11575347185135,-0.059081017971039,-0.076421655714512,1
0.12468534708023,0.26258157938719,0.10823721438646,1
0.098569869995117,0.20875170081854,-0.084793411195278,1
0.050227403640747,-0.074694320559502,0.010623268783092,1
-0.068636119365692,-0.17861615121365,0.0099978148937225,1
0.0058096051216125,-0.05929646641016,0.0036635100841522,1
-0.12823751568794,-0.12237634137273,-0.0040250644087791,1
-0.017616033554077,-0.095782407093793,-0.040593452751637,1
-0.043345868587494,-0.024720244109631,-0.0064912810921669,1
0.05234569311142,0.10676535218954,0.0014082491397858,1
-0.00017094612121582,0.072385586798191,-0.038215167820454,1
-0.20281848311424,0.091927252709866,-0.016525574028492,1
-0.14939126372337,-0.17011818289757,0.034809745848179,1
-0.24273270368576,0.022326990962029,0.018193371593952,1
-0.19937852025032,-0.039418466389179,0.058210633695126,1
0.062151730060577,-0.084639796055853,-0.0041164234280586,1
0.11223787069321,-0.21836178004742,0.15462746471167,1
0.12609225511551,-0.18957068026066,0.019463866949081,1
-0.021569013595581,0.14599011093378,0.043987244367599,1
-0.058334439992905,0.22894956916571,0.019961796700954,1
0.082675755023956,-0.22167579084635,0.12790042907,1
-0.18837359547615,-0.026148445904255,-0.050830841064453,1
0.070639073848724,-0.21712823957205,0.18237742036581,1
-0.05214124917984,-0.16260650753975,0.041683837771416,1
-0.041049003601074,0.20214664191008,-0.030167691409588,1
-0.15680146217346,-0.09929855610244,-0.014833845198154,1
0.10060834884644,0.18362861126661,-0.015904806554317,1
-0.15435236692429,-0.16856546700001,0.10951835662127,1
0.041676223278046,0.066776312887669,0.005826823413372,1
-0.12346032261848,0.22706928104162,-0.021486930549145,0
-0.17825251817703,-0.00083412975072861,0.13727667182684,1
0.045829117298126,0.078769586980343,-0.0030142292380333,1
-0.097482889890671,-0.16873709112406,0.068419598042965,1
-0.059101164340973,0.20612379163504,-0.0078191757202148,1
0.055523693561554,-0.18043815344572,0.038230545818806,1
-0.10898774862289,0.13527861982584,0.077660374343395,1
-0.10172519087791,-0.1362998560071,-0.030135460197926,1
-0.051886826753616,-0.047852568328381,0.010051108896732,1
-0.043994128704071,0.13786243647337,-0.040319010615349,1
-0.20788162946701,0.093463115394115,-0.058521084487438,1
-0.00037169456481934,-0.16952959448099,0.067178905010223,1
0.041440069675446,0.11530400067568,0.0056359991431236,1
-0.085691213607788,-0.088721149601042,0.035321153700352,1
-0.12145236134529,-0.095388707704842,0.027609817683697,1
0.094778716564178,0.10021363943815,-0.041328907012939,1
-0.012150406837463,0.097164399921894,0.024311050772667,1
-0.025037944316864,-0.080551294609904,-0.046070083975792,1
-0.14509278535843,0.090016670525074,-0.072818763554096,1
0.14106684923172,0.1611407622695,-0.0060219615697861,1
0.10504484176636,-0.13344846665859,-0.043529361486435,1
-0.20114290714264,-0.029588885605335,0.1189868375659,1
0.061918139457703,0.12438186258078,-0.031158126890659,1
-0.093866020441055,0.035304479300976,-0.035745643079281,1
0.15481013059616,-0.18853672593832,-0.086748950183392,1
-0.039855539798737,-0.19684286415577,0.036615781486034,1
-0.067947447299957,-0.14334522560239,-0.051758542656898,1
0.069598078727722,0.14583084732294,-0.0084210634231567,1
-0.048460960388184,-0.073318399488926,-0.017276175320148,1
0.049707233905792,-0.17960993200541,-0.016674242913723,1
-0.089874714612961,-0.07390496507287,0.012820698320866,1
-0.12200602889061,-0.076586166396737,-0.085125342011452,1
-0.2316427230835,0.0090042874217033,0.038329772651196,1
-0.055634111166,0.25306900590658,0.1169705465436,1
0.097801387310028,-0.11368302442133,0.017589621245861,1
0.20431917905807,-0.19389297813177,-0.056847162544727,1
-0.033633232116699,-0.19706270843744,0.12601865082979,1
0.10368454456329,0.2069895491004,0.018749140202999,1
-0.097941815853119,0.033904813230038,0.024201609194279,1
-0.16363307833672,-0.2052166312933,0.10253190249205,1
-0.011052668094635,-0.20822987705469,-0.037684746086597,1
0.048769891262054,0.18437647074461,0.053493522107601,1
-0.10126069188118,0.21385403722525,0.083242811262608,1
-0.25038212537766,-0.015815809369087,0.047760300338268,1
-0.13657966256142,-0.070750333368778,0.017378516495228,1
-0.23232865333557,0.092410810291767,-0.0060089752078056,1
-0.050381511449814,-0.12232742831111,0.010297283530235,1
-0.12148264050484,0.1970963999629,0.10865288227797,1
-0.054831862449646,-0.0091614499688148,0.00097490102052689,1
0.10851526260376,-0.19363458454609,-0.082429260015488,1
-0.16498458385468,0.067798517644405,0.049179844558239,1
-0.19691967964172,-0.10053176683141,-0.047473080456257,1
-0.079045206308365,0.065686263144016,-0.027279682457447,1
-0.051302522420883,-0.064842015504837,-0.01644080132246,1
0.16351586580276,-0.19865108281374,0.094964854419231,1
0.0088042020797729,0.079704947769642,-0.0085729882121086,1
-0.014487385749817,-0.14844821020961,0.031306214630604,1
0.060935258865356,0.081590346992016,0.0073055997490883,1
-0.11686369776726,-0.064362339675426,-0.014698438346386,1
-0.05292084813118,0.073029212653637,0.013365156948566,1
-0.24214592576027,0.049606390297413,-0.032080791890621,1
-0.036697804927826,0.17876859754324,0.063604228198528,1
-0.11556234955788,-0.14890973269939,-0.0370187535882,1
-0.036281645298004,-0.11348441708833,-0.0049539804458618,1
0.1221176981926,0.23143612593412,-0.066261388361454,1
0.059986233711243,0.11907840520144,-0.04867047816515,1
-0.084448099136353,0.22516664117575,-0.082287721335888,0
0.14077943563461,-0.22589778155088,-0.066213294863701,1
0.14711314439774,-0.2593392059207,0.026845455169678,1
-0.01883739233017,-0.1335228048265,-0.02680578827858,1
-0.086298078298569,-0.064592260867357,-0.018115170300007,1
-0.17495188117027,-0.12258987314999,0.047861628234386,1
0.041152536869049,-0.08360811509192,0.0032187774777412,1
-0.10742726922035,0.10432574898005,-0.010617710649967,1
0.079388082027435,-0.23929939419031,0.16081293672323,1
0.1388481259346,-0.18962696194649,0.09039019793272,1
0.11223030090332,-0.11629148945212,-0.092444993555546,1
0.03001195192337,-0.12334217503667,-0.012804456055164,1
-0.13559049367905,0.074069298803806,0.04403243213892,1
-0.047929644584656,-0.042658675462008,9.9018216133118e-06,1
-0.070704340934753,0.13692113012075,-0.095636405050755,0
-0.14079481363297,0.11289715021849,0.051058731973171,1
-0.038455665111542,0.22633840888739,-0.066767305135727,1
-0.014746963977814,-0.051930159330368,-0.0078490301966667,1
-0.21334946155548,-0.057627107948065,0.09003908187151,1
-0.080375254154205,-0.10187883954495,-0.04031153768301,1
0.10574245452881,0.21760838478804,0.036269344389439,1
-0.084594875574112,0.029034025967121,-0.034541979432106,1
0.092175841331482,0.11807181686163,-0.035322785377502,1
0.14485627412796,-0.20500232279301,0.13415970653296,1
-0.14639899134636,-0.076386839151382,-0.00075661391019821,1
0.093404948711395,0.19583278149366,0.061996422708035,1
-0.0085943937301636,-0.20014157891273,0.13852138072252,1
0.18894326686859,-0.16962091624737,0.14280986040831,1
-0.14783275127411,-0.067805279046297,0.041871450841427,1
-0.019746243953705,-0.09605118772015,-0.020035035908222,1
-0.12041231989861,-0.19541637599468,-0.023573853075504,1
0.017681300640106,0.14287077635527,-0.03386602550745,1
0.11841613054276,0.17770614475012,-0.0044184774160385,1
-0.1943362057209,-0.014849506318569,-0.094021208584309,1
0.05888420343399,-0.162418294698,-0.028160870075226,1
-0.025292217731476,-0.05036960542202,-0.015042059123516,1
-0.046745240688324,0.10106443613768,-0.051102466881275,1
0.016204237937927,-0.064622767269611,-0.019468180835247,1
-0.16338533163071,-0.10422242991626,0.057925082743168,1
-0.040849089622498,-0.13221883401275,-0.06383852660656,1
0.058046638965607,0.13087736815214,-0.036343045532703,1
0.21530836820602,0.19153358787298,-0.037633843719959,1
-0.12960070371628,-0.019268348813057,0.046733878552914,1
0.10427093505859,0.2814721390605,0.059429474174976,1
-0.016761004924774,0.18371643871069,-0.07235324382782,1
-0.0011457204818726,0.12608239799738,-0.040320366621017,1
-0.061929553747177,0.029104419052601,0.0085247531533241,1
0.0011305809020996,-0.26457437127829,0.087510548532009,1
0.15659326314926,-0.17088032513857,0.042138434946537,1
0.085135221481323,0.16321080178022,-0.090259581804276,1
0.054650127887726,-0.29147811979055,0.028843194246292,1
0.046971261501312,-0.26404616981745,0.0056134611368179,1
-0.079383134841919,-0.10017310723197,0.040465943515301,1
-0.15585780143738,0.091807626187801,-0.020703501999378,1
0.17987304925919,-0.19209289550781,0.15779679268599,1
-0.063207238912582,-0.025058686733246,-0.00093730539083481,1
-0.13687285780907,-0.16609816998243,0.1482804492116,1
-0.095777004957199,0.0083011537790298,-0.060327269136906,1
-0.083366990089417,0.20712920278311,-0.03071104735136,0
-0.06805619597435,0.14160235971212,0.041448332369328,1
0.00019073486328125,-0.20764851570129,0.029050461947918,1
-0.00094705820083618,-0.15344274789095,-0.020994327962399,1
-0.047646462917328,0.048222236335278,-0.028706543147564,1
0.052239835262299,0.12732284516096,0.033759348094463,1
-0.052992165088654,-0.018100149929523,-0.012931950390339,1
-0.11695963144302,0.22185014933348,0.050135307013988,1
0.069138824939728,-0.13170350342989,-0.0048533007502556,1
-0.13256725668907,-0.069515941664577,0.057915262877941,1
-0.038115739822388,-0.094944356475025,-0.0020000040531158,1
-0.15956625342369,0.12376690655947,-0.010082148015499,1
0.011177003383636,-0.1471114680171,-0.0086977481842041,1
-0.029519975185394,-0.05352883040905,-0.027464769780636,1
-0.23627960681915,-0.086649809964001,-0.0045734420418739,1
-0.15011167526245,-0.01939482241869,0.045738331973553,1
0.061089158058167,-0.14241561666131,-0.054909840226173,1
-0.12012356519699,0.19093587249517,-0.064706139266491,0
0.097335636615753,0.249955765903,0.057518251240253,1
0.049120724201202,0.072834096848965,-0.042663402855396,1
-0.15940189361572,0.17380603402853,0.009060762822628,1
0.065010607242584,-0.2804849371314,0.0076632723212242,1
-0.023293435573578,-0.048433005809784,-0.024814911186695,1
-0.1954328417778,0.12404987961054,0.0076596662402153,1
0.13123065233231,-0.27268970757723,0.04128447920084,1
0.016449630260468,0.23221623152494,-0.055862694978714,1
0.15651786327362,0.20943551510572,0.16128075867891,1
0.088507831096649,-0.2569483295083,-0.026782371103764,1
-0.1574812233448,0.13237372785807,0.049725361168385,1
-0.17782342433929,0.032981194555759,0.11827353388071,1
-0.10438224673271,-0.19925338029861,-0.0010115727782249,1
-0.12664493918419,0.1552904471755,0.15231413394213,1
-0.034222781658173,0.21119909733534,-0.059233017265797,1
-0.095329821109772,0.05876836925745,-0.072292976081371,1
0.037795782089233,0.12589537352324,-0.071042746305466,1
-0.10868033766747,0.23876469582319,0.099675036966801,1
0.14078110456467,-0.18670920282602,0.015407897531986,1
0.15949130058289,0.21694480627775,-0.039655230939388,1
-0.020412504673004,0.07640527933836,-0.030085183680058,1
-0.21233108639717,-0.077861696481705,-0.082299754023552,1
0.073818862438202,-0.074926376342773,-0.048520959913731,1
-0.072853654623032,0.15656005591154,0.072105593979359,1
0.087482452392578,-0.18063931167126,-0.033772572875023,1
-0.077613651752472,0.052214361727238,0.016229875385761,1
0.082631766796112,-0.17635608464479,-0.087330602109432,1
-0.12518641352654,0.20825951546431,0.080441676080227,1
-0.13765496015549,0.15932535380125,0.13038062304258,1
0.091491520404816,-0.074004186317325,-0.037403039634228,1
-0.070994734764099,0.026350505650043,-0.051954500377178,1
0.0025476217269897,0.10176684707403,0.01454334706068,1
0.048324406147003,0.10779953747988,-0.065724797546864,1
-0.072786390781403,0.067598603665829,-0.00024337321519852,1
-0.1123029589653,0.083956830203533,-0.047387324273586,1
-0.2265941798687,0.063508443534374,0.12566202133894,1
0.0098670125007629,-0.20888409763575,0.10740587860346,1
0.040349245071411,0.073840580880642,-0.0064145103096962,1
-0.20490917563438,-0.07937934435904,-0.018465645611286,1
0.031138777732849,0.24143847078085,-0.026311695575714,1
0.084333598613739,0.078197859227657,0.019839741289616,1
0.07317703962326,-0.20454774051905,0.10582850128412,1
0.061342477798462,-0.061948161572218,0.0045508965849876,1
-0.21138215065002,0.060537166893482,0.047363333404064,1
0.074192643165588,-0.23288530856371,0.04757496714592,1
-0.15791082382202,-0.074398778378963,-0.061041980981827,1
0.14013761281967,-0.13066283427179,0.057538889348507,1
-0.091403752565384,0.19968124479055,-0.06517705321312,0
0.097059905529022,-0.19730999320745,0.10163807123899,1
-0.17770487070084,0.098015077412128,0.11213859170675,1
0.054631054401398,0.094564966857433,-0.0097715258598328,1
-0.13603124022484,-0.029642708599567,-0.056744210422039,1
0.00066614151000977,-0.14385229349136,-0.06625784933567,1
0.023384094238281,0.064370505511761,-0.00049645453691483,1
0.018669247627258,-0.25848104804754,0.13016659766436,1
-0.16957491636276,-0.10555879585445,0.089147783815861,1
-0.027869343757629,0.0053912326693535,0.0052104666829109,1
-0.019910633563995,0.19089176505804,0.22296512871981,1
-0.064402908086777,-0.019385635852814,-0.020946197211742,1
-0.10691696405411,-0.072181018069386,0.0041945949196815,1
-0.17763662338257,-0.1060963338241,0.16645715385675,1
-0.05943837761879,0.068481005728245,-0.034977771341801,1
-0.045380234718323,-0.19519679248333,0.092253588140011,1
0.13987678289413,0.18357279151678,0.037997521460056,1
0.033649802207947,0.27769037336111,-0.011509984731674,1
-0.13979616761208,-0.080158466473222,-0.0068821981549263,1
-0.20237651467323,-0.039166130125523,-0.010820843279362,1
-0.1956182718277,-0.11342341918498,0.034626848995686,1
0.11743271350861,-0.17445549368858,-0.034523829817772,1
-0.00031274557113647,0.21673166006804,0.11765681952238,1
0.022540688514709,-0.25183511525393,0.16543821245432,1
0.076084733009338,0.26245319098234,0.032742068171501,1
0.068858683109283,-0.24536543339491,-0.077444568276405,1
-0.086436539888382,-0.0059602856636047,-0.019967697560787,1
-0.16874486207962,-0.097860333742574,-0.070898361504078,1
-0.16139328479767,-0.17637577652931,-0.0033565834164619,1
-0.055294424295425,0.050962843000889,0.016592480242252,1
-0.22983795404434,-0.046938944607973,-0.065519154071808,1
-0.018499791622162,0.1232613697648,-0.026316940784454,1
-0.059680461883545,0.20745357125998,-0.048096284270287,0
-0.018998682498932,0.032133303582668,0.0058984234929085,1
-0.089844435453415,-0.23360300809145,0.13458348065615,1
-0.042412281036377,-0.20572337508202,-0.013559229671955,1
-0.19844207167625,0.013536490499973,-0.065419934689999,1
-0.072742968797684,-0.13829131051898,-0.025547340512276,1
-0.011394798755646,-0.14335428550839,0.044872976839542,1
-0.056013703346252,-0.25224135071039,0.064742222428322,1
-0.07616850733757,0.23826663941145,-0.048020221292973,0
-0.18415665626526,0.14688327163458,0.13862381130457,1
0.0095643997192383,0.10490813106298,-0.0091559961438179,1
-0.18134379386902,-0.040634833276272,0.12591283768415,1
-0.12658596038818,0.10545397549868,0.087127648293972,1
-0.010063946247101,-0.21040178090334,0.020854897797108,1
0.15007346868515,0.16983672231436,0.080611012876034,1
-0.11668500304222,-0.2176373898983,0.099332578480244,1
-0.14330643415451,0.14356622844934,-0.087836198508739,1
-0.079263031482697,0.17421450465918,-0.031609319150448,0
-0.01480895280838,-0.21608883142471,0.047105215489864,1
-0.066564440727234,0.09026550501585,0.035576991736889,1
-0.040598273277283,-0.15397870540619,0.02653344720602,1
0.18400722742081,0.24571343511343,0.052548356354237,1
-0.036043882369995,-0.22401823103428,0.19050154834986,1
0.068227648735046,-0.26633030921221,0.048302456736565,1
-0.05497932434082,-0.073554826900363,-0.028398595750332,1
-0.070644706487656,0.22894199937582,-0.048611231148243,0
0.03610897064209,-0.11728461459279,-0.011151693761349,1
0.049299538135529,0.23483257740736,-0.056600399315357,1
-0.098529398441315,0.072138525545597,-0.023749865591526,1
-0.19326695799828,-0.060374818742275,-0.018008165061474,1
0.029454112052917,-0.28585208207369,-0.013469435274601,1
-0.13745191693306,-0.15234022960067,0.052108950912952,1
-0.036684393882751,-0.13215896114707,-0.026447378098965,1
0.088215410709381,0.13414251059294,0.037843443453312,1
-0.01721864938736,-0.078801481053233,-0.040850408375263,1
0.097796320915222,0.23435276001692,0.086574412882328,1
-0.13839021325111,-0.13215246424079,0.039413414895535,1
-0.048331081867218,0.25138550251722,-0.017442718148232,1
-0.14989638328552,0.097417674958706,0.20540014654398,1
-0.04280948638916,-0.067432712763548,0.015172742307186,1
-0.18124234676361,0.11993368715048,0.058658041059971,1
0.047897040843964,0.083744339644909,0.0096570402383804,1
-0.028145730495453,-0.091275063343346,-0.049649007618427,1
0.080195128917694,-0.057401843369007,-0.031535647809505,1
-0.18649351596832,0.0042278543114662,0.18331534415483,1
-0.19931757450104,-0.08568414952606,0.16524601727724,1
0.047348082065582,-0.10329574160278,-0.035008668899536,1
-0.033832132816315,-0.10624848585576,-0.013714708387852,1
0.097430408000946,-0.25850773602724,0.041706576943398,1
-0.030675709247589,-0.16872907429934,0.023865297436714,1
-0.097433716058731,0.12434957176447,-0.0616599842906,1
0.053111791610718,0.046003334224224,0.0043718591332436,1
-0.1455357670784,-0.18447061628103,-0.054536990821362,1
-0.098970890045166,-0.054380409419537,0.0091626271605492,1
-0.15503561496735,0.07660586386919,0.036104954779148,1
0.15263551473618,0.17756956070662,-0.05964121222496,1
0.10383456945419,-0.14802116155624,-0.064496695995331,1
-0.071084707975388,-0.16859080642462,0.032496593892574,1
0.068215370178223,-0.11643325351179,-0.042957209050655,1
-0.10696849226952,0.014801554381847,0.030193470418453,1
0.03597891330719,0.079905025660992,-0.024705812335014,1
0.10311269760132,0.19880243390799,0.083736069500446,1
-0.0019990205764771,-0.17495492845774,-0.093330182135105,1
-0.10420089960098,-0.2074738368392,0.13750351220369,1
0.1304144859314,-0.22430766373873,0.13408274203539,1
0.15384447574615,0.15584700554609,0.033561654388905,1
0.19930297136307,0.2135197147727,0.011880800127983,1
0.046489715576172,0.11370830982924,-0.068854361772537,1
-0.053437441587448,-0.12209907732904,-0.038453713059425,1
-0.087451487779617,-0.029748134315014,0.026185296475887,1
0.090221107006073,-0.13326551020145,-0.087480135262012,1
0.07606440782547,0.18687932938337,0.011157885193825,1
-0.023295700550079,0.23462679237127,0.16564903408289,1
0.039574861526489,-0.14586546272039,0.010099463164806,1
0.009618878364563,0.2675894126296,0.065410532057285,1
-0.03730446100235,-0.056178085505962,-0.029092721641064,1
0.082816004753113,-0.14294404536486,-0.0094023793935776,1
-0.050291389226913,-0.27537743002176,0.050933368504047,1
-0.03053617477417,0.042759753763676,-0.027461312711239,1
-0.1690436899662,-0.097030750010163,0.03397748619318,1
0.11197489500046,0.16546752303839,-0.077319212257862,1
0.0043542385101318,0.1955836340785,0.029662914574146,1
-0.16986200213432,-0.14554768800735,0.15479148179293,1
0.039390563964844,-0.1895941272378,0.070553071796894,1
0.049444735050201,0.10987243801355,-0.019082747399807,1
0.043756186962128,0.077340833842754,-0.027766548097134,1
-0.0034181475639343,-0.16506451368332,0.064729660749435,1
-0.060057878494263,-0.037751354277134,-0.012502379715443,1
0.0030362606048584,0.22830333560705,0.028282776474953,1
0.17849117517471,0.19189079850912,-0.049978569149971,1
0.10228210687637,0.079513095319271,0.0093375071883202,1
-0.010856568813324,0.12209963053465,-0.020550295710564,1
-0.19210579991341,0.12679027765989,-0.01693470031023,1
-0.16951841115952,0.11188799887896,0.13634233921766,1
0.0092868208885193,-0.10287299053743,-0.035972788929939,1
-0.072499483823776,-0.021415539085865,-0.028371818363667,1
0.026814877986908,0.10413280874491,-0.065776541829109,1
-0.10042178630829,0.20981081575155,0.094021774828434,1
-0.036899030208588,-0.074294164776802,0.020169988274574,1
0.013604998588562,-0.076830605044961,0.0092671066522598,1
0.019671499729156,-0.13646690547466,-0.061886504292488,1
0.13682955503464,-0.24876075237989,0.07982674986124,1
-0.020918071269989,0.048868872225285,0.0033135339617729,1
-0.075837194919586,0.063766412436962,-0.024740509688854,1
-0.22813192009926,-0.040694054216146,0.0085662379860878,1
-0.065105676651001,-0.16039774566889,0.03378526866436,1
-0.071288853883743,0.1192985996604,-0.035149075090885,1
-0.11659198999405,-0.21735873818398,-0.026614367961884,1
-0.20780402421951,0.14584282785654,0.025180511176586,1
-0.016517221927643,-0.082853315398097,-0.016917943954468,1
0.088835895061493,-0.13838044181466,-0.050156965851784,1
0.1501721739769,0.25083168596029,0.11141423135996,1
-0.048725843429565,-0.053561050444841,0.015793763101101,1
-0.18086761236191,-0.15812141448259,0.048094354569912,1
0.060946404933929,0.043201826512814,0.0034709796309471,1
0.088232576847076,-0.096076325047761,-0.055320896208286,1
-0.087532758712769,0.099614791572094,0.0090756043791771,1
0.047805607318878,-0.27530381828547,0.0152977257967,1
-0.14292097091675,-0.043757062405348,-0.083274252712727,1
-0.11219081282616,0.03176961094141,0.03694062680006,1
-0.13160052895546,-0.18853073567152,0.026037625968456,1
-0.0051947236061096,-0.052051790058613,-0.0043260157108307,1
0.073981106281281,-0.18683462589979,0.084005273878574,1
-0.25370782613754,0.08770602196455,0.054449506103992,1
-0.091022074222565,-0.084353346377611,-0.036750458180904,1
0.0017125010490417,-0.21353948861361,0.0055891126394272,1
0.20067793130875,-0.20038981735706,-0.042405270040035,1
-0.14726978540421,0.17551439255476,0.047919355332851,1
0.073408663272858,0.20323046296835,0.14984289556742,1
-0.10463333129883,0.013138391077518,-0.025651402771473,1
-0.065797805786133,-0.26032743602991,-0.025172039866447,1
-0.047662734985352,0.057290218770504,0.019980646669865,1
-0.089288592338562,-0.11498216167092,-0.048509635031223,1
-0.19465154409409,-0.082606364041567,-0.035065740346909,1
-0.17234164476395,0.14227517694235,0.16152387112379,1
0.1613889336586,0.2089052721858,-0.062564216554165,1
-0.091958403587341,-0.027703270316124,-0.080404885113239,1
-0.18744638562202,-0.015588022768497,0.12055730074644,1
0.027699649333954,-0.12937439605594,-0.085821878165007,1
-0.024662971496582,0.11466435343027,0.017112210392952,1
-0.026308417320251,0.055239222943783,-0.022245697677135,1
-0.11752054095268,-0.00068628787994385,-0.080473870038986,1
-0.18428060412407,0.13373490422964,-0.0009802058339119,1
-0.022441267967224,-0.082173753529787,0.019638881087303,1
-0.24567180871964,0.087797872722149,-0.0062808766961098,1
-0.16473856568336,-0.16596299409866,0.13736375421286,1
-0.19389140605927,-0.1468813829124,-0.027853660285473,1
0.10124415159225,-0.14238068088889,0.0019350573420525,1
0.041288197040558,0.07742927223444,-0.0022030994296074,1
-0.065761625766754,-0.030194737017155,-0.015279598534107,1
0.18212288618088,-0.20151471346617,-0.046237893402576,1
-0.19867223501205,-0.090121297165751,0.095985300838947,1
0.085634231567383,0.24123924225569,0.14869461208582,1
0.099184572696686,0.23811479657888,0.1515803411603,1
-0.010316252708435,0.052240796387196,0.0021691247820854,1
-0.0091574192047119,-0.070736529305577,-0.016890488564968,1
-0.14885160326958,-0.068868778645992,-0.09634430706501,1
-0.015349328517914,-0.18462863564491,-0.036075599491596,1
0.028595626354218,-0.17540761083364,0.032314017415047,1
-0.06611755490303,0.22098758071661,0.059992209076881,1
-0.089603662490845,-0.06126406416297,0.00024759024381638,1
0.13821440935135,0.16851582378149,0.13991025835276,1
-0.048757374286652,-0.023459009826183,0.0081276223063469,1
0.027373254299164,0.055682845413685,0.0031521171331406,1
-0.14738407731056,-0.15074541047215,0.070588059723377,1
-0.16903510689735,0.1036434546113,0.058132208883762,1
0.094028472900391,0.14887499064207,-0.015631429851055,1
0.12798249721527,0.13434179872274,-0.09130435436964,1
0.0008196234703064,0.14278583973646,0.005204439163208,1
-0.18058022856712,0.093621604144573,0.15122713893652,1
-0.044721662998199,-0.14872512593865,-0.016861103475094,1
-0.010020434856415,-0.083367934450507,-0.022242642939091,1
0.099690914154053,0.16986422985792,0.049913220107555,1
0.13759213685989,0.119549266994,-0.026860691606998,1
0.080288827419281,-0.24087382107973,0.074018277227879,1
-0.095301598310471,0.12969874590635,0.012940250337124,1
-0.17977857589722,-0.12557954713702,0.074082858860493,1
-0.030647218227386,-0.061828345060349,-0.015781410038471,1
-0.1069033741951,0.057421885430813,-0.037992417812347,1
-0.094864726066589,0.070233531296253,-0.086981631815434,1
-0.026470363140106,-0.0504230260849,-0.014824040234089,1
-0.14096489548683,-0.074491944164038,-0.073480278253555,1
0.056968867778778,-0.27645490318537,0.049275524914265,1
0.098106384277344,0.27366777509451,0.0086279883980751,1
-0.11505407094955,-0.039571426808834,-0.021825723350048,1
-0.17809352278709,-0.046144150197506,0.026936136186123,1
0.015584170818329,-0.063016496598721,-0.0058452188968658,1
-0.12116622924805,0.16964503377676,0.039148904383183,1
0.023482024669647,0.12737794965506,-0.021317727863789,1
-0.18438309431076,0.006207063794136,0.045657120645046,1
0.069547235965729,-0.067803870886564,-0.021749190986156,1
-0.014268815517426,-0.21034305542707,0.20358071476221,1
0.030994772911072,0.11883183568716,-0.070727899670601,1
-0.066733717918396,0.030771620571613,-0.06048746407032,1
-0.079874247312546,-0.19340921193361,-0.052183642983437,1
-0.12574356794357,-0.075948027893901,-0.055867560207844,1
-0.16883945465088,0.060538671910763,-0.014506764709949,1
0.059333741664886,-0.20647890120745,0.015969194471836,1
-0.19855597615242,0.15053799003363,0.12842214852571,1
-0.17780536413193,0.057042457163334,-0.0054546520113945,1
-0.039020180702209,-0.077831983566284,-0.042352572083473,1
0.0037080049514771,0.1482520326972,0.031023725867271,1
-0.20171356201172,-0.016886554658413,0.13152658194304,1
0.055389165878296,0.14595337957144,-0.0083199813961983,1
0.098417222499847,-0.18164697289467,-0.0050725117325783,1
0.089226067066193,0.19298156350851,0.063525952398777,1
-0.14203059673309,-0.12441650032997,0.10895586758852,1
-0.12875232100487,-0.24617602676153,-0.0094477534294128,1
-0.012089371681213,0.04736315459013,0.0031045749783516,1
-0.084511518478394,-0.104704183992,-0.015132166445255,1
0.096155643463135,0.16659169644117,0.054147772490978,1
-0.047717750072479,0.056572251021862,-0.0003061518073082,1
-0.1691535115242,0.16845136135817,-0.066079400479794,1
0.085787236690521,0.27395432442427,0.10925386101007,1
-0.1512157022953,-0.0026208460330963,-0.049947127699852,1
-0.05955770611763,0.11608267575502,-0.010127671062946,1
-0.027978718280792,0.054221116006374,-0.0045447424054146,1
-0.020696699619293,0.069107241928577,-0.01437995582819,1
0.10718512535095,0.13421510905027,0.013935551047325,1
-0.045130670070648,-0.12356545962393,0.017434500157833,1
-0.031568288803101,-0.049199156463146,-0.021333731710911,1
0.024673879146576,-0.095626875758171,-0.0497967004776,1
-0.0040091872215271,0.1024384573102,0.025938339531422,1
0.20091956853867,-0.18845757842064,-0.083993382751942,1
-0.092531085014343,-0.1847158819437,0.16562501341105,1
0.14385366439819,0.1583898589015,-0.08737538009882,1
0.14750987291336,-0.19502853602171,0.171894274652,1
-0.017140805721283,-0.16048841178417,-0.0098358020186424,1
0.14852154254913,-0.22914057224989,0.049776650965214,1
-0.099624127149582,0.23449724167585,0.069302059710026,1
0.093549370765686,0.12151449173689,-0.0079668611288071,1
-0.11478412151337,0.17031099647284,0.066001765429974,1
-0.12691381573677,0.13219369202852,0.13045055419207,1
-0.085762768983841,0.0010201036930084,-0.060311801731586,1
0.095407843589783,-0.15239851176739,-0.095881909132004,1
-0.11446714401245,0.15441020578146,-0.09304041415453,0
0.035626709461212,-0.18933469057083,0.03145457059145,1
-0.18783038854599,-0.11733679100871,0.11828380078077,1
-0.038736045360565,-0.070986388251185,-0.03567823022604,1
-0.030882775783539,-0.056191734969616,-0.036573193967342,1
-0.020128667354584,0.097664155066013,-0.015231937170029,1
-0.041489839553833,-0.066838596016169,-0.025267891585827,1
0.071813225746155,0.24432199448347,0.064240403473377,1
-0.14318642020226,-0.21297860145569,0.030659422278404,1
-0.18568032979965,0.16567095369101,0.047191970050335,1
-0.10271075367928,0.0094876363873482,-0.079438202083111,1
0.11468881368637,0.20893072336912,0.027019254863262,1
0.069496870040894,0.19637297838926,-0.097885500639677,1
0.089045941829681,-0.074563885107636,-0.055916450917721,1
-0.086924105882645,-0.11008768435568,-0.032347567379475,1
-0.14877623319626,0.15978955477476,-0.012216664850712,1
-0.062243282794952,0.029700823128223,-0.057389497756958,1
-0.088955700397491,-0.24906492978334,-0.053069435060024,1
-0.17770129442215,0.0765785202384,-0.042834058403969,1
0.023075580596924,-0.19959701597691,0.20251081138849,1
0.14892596006393,-0.22941774874926,-0.079245388507843,1
-0.055088579654694,0.1321615204215,-0.082613237202168,1
0.16235512495041,-0.23964232951403,0.057946048676968,1
-0.089304685592651,0.0014858618378639,-0.01203129440546,1
0.0055645704269409,0.2415109500289,-0.092024348676205,1
0.13584381341934,-0.24513720721006,0.040977701544762,1
0.048990309238434,0.22322308272123,0.036404572427273,1
-0.084948748350143,-0.19563075900078,0.12336990982294,1
0.086749374866486,0.25763367861509,-0.019289545714855,1
-0.15542411804199,-0.18693520128727,0.10249272733927,1
-0.0582395195961,-0.24011314660311,-0.084060326218605,1
-0.084140658378601,0.044699691236019,0.029995508491993,1
-0.17723220586777,-0.012767530977726,-0.097635805606842,1
-0.18152424693108,-0.19290205836296,-0.026429452002048,1
0.19757825136185,-0.18369851261377,0.16276218742132,1
0.037976741790771,0.23474212735891,0.12506309896708,1
0.01321142911911,-0.20062533766031,-0.063224211335182,1
0.094259202480316,-0.1684036180377,-0.058371834456921,1
-0.058322608470917,0.10352318733931,-0.028385959565639,1
-0.14577355980873,0.22488611191511,-0.019587256014347,1
0.18597286939621,0.22063251584768,0.11674512177706,1
0.12704330682755,-0.11456258222461,-0.08480554074049,1
-0.060168266296387,-0.020614273846149,0.020050384104252,1
-0.011454641819,0.038419120013714,0.0048617944121361,1
-0.090502440929413,0.031440041959286,-0.072669863700867,1
0.06305193901062,0.10368382185698,-0.0090984776616096,1
-0.052033305168152,0.010290533304214,-0.018613420426846,1
0.14715415239334,-0.15230771154165,0.056993998587132,1
-0.1236834526062,0.21197148412466,0.10378413647413,1
-0.07903328537941,-0.045633938163519,-0.034725584089756,1
-0.16232454776764,0.17103909701109,0.076498307287693,1
0.12610906362534,-0.11246120557189,-0.0062249824404716,1
-0.062013417482376,-0.095479351002723,0.029987819492817,1
0.15510886907578,-0.15266953408718,0.0010693892836571,1
-0.043310880661011,0.083792261779308,-0.071548901498318,1
-0.10874983668327,-0.094722392037511,0.057247452437878,1
-0.081275463104248,-0.16769650578499,0.040612354874611,1
0.071416914463043,-0.10456594265997,-0.056724168360233,1
-0.11311158537865,-0.052506983280182,0.0040939375758171,1
0.0094567537307739,0.092932127416134,0.014848686754704,1
-0.040086925029755,-0.03671608120203,-0.011759884655476,1
-0.24093833565712,-0.09134591370821,-0.017709009349346,1
0.050661027431488,-0.10170718445443,0.023659437894821,1
0.082211077213287,0.085023052990437,-0.064118407666683,1
-0.10567644238472,-0.099533765460365,0.06469202786684,1
0.042275488376617,0.087086535990238,-0.013797201216221,1
0.16175973415375,0.20084001868963,0.08366284519434,1
0.021721720695496,-0.1289165019989,0.021942622959614,1
0.00667804479599,0.12918099015951,0.027263693511486,1
0.13157910108566,-0.12549182027578,0.033453904092312,1
-0.18915158510208,-0.0014273524284363,-0.057000257074833,1
-0.062188476324081,0.17722573131323,0.024464324116707,1
-0.023317039012909,-0.072612620890141,0.0022818595170975,1
-0.096914619207382,-0.0012043714523315,0.018378712236881,1
0.099588394165039,-0.24950700253248,0.14592549949884,1
-0.19344121217728,-0.17943420261145,0.011417366564274,1
0.027772724628448,-0.26675587147474,-0.080252729356289,1
0.12574928998947,0.19237770885229,-0.0037676319479942,1
-0.019384562969208,-0.067628968507051,-0.031924828886986,1
0.16676670312881,-0.1826174557209,-0.052647970616817,1
-0.23796471953392,-0.015299774706364,-0.038724191486835,1
-0.11657792329788,0.23723985999823,-0.043952904641628,0
-0.092120051383972,-0.0031410679221153,0.001142255961895,1
0.050283670425415,0.17528023570776,-0.093110609799623,1
-0.18030196428299,0.040318302810192,-0.044594161212444,1
-0.19075149297714,0.081080995500088,0.065007664263248,1
0.02107709646225,-0.20171444863081,0.073822222650051,1
-0.035434186458588,-0.053400058299303,-0.012728087604046,1
0.14905232191086,0.15292509645224,-0.0085802227258682,1
-0.029865264892578,0.23997750133276,-0.023498944938183,1
-0.18608623743057,0.15864028781652,0.0038683637976646,1
-0.057202965021133,-0.018365301191807,-0.006455160677433,1
0.092327177524567,-0.25591575354338,0.12737119942904,1
-0.14878314733505,0.015594586730003,0.020767487585545,1
-0.13100042939186,-0.20927526056767,-0.041755214333534,1
0.066754043102264,-0.10648329136893,0.018901281058788,1
-0.25387233495712,0.059429414570332,0.055572114884853,1
-0.073218375444412,-0.20663839578629,0.12983674556017,1
-0.083771049976349,0.12482637912035,-0.015459679067135,1
0.049056589603424,0.20218627899885,0.14880213886499,1
-0.061049401760101,-0.03593697398901,-0.016379661858082,1
-0.091150909662247,-0.17723587155342,-0.054168574512005,1
-0.10120257735252,-0.047050215303898,-0.0226084664464,1
0.023597776889801,0.09718007594347,0.0035376772284508,1
-0.15659400820732,-0.20965512096882,0.033528871834278,1
0.090905487537384,-0.24973381310701,0.11344500631094,1
-0.11582812666893,0.049301065504551,0.0097435787320137,1
0.10237038135529,0.16905655711889,0.044622369110584,1
0.11191314458847,-0.19299490749836,0.048903308808804,1
-0.18930634856224,-0.12541013211012,0.1637701317668,1
-0.095445305109024,-0.18909396976233,0.1889281347394,1
-0.078153967857361,0.16580905765295,0.068908773362637,1
0.074583768844604,-0.19062409549952,-0.00017856061458588,1
0.09573096036911,-0.20517379045486,0.082907624542713,1
0.15481734275818,0.15148698538542,-0.016616091132164,1
-0.242331802845,-0.0074490159749985,0.10167216509581,1
-0.18128252029419,0.061047412455082,-0.038392923772335,1
-0.13154345750809,0.22646387666464,0.11028677970171,1
-0.026877701282501,-0.28829903155565,0.016661792993546,1
-0.052984207868576,0.25537820905447,0.027259007096291,1
0.043581306934357,0.056315623223782,0.0017475783824921,1
0.1094771027565,-0.22487811744213,0.14214039593935,1
-0.093838393688202,-0.034338913857937,-0.027700342237949,1
-0.089217931032181,-0.27067858725786,0.043936185538769,1
0.11169809103012,0.25664045661688,0.11449376493692,1
-0.10858464241028,-0.015325732529163,-0.052470080554485,1
0.04858273267746,-0.1467541269958,-0.090248741209507,1
-0.014942586421967,0.18377842754126,-0.099608577787876,1
-0.15526819229126,0.096095494925976,0.1682056710124,1
-0.049707889556885,0.19210996478796,0.047508671879768,1
-0.074790924787521,-0.079586805775762,0.015242494642735,1
0.1363844871521,0.22795733064413,-0.02910765260458,1
-0.066132456064224,-0.0080919116735458,0.021005667746067,1
0.13188087940216,0.12115816026926,0.017364583909512,1
-0.056420803070068,-0.096824970562011,-0.072974197566509,1
0.088386476039886,-0.082459328696132,0.024011857807636,1
-0.11568984389305,0.0086064040660858,0.0098197236657143,1
-0.017880737781525,-0.23881644755602,-0.0820402354002,1
-0.20284083485603,-0.13414286822081,0.024171747267246,1
-0.085857689380646,-0.12688487581909,0.02238043397665,1
-0.069389671087265,-0.0056192651391029,-0.032237626612186,1
0.026670873165131,-0.24424817413092,-0.07548151165247,1
0.018580377101898,-0.23738869279623,0.16414503008127,1
-0.099338114261627,-0.18165910989046,-0.055317848920822,1
0.083999276161194,0.11603339761496,-0.046615988016129,1
0.14740693569183,-0.21554262191057,0.015590809285641,1
0.026148676872253,-0.27849230915308,0.087174244225025,1
0.13027113676071,0.25452484935522,0.011164106428623,1
-0.027876675128937,-0.058259818702936,-0.0093514993786812,1
-0.082912892103195,-0.047397706657648,-0.060635164380074,1
0.082400441169739,0.066891558468342,-0.045161589980125,1
0.015730381011963,0.25982632488012,0.12577525526285,1
0.08690744638443,-0.087465041317046,-0.05828919261694,1
0.051901161670685,-0.23674068599939,0.13869095593691,1
-0.11292925477028,0.10512349754572,0.06527440994978,1
-0.2583917081356,-0.018237762153149,-0.041416920721531,1
0.095944166183472,0.27940502017736,0.064267292618752,1
-0.0135258436203,-0.15540945902467,0.045432649552822,1
-0.028105616569519,-0.23042466491461,-0.043444864451885,1
0.12916046380997,0.25019603222609,0.10675253719091,1
-0.099394232034683,0.20580663532019,-0.043760903179646,0
-0.088185459375381,-0.13292573392391,0.047502316534519,1
-0.098772525787354,-0.21282621473074,-0.052449718117714,1
-0.23933947086334,0.040856398642063,0.097872085869312,1
0.1643106341362,0.16497924178839,0.10761589556932,1
0.086205184459686,0.062150202691555,-0.025039203464985,1
0.12160903215408,-0.14072188362479,0.068701200187206,1
-0.0017842650413513,0.25808941572905,0.14139964431524,1
0.11713266372681,0.10703014582396,0.0088972523808479,1
-0.2490077316761,0.10441165417433,0.010644234716892,1
-0.12932622432709,0.21581616252661,-0.044391699135303,0
-0.12979394197464,0.087081156671047,-0.096725963056087,1
0.051138579845428,0.24652942270041,-0.034620143473148,1
-0.18577980995178,0.01761831343174,0.088708274066448,1
-0.055979818105698,-0.054396852850914,-0.0055728480219841,1
-0.10700756311417,-0.033923394978046,0.035222329199314,1
-0.13460859656334,-0.095613868907094,0.064823158085346,1
0.073422253131866,-0.245744548738,0.042962029576302,1
0.0011083483695984,0.06580326706171,-0.0046781226992607,1
-0.07487952709198,-0.21206960082054,0.11289242655039,1
-0.16956573724747,-0.064907770603895,-0.073124431073666,1
-0.082537591457367,0.0084887072443962,-0.030337810516357,1
0.11636018753052,0.095309533178806,-0.032891757786274,1
-0.045607388019562,-0.24082634598017,0.13848138600588,1
-0.17516040802002,0.023633025586605,-0.068567134439945,1
-0.057013928890228,-0.1205528061837,0.033896304666996,1
-0.14530450105667,-0.081345396116376,-0.050640136003494,1
-0.0078279972076416,0.23716627806425,0.17235887795687,1
-0.092192113399506,-0.20568217337132,0.15419641882181,1
-0.10010677576065,0.086285211145878,-0.037602715194225,1
-0.08538481593132,0.011947773396969,-0.01656287163496,1
0.12953680753708,-0.2099409326911,0.058800406754017,1
-0.19227409362793,0.0092043280601501,-0.074652619659901,1
-0.15792578458786,0.08638558536768,0.049396716058254,1
-0.033060491085052,0.072731666266918,-0.049370177090168,1
-0.17780169844627,-0.10880015976727,0.030053995549679,1
-0.023612260818481,0.20651876181364,-0.066298216581345,1
-0.019367754459381,-0.15733097121119,0.034788623452187,1
0.018052101135254,0.28462781757116,0.068796016275883,1
0.17544066905975,0.18499486893415,0.16818746179342,1
0.094256341457367,-0.091628878377378,0.020995549857616,1
-0.016571998596191,-0.24908018857241,-0.069097675383091,1
-0.15072765946388,0.024989418685436,-0.043810546398163,1
0.017537772655487,0.092070154845715,0.020457379519939,1
-0.095050573348999,-0.097835048567504,0.042250610888004,1
-0.21820777654648,-0.013388626277447,-0.029052205383778,1
-0.15682411193848,0.012627616524696,0.018855594098568,1
-0.21180719137192,0.15145280212164,-0.038156114518642,1
0.056340396404266,-0.24860990792513,0.098217658698559,1
-0.034682393074036,0.22996356338263,-0.0675283446908,1
-0.14287313818932,-0.15231298282743,0.022531859576702,1
-0.14432361721992,-0.11975763551891,0.017833299934864,1
-0.19253581762314,0.13821240514517,-0.012336738407612,1
0.039252996444702,0.091829352080822,-0.058224700391293,1
-0.049067795276642,-0.22338659316301,0.04482052475214,1
-0.18951919674873,-0.12000190466642,0.04379665106535,1
0.0070446133613586,-0.10978373978287,-0.031953573226929,1
-0.15273126959801,-0.1685448884964,0.12320829182863,1
0.11536884307861,-0.20946168899536,0.078468345105648,1
0.17782562971115,0.23937594145536,0.069994293153286,1
0.054753541946411,0.23744174093008,-0.017706982791424,1
0.096750199794769,-0.10373069997877,-0.062639154493809,1
0.13343507051468,-0.23795229941607,-0.067686483263969,1
-0.089054554700851,0.095523335039616,-0.079456083476543,1
-0.05249747633934,-0.21889244765043,-0.018239580094814,1
-0.20608550310135,0.020498767495155,-0.025031000375748,1
-0.10494443774223,-0.013187199831009,-0.084546390920877,1
0.10300433635712,0.14990722388029,0.023578576743603,1
0.10886693000793,0.14593262225389,0.036628693342209,1
0.014199554920197,0.14548855274916,0.047351002693176,1
-0.13292247056961,-0.15138522535563,0.028360404074192,1
0.019719421863556,-0.11460130941123,-0.0077334642410278,1
-0.0259028673172,-0.055883601307869,-0.028936721384525,1
-0.14441657066345,-0.087369907647371,0.034478969871998,1
-0.17342692613602,-0.053834188729525,0.17536295205355,1
0.16988110542297,-0.14449654519558,0.16999030858278,1
-0.16498699784279,0.16730033606291,0.073053486645222,1
-0.19238749146461,-0.10632396303117,0.12265153974295,1
-0.072922348976135,-0.179672524333,-0.0025588423013687,1
0.054807484149933,-0.20374479144812,-0.020501680672169,1
0.0022157430648804,0.11525326222181,-0.022606648504734,1
0.0022907257080078,-0.20280158519745,-0.091611884534359,1
0.0055640339851379,-0.13069765269756,-0.038506090641022,1
0.090453922748566,0.14488983899355,-0.093513272702694,1
0.11345666646957,0.16095989197493,-0.089480757713318,1
0.026001632213593,-0.068551369011402,-0.0064085200428963,1
0.052561581134796,-0.14677821099758,-0.0061574876308441,1
-0.097840487957001,-0.18431979417801,0.090580813586712,1
0.13354200124741,0.12704252451658,-0.032346419990063,1
-0.20018005371094,0.033566184341908,-0.096414126455784,1
0.16951149702072,-0.19814416766167,0.10423607379198,1
0.07912802696228,0.14727740734816,0.029106922447681,1
0.11701196432114,0.15419089049101,0.018655605614185,1
-0.14577147364616,-0.14573840051889,0.024697802960873,1
-0.012570023536682,0.1121728643775,-0.03295411169529,1
-0.25373673439026,-0.066460192203522,-0.0081132426857948,1
-0.050961017608643,0.23450034111738,0.097827561199665,1
-0.075426787137985,-0.16142021119595,0.026118218898773,1
-0.10141891241074,-0.073289508000016,-0.012352965772152,1
-0.19023004174232,-0.026815123856068,-0.0073936507105827,1
-0.072904914617538,-0.060449805110693,0.013550765812397,1
-0.010257124900818,-0.23330853134394,-0.041069522500038,1
0.069590151309967,0.21616866439581,0.14086107164621,1
-0.016809403896332,-0.094645037781447,0.0034460425376892,1
-0.005154550075531,-0.21530935168266,0.040657110512257,1
0.048290193080902,-0.06366266310215,-0.0082931742072105,1
-0.076988279819489,-0.11756879463792,0.018979899585247,1
-0.18076184391975,-0.094596663489938,-0.043914206326008,1
0.0020086765289307,0.063130654394627,-0.026007547974586,1
-0.011979103088379,-0.073213007301092,-0.04909386485815,1
0.024183034896851,-0.076053479686379,-0.038709431886673,1
-0.022408545017242,-0.12052005715668,-0.046499103307724,1
-0.18138834834099,0.096985600888729,0.010694108903408,1
0.05480420589447,0.051734857261181,-0.0078186318278313,1
0.103819668293,-0.17620166391134,0.022865794599056,1
-0.059748828411102,0.17141445726156,-0.056545272469521,0
0.033444404602051,-0.25301281362772,0.09210579842329,1
0.13911575078964,0.18417539447546,-0.0078461319208145,1
0.072883307933807,0.23657815903425,0.094326622784138,1
-0.0040501356124878,0.12084942311049,-0.075325854122639,1
0.14756995439529,-0.18950036913157,0.14990154653788,1
-0.1770461499691,0.055292122066021,0.16994059830904,1
-0.082521587610245,0.092461116611958,-0.077868677675724,1
-0.14301973581314,0.1690850481391,0.18296375125647,1
-0.02335911989212,-0.17444447427988,-0.0917983725667,1
-0.063441187143326,-0.16276350617409,0.060737609863281,1
-0.11528408527374,0.11696534603834,0.061848379671574,1
0.17860442399979,-0.23716706782579,0.097458951175213,1
-0.15893584489822,-0.16439108550549,0.067821823060513,1
-0.15456730127335,-0.12712967954576,0.15418558567762,1
0.067192494869232,0.14539708942175,-0.0051831528544426,1
-0.10158681869507,-0.23403572291136,0.12705276161432,1
-0.21862250566483,0.074856095016003,0.093325220048428,1
0.025728642940521,-0.077595662325621,-0.029851295053959,1
0.20230370759964,-0.22925149649382,-0.018038041889668,1
-0.12526285648346,-0.035364791750908,0.034617446362972,1
-0.079215973615646,-0.23369728773832,0.11990869790316,1
-0.071517378091812,0.0071881413459778,-0.044394180178642,1
0.050271570682526,-0.15677247196436,0.0088390186429024,1
0.030984282493591,0.24527954310179,-0.08807111158967,1
-0.071744680404663,-0.06169892475009,0.025010280311108,1
-0.20096063613892,0.11988881975412,0.1351475790143,1
0.062261760234833,0.16509335488081,0.019239209592342,1
-0.081600159406662,0.20361920446157,0.0014931932091713,1
-0.22122025489807,0.052577443420887,0.0072309598326683,1
-0.19106143712997,-0.1162901557982,-0.01113898307085,1
0.044567346572876,0.12799883633852,-0.018262766301632,1
-0.070988953113556,0.19033923000097,-0.045604705810547,1
-0.17084091901779,-0.11245453264564,0.17750938981771,1
0.040797472000122,0.10191858559847,0.0022523775696754,1
-0.15812233090401,0.089400582015514,-0.032548487186432,1
-0.10192847251892,0.026013441383839,-0.064447306096554,1
-0.027948677539825,-0.095113804098219,-0.0008310005068779,1
0.024561703205109,-0.23623432964087,-0.089185699820518,1
-0.1409826874733,-0.23179373890162,-0.011229321360588,1
0.050706326961517,-0.12810020335019,-0.024190410971642,1
-0.23400416970253,0.046435214579105,0.0069967582821846,1
-0.04615730047226,-0.058815028518438,-0.012413881719112,1
-0.065798223018646,-0.21770799905062,-0.071713946759701,1
-0.16829332709312,-0.13432332873344,0.1785357221961,1
0.071130454540253,0.058314047753811,-0.022332705557346,1
0.041352450847626,0.12319878488779,0.030749224126339,1
0.00998455286026,-0.21607058495283,-0.098213456571102,1
-0.19769725203514,0.020171858370304,0.0061692669987679,1
0.054538786411285,0.098458789288998,0.021443136036396,1
0.02783739566803,0.10884926468134,0.02038986235857,1
-0.084371149539948,0.015429869294167,-0.0021181479096413,1
-0.050970584154129,-0.03915823996067,0.011473543941975,1
0.057808220386505,0.25284870713949,-0.040705464780331,1
-0.0019760131835938,-0.12962242029607,-0.0017557665705681,1
0.040992736816406,-0.29236928373575,0.032372884452343,1
-0.14823970198631,-0.14710645750165,0.098852790892124,1
-0.010230541229248,-0.18709556758404,0.090865693986416,1
-0.012773334980011,0.086059562861919,0.00088684260845184,1
0.022419571876526,-0.17662926018238,-0.070088483393192,1
-0.13405114412308,-0.014736205339432,-0.016332633793354,1
-0.064342200756073,0.080169923603535,-0.02412461489439,1
-0.054965853691101,-0.048514783382416,-0.044708423316479,1
-0.040411710739136,0.14817693084478,0.0570949614048,1
0.15883046388626,-0.16025251150131,0.037566594779491,1
0.021176397800446,0.20081936568022,0.040122129023075,1
-0.17132285237312,0.19203167408705,-0.020871557295322,1
0.009915292263031,0.069542847573757,-0.031545497477055,1
-0.086788982152939,0.036084569990635,-0.027303941547871,1
0.11344301700592,0.26320099085569,-0.04120247066021,1
-0.036293506622314,0.027972914278507,0.0029636099934578,1
-0.059220284223557,-0.12923688814044,-0.044312343001366,1
-0.16332507133484,0.1709111854434,-0.046257175505161,1
-0.056571274995804,0.20574506372213,0.088086821138859,1
-0.10633745789528,-0.0033342912793159,-0.0069082602858543,1
-0.0048420429229736,0.16548081487417,0.029114075005054,1
-0.0014455914497375,-0.11120700091124,-0.059174843132496,1
-0.035713493824005,0.080669336020947,-0.045344270765781,1
-0.016906559467316,-0.036841303110123,0.001457966864109,1
0.066957533359528,-0.13520741462708,-0.055936858057976,1
0.10405296087265,-0.082059925422072,-0.062705032527447,1
0.077264189720154,0.1321199759841,-0.048852942883968,1
-0.098985463380814,-0.18396420776844,-0.014717750251293,1
-0.055994629859924,-0.23367891460657,0.036887906491756,1
-0.22435081005096,0.032854057848454,-0.058040052652359,1
-0.071341097354889,0.06297092884779,-0.05741024762392,1
-0.090495824813843,0.17068269103765,-0.036118634045124,0
-0.0010008811950684,0.17188399285078,-0.045103646814823,1
0.0018408894538879,0.21726083010435,-0.071325086057186,1
-0.0082735419273376,-0.10792862065136,0.019330240786076,1
-0.12329861521721,-0.20524732023478,0.10734743624926,1
-0.068124204874039,-0.054739385843277,-0.047745615243912,1
-0.10961964726448,-0.20197562873363,-0.031963475048542,1
0.013112127780914,0.072207234799862,-0.012851603329182,1
0.033904910087585,0.18151401728392,0.053641013801098,1
0.059006154537201,0.064450614154339,0.00011491030454636,1
-0.13086426258087,-0.023477263748646,0.039159961044788,1
-0.066603362560272,0.10231515020132,-0.05142567306757,1
-0.22852179408073,-0.086116068065166,-0.06336634606123,1
-0.23613750934601,0.036555774509907,0.13703206926584,1
0.095702230930328,0.17872437089682,-0.036530539393425,1
-0.0052443742752075,0.11146857589483,-0.045246310532093,1
0.07109135389328,-0.27556639164686,0.004477396607399,1
0.050298094749451,0.17758046835661,-0.043254919350147,1
-0.041230261325836,-0.15212281420827,-0.054130561649799,1
0.060287594795227,-0.074607741087675,0.0099710002541542,1
-0.084231615066528,0.01491180062294,-0.005431704223156,1
-0.14325773715973,0.12210457772017,0.21193189173937,1
0.043205797672272,-0.19227560609579,-0.091235674917698,1
-0.18061563372612,-0.024603217840195,0.093576438724995,1
-0.2639844417572,0.029017962515354,0.0029824897646904,1
-0.086340367794037,0.02355120331049,-0.075461454689503,1
0.15497589111328,-0.2596003189683,-0.013292759656906,1
0.15425008535385,-0.20482138544321,0.14084473997355,1
-0.03060382604599,-0.084190089255571,-0.059793993830681,1
-0.11588051915169,-0.048819813877344,-0.043446511030197,1
-0.018424391746521,0.10626851767302,-0.012260280549526,1
0.10556596517563,-0.20300332456827,-0.019294753670692,1
-0.15688937902451,-0.19361562281847,0.1012172177434,1
-0.14599633216858,0.077554397284985,0.082833357155323,1
-0.01635879278183,-0.12821874581277,-0.035421207547188,1
-0.054618924856186,0.063749752938747,0.019619323313236,1
0.18601387739182,0.23142429441214,0.022541664540768,1
-0.010459125041962,0.1739355251193,-0.057725287973881,1
0.061342656612396,0.052258782088757,0.0024261176586151,1
-0.19361099600792,0.10245644301176,0.1587293818593,1
0.041481137275696,0.19308947771788,-0.072025284171104,1
0.022592842578888,-0.21164794266224,0.041380412876606,1
0.065377533435822,0.27479036897421,-0.024600081145763,1
0.11294955015182,-0.11768055707216,0.047739259898663,1
0.12777942419052,-0.15448569878936,0.02595292776823,1
-0.07883095741272,-0.016211725771427,0.0092309936881065,1
-0.17749118804932,-0.11310407705605,-0.038965128362179,1
0.20142233371735,0.18340071290731,-0.058600090444088,1
0.036214470863342,0.066671587526798,0.0034343749284744,1
-0.045996367931366,0.14500360935926,0.05719093978405,1
-0.042250454425812,-0.094939419999719,0.00030273944139481,1
0.061088800430298,0.041772626340389,0.0022209137678146,1
-0.10987967252731,0.11691730469465,-0.0017888620495796,1
0.027173697948456,-0.17991530895233,-0.065819136798382,1
0.0064740180969238,-0.1944188401103,0.0738540366292,1
0.13760912418365,0.27033438533545,0.061535581946373,1
-0.21924805641174,-0.09314938634634,0.11623079329729,1
-0.010403454303741,-0.26811154931784,0.076725654304028,1
0.056463956832886,0.13093043118715,0.03220447152853,1
-0.14671209454536,-0.074430974200368,-0.048515111207962,1
0.043479800224304,-0.087274673394859,-0.016410641372204,1
-0.014910757541656,0.19472520798445,-0.031650975346565,1
-0.1619767844677,-0.065031904727221,-0.050591461360455,1
-0.14755484461784,-0.11199544649571,0.0051387920975685,1
-0.15160539746284,-0.098128110403195,0.052846439182758,1
-0.080283761024475,-0.1786935031414,0.13041300326586,1
-0.019789338111877,0.24449353665113,0.14787907153368,1
0.085704147815704,-0.14007262140512,-0.023392371833324,1
-0.096561968326569,-0.17751254886389,-0.074586637318134,1
-0.0098963379859924,-0.10491197556257,0.022140853106976,1
0.082322061061859,-0.14802365377545,-0.095976710319519,1
-0.21850234270096,-0.14281772077084,0.023914597928524,1
-0.015959739685059,0.091091208159924,-0.054066240787506,1
-0.089737892150879,-0.076651219278574,-0.074408508837223,1
0.10919123888016,0.099699832499027,-0.030033051967621,1
0.011159956455231,-0.079291291534901,0.0014268830418587,1
-0.19672781229019,-0.010458149015903,-0.019206948578358,1
-0.19429445266724,0.041692771017551,0.10403796285391,1
0.042907536029816,0.18828266113997,0.012168265879154,1
-0.11467552185059,-0.053559429943562,-0.075058080255985,1
0.11605626344681,0.19352989643812,0.13311368972063,1
0.039848923683167,0.092439241707325,-0.0241714194417,1
-0.14415895938873,-0.13499891012907,0.10120793431997,1
-0.090189248323441,0.03810203820467,0.02921486645937,1
-0.11292940378189,0.17848625034094,0.073632381856441,1
-0.13294848799706,0.037903793156147,-0.0094429329037666,1
-0.086367100477219,0.12236332148314,-0.063610039651394,1
0.041266620159149,-0.12847867421806,-0.034805685281754,1
-0.25620770454407,-0.028620630502701,0.052964128553867,1
0.22153025865555,-0.20687595009804,-0.014985345304012,1
-0.12357664108276,0.14856199175119,0.053874589502811,1
-0.22805422544479,-0.055602230131626,-0.00020446628332138,1
0.012397766113281,0.27001591771841,-0.054553836584091,1
-0.021181225776672,0.076262734830379,-0.043510846793652,1
-0.11434206366539,-0.10462170001119,-0.028431586921215,1
0.011215031147003,-0.19055460393429,0.02163603156805,1
-0.0075527429580688,-0.19659680873156,-0.097208723425865,1
0.0079919099807739,-0.21255641430616,0.18690077215433,1
0.029636383056641,0.093168012797832,-0.02261108905077,1
0.099760234355927,0.26760735362768,-0.018675655126572,1
-0.07467919588089,-0.086637718603015,-0.077384136617184,1
-0.088775277137756,0.027764238417149,-0.018451549112797,1
-0.030780375003815,0.11455740779638,0.023273952305317,1
-0.15923887491226,0.13617380708456,0.063346810638905,1
-0.07293227314949,-0.02074072510004,-0.045415498316288,1
-0.10660749673843,0.047764353454113,-0.082151584327221,1
-0.17099684476852,-0.14529798552394,-0.0085490569472313,1
-0.13081645965576,0.037795953452587,-0.020156972110271,1
-0.12140247225761,0.018893636763096,-0.090949535369873,1
-0.051195859909058,0.014179423451424,0.0058407709002495,1
-0.096904516220093,0.24182587116957,0.10164783149958,1
-0.026579678058624,0.072350837290287,-0.029372148215771,1
-0.12505385279655,-0.062861666083336,0.05146599560976,1
0.13573008775711,-0.23682896047831,0.12303008884192,1
0.0053598284721375,0.13945164531469,-0.023634187877178,1
0.11621630191803,-0.21622754633427,0.0067283287644386,1
-0.088526040315628,-0.041461419314146,0.022266559302807,1
-0.042059600353241,-0.14684430882335,-0.010017804801464,1
-0.074814468622208,-0.081262852996588,0.022415094077587,1
0.057854235172272,0.087627969682217,0.015459336340427,1
0.078974783420563,0.097882680594921,0.0044200643897057,1
0.18327409029007,-0.21629875898361,-0.0092658177018166,1
0.0034933686256409,-0.13120467588305,0.032912261784077,1
0.0004805326461792,0.12344831973314,0.02016731351614,1
-0.085002094507217,0.055470205843449,0.026089183986187,1
0.026382446289062,-0.10651471558958,0.010595299303532,1
0.013880431652069,0.15709271281958,-0.040663979947567,1
-0.067247003316879,-0.032065168023109,-0.057030595839024,1
-0.024001598358154,0.15333914011717,-0.080550275743008,1
-0.058883965015411,0.036577813327312,-0.026158928871155,1
0.0082829594612122,-0.071842638775706,-0.013912595808506,1
0.06104189157486,-0.071676233783364,0.013096109032631,1
0.046906769275665,-0.084678831510246,0.0059296116232872,1
-0.11479833722115,-0.14140275493264,-0.095599301159382,1
-0.074737787246704,-0.17225474864244,0.07672057300806,1
-0.12051776051521,-0.09288533963263,-0.073690958321095,1
-0.091496676206589,-0.043110858649015,-0.074544928967953,1
-0.16543170809746,0.054480649530888,0.046413220465183,1
-0.085568308830261,0.24419178813696,0.061080537736416,1
-0.11210155487061,0.11094412952662,-0.065034158527851,1
-0.057158023118973,-0.22508569806814,-0.076928474009037,1
0.16165345907211,-0.25169239193201,-0.013206295669079,1
-0.010541975498199,-0.10522397048771,-0.010416083037853,1
0.040798008441925,-0.10936907399446,-0.063491970300674,1
-0.24127000570297,-0.01999719440937,0.050853706896305,1
0.018572866916656,0.10288586467505,-0.027472317218781,1
0.053074955940247,0.25821023434401,-0.063220478594303,1
0.047639489173889,0.22530668228865,-0.03485806286335,1
0.05943375825882,-0.17356616258621,0.076763533055782,1
-0.045446813106537,0.083907432854176,-0.0604602470994,1
-0.084640741348267,-0.25387118011713,0.01078374683857,1
-0.011925637722015,0.26426937431097,0.027087680995464,1
-0.17271673679352,0.051269061863422,0.049584932625294,1
-0.21873593330383,0.084765963256359,-0.0033444538712502,1
0.0097610950469971,-0.28341246396303,-0.041060045361519,1
-0.21230757236481,-0.04358309134841,0.16600469499826,1
0.07761824131012,-0.057098314166069,0.0072564706206322,1
0.17074304819107,0.24471148103476,0.090591304004192,1
-0.13129895925522,-0.14144061505795,0.079304300248623,1
0.043060481548309,-0.12002936005592,0.016360059380531,1
-0.047304630279541,0.074631415307522,-0.038010232150555,1
0.076019704341888,0.20402371138334,0.16557041555643,1
-0.26075229048729,0.019613675773144,0.020164616405964,1
-0.16534438729286,-0.18418999016285,0.1460339948535,1
-0.076780825853348,0.15954145044088,-0.0029853656888008,1
-0.045430481433868,-0.27155803889036,0.0078147277235985,1
0.12544298171997,0.13086312264204,0.060484834015369,1
-0.094845771789551,-0.060151673853397,0.0086750909686089,1
-0.15459850430489,0.13810182362795,0.10105412453413,1
-0.034322082996368,0.22912155836821,-0.012909568846226,1
-0.086809992790222,0.03883745521307,0.01103100925684,1
-0.15070247650146,-0.16128838062286,0.072287760674953,1
0.048240482807159,-0.20150246471167,0.073862440884113,1
0.050580263137817,-0.068693809211254,-0.0075697675347328,1
-0.11760851740837,-0.2152461335063,0.10138047486544,1
-0.0802021920681,-0.2092153057456,0.10788626223803,1
0.012157559394836,-0.10509673319757,-0.045563146471977,1
-0.046417891979218,-0.065532825887203,0.014600180089474,1
0.10195451974869,-0.20635559409857,0.20223549753428,1
-0.097951710224152,-0.029110945761204,-0.068985141813755,1
-0.19622921943665,-0.073764050379395,0.16661160439253,1
-0.14583536982536,-0.075341936200857,-0.059473149478436,1
0.045686781406403,0.21570145338774,-0.084582861512899,1
-0.25477358698845,-0.072997532784939,0.065209545195103,1
-0.11006915569305,-0.14776577800512,-0.0079441890120506,1
-0.087965816259384,-0.11483993008733,0.037914417684078,1
-0.17386856675148,-0.097936064004898,0.10641393810511,1
-0.042216420173645,-0.22552718967199,0.019549764692783,1
-0.2132970392704,0.074574299156666,0.13980071991682,1
0.13784182071686,-0.20737849920988,0.12670124322176,1
0.12353044748306,0.18779789656401,0.0064975246787071,1
0.1095951795578,0.13910960406065,0.022692911326885,1
-0.024419248104095,-0.083699049428105,0.0041718930006027,1
-0.15731236338615,0.0081263035535812,0.048697166144848,1
-0.044219374656677,0.20530580729246,-0.035777978599072,1
-0.069318801164627,-0.11316803377122,0.043659329414368,1
-0.15939390659332,-0.1062223315239,0.20745039731264,1
-0.12842971086502,-0.22521141916513,0.017778374254704,1
-0.17935907840729,0.17290779203176,0.089553408324718,1
-0.16236853599548,0.1993011161685,0.051431216299534,1
-0.16540229320526,0.14916595071554,0.091855727136135,1
0.059888243675232,0.10327761620283,0.020922057330608,1
-0.014992296695709,0.24551480263472,0.075269527733326,1
0.015140533447266,0.065972380340099,-0.019041307270527,1
-0.0038016438484192,-0.18065445870161,-0.094175986945629,1
-0.069386184215546,0.097257919609547,0.022582106292248,1
-0.15092778205872,-0.10200523491949,0.2018022313714,1
0.058499217033386,0.12458371371031,-0.017999120056629,1
-0.018761098384857,0.2385376021266,0.10606911033392,1
-0.16398900747299,-0.10849814862013,-0.028062902390957,1
-0.032971680164337,0.13607671111822,0.019202366471291,1
0.065060317516327,-0.083468386903405,-0.035993628203869,1
0.22303432226181,-0.20307227224112,-0.040121205151081,1
0.068851292133331,-0.14981096982956,0.02501068264246,1
0.11402589082718,0.11971246451139,-0.0089775621891022,1
0.07826429605484,0.2853743955493,0.077358461916447,1
0.077802836894989,0.12706067413092,-0.016662381589413,1
0.17356061935425,0.18478640168905,0.15190977603197,1
-0.20389863848686,0.17828141897917,0.064233861863613,1
-0.033862709999084,-0.053120378404856,0.0088916644454002,1
0.051062881946564,-0.13654283434153,-0.087085891515017,1
0.065408766269684,-0.20123188942671,0.056340374052525,1
-0.21176835894585,0.0094252824783325,0.078589551150799,1
-0.073357969522476,-0.21911159902811,-0.089658208191395,1
-0.12212380766869,0.19897197932005,0.014118440449238,1
-0.014603853225708,0.2526872381568,0.024246923625469,1
0.17284572124481,-0.18415819853544,0.1036871150136,1
-0.033746242523193,0.085033409297466,0.025201238691807,1
-0.085958659648895,0.24236049503088,0.13703192025423,1
-0.12230771780014,-0.036516904830933,-0.046710751950741,1
-0.17523488402367,0.13110860437155,0.12793814390898,1
0.022255659103394,-0.27583921700716,0.09099193662405,1
0.03451931476593,0.084272392094135,-0.031431876122952,1
0.053685069084167,-0.14490747824311,-0.07854899764061,1
0.049403965473175,0.076872445642948,-0.035240516066551,1
-0.062078803777695,-0.012509047985077,-0.024799786508083,1
-0.10385864973068,-0.22508338838816,0.01757675409317,1
0.07612270116806,-0.17281281203032,0.0097848773002625,1
0.11987656354904,-0.16038244590163,-0.0088986307382584,1
-0.067380905151367,-0.12559559009969,-0.02226684987545,1
-0.091944664716721,-0.063442066311836,-0.085575506091118,1
-0.030004620552063,-0.042277324944735,-0.021119900047779,1
0.037247240543365,-0.27193098515272,-0.0027240663766861,1
-0.048017263412476,-0.19584915786982,-0.0035597309470177,1
0.016737401485443,-0.17139577865601,0.027526557445526,1
-0.1163035929203,-0.077026143670082,-0.071178436279297,1
0.11942976713181,-0.094175831414759,-0.020813353359699,1
0.046978890895844,-0.16251996904612,0.048988454043865,1
-0.15759816765785,0.047290705144405,0.048154033720493,1
0.068343877792358,-0.15453177317977,0.045630969107151,1
-0.10067498683929,0.10709587484598,0.062295950949192,1
0.06591922044754,-0.20645492523909,0.13027120381594,1
-0.18605363368988,-0.078414561226964,0.075116582214832,1
-0.1249535381794,0.22480513900518,0.022772677242756,1
0.040489673614502,0.25788765400648,-0.056247144937515,1
0.11315703392029,-0.12610800378025,-0.0025167986750603,1
-0.065684467554092,-0.19996355473995,-0.01057780534029,1
-0.080198973417282,-0.11195931211114,0.036340110003948,1
0.016906797885895,-0.099002826260403,0.019274570047855,1
-0.034757018089294,0.27804695814848,-0.034645579755306,1
-0.18129396438599,-0.15764742717147,0.12085168808699,1
-0.094025671482086,0.041940607130527,-0.0036816224455833,1
0.095120131969452,0.19773658365011,0.10565473884344,1
-0.15751928091049,-0.19921806454659,-0.010029219090939,1
-0.041344463825226,0.17453517764807,-0.0582445114851,1
-0.037364840507507,0.040667526423931,0.0055055990815163,1
-0.11484649777412,0.23806145042181,-0.053691111505032,0
-0.1060234606266,0.12417029589415,-0.032156102359295,1
0.020045697689056,-0.19505032896996,0.021612577140331,1
0.11803311109543,0.13233836740255,-0.01332500576973,1
0.16349655389786,0.1490088775754,-0.00060794502496719,1
0.042785286903381,0.2267264649272,-0.023275062441826,1
0.029583871364594,-0.12775436602533,-0.015719942748547,1
0.11189168691635,-0.26120445877314,0.0049054399132729,1
-0.059151649475098,0.20803668349981,-0.039426237344742,1
-0.099583923816681,0.10423205047846,-0.010620750486851,1
-0.21783855557442,-0.057598799467087,0.0011445954442024,1
0.16709351539612,0.25301795452833,0.021493263542652,1
-0.1044602394104,0.042345814406872,-0.02953228354454,1
0.094735085964203,-0.18894435465336,0.1121134236455,1
0.059200584888458,-0.13601663708687,-0.04273434728384,1
0.073915243148804,0.19997080415487,-0.082636378705502,1
0.14801853895187,0.12956386059523,0.015305645763874,1
-0.041965901851654,-0.20757222175598,0.099914290010929,1
-0.023305475711823,0.080398045480251,0.013114251196384,1
-0.085210740566254,-0.17745477706194,-0.080999203026295,1
-0.017090737819672,0.14693891257048,-0.045767068862915,1
-0.11502486467361,0.056491367518902,-0.019943453371525,1
0.0096530318260193,-0.071163205429912,-0.030344605445862,1
0.16705012321472,-0.14885164424777,0.0056679919362068,1
0.11664766073227,-0.23267944902182,-0.010217398405075,1
-0.093220561742783,-0.17914138734341,0.13072080165148,1
-0.056289613246918,0.11174581199884,0.010985620319843,1
-0.0042927861213684,0.19190116971731,0.058034129440784,1
0.16005784273148,-0.14835296571255,0.12741938978434,1
0.10074228048325,-0.11204986833036,0.002351351082325,1
0.12197655439377,-0.22648548334837,0.16397864371538,1
0.067602455615997,-0.11641666851938,0.032155185937881,1
0.07018369436264,-0.077604494988918,0.017419941723347,1
-0.058594256639481,0.026226080954075,-0.021308474242687,1
-0.017371475696564,-0.17975156009197,0.0040791034698486,1
-0.10840544104576,-0.0020369738340378,0.032065682113171,1
-0.097947388887405,-0.075757371261716,-0.076648764312267,1
-0.082044780254364,0.16613205522299,0.015247635543346,1
0.030380368232727,0.22049563378096,0.070022888481617,1
0.048260033130646,-0.16473614424467,0.054002232849598,1
0.027133047580719,-0.083345390856266,-0.032207548618317,1
0.14315128326416,0.1283216252923,-0.083391062915325,1
-0.057748675346375,0.20731451362371,-0.04577948153019,1
-0.10035085678101,0.12982370704412,-0.094835884869099,1
0.15836298465729,-0.19246955215931,-0.091953955590725,1
-0.079991489648819,-0.050505287945271,0.0051903650164604,1
-0.14570653438568,0.13566865772009,0.12902045994997,1
-0.11038175225258,-0.15706681460142,0.078255020081997,1
0.11283397674561,0.10396944731474,-0.037780351936817,1
0.058496475219727,-0.19849842041731,-0.015425369143486,1
-0.23276573419571,0.043114952743053,0.070626892149448,1
0.15847200155258,0.17095663398504,0.084245599806309,1
0.087230622768402,-0.1621420904994,0.011215008795261,1
-0.14627104997635,0.1611672565341,0.10441336780787,1
-0.058863878250122,-0.12785051763058,-0.065623261034489,1
-0.066272914409637,0.0038672238588333,-0.012288577854633,1
-0.12338045239449,0.185666911304,0.04292244464159,1
0.0037316679954529,0.24087556451559,-0.041733399033546,1
0.090589582920074,0.14386204630136,-0.030542008578777,1
-0.08164855837822,-0.040350396186113,-0.012020997703075,1
-0.074777960777283,0.045085422694683,-0.028855130076408,1
-0.0043339133262634,-0.26599664241076,-0.029836170375347,1
0.082249701023102,-0.058421742171049,0.0078229382634163,1
0.082083404064178,-0.084013782441616,-0.034926928579807,1
-0.14811247587204,-0.18633226305246,0.083064027130604,1
-0.10754644870758,-0.012193374335766,-0.032492183148861,1
-0.17424169182777,0.06491469591856,0.0039660409092903,1
0.045099318027496,-0.075592085719109,-0.0078567340970039,1
0.1064909696579,-0.17095799744129,0.014897607266903,1
0.063092470169067,0.07871962338686,-0.034987188875675,1
-0.10660749673843,-0.0066306814551353,0.010568432509899,1
-0.048626005649567,-0.046002674847841,-0.0031839683651924,1
0.063791155815125,0.098719544708729,-0.038414873182774,1
-0.2635717689991,0.01722064614296,0.07101932913065,1
-0.050498127937317,-0.20862744748592,-0.02805432677269,1
-0.12083381414413,-0.015862599015236,-0.024579964578152,1
0.057604253292084,-0.20869328826666,-0.017311744391918,1
-0.13641414046288,0.17292477935553,0.17499553412199,1
-0.13717976212502,-0.13350805267692,0.12619455903769,1
-0.21077540516853,0.091796614229679,0.071712143719196,1
0.10131019353867,0.12990164011717,0.051899760961533,1
0.0089162588119507,0.14647265523672,-0.085082031786442,1
-0.18264535069466,0.079404272139072,0.14982428401709,1
-0.062858104705811,0.054375372827053,-0.034890659153461,1
0.0032678842544556,-0.16631477326155,0.052890278398991,1
-0.20848587155342,-0.093164307996631,-0.081133238971233,1
-0.1739749610424,-0.059624325484037,-0.032199554145336,1
-0.13694936037064,-0.11202899646014,-0.090326063334942,1
0.043013513088226,0.11595644801855,-0.072118036448956,1
-0.03648042678833,-0.01404594630003,-0.0072338208556175,1
-0.01038533449173,0.1420963332057,0.025670789182186,1
0.16079443693161,-0.22415088862181,-0.0019838735461235,1
0.0073687434196472,0.093593679368496,0.0062729194760323,1
-0.069505631923676,0.20929496735334,-0.078819334506989,0
-0.070212215185165,0.097095258533955,-0.0038541927933693,1
-0.07574874162674,0.15298434346914,0.0064441189169884,1
-0.13891267776489,-0.13592029362917,0.17658626288176,1
-0.05945611000061,0.0075680091977119,-0.033310435712337,1
0.11771863698959,-0.18244329094887,0.19979525357485,1
-0.072925925254822,0.071433030068874,-0.067314453423023,1
0.070763409137726,0.17582609504461,0.004462718963623,1
-0.22005826234818,-0.093700038269162,0.12619218975306,1
0.092154562473297,0.11592521518469,0.00062182545661926,1
0.1006875038147,0.23217573016882,-0.030805341899395,1
-0.0446737408638,-0.20754545927048,0.17930180579424,1
0.078330755233765,-0.25268881767988,-0.026679761707783,1
-0.0040599703788757,0.087221942842007,0.0066639930009842,1
-0.057659327983856,0.020492486655712,-0.026620924472809,1
0.13567936420441,0.12917494028807,-0.037725076079369,1
0.085847318172455,-0.12967162951827,8.2008540630341e-05,1
0.074762523174286,-0.12013662233949,0.022206850349903,1
-0.068755269050598,-0.15157971903682,0.042651943862438,1
0.025096416473389,-0.10637462418526,0.026965856552124,1
0.021951019763947,0.19289111346006,-0.0099667012691498,1
-0.13589322566986,-0.016614638268948,-0.0016535446047783,1
-0.24711799621582,0.058193929493427,0.10836496204138,1
-0.11083966493607,0.089940793812275,-0.07426231354475,1
-0.094732761383057,0.20544411987066,0.14281747490168,1
-0.14174175262451,0.080222256481647,0.087900318205357,1
0.031275570392609,0.19381784647703,0.029988221824169,1
0.10079836845398,-0.24168536812067,0.094646997749805,1
-0.14881536364555,0.049807004630566,-0.0011038109660149,1
0.1384864449501,-0.25285456329584,0.064435265958309,1
-0.053133577108383,-0.16144975274801,-0.028029069304466,1
-0.14634743332863,0.16045051068068,0.13385163992643,1
0.036712110042572,-0.24401343613863,0.16522640734911,1
0.13718229532242,0.12004288285971,-0.054273046553135,1
0.11478501558304,-0.27351628988981,0.043006770312786,1
-0.07046827673912,-0.099007131997496,-0.02662505954504,1
0.0036875009536743,-0.088228636421263,-0.0090203210711479,1
0.074622809886932,-0.27918388694525,0.10704449564219,1
0.158855676651,-0.22501546889544,-0.025419391691685,1
-0.056895285844803,0.13752686232328,0.011048071086407,1
0.096204698085785,-0.14623481035233,-0.0070906579494476,1
-0.0093618035316467,-0.061498515307903,-0.027987383306026,1
-0.078223198652267,0.015654690563679,0.012124054133892,1
-0.022327899932861,-0.042217072099447,-0.014576651155949,1
-0.11038053035736,-0.024107724428177,-0.036555580794811,1
-0.10598397254944,0.020540744066238,0.034103699028492,1
-0.091255962848663,0.17585878819227,-0.079892657697201,0
-0.045727729797363,0.091183386743069,-0.030589900910854,1
0.073879241943359,0.20521914213896,0.053008608520031,1
0.14110338687897,0.22001530975103,0.16919282823801,1
0.12732654809952,0.23372366279364,0.15746546536684,1
0.080651581287384,0.21666388958693,0.012865334749222,1
-0.10026589035988,-0.042471811175346,-0.045644856989384,1
-0.047690093517303,0.10977635532618,-0.032153911888599,1
0.13359051942825,0.25556045025587,0.10262990742922,1
-0.193712413311,0.02576719969511,0.13361678272486,1
-0.070380538702011,0.13284731656313,0.020640261471272,1
-0.14826729893684,-0.040348019450903,0.033996351063251,1
0.0085993409156799,0.078976206481457,-0.010807685554028,1
0.01789778470993,-0.11365961376578,-0.034898601472378,1
0.032398879528046,0.070773623883724,0.0075271427631378,1
-0.20118814706802,0.15990399569273,0.11442541331053,1
-0.014353692531586,0.094477348029613,0.020735017955303,1
0.043919384479523,-0.23056175559759,-0.068975009024143,1
-0.097652405500412,-0.233229406178,-0.070306360721588,1
0.072749555110931,0.13151503354311,0.019273586571217,1
0.049164235591888,-0.19792465865612,0.042597033083439,1
0.06045264005661,-0.16882250458002,-0.060603611171246,1
0.023361265659332,0.15586247295141,-0.0029717087745667,1
-0.021883964538574,0.047422029078007,0.0013451799750328,1
0.0021905899047852,0.11082213371992,-0.050694495439529,1
-0.032731533050537,-0.10470259841532,0.032317094504833,1
-0.16964244842529,0.077048994600773,0.14553818851709,1
-0.046098828315735,0.072906516492367,0.019434832036495,1
-0.020830869674683,0.24269586056471,0.11015016585588,1
0.10385149717331,-0.1080392068252,0.018181540071964,1
-0.0068855881690979,-0.051560334861279,-0.001780666410923,1
0.11825293302536,-0.12572480179369,0.017149575054646,1
-0.073723554611206,-0.024522058665752,0.017704553902149,1
0.16099369525909,0.23324110358953,0.032551661133766,1
0.056452691555023,0.16859658807516,-0.038132153451443,1
-0.17470192909241,0.04335879534483,0.06647964566946,1
0.010648131370544,-0.15696395933628,-0.0058459118008614,1
-0.25378975272179,-0.070473683997989,0.082098014652729,1
0.00063216686248779,-0.21162053197622,-0.096518032252789,1
0.10460829734802,0.10394071787596,0.029729567468166,1
0.16203415393829,-0.22394214570522,-0.076288498938084,1
-0.059623390436172,-0.048766776919365,-0.0012930408120155,1
0.079338908195496,0.1439241990447,0.010099090635777,1
-0.039038062095642,-0.0027008727192879,0.0051594451069832,1
0.16575461626053,0.19112714380026,0.010506801307201,1
-0.05669030547142,0.23806419223547,0.089524663984776,1
-0.01208484172821,0.061137296259403,-0.0050192400813103,1
-0.084976255893707,-0.011556498706341,0.0045803114771843,1
0.07375556230545,0.12660401314497,-0.088894855231047,1
-0.23726332187653,0.089391715824604,0.065904624760151,1
-0.22923225164413,-0.069808492437005,0.10952966660261,1
-0.046285927295685,-0.23501748591661,0.16509514302015,1
0.053101420402527,-0.12241672351956,-0.016949497163296,1
-0.00020045042037964,-0.10135874466505,0.013783551752567,1
-0.1650162935257,0.072633676230907,-0.067322216928005,1
-0.16301134228706,-0.10757940122858,-0.032089829444885,1
-0.023121178150177,-0.086040980182588,0.021726198494434,1
-0.036366045475006,0.020172998309135,-0.0075110122561455,1
0.14251428842545,0.16779669374228,-0.021670639514923,1
0.048684120178223,0.16524028033018,-0.0010959580540657,1
0.17735832929611,0.16915040463209,0.0057663097977638,1
-0.14371120929718,-0.18736043572426,-0.088355161249638,1
0.017206192016602,0.11701258271933,-0.02263119071722,1
-0.00021439790725708,-0.15462757274508,0.050189271569252,1
-0.055076569318771,0.22453238815069,-0.062562011182308,1
-0.21338245272636,-0.024496734142303,0.058487690985203,1
-0.0064852833747864,0.10544615238905,-0.056596137583256,1
-0.092215538024902,0.19084491580725,0.16683617979288,1
0.13584822416306,-0.17173106223345,0.013876922428608,1
-0.072526007890701,0.16584234684706,-0.0011189877986908,1
0.11898821592331,-0.17562875151634,0.065956212580204,1
0.05386084318161,-0.053605206310749,-0.012366011738777,1
0.088833570480347,-0.20671570301056,0.092306442558765,1
-0.14815059304237,0.12914847582579,-0.075321026146412,1
0.14943486452103,-0.1884998306632,-0.076988942921162,1
0.0695561170578,0.053988553583622,-0.0071511417627335,1
0.091618955135345,-0.17971413582563,-0.028962045907974,1
0.088701725006104,-0.21940590441227,0.15362752228975,1
-0.1509290933609,-0.10888876672834,0.14933492988348,1
0.038825869560242,0.26845800131559,0.10568072646856,1
-0.09942364692688,-0.040634084492922,0.014877639710903,1
-0.031101167201996,0.18854417651892,-0.087351180613041,1
-0.061436682939529,-0.018514908850193,0.0024145320057869,1
-0.066510826349258,0.034434385597706,-0.0080452337861061,1
-0.037229716777802,-0.055050037801266,-0.0067206993699074,1
-0.10289743542671,-0.033327333629131,-0.029839590191841,1
0.066737473011017,-0.072190381586552,-0.011476583778858,1
0.046387195587158,-0.060725793242455,-0.014652475714684,1
-0.003152072429657,-0.12205868586898,-0.065735496580601,1
0.018018901348114,-0.065186079591513,-0.014643676578999,1
0.028198301792145,-0.089738365262747,-0.051904626190662,1
0.019056618213654,-0.10498946625739,-0.050354398787022,1
-0.11776810884476,-0.013224147260189,-0.0498451218009,1
0.13981604576111,0.16760291904211,-0.039790503680706,1
-0.12692207098007,-0.18334814161062,-0.018583416938782,1
-0.07940798997879,-0.089647378772497,-0.0083897188305855,1
0.074428856372833,0.22142418473959,-0.076339013874531,1
0.050504386425018,0.21319635957479,0.10959995537996,1
0.11335152387619,0.2431354150176,0.10023441165686,1
0.043864488601685,0.17656006664038,-0.030550837516785,1
-0.23565536737442,0.098766453564167,-0.050560317933559,1
-0.12221786379814,-0.080702170729637,-0.092965722084045,1
-0.00048983097076416,0.19275154918432,0.018947251141071,1
-0.019133150577545,-0.24711223691702,0.12970224767923,1
-0.17764380574226,0.035806395113468,-0.023873142898083,1
-0.15361136198044,0.018681675195694,-0.023149274289608,1
0.082605719566345,0.089230976998806,-0.062610283493996,1
-0.16810640692711,0.14710942655802,0.00024626404047012,1
0.031241357326508,0.22426944226027,0.15799211710691,1
-0.053786545991898,-0.0039965212345123,-0.0082180127501488,1
-0.1492965221405,-0.19841757416725,-0.017668314278126,1
0.15933752059937,0.23054599016905,-0.070259295403957,1
0.046108841896057,0.10193104296923,0.0041347220540047,1
-0.17583298683167,-0.13085449486971,-0.05151092261076,1
-0.13163143396378,-0.2028524056077,-0.0093119591474533,1
0.02206814289093,-0.22183269262314,0.13117481023073,1
-0.069336622953415,-0.099286227603443,0.021200455725193,1
-0.17694908380508,-0.10136922798119,-0.007147915661335,1
-0.13764733076096,0.093416325747967,0.078130908310413,1
-0.12945625185966,0.081322155892849,-0.054931506514549,1
0.13954919576645,-0.126389792189,0.048456646502018,1
0.013985693454742,-0.10463773552328,-0.026786752045155,1
-0.19361996650696,0.1385475024581,-0.075921513140202,1
0.1668182015419,-0.16410859674215,0.072198487818241,1
0.037490546703339,0.095655031502247,-0.054066546261311,1
-0.18768566846848,0.0045585632324219,-0.067648895084858,1
-0.026341557502747,0.083400867879391,-0.016107089817524,1
-0.053705155849457,-0.10121969436295,-0.077375613152981,1
-0.12824019789696,-0.071878654882312,-0.038586094975471,1
0.032667398452759,0.17569311708212,0.0664047524333,1
0.073260486125946,-0.26343064755201,0.016494683921337,1
0.17133355140686,-0.16695996373892,0.16685198992491,1
0.078005492687225,-0.06223252415657,-0.028588019311428,1
-0.028473079204559,0.24930971115828,0.074673764407635,1
-0.020947635173798,0.072986997663975,-0.053693756461143,1
0.0019704699516296,-0.15435516834259,0.041274681687355,1
-0.062094271183014,0.10472541302443,0.012191660702229,1
0.021975874900818,0.21046274155378,0.16415775567293,1
0.08500999212265,0.10136439651251,-0.012407839298248,1
-0.040142118930817,-0.1770469173789,-0.057206988334656,1
-0.15006756782532,0.08323311060667,0.11430778354406,1
-0.15960395336151,0.039298303425312,-0.078895203769207,1
0.029234945774078,0.12383496016264,-0.026793979108334,1
0.011684596538544,0.21494799107313,0.017839662730694,1
-0.041979134082794,-0.2347455099225,-0.047449812293053,1
-0.11737307906151,-0.13688994571567,0.22194016724825,1
-0.13881465792656,-0.080530455335975,0.083626709878445,1
0.017784297466278,0.12419358640909,0.014885567128658,1
0.024635672569275,-0.25351382046938,0.023944281041622,1
-0.13915458321571,0.10676618665457,0.04368407279253,1
-0.12913969159126,0.19948013871908,-0.0071934536099434,1
-0.13203781843185,-0.17199092358351,0.11998420208693,1
-0.14796218276024,-0.045196238905191,0.051664061844349,1
-0.13868981599808,0.056113071739674,0.044226057827473,1
-0.0090557932853699,0.12701650708914,0.026674658060074,1
0.12394869327545,0.20309870690107,-0.029278911650181,1
0.080013811588287,-0.11348056234419,-0.019274294376373,1
0.057851374149323,0.18557839840651,0.076447822153568,1
-0.10363605618477,-0.17744073271751,0.13478413969278,1
0.0048415660858154,0.096044205129147,-0.018669538199902,1
-0.071623533964157,-0.043910533189774,0.02534606307745,1
0.097684264183044,0.20746877044439,-0.024859927594662,1
0.10317432880402,0.15506138652563,-0.021307498216629,1
-0.1397297680378,-0.13747787103057,-0.04443297535181,1
0.12326633930206,0.20836361497641,0.13072814792395,1
-0.028849244117737,-0.20996776968241,-0.048510447144508,1
-0.20290213823318,-0.079203417524695,-0.036159239709377,1
-0.015821635723114,0.14937379211187,-0.042156413197517,1
-0.11482906341553,0.0999710932374,-0.044289894402027,1
-0.080127954483032,0.26067300885916,0.0045649707317352,1
-0.059879302978516,-0.15764649584889,0.0099804550409317,1
-0.030427098274231,0.045617260038853,-0.026254259049892,1
-0.17878878116608,0.046713702380657,-0.096002109348774,1
-0.19740149378777,0.017885185778141,0.037011466920376,1
0.064854264259338,0.079271160066128,-0.030332364141941,1
-0.080996304750443,-0.012601174414158,-0.00077595561742783,1
0.040875136852264,-0.25228448957205,0.063283935189247,1
-0.030638635158539,-0.1839205250144,-0.050398677587509,1
0.043589949607849,0.099398516118526,0.0065721869468689,1
-0.067032814025879,0.055350475013256,0.023285426199436,1
-0.17139938473701,-0.044066037982702,-0.055822290480137,1
-0.059155762195587,-0.083760848268867,-0.074069283902645,1
-0.0020419955253601,0.21295278519392,-0.060968101024628,1
0.083863496780396,-0.19166598469019,0.033389531075954,1
-0.055556863546371,-0.2014489620924,0.14614196866751,1
-0.058668553829193,0.23987957090139,-0.067005559802055,1
0.10361921787262,-0.23836842924356,0.095608495175838,1
-0.17729943990707,0.13930734246969,-0.072761528193951,1
-0.073601216077805,-0.13168962299824,0.015279851853848,1
-0.040795266628265,-0.016797557473183,-0.020012252032757,1
-0.091613322496414,-0.13320590183139,-0.095502473413944,1
0.1701083779335,-0.19794610887766,0.10432710498571,1
-0.076106011867523,0.070428542792797,-0.077992908656597,1
-0.16778218746185,0.070461146533489,-0.029800415039062,1
-0.12056827545166,0.057947121560574,-0.07229570299387,1
-0.21098077297211,0.039326049387455,0.16204715520144,1
-0.097338229417801,0.14611551910639,-0.084217898547649,0
-0.1344658434391,0.22787096351385,0.065520651638508,1
-0.045610070228577,0.013146586716175,-0.0024368241429329,1
-0.11672434210777,-0.081516174599528,0.023677699267864,1
-0.15709382295609,-0.07419023476541,0.013489462435246,1
0.058426558971405,-0.24150516837835,0.16435839980841,1
-0.056301027536392,-0.017833940684795,0.014475338160992,1
0.16133517026901,0.18764471262693,-0.025075897574425,1
-0.057283341884613,-0.0038926899433136,0.0080093815922737,1
-0.11078634858131,-0.0975726172328,0.050221838057041,1
-0.089387208223343,-0.01787344366312,0.00057674199342728,1
-0.078704178333282,0.17913224548101,-0.07934682816267,0
-0.064105331897736,-0.20968911796808,0.18646753579378,1
-0.0074036121368408,0.087929852306843,-0.0048841834068298,1
0.0039067268371582,-0.15894105657935,-0.087804459035397,1
-0.11730447411537,-0.038723163306713,0.028102479875088,1
-0.025610744953156,0.26995011419058,0.0092254504561424,1
-0.0013484954833984,-0.11387238744646,-0.036600701510906,1
0.050364911556244,-0.24572411924601,0.064431674778461,1
0.023886740207672,0.18653430789709,0.032513990998268,1
-0.11251765489578,-0.098062925273553,-0.00044620782136917,1
0.13990718126297,0.17603489011526,0.045399069786072,1
0.12536865472794,-0.14055487886071,-0.04290410131216,1
0.04171234369278,-0.07165309228003,0.00077637284994125,1
0.00095921754837036,-0.20378804206848,0.027738533914089,1
0.0022628903388977,-0.11816041730344,-0.057859525084496,1
-0.25237476825714,0.015786781907082,0.11486197263002,1
-0.12089675664902,0.14048732072115,0.1531805768609,1
0.071909725666046,0.14492961019278,-0.07059396058321,1
-0.066829949617386,0.079528398811817,-0.051265753805637,1
-0.089845538139343,-0.22144819796085,0.08290458470583,1
-0.022643148899078,-0.11339885927737,-0.037525348365307,1
0.0075893998146057,0.059863470494747,0.0036339983344078,1
0.088168382644653,0.14061581343412,-0.014016970992088,1
-0.077331364154816,-0.14110596477985,0.070857174694538,1
-0.20835191011429,0.01424266397953,-0.0064583346247673,1
-0.0042678713798523,0.28690137714148,0.067571759223938,1
0.020813524723053,-0.10843764431775,-0.0051765069365501,1
-0.05217644572258,-0.15701479464769,0.013372413814068,1
-0.026012599468231,0.043388389050961,-0.0038230642676353,1
0.021221876144409,0.093287520110607,0.022204674780369,1
-0.11713403463364,0.090434394776821,-0.047328673303127,1
0.034346640110016,-0.19357737153769,-0.091862928122282,1
0.080862164497375,-0.18553299456835,-0.031157568097115,1
-0.014729976654053,0.10548090189695,0.019499011337757,1
-0.10342127084732,-0.22787133604288,0.12310863286257,1
-0.074551463127136,0.21775957196951,0.14359926432371,1
0.13132870197296,0.18785395473242,-0.0012060105800629,1
-0.23032477498055,-0.092340594157577,-0.054775588214397,1
-0.054511398077011,0.20793490856886,-0.015323735773563,1
-0.15523460507393,-0.093089802656323,-0.091056317090988,1
-0.089714229106903,-0.12136345170438,-0.063538797199726,1
-0.047717094421387,-0.097789419814944,-0.055575549602509,1
-0.014525890350342,-0.15813733637333,0.024265930056572,1
0.1015732884407,-0.24882859736681,0.036598764359951,1
-0.029779672622681,-0.066177103668451,-0.051726534962654,1
0.046504259109497,0.076087169349194,-0.03640528768301,1
-0.030927956104279,-0.28510997444391,0.017792165279388,1
-0.027993679046631,0.046860240399837,0.0039500966668129,1
-0.14825904369354,-0.19145049154758,0.0072031244635582,1
0.085611045360565,-0.24884093552828,0.026142217218876,1
-0.16684404015541,-0.059732604771852,-0.072316512465477,1
-0.08971956372261,-0.15742599591613,0.0510273873806,1
-0.19043499231339,0.0034082233905792,-0.085435219109058,1
-0.076433330774307,-0.027689501643181,0.0091444775462151,1
-0.1651166677475,-0.095245403237641,0.014462701976299,1
-0.1359808743,0.13589067012072,0.14084034413099,1
0.18507164716721,0.22045903652906,0.130276478827,1
0.059937238693237,0.22627522796392,-0.076417662203312,1
-0.19225263595581,-0.026144050061703,0.13508550077677,1
0.18058115243912,-0.15668931230903,0.10964434593916,1
0.035828292369843,-0.13295692577958,-0.041479401290417,1
-0.049751162528992,-0.06179565936327,-0.006041906774044,1
0.1656818985939,0.1799994930625,-0.059999532997608,1
-0.20708277821541,0.11233464628458,0.019573889672756,1
-0.074112981557846,0.14753463119268,0.046454705297947,1
-0.10615748167038,0.14619719237089,-0.051352523267269,0
-0.097817063331604,0.017425864934921,0.019067503511906,1
0.098459601402283,0.076285354793072,0.019693471491337,1
-0.021374940872192,0.25329603999853,-0.081093810498714,1
0.1533231139183,0.13819769769907,-0.0081454738974571,1
-0.022644460201263,0.19491591304541,0.11314333230257,1
0.18762248754501,-0.2095862403512,-0.05922607332468,1
-0.04120546579361,-0.051716461777687,0.016187123954296,1
-0.026580989360809,0.037087120115757,0.0037235096096992,1
-0.19296213984489,-0.106293074321,0.1717698648572,1
-0.060629487037659,0.050969995558262,-0.0098809227347374,1
-0.17694622278214,0.10426580160856,-0.092996262013912,1
-0.14800813794136,-0.13110975176096,0.12986540049314,1
0.12040191888809,0.21598874777555,0.030260749161243,1
-0.19878780841827,0.077071212232113,0.091534696519375,1
-0.17529359459877,-0.086594210006297,0.059304170310497,1
-0.16459265351295,-0.050569966435432,0.10836695879698,1
-0.13517752289772,-0.067841805517673,0.0098800584673882,1
-0.23629885911942,0.063920892775059,-0.047790542244911,1
-0.10202258825302,0.025860853493214,-0.058920323848724,1
-0.0063087344169617,-0.0812854077667,0.014164626598358,1
0.080162763595581,0.28093778342009,0.035829715430737,1
0.032354295253754,-0.26438050717115,-0.0020965859293938,1
-0.22034865617752,0.0043229758739471,0.020467780530453,1
0.093466699123383,-0.078488033264875,0.015516482293606,1
-0.16311013698578,0.099230907857418,0.0097112283110619,1
0.14471024274826,-0.20624872297049,-0.064627826213837,1
-0.007485568523407,-0.21901945769787,0.19343031197786,1
0.17702358961105,-0.16547882556915,0.0033816918730736,1
-0.16520065069199,0.17456736415625,0.0015582963824272,1
0.071629345417023,-0.088365942239761,0.019875138998032,1
-0.10163137316704,0.013737335801125,-0.077931486070156,1
-0.03881299495697,0.14882893115282,-0.019298419356346,1
-0.24677872657776,0.01798103004694,-0.062759272754192,1
0.12263280153275,-0.21315155923367,-0.053394936025143,1
0.028793096542358,0.20538028329611,0.033151783049107,1
0.029678344726562,0.078425474464893,-0.00018998980522156,1
-0.23015439510345,0.064563937485218,-0.038253873586655,1
-0.21927154064178,0.034441359341145,0.12646179646254,1
0.090218901634216,0.097658388316631,-0.03138605505228,1
-0.020014822483063,-0.14358643069863,0.0087731257081032,1
0.011399447917938,0.089193396270275,-0.031574554741383,1
-0.11230367422104,0.036506943404675,0.0089681372046471,1
0.14240831136703,-0.2526990249753,0.017707526683807,1
-0.12128150463104,-0.14365728199482,0.1208730712533,1
0.16474986076355,0.20303585380316,0.16010654717684,1
-0.12431585788727,0.23324903100729,-0.027396105229855,0
0.10174959897995,-0.11664344929159,-0.082863546907902,1
0.10541266202927,-0.21693650633097,0.048805341124535,1
0.05238538980484,-0.07689256966114,-0.039048917591572,1
-0.14534321427345,-0.11465124692768,0.074623472988605,1
0.082839131355286,0.21365740150213,0.12027630954981,1
0.15962475538254,0.2217680439353,-0.083496637642384,1
-0.19212636351585,-0.10619680210948,0.033440224826336,1
0.00018072128295898,0.1011511310935,-0.014845572412014,1
0.15383237600327,0.14405662566423,-0.024565540254116,1
-0.094065427780151,0.03703423589468,0.032500453293324,1
0.031233429908752,0.063839428126812,0.0055458396673203,1
-0.12523585557938,-0.0095472931861877,-0.088351875543594,1
-0.13362470269203,-0.14693228900433,0.08337926119566,1
0.049118101596832,-0.071030672639608,0.0040730312466621,1
0.015189290046692,0.2129795178771,0.18485058099031,1
0.021794080734253,0.21799447387457,-0.053028210997581,1
-0.23336237668991,-0.0030340701341629,-0.07649489492178,1
0.11674863100052,-0.18777940422297,0.089840762317181,1
-0.092080533504486,-0.05788804218173,-0.038348399102688,1
-0.12439262866974,-0.1707563996315,-0.04181881994009,1
-0.055576413869858,-0.14578300341964,-0.06415169686079,1
-0.13413417339325,-0.077784867957234,0.061115674674511,1
-0.11804828047752,0.0042445063591003,-0.068417608737946,1
0.094770967960358,-0.080673111602664,0.020792730152607,1
-0.13613030314445,0.056406535208225,0.047210149466991,1
-0.030186474323273,0.13834396749735,-0.027674227952957,1
0.094209730625153,-0.13601259887218,0.012647271156311,1
-0.2063727080822,-0.074183033779263,0.12498501688242,1
-0.13355413079262,0.11806175857782,0.055173091590405,1
-0.094788879156113,-0.19199745357037,0.061530254781246,1
0.084178864955902,-0.13464857265353,0.018326304852962,1
0.065381526947021,0.088394246995449,-0.030553013086319,1
-0.068064093589783,0.082873485982418,0.028639025986195,1
0.12200838327408,0.23438846319914,0.0082632973790169,1
0.099378645420074,0.13018213957548,0.046264298260212,1
-0.10050895810127,-0.12599298357964,0.065602444112301,1
-0.02028226852417,0.25539257377386,0.038391262292862,1
-0.070263177156448,0.095428220927715,-0.048556633293629,1
0.046155989170074,-0.19428889453411,-0.10048552975059,1
0.071012496948242,0.052347533404827,-0.028456546366215,1
-0.22602784633636,0.039944253861904,0.11217474192381,1
-0.24860894680023,0.099503733217716,0.064468882977962,1
0.033607661724091,0.26363202184439,0.14234503358603,1
0.016543984413147,-0.12493923678994,0.02049758285284,1
0.044091641902924,0.081499598920345,-0.0050041154026985,1
0.051948726177216,-0.047061733901501,0.001376137137413,1
-0.12234699726105,-0.20958770811558,0.045859344303608,1
0.033269643783569,-0.1064756126143,-0.034886054694653,1
-0.036491692066193,0.099732019007206,-0.072418488562107,1
0.035978138446808,0.11079197376966,0.0087049081921577,1
-0.00093573331832886,0.1412812396884,0.040317825973034,1
-0.09241908788681,0.026063464581966,-0.024577386677265,1
-0.065821528434753,0.023174315690994,-0.016105391085148,1
0.089451491832733,0.084448300302029,-0.011051952838898,1
-0.091488391160965,-0.0990602086531,0.015643216669559,1
-0.15559622645378,-0.027890630066395,-0.073040597140789,1
-0.16493353247643,0.050889380276203,0.074913360178471,1
-0.0579434633255,0.075792156159878,-0.042382307350636,1
0.18225830793381,-0.17848305404186,-0.091052435338497,1
-0.14320886135101,-0.1546569019556,-0.0010056868195534,1
0.10281163454056,0.27294477075338,0.096133194863796,1
-0.21939009428024,0.021790698170662,0.096282668411732,1
0.09500116109848,0.09497594088316,-0.066214613616467,1
0.028513610363007,-0.19480063766241,-0.016589716076851,1
-0.1443173289299,0.0055588632822037,-0.05170414596796,1
-0.023347079753876,0.26613583415747,0.084687955677509,1
-0.046864330768585,0.11306681483984,0.0080436393618584,1
-0.068699330091476,0.27562984079123,-0.0067845582962036,1
-0.13218224048615,0.042718850076199,0.038339681923389,1
-0.13206270337105,-0.052023287862539,-0.082218706607819,1
-0.21512213349342,-0.15879087895155,-0.024132303893566,1
-0.042357981204987,0.19886710494757,0.058482706546783,1
-0.10556447505951,0.098011560738087,-0.026228182017803,1
-0.096166580915451,0.094905503094196,-0.084632523357868,1
0.073307573795319,-0.071797119453549,0.01046808809042,1
-0.089743733406067,0.036800853908062,-0.015105940401554,1
0.1060386300087,-0.2823663726449,0.019473396241665,1
0.1286997795105,0.12905585020781,-0.02368576079607,1
0.012637674808502,-0.10670672636479,0.016826190054417,1
-0.052244782447815,0.23997186869383,0.13852370530367,1
-0.041541516780853,-0.194051399827,0.20659733563662,1
-0.097039133310318,-0.17272689193487,0.064042150974274,1
0.015096127986908,-0.14447450637817,0.0035010501742363,1
0.0098572373390198,-0.11723858676851,-0.03114926815033,1
-0.15545177459717,-0.16750672459602,0.11096224933863,1
-0.12350216507912,0.1257761195302,-0.071658156812191,0
-0.039117157459259,0.12282729893923,0.038318552076817,1
0.064318776130676,0.20736306160688,-0.0073370859026909,1
-0.067928791046143,-0.19048109650612,0.091986395418644,1
-0.15140250325203,0.12201749533415,-0.0032061412930489,1
0.20078152418137,-0.19917498528957,-0.073914118111134,1
-0.25986185669899,0.031216092407703,-0.007045142352581,1
0.18175083398819,0.21003618091345,0.027899451553822,1
0.21267539262772,0.19360967725515,0.023580394685268,1
-0.045637845993042,-0.046173371374607,-0.021135054528713,1
-0.10224616527557,-0.053204774856567,0.0098664984107018,1
0.12401622533798,-0.18197281658649,-0.072497107088566,1
0.10324287414551,-0.19456374645233,-0.043587654829025,1
-0.076955080032349,-0.0070031881332397,0.023790828883648,1
-0.055231600999832,-0.081505404785275,-0.059052549302578,1
0.076901197433472,-0.19634924829006,-0.082048192620277,1
-0.076032847166061,-0.20759630203247,0.023533381521702,1
0.050050854682922,-0.079821448773146,-0.04792558401823,1
-0.094105392694473,-0.08365692012012,0.040907613933086,1
-0.16505590081215,0.069092638790607,0.021473906934261,1
-0.21235871315002,0.053802810609341,0.069394700229168,1
0.12415593862534,-0.22554757446051,0.010929465293884,1
-0.23221060633659,-0.0048370882868767,0.023723162710667,1
0.079720437526703,-0.150898642838,-0.073165066540241,1
-0.079489707946777,0.015045955777168,-0.024846114218235,1
-0.065487027168274,-0.054399758577347,0.023171447217464,1
-0.028879046440125,-0.10932511091232,0.0045299977064133,1
0.03431510925293,0.13351877778769,-0.011279694736004,1
-0.14639979600906,0.010383985936642,-0.025703370571136,1
-0.22868117690086,0.048655115067959,0.11637622863054,1
-0.030364036560059,-0.060184389352798,-0.022284127771854,1
0.090648531913757,0.10048443824053,-0.035087764263153,1
-0.015617549419403,0.043259494006634,-0.00085853785276413,1
-0.090881168842316,0.016471937298775,-0.0047746375203133,1
0.17260098457336,0.20367976278067,-0.052081234753132,1
0.16544264554977,0.16872092336416,0.13151931017637,1
0.07972925901413,-0.12155595421791,-0.0072090327739716,1
-0.087262809276581,0.045901872217655,0.032447285950184,1
0.047150313854218,0.087824769318104,-0.0066763311624527,1
-0.097493231296539,0.092932380735874,0.010577164590359,1
-0.12875115871429,0.090446300804615,0.016313545405865,1
-0.07790619134903,0.063874043524265,0.003204457461834,1
-0.12092143297195,0.1941179856658,0.15705052763224,1
-0.035812318325043,0.23680057376623,0.11786954849958,1
-0.034254133701324,-0.09044639300555,0.00038028508424759,1
0.14780336618423,0.12599410861731,0.035962142050266,1
0.057732939720154,0.10047229379416,-0.021479785442352,1
-0.05804979801178,0.12745838612318,-0.010850094258785,1
-0.1703710258007,-0.015792705118656,0.080003805458546,1
-0.13757365942001,0.015386611223221,0.018482677638531,1
0.012076914310455,-0.09912615531357,-0.060720846056938,1
-0.067064881324768,-0.10706190252677,0.0094026923179626,1
-0.087941467761993,0.012589521706104,-0.041220627725124,1
-0.17745164036751,0.074258781969547,0.078459702432156,1
-0.064798027276993,0.27342765778303,0.05525054037571,1
-0.12669569253922,0.018668010830879,0.032716922461987,1
-0.0053973793983459,0.16423874348402,-0.052923008799553,1
0.025103271007538,0.16063263267279,0.038118109107018,1
0.06998211145401,-0.19021596759558,0.2219538167119,1
0.080072104930878,-0.075897037982941,0.022953681647778,1
-0.080957770347595,0.0037719234824181,0.0060912743210793,1
0.081721246242523,0.072008483111858,-0.015056483447552,1
-0.081545650959015,0.054677627980709,-0.0092734023928642,1
-0.16355130076408,-0.1848376840353,0.034389413893223,1
0.17269521951675,0.16640045493841,-0.028203092515469,1
-0.11393824219704,-0.037684164941311,-0.015662886202335,1
-0.076707661151886,-0.042573120445013,0.020621098577976,1
-0.011469185352325,0.23262866586447,0.15636735409498,1
-0.12306654453278,-0.037770107388496,0.019675813615322,1
-0.089800715446472,-0.04426496848464,0.012522526085377,1
0.14527231454849,-0.18669760227203,0.061486132442951,1
-0.069455742835999,0.25095697492361,0.018473751842976,1
-0.17501649260521,-0.14929544553161,0.13644849509001,1
0.03363049030304,0.095600418746471,0.015259005129337,1
-0.10718768835068,0.16154678910971,0.066141463816166,1
0.076784253120422,0.05298987776041,-0.0077445730566978,1
-0.19802108407021,0.017094671726227,-0.041992478072643,1
0.028193175792694,0.16840218752623,0.0070804059505463,1
0.12715202569962,-0.22247982025146,0.13783181458712,1
-0.11564779281616,-0.051434494554996,-0.085412889719009,1
-0.10642272233963,0.022498801350594,-0.045069739222527,1
-0.12531504034996,-0.070407565683126,-0.012001074850559,1
0.074459135532379,-0.10374041041359,-0.0075586512684822,1
-0.2448148727417,0.037852220237255,0.11506137996912,1
-0.10149395465851,0.02131462097168,-0.0076868608593941,1
-0.071621626615524,0.0406559035182,-0.043397381901741,1
-0.044717848300934,0.13350618630648,0.032159999012947,1
0.14899080991745,-0.16431904584169,-0.033866547048092,1
0.091977655887604,-0.26371262222528,0.01494474709034,1
0.11288899183273,0.090731166303158,-0.023525081574917,1
0.12847477197647,-0.1213213223964,-0.0056177750229836,1
0.1112060546875,0.18498023599386,0.044804602861404,1
0.0042789578437805,-0.11829407513142,-0.012040957808495,1
0.10107123851776,-0.18150387704372,-0.044644385576248,1
-0.22647732496262,-0.077422676607966,0.015498004853725,1
-0.22156128287315,0.036795876920223,0.087503679096699,1
0.035641670227051,0.11115025728941,-0.045116417109966,1
-0.17181557416916,-0.1573593467474,0.048115707933903,1
-0.0062451362609863,0.08356236666441,-0.0083835646510124,1
0.14609795808792,0.20770099014044,0.016399130225182,1
0.043043613433838,-0.28323664516211,0.030982188880444,1
-0.089873045682907,-0.078716937452555,-0.0072326436638832,1
0.0018222332000732,-0.17313561588526,-0.048713229596615,1
-0.2215416431427,0.046805821359158,-0.041067562997341,1
-0.045486509799957,-0.22463874518871,0.12649159878492,1
-0.11127975583076,-0.048337694257498,-0.017232365906239,1
0.049303472042084,0.060911975800991,-0.01742298156023,1
-0.14420592784882,0.037242747843266,-0.068620271980762,1
0.14974868297577,0.23157384246588,0.13019568473101,1
-0.030768215656281,-0.14596577733755,-0.0044126883149147,1
-0.044059693813324,0.13593978434801,-0.059302315115929,1
-0.033273041248322,-0.088630566373467,-0.0145478323102,1
0.10174405574799,0.13744979351759,-0.0023840963840485,1
-0.1678803563118,-0.066951584070921,-0.022518754005432,1
-0.15087062120438,-0.097655054647475,0.10831654816866,1
-0.17626529932022,-0.11575140617788,-0.017273522913456,1
-0.1789613366127,0.079515568912029,0.0076779499650002,1
-0.0027369856834412,-0.20864646881819,0.10719997435808,1
-0.23415917158127,0.027561016380787,-0.0709533020854,1
0.0996994972229,-0.098473195801489,-0.03746236115694,1
-0.14612436294556,0.22703721374273,-0.030269838869572,1
-0.058622658252716,-0.14156979322433,0.031406842172146,1
-0.033776342868805,0.24332364648581,0.1029391810298,1
-0.20948478579521,-0.11282444465905,-0.055312432348728,1
0.10212397575378,-0.099441793281585,0.034090168774128,1
0.087054669857025,0.13270839303732,0.033196590840816,1
-0.15241348743439,0.1037315800786,0.046529613435268,1
-0.060927152633667,0.18898089975119,0.096786089241505,1
0.075625538825989,-0.1339566744864,-0.087219148874283,1
-0.25502720475197,0.022382147610188,-0.030250541865826,1
-0.0045162439346313,0.27644636482,0.10604686290026,1
0.027794539928436,-0.11696398630738,0.018368609249592,1
0.14930528402328,-0.20266621559858,0.17548180371523,1
-0.12237626314163,-0.020495481789112,-0.0063830390572548,1
-0.07957798242569,-0.0082418695092201,0.0098152682185173,1
-0.033468723297119,0.013627238571644,0.0035126730799675,1
-0.074413985013962,0.15991737693548,-0.024053446948528,1
-0.042806506156921,-0.03340707719326,-0.032101787626743,1
0.021693706512451,-0.081241630017757,-0.041419982910156,1
0.14730590581894,0.20936264842749,0.036749958992004,1
0.067338287830353,0.28310599178076,0.070127852261066,1
-0.16097435355186,0.011814072728157,0.048672802746296,1
-0.079261630773544,-0.19690708816051,0.11502804607153,1
-0.14583280682564,0.15649779886007,0.038837023079395,1
-0.20620691776276,-0.028994761407375,0.12299282103777,1
0.039395928382874,-0.19870381057262,0.035504132509232,1
-0.067911714315414,0.23434042185545,-0.056435830891132,0
-0.064055025577545,-0.071857616305351,-0.024847485125065,1
-0.098469763994217,-0.077259220182896,-0.046367026865482,1
-0.084803253412247,-0.1746147274971,0.031028114259243,1
-0.019274115562439,-0.13903030380607,-0.011659249663353,1
-0.053866803646088,0.11231768876314,-0.028562761843204,1
0.044647634029388,-0.26897322386503,0.10344711691141,1
-0.22042238712311,0.085510812699795,-0.0053494349122047,1
-0.030276775360107,0.09301645308733,-0.024884425103664,1
-0.02089136838913,0.13565351814032,0.024485029280186,1
-0.062862694263458,0.11713653057814,-0.034799419343472,1
-0.031570196151733,0.081924460828304,0.016555316746235,1
-0.047871112823486,0.057283900678158,0.00090723484754562,1
0.040293872356415,0.11289992183447,-0.013655006885529,1
0.0067370533943176,0.24825324863195,-0.053622297942638,1
-0.091555446386337,0.17515891045332,0.0071754977107048,1
-0.12692296504974,-0.23068486899137,-0.051046691834927,1
0.012548446655273,0.2568039521575,0.13410181552172,1
-0.13426858186722,0.11664379388094,0.019243128597736,1
-0.14664390683174,0.18881615251303,0.034987322986126,1
0.10200744867325,-0.16288159787655,0.054632388055325,1
0.047761023044586,-0.10170189291239,0.010181345045567,1
0.11441147327423,-0.15094263106585,0.060826241970062,1
0.10758978128433,-0.22544526308775,0.045571386814117,1
-0.039658904075623,-0.048324059695005,0.011273227632046,1
0.12984579801559,-0.19808924198151,-0.054994128644466,1
-0.032964050769806,0.15070026367903,0.030491098761559,1
-0.11254775524139,-0.16826941817999,-0.033420450985432,1
0.0020613074302673,-0.069652810692787,-0.03357720375061,1
0.15101605653763,0.20259024947882,0.13012275844812,1
-0.11767381429672,0.16734387725592,0.068928606808186,1
-0.06312757730484,-0.062912724912167,0.018726043403149,1
0.072583377361298,-0.23887979239225,0.052549548447132,1
0.11552464962006,-0.28139755874872,0.01158007979393,1
-0.09255775809288,-0.228735037148,-0.036306701600552,1
0.10414600372314,0.25592827051878,-0.073660641908646,1
0.0051823854446411,-0.12825241498649,-0.040850557386875,1
-0.0068334937095642,-0.22050192207098,-0.00043853372335434,1
-0.19844716787338,-0.077588547021151,0.031928353011608,1
-0.23524740338326,0.0074811726808548,-0.018378473818302,1
-0.058010697364807,0.11503998190165,-0.047857470810413,1
0.16962462663651,-0.20624107122421,0.098125346004963,1
0.16405737400055,0.18334596604109,0.039886131882668,1
-0.16777914762497,-0.03103968501091,-0.091057859361172,1
0.062455356121063,0.19197296351194,-0.086204171180725,1
0.12146836519241,0.17251800745726,-0.0022071972489357,1
0.17077869176865,-0.16934917867184,0.15780977159739,1
-0.095811992883682,-0.018491469323635,-0.051330141723156,1
-0.024948537349701,-0.16805839538574,-0.097702376544476,1
-0.0741046667099,-0.036086425185204,-0.026521421968937,1
-0.13106563687325,-0.23784177750349,0.08346239477396,1
0.051997601985931,-0.11187206488103,-0.06026291847229,1
0.057088792324066,0.083825431764126,0.021192573010921,1
-0.13086837530136,-0.026612937450409,0.0045335665345192,1
-0.030999660491943,0.028102032840252,-0.013862244784832,1
-0.14123409986496,0.1345182582736,-0.097088150680065,1
0.024103581905365,-0.16147428378463,-0.0060668587684631,1
-0.1211684346199,0.10754851251841,0.051051788032055,1
-0.10389465093613,0.058092139661312,0.044201232492924,1
-0.11210060119629,0.031998835504055,-0.064706183969975,1
0.0046491026878357,-0.20339099317789,0.057414092123508,1
-0.072945892810822,-0.10958611778915,-0.015794940292835,1
0.031322479248047,0.28879513591528,0.024809695780277,1
0.032863438129425,-0.1785182133317,-0.007233239710331,1
-0.093208938837051,-0.11955589428544,0.044312737882137,1
0.099923551082611,0.092151634395123,0.026644110679626,1
0.080014050006866,0.24055101722479,0.15842059999704,1
-0.083980351686478,-0.25444958359003,-0.017687812447548,1
-0.045597016811371,0.15224131196737,-0.025277338922024,1
-0.19270703196526,-0.13378380611539,0.019885696470737,1
0.031502962112427,-0.18012434244156,0.028302244842052,1
0.019490659236908,-0.19667287915945,0.027134083211422,1
0.058783829212189,-0.10485764686018,-0.070100985467434,1
0.16447758674622,0.19550796598196,0.094446934759617,1
-0.12444952130318,-0.15526238083839,-0.043236054480076,1
0.001710832118988,-0.075762888416648,-0.0027058199048042,1
-0.24388933181763,-0.049835681915283,0.0026603415608406,1
-0.0853251516819,0.15383439511061,-0.038137458264828,0
-0.17315417528152,0.10842361301184,0.083801053464413,1
0.061777651309967,0.090050719678402,-0.014310993254185,1
-0.078380942344666,-0.19237617403269,0.092752210795879,1
-0.023270189762115,-0.13692297041416,-0.085291169583797,1
-0.06693622469902,-0.037922985851765,0.0047041997313499,1
-0.031223058700562,0.19772117584944,0.17431429773569,1
0.018286228179932,0.26644708961248,0.14458499103785,1
-0.14942717552185,0.0055539160966873,0.073530711233616,1
-0.053152680397034,-0.21080875396729,-0.01836571842432,1
-0.072482973337173,-0.25916681438684,-0.022670775651932,1
0.12321734428406,0.1956165060401,0.065269105136395,1
-0.09619528055191,-0.11346977576613,-0.040239848196507,1
-0.14781257510185,-0.059402633458376,0.027484782040119,1
-0.14449942111969,-0.094451044686139,0.037505216896534,1
-0.083761006593704,0.15142857283354,0.07270971685648,1
0.099772334098816,0.1639800593257,0.062405385077,1
-0.068420708179474,0.03752862662077,-0.034907855093479,1
0.0074712038040161,-0.10725119663402,0.0054068118333817,1
0.1026845574379,0.25522466748953,0.14290983229876,1
-0.0087241530418396,-0.1134098470211,0.010044977068901,1
-0.091318368911743,0.098647452890873,0.037658549845219,1
-0.0086249709129333,-0.16348365694284,0.054943799972534,1
-0.12903526425362,-0.13366654515266,0.037048660218716,1
-0.041233718395233,-0.033068850636482,-0.023645147681236,1
-0.084583580493927,0.15050562471151,0.054709307849407,1
0.12917703390121,-0.17463716119528,-0.055019855499268,1
-0.00098657608032227,0.17706134170294,0.036974720656872,1
0.12102937698364,-0.19131258130074,-0.09221713244915,1
-0.19393026828766,0.15787150710821,-0.062776662409306,1
-0.06466281414032,0.024041213095188,0.010573796927929,1
0.20901924371719,-0.19300068169832,-0.033439122140408,1
-0.10612744092941,0.16310622543097,-0.020678155124187,0
0.13645362854004,-0.23284325748682,-0.082668103277683,1
-0.13551172614098,-0.11018702108413,-0.040479816496372,1
0.1331382393837,0.25500296801329,-0.049110718071461,1
0.16188871860504,-0.20836157351732,0.16451918333769,1
0.018212080001831,-0.058759741485119,-0.011126354336739,1
0.1183762550354,-0.15325643867254,-0.050608776509762,1
-0.071462273597717,-0.21491122990847,0.036851800978184,1
-0.0060387253761292,-0.071491146460176,-0.0083766952157021,1
0.18391758203506,-0.17922610044479,0.062883608043194,1
-0.14919948577881,0.12337350100279,0.034939490258694,1
-0.040872931480408,0.043492011725903,0.0021166428923607,1
0.076118648052216,0.16234304755926,0.053209394216537,1
-0.14629471302032,0.11794228106737,-0.00296600908041,1
0.066394627094269,-0.25991494208574,0.027339071035385,1
-0.061900973320007,-0.015834592282772,0.0051755830645561,1
-0.18539655208588,-0.078792260959744,0.11365356296301,1
0.17520815134048,0.21513476222754,0.040926799178123,1
0.089821755886078,0.28502079099417,0.05949405580759,1
-0.039529979228973,0.0081047043204308,-0.022766932845116,1
-0.052785724401474,-0.16438134014606,-0.065877087414265,1
-0.22060918807983,-0.016467049717903,-0.00023976713418961,1
0.12608450651169,-0.22622523456812,-0.075779862701893,1
-0.048647403717041,-0.10125628905371,-0.064918458461761,1
0.025996327400208,0.18369119614363,-0.079426132142544,1
0.093776285648346,-0.17114853858948,-0.0083671361207962,1
-0.10473614931107,0.04664085060358,0.019569478929043,1
-0.1291412115097,0.11989916115999,0.047028280794621,1
0.12126952409744,-0.13927590474486,0.014316819608212,1
0.085091352462769,0.12151608616114,0.029960989952087,1
-0.052592724561691,-0.08617680426687,-0.025205530226231,1
-0.21510970592499,0.15803285688162,0.079764522612095,1
-0.054527789354324,0.20699765533209,-0.0071504637598991,1
0.089211463928223,-0.11810737103224,0.0034610107541084,1
0.064798653125763,-0.26568035036325,0.096427954733372,1
-0.023456394672394,-0.23943064361811,-0.065438337624073,1
0.10923063755035,0.1345904096961,0.02901504188776,1
-0.15219029784203,0.11142250150442,0.13303131610155,1
0.12903916835785,0.21771075576544,0.096874691545963,1
-0.10169008374214,-0.022234372794628,0.0007810965180397,1
-0.22059190273285,-0.054896950721741,0.048108167946339,1
-0.16179811954498,-0.1254106387496,-0.055701829493046,1
-0.058616161346436,-0.067698791623116,-0.017911024391651,1
0.032749831676483,-0.1979792714119,0.063054956495762,1
-0.04986697435379,-0.013492047786713,0.0031119659543037,1
0.036560714244843,0.15128269046545,0.0024421811103821,1
0.083879053592682,0.14782439917326,0.020083397626877,1
0.038148939609528,0.16254069656134,0.028873644769192,1
-0.13228869438171,-0.0031483098864555,-0.030843816697598,1
0.076910793781281,-0.19872169196606,0.1766257956624,1
-0.046615302562714,-0.10322842793539,0.03561195731163,1
-0.066311597824097,-0.23239245265722,0.017786838114262,1
-0.20737278461456,0.10723382979631,0.047857902944088,1
0.015594482421875,0.1024030521512,0.01300335675478,1
0.022469341754913,0.12283758074045,0.025793708860874,1
0.047158002853394,-0.13033940643072,0.009899914264679,1
-0.034168124198914,-0.16151579096913,-0.0088683888316154,1
0.1066774725914,-0.2009783834219,-0.0053524971008301,1
0.10416573286057,0.096029095351696,0.026633195579052,1
-0.014801681041718,-0.14304842054844,0.039842344820499,1
0.013735353946686,-0.23997668176889,0.077752865850925,1
-0.034293591976166,0.040830694139004,0.0038759633898735,1
0.026180267333984,0.22545462101698,0.11993546038866,1
-0.121637403965,-0.104567441158,-0.015174828469753,1
0.011246800422668,0.11586038023233,0.0035158097743988,1
-0.059660971164703,-0.039462696760893,-0.020479790866375,1
0.059686422348022,0.22881766408682,0.041010908782482,1
-0.054354816675186,-0.021606467664242,-0.0064498409628868,1
0.031144440174103,0.19043674319983,-0.025268211960793,1
-0.052558481693268,-0.23967134207487,0.038368605077267,1
-0.13589364290237,0.14524758607149,0.11743984371424,1
-0.046034038066864,-0.045964166522026,0.0054615959525108,1
0.040218710899353,0.079124204814434,-0.0021702870726585,1
0.042513966560364,0.089758850634098,0.014952279627323,1
-0.13190820813179,-0.20123045891523,-0.00048062205314636,1
-0.0030980706214905,-0.079053649678826,0.0017042309045792,1
-0.082625657320023,-0.16842351853848,-0.040282517671585,1
-0.19582521915436,-0.17937499284744,0.047767035663128,1
-0.19100266695023,0.024374417960644,0.10860446840525,1
-0.078425735235214,-0.075177328661084,0.03014262765646,1
0.15291368961334,0.20730798691511,0.076982505619526,1
0.10191613435745,-0.16409473866224,-0.098852127790451,1
0.1666105389595,-0.21236135810614,-0.063758380711079,1
0.0060362219810486,-0.2259464636445,0.1542362049222,1
-0.015303790569305,-0.19011027365923,0.021385371685028,1
-0.054620862007141,-0.12514682859182,-0.06084106862545,1
0.086005985736847,0.071636892855167,-0.023818895220757,1
0.06383752822876,0.20303776115179,0.18526423722506,1
-0.16436982154846,-0.20943335443735,0.0054052695631981,1
-0.0149866938591,-0.12786814197898,0.037877537310123,1
0.0059735774993896,0.078858189284801,-0.017298355698586,1
-0.055393606424332,-0.031797975301743,0.017689265310764,1
-0.065951883792877,-0.0032207891345024,0.021618209779263,1
-0.023113250732422,-0.13561832159758,-0.027037434279919,1
0.085774838924408,0.18853538483381,-0.013965092599392,1
0.0062735676765442,-0.19108680635691,0.084171645343304,1
0.030985653400421,-0.07272488810122,0.0044373497366905,1
-0.23113539814949,0.14108294993639,0.037580154836178,1
-0.033202111721039,0.1901740655303,-0.048776052892208,1
0.035065114498138,-0.12287725880742,0.025032162666321,1
0.016141533851624,0.082937203347683,0.015261694788933,1
-0.098150581121445,0.026834420859814,0.0026884153485298,1
-0.091540694236755,-0.0445073582232,-0.045401088893414,1
-0.13822963833809,-0.1842000707984,0.12657099217176,1
0.13886386156082,-0.14009655267,0.011866934597492,1
-0.15843620896339,-0.099503530887887,-0.075259752571583,1
0.14824002981186,-0.14960810914636,-0.080603562295437,1
0.0042693018913269,-0.074981713667512,0.0073555931448936,1
0.029764115810394,-0.1431929320097,-0.002490796148777,1
0.063536763191223,-0.064922615885735,-0.029330685734749,1
-0.018765509128571,-0.05042852461338,-0.0021220073103905,1
-0.073854863643646,-0.025313027203083,0.012333773076534,1
0.059418022632599,-0.088020639494061,-0.051231704652309,1
-0.038572132587433,-0.050479386001825,-0.029051952064037,1
-0.15435081720352,0.064646430313587,0.063280947506428,1
0.12212926149368,-0.16054422780871,0.013297460973263,1
0.079859673976898,-0.15322424098849,0.0085973367094994,1
0.10868465900421,0.17041402310133,-0.076399236917496,1
-0.029433071613312,-0.083131972700357,-0.0070085227489471,1
0.10780787467957,-0.16625942289829,0.014286078512669,1
-0.099011361598969,-0.05563834682107,-0.076581932604313,1
0.13726454973221,0.21376221626997,-0.07896650582552,1
-0.150550365448,0.061680622398853,-0.0060605630278587,1
0.088736414909363,-0.2157855629921,0.081449039280415,1
-0.071112155914307,-0.19696756452322,-0.036596223711967,1
-0.15273237228394,0.1795664653182,0.034433178603649,1
-0.17895397543907,0.1337096169591,0.024794273078442,1
0.14484399557114,0.14916535466909,-0.064305692911148,1
-0.032085359096527,-0.23334441334009,0.068138025701046,1
0.12832897901535,-0.13813656941056,-0.029899246990681,1
0.18030458688736,-0.1599604934454,0.10542608052492,1
0.029281377792358,0.26610278338194,0.10315950959921,1
-0.099185049533844,-0.15951402485371,0.040264792740345,1
-0.26277676224709,-0.017227686941624,-0.01682510226965,1
-0.18486222624779,-0.051280602812767,-0.094289749860764,1
-0.089319109916687,0.067632414400578,-0.028760306537151,1
-0.09132182598114,-0.17962367087603,-0.077219985425472,1
0.15978479385376,0.17989378422499,0.10509204119444,1
0.0039076805114746,-0.054233212023973,-0.0087917074561119,1
-0.0038809180259705,0.085227899253368,-0.032157339155674,1
-0.043504416942596,-0.047195620834827,0.009136937558651,1
-0.092141509056091,-0.17597348242998,0.001485250890255,1
-0.089719325304031,-0.08804044034332,0.044823341071606,1
-0.14382463693619,-0.0028332620859146,-0.091573648154736,1
-0.037849843502045,0.011912547051907,0.0042734369635582,1
0.041789710521698,-0.21852566301823,0.011779300868511,1
-0.10498335957527,-0.20852618664503,-0.024488098919392,1
-0.066769629716873,0.090259380638599,-0.085452653467655,1
-0.24460080265999,-0.049083735793829,0.10752562433481,1
0.044588148593903,0.055997334420681,-0.0031138584017754,1
0.012569010257721,-0.11143932584673,-0.010371327400208,1
-0.033209979534149,-0.15119279175997,-0.042032688856125,1
0.053419053554535,-0.055503655225039,-0.0011622831225395,1
-0.15122431516647,-0.12269025854766,0.041324637830257,1
-0.20550525188446,-0.10928563307971,0.0021398440003395,1
-0.14895066618919,-0.10247574793175,0.059148199856281,1
-0.029423534870148,-0.04023877158761,-0.003806509077549,1
0.00899738073349,0.11311105638742,0.0056978762149811,1
-0.20893707871437,0.15732612460852,0.077346958220005,1
-0.081202983856201,0.040888957679272,-0.05301646143198,1
0.092489838600159,0.2597521468997,-0.037856057286263,1
0.10349863767624,0.15808125585318,0.017924919724464,1
-0.039497017860413,-0.069524733349681,-0.038356713950634,1
0.087902784347534,0.20235683768988,-0.017267428338528,1
-0.047931253910065,0.14780982583761,-0.067437008023262,1
-0.038201510906219,-0.062172740697861,-0.0079563930630684,1
-0.056751430034637,0.046206347644329,0.01197487860918,1
-0.020030200481415,-0.070339933037758,-0.045620635151863,1
0.068289995193481,0.091881327331066,0.010257534682751,1
-0.048343002796173,-0.028730474412441,-0.00085549801588058,1
0.12080806493759,0.22839801758528,0.10439661890268,1
0.050419092178345,0.25907143205404,-0.033101603388786,1
-0.15102788805962,-0.018596835434437,0.068845652043819,1
-0.19182693958282,-0.045975055545568,-0.021621890366077,1
0.082621872425079,0.098536215722561,-0.026447549462318,1
-0.13540703058243,0.16176220029593,-0.090426854789257,1
0.015453398227692,-0.15067934244871,-0.088407229632139,1
0.1196613907814,-0.11217014491558,-0.05241384357214,1
-0.039989233016968,0.13618492335081,-0.045429676771164,1
-0.16066914796829,-0.22035146504641,0.046135306358337,1
0.021409690380096,0.099811308085918,-0.011609494686127,1
-0.15800935029984,0.057329721748829,0.08467947691679,1
-0.039360165596008,0.21762689203024,-0.026494696736336,1
-0.025155305862427,-0.077974889427423,0.014131993055344,1
0.021089315414429,-0.13458285108209,-0.023896090686321,1
-0.073740273714066,0.066029347479343,-0.0088301673531532,1
0.086487412452698,0.085439763963223,0.003032922744751,1
-0.067509591579437,-0.037255190312862,-0.054944977164268,1
-0.058780282735825,0.11048188060522,-0.067331187427044,1
-0.083848267793655,0.21188452094793,0.017651960253716,1
0.051080346107483,0.055323235690594,0.0031855851411819,1
-0.10844871401787,0.18486919254065,0.10501987487078,1
-0.039884150028229,0.019359678030014,-0.026769667863846,1
-0.042557656764984,-0.27438909560442,0.071416772902012,1
0.11317771673203,-0.19627429544926,0.050298035144806,1
-0.060546934604645,-0.040217936038971,0.005441777408123,1
-0.092219084501266,-0.15515260025859,0.013060659170151,1
-0.1573765873909,-0.028271108865738,0.06085654348135,1
0.03935319185257,0.25218527764082,0.15760014206171,1
0.1249914765358,0.24112915247679,0.02376988530159,1
-0.036890089511871,0.025394909083843,0.0020272359251976,1
0.12027484178543,0.24886839836836,0.11834529787302,1
-0.18391892313957,0.090028710663319,-0.078803472220898,1
0.13239794969559,0.17721142619848,0.107625849545,1
0.12299692630768,0.2197382375598,0.0046552270650864,1
0.037306368350983,0.21046354621649,0.066502019762993,1
0.039818286895752,0.21528201550245,0.10733858495951,1
-0.22047838568687,0.04807087033987,0.13099002093077,1
0.010220170021057,-0.072482626885176,-0.021555118262768,1
-0.23746764659882,-0.039709430187941,0.01689762622118,1
0.031838893890381,0.2204657420516,0.18355255573988,1
-0.05949929356575,-0.12745388224721,-0.035995304584503,1
-0.059648990631104,0.13844446092844,-0.0184460952878,1
0.11611109972,-0.1656541377306,-0.077763341367245,1
-0.093700081110001,-0.14454579725862,0.076804526150227,1
0.09403133392334,0.1496159657836,-0.025454916059971,1
0.10678225755692,-0.18537826836109,-0.040768638253212,1
-0.15807965397835,-0.16755232214928,0.15124102681875,1
-0.22891563177109,-0.063197020441294,0.14703638106585,1
0.0091291666030884,0.053752206265926,0.0029158592224121,1
0.15194326639175,-0.15882023796439,0.019439809024334,1
-0.064168334007263,0.045317701995373,-0.01219666749239,1
-0.23421323299408,-0.017745092511177,0.14766501635313,1
-0.024522721767426,-0.2562485858798,-0.014759860932827,1
-0.16486465930939,-0.087049569934607,-0.017339877784252,1
-0.078996121883392,0.18655499070883,-0.020455166697502,1
0.062962770462036,0.1361380442977,-0.08708056807518,1
0.031047582626343,0.12141043692827,-0.061166293919086,1
-0.22330492734909,0.06454548984766,0.011032663285732,1
-0.014516294002533,0.19857334345579,0.1128209605813,1
0.022269070148468,0.18537833541632,-0.048218548297882,1
0.05223935842514,-0.12600863166153,0.03384792804718,1
-0.05744194984436,0.25013788789511,-0.038158513605595,1
0.13849192857742,-0.24112943559885,-0.035775445401669,1
-0.073186874389648,-0.12035731598735,0.012403726577759,1
0.10725462436676,-0.10016117856139,-0.053903691470623,1
-0.16912499070168,0.0042902082204819,0.020835839211941,1
-0.079337447881699,-0.22414188832045,0.095237202942371,1
0.20170825719833,-0.18036248534918,-0.079279132187366,1
-0.064688205718994,0.09404218941927,-0.014351435005665,1
-0.062969207763672,-0.039320953190327,-0.006814606487751,1
-0.046987533569336,-0.13828875496984,0.0052551552653313,1
-0.058481097221375,-0.17883957922459,-0.039985828101635,1
0.059367716312408,0.13411033898592,-0.0017180368304253,1
-0.13538148999214,0.019459813833237,0.03584373742342,1
-0.11813470721245,0.15727557986975,0.028021596372128,1
0.083409249782562,0.24597578495741,0.089547701179981,1
-0.22367665171623,0.018387816846371,0.097886152565479,1
-0.065665662288666,-0.045282810926437,-0.0077885761857033,1
0.065467476844788,0.076253764331341,0.00091151148080826,1
0.12333518266678,0.22626056522131,0.026255793869495,1
0.097891867160797,-0.20223417133093,0.17871034890413,1
0.077370464801788,-0.20724595338106,-0.05589085817337,1
-0.20504456758499,0.15761335939169,0.10210304707289,1
0.014320492744446,-0.11771316453815,-0.0051342621445656,1
-0.05476501584053,0.19772102683783,0.069226130843163,1
-0.19801777601242,-0.13391837850213,-0.017605848610401,1
-0.053412169218063,-0.18781089782715,0.043785184621811,1
-0.20985043048859,0.028223402798176,0.049828447401524,1
0.071404099464417,0.051736317574978,-0.022042475640774,1
-0.12906387448311,-0.0086496099829674,0.045119740068913,1
0.055627465248108,-0.12256420962512,-0.05714738368988,1
0.20174515247345,0.20187368243933,-0.044959783554077,1
-0.019576370716095,-0.18057460337877,0.078605629503727,1
0.072830677032471,-0.056969739496708,0.0055011138319969,1
-0.050632834434509,-0.1729985922575,0.017438650131226,1
-0.045659124851227,0.026803739368916,-0.015494398772717,1
-0.14267840981483,0.143992818892,-0.01833762973547,1
-0.073617517948151,0.035522036254406,0.020457990467548,1
-0.089715421199799,0.17632933706045,0.16461559385061,1
0.06773966550827,0.059341587126255,-0.03591126203537,1
-0.082657963037491,0.27232172340155,0.064583390951157,1
-0.071933656930923,-0.03263334184885,0.0026188865303993,1
-0.24980026483536,-0.03294038772583,0.038855142891407,1
0.09371143579483,0.20280729979277,0.071430422365665,1
-0.19218689203262,0.16942014545202,-0.064957685768604,1
-0.083245098590851,-0.056986432522535,0.028120271861553,1
0.027307868003845,-0.088472258299589,-0.029449753463268,1
-0.19750583171844,-0.09148271754384,0.17440574616194,1
-0.040862083435059,0.019051268696785,-0.018968798220158,1
-0.18008267879486,-0.10415923595428,0.0045391395688057,1
-0.051285862922668,-0.075504973530769,-0.045311354100704,1
-0.16727620363235,0.083748437464237,0.18506380170584,1
-0.082068264484406,0.010710939764977,-0.027295090258121,1
0.070225477218628,-0.21544385701418,-0.08391148224473,1
0.019817411899567,0.093375824391842,-0.032191470265388,1
-0.052827328443527,-0.14553312957287,0.011464945971966,1
-0.029468476772308,-0.079486090689898,-0.06380245834589,1
-0.075342863798141,-0.10877599287778,-0.0044974312186241,1
-0.014223635196686,-0.21363294869661,0.17529536038637,1
-0.11541312932968,0.12054171413183,0.037039153277874,1
0.080928683280945,0.20810835808516,0.099853746592999,1
-0.21085047721863,-0.039639499038458,-0.053230233490467,1
0.1442739367485,-0.13957639411092,-0.021355666220188,1
0.09138685464859,-0.10369034390897,-0.071877472102642,1
-0.1134834587574,0.20641853660345,0.12183047086,1
-0.058167666196823,-0.11033757776022,-0.05085477232933,1
-0.032196044921875,0.028504364192486,-0.018011428415775,1
-0.080227077007294,-0.087750226259232,-0.029911644756794,1
-0.0088813900947571,-0.21173409372568,-0.039877615869045,1
0.10126894712448,0.087184630334377,-0.044715918600559,1
0.009894073009491,0.13864391297102,-0.07062890380621,1
0.13687241077423,0.16976686567068,0.19344977289438,1
0.1083470582962,0.086896575987339,0.007250614464283,1
-0.13727155327797,-0.016188070178032,-0.043571494519711,1
-0.11687725782394,-0.0036519914865494,-0.038980573415756,1
-0.019566297531128,0.20320107787848,0.18025472015142,1
-0.11391243338585,0.025230802595615,-0.086168993264437,1
-0.038865804672241,0.046303905546665,-0.014465384185314,1
-0.062476575374603,0.029371954500675,0.022776119410992,1
0.072171568870544,0.19966512173414,0.016601450741291,1
0.015183508396149,-0.12543996796012,0.009166307747364,1
0.08987694978714,0.18121828883886,0.054017670452595,1
-0.1348552107811,0.044288121163845,0.044396333396435,1
0.074593961238861,0.087516315281391,0.006576731801033,1
-0.15004232525826,-0.15217585116625,-0.028099067509174,1
-0.027965307235718,0.040995590388775,-0.01516254991293,1
-0.040112972259521,0.010787755250931,0.00044981390237808,1
-0.13080030679703,-0.14074687287211,0.025860764086246,1
-0.12805032730103,-0.15319946408272,0.1009873971343,1
0.094276607036591,0.20693822950125,0.099721200764179,1
-0.10551732778549,0.079761661589146,-0.063271589577198,1
0.018846988677979,0.24260177463293,-0.064576230943203,1
-0.068896144628525,-0.17603103071451,-0.064077615737915,1
-0.15023875236511,0.056007005274296,0.049954853951931,1
-0.21774423122406,-0.028906397521496,0.0036889240145683,1
-0.10719183087349,-0.21430752426386,-0.01471059024334,1
-0.16349470615387,-0.041361209005117,0.0093131586909294,1
-0.1973705291748,-0.028740219771862,-0.064296841621399,1
0.17616295814514,-0.15898667275906,0.00069423764944077,1
0.099904835224152,0.13176704198122,-0.051957041025162,1
-0.11706510186195,0.037664033472538,0.020077355206013,1
0.021848142147064,-0.067846991121769,0.0065328702330589,1
0.075585544109344,0.26686369627714,0.060239307582378,1
-0.17143166065216,-0.061340734362602,0.063803158700466,1
-0.051135241985321,-0.062087375670671,-0.031036294996738,1
0.015779137611389,-0.18588780611753,0.063363581895828,1
0.0053296089172363,0.25380360335112,0.14122620970011,1
-0.050507456064224,-0.033107310533524,0.0021687969565392,1
-0.16013011336327,0.11261337250471,-0.041774250566959,1
-0.071587979793549,0.018436156213284,-0.004488505423069,1
-0.0095500349998474,-0.046673614531755,0.0032081007957458,1
-0.19029247760773,-0.00041046738624573,0.076653204858303,1
-0.20379039645195,0.14600486308336,0.088800705969334,1
-0.10827541351318,-0.15351553633809,0.13962156325579,1
-0.095953583717346,0.16029431670904,0.06519266217947,1
-0.10457706451416,-0.051149412989616,0.033120505511761,1
0.041338264942169,0.074574552476406,-0.027544789016247,1
0.18388301134109,-0.22623363882303,0.011341236531734,1
0.054372072219849,-0.14890100434422,-0.051495306193829,1
0.14863151311874,-0.17543768137693,0.006161279976368,1
0.058575809001923,-0.067674588412046,-0.039209850132465,1
-0.1513899564743,0.023555159568787,0.068005047738552,1
-0.12982940673828,0.035482279956341,-0.052778474986553,1
-0.036894619464874,0.16380085796118,0.041942790150642,1
0.07535994052887,0.22051557153463,-0.090228378772736,1
0.0055238008499146,-0.049975112080574,0.0058621093630791,1
0.13316816091537,-0.25026672333479,0.092725656926632,1
0.039303123950958,-0.092437475919724,-0.023243822157383,1
-0.033847868442535,-0.25896037369967,0.080102674663067,1
0.098426878452301,-0.1995567381382,0.11087223142385,1
0.057797789573669,0.10973394662142,0.025091357529163,1
-0.1398951113224,0.13533238321543,-0.023058392107487,1
-0.20895710587502,0.049181886017323,-0.053032226860523,1
-0.075594753026962,0.019157975912094,-0.016872920095921,1
-0.080404251813889,-0.037588596343994,-0.0067900642752647,1
-0.14167085289955,-0.095349269453436,-0.047911413013935,1
-0.15699225664139,-0.069183725863695,0.013639561831951,1
-0.057888597249985,-0.25905577093363,0.10795257240534,1
-0.062212407588959,-0.027550488710403,-0.020449809730053,1
0.049932777881622,0.17701291292906,-0.073171630501747,1
-0.15632352232933,-0.046644408255816,0.075017414987087,1
-0.15773952007294,0.029736332595348,-0.054860003292561,1
0.078471541404724,-0.17594553530216,0.015738159418106,1
-0.20180761814117,0.06443028897047,0.17081340402365,1
-0.1284314095974,0.1931125447154,0.0091396048665047,1
-0.13927963376045,-0.19595951586962,-0.01701058447361,1
0.079446256160736,-0.14058947190642,0.043207496404648,1
-0.032222628593445,0.22803705185652,0.16897102445364,1
-0.018778800964355,0.11489952355623,-0.018258653581142,1
0.095197737216949,-0.20929883420467,0.12767270952463,1
-0.09754478931427,0.1798462793231,-0.063539616763592,0
0.074208796024323,0.092697612941265,-0.031456649303436,1
-0.021600186824799,-0.20039431005716,0.055518545210361,1
0.18990641832352,-0.20017975568771,0.14234156161547,1
0.056875824928284,0.1038665547967,-0.013706550002098,1
-0.18077373504639,-0.1977609321475,-0.033075280487537,1
-0.088423371315002,0.1701442822814,0.14389695972204,1
-0.019651174545288,0.078847579658031,-0.0037932619452477,1
-0.10744386911392,-0.024240016937256,-0.0057667270302773,1
-0.069362580776215,-0.15628659725189,0.051215618848801,1
-0.19569471478462,0.0093828961253166,0.053301371634007,1
-0.13392740488052,-0.091637369245291,0.0091782584786415,1
-0.17993173003197,0.10768225044012,0.189577691257,1
-0.031145513057709,-0.13292526081204,-0.083076052367687,1
-0.039086937904358,0.20886980742216,0.067618250846863,1
0.12154227495193,-0.18547940254211,-0.064908802509308,1
0.02595853805542,-0.076819067820907,-0.010325409471989,1
-0.13461852073669,-0.048183765262365,0.020940117537975,1
-0.057571768760681,-0.22118771076202,0.0021363869309425,1
-0.21366885304451,-0.068405777215958,-0.04823025316,1
-0.14440310001373,0.13293112069368,0.12605983763933,1
-0.0045133233070374,-0.075174810364842,0.0092293173074722,1
0.085505306720734,-0.22604782134295,-0.058898694813251,1
-0.05945611000061,0.030272133648396,0.007052831351757,1
-0.042166292667389,0.17346026748419,-0.075082913041115,1
-0.095204561948776,-0.11463974881917,0.064633972942829,1
0.020959138870239,-0.087448517791927,0.020753405988216,1
-0.022254526615143,-0.24296603351831,0.097397111356258,1
-0.0029892921447754,-0.17725875228643,0.054995559155941,1
-0.14334762096405,0.040915228426456,-0.069950468838215,1
0.016083359718323,-0.22600320726633,0.09833025187254,1
-0.18802326917648,0.11951995640993,0.12860388308764,1
0.19112300872803,0.18709870427847,0.16173142939806,1
-0.12655735015869,0.12421876937151,-0.077334843575954,1
0.072447776794434,0.19853042811155,0.14447472244501,1
0.073924720287323,-0.082724653184414,0.010812252759933,1
0.040665090084076,0.1020343080163,-0.013407334685326,1
-0.078778505325317,0.070741914212704,-0.060607902705669,1
-0.20190042257309,0.068788729608059,-0.049615569412708,1
-0.006312370300293,-0.27367290109396,-0.066538825631142,1
-0.21197146177292,-0.15142598748207,0.064390696585178,1
-0.19876509904861,0.088460810482502,-0.012095637619495,1
0.00022071599960327,0.20440711826086,0.023301400244236,1
-0.10822641849518,0.11968394368887,0.0095366612076759,1
0.046879231929779,-0.1036554579623,0.015305735170841,1
-0.059173285961151,-0.053787987679243,-0.030160032212734,1
0.017250716686249,-0.22176450490952,0.063633166253567,1
-0.024059057235718,-0.18415054678917,0.042065866291523,1
0.032811343669891,0.27051889151335,0.11594096571207,1
0.089203715324402,0.21217175573111,-0.066827908158302,1
-0.058056712150574,0.087992407381535,-0.03847349435091,1
-0.19928440451622,-0.028296440839767,0.046881549060345,1
0.036377012729645,-0.11015316937119,-0.059129305183887,1
0.15162599086761,-0.22779860347509,0.024417035281658,1
0.021051228046417,0.16268634051085,0.037359371781349,1
0.058958828449249,-0.09719508793205,-0.018839776515961,1
-0.041985988616943,0.10103835910559,0.018890492618084,1
-0.13000324368477,-0.1242552138865,0.21310634166002,1
0.15025424957275,0.19918163865805,0.11514385789633,1
-0.11010086536407,0.23943712562323,-0.054016150534153,0
-0.10807627439499,-0.11155178211629,-0.063982538878918,1
-0.099012762308121,-0.16028816252947,0.070682369172573,1
0.062318623065948,-0.085667155683041,-0.0060553103685379,1
0.10811823606491,-0.2383514419198,0.0051133707165718,1
-0.14845252037048,-0.20577885955572,-0.013729341328144,1
-0.088221371173859,-0.014160707592964,0.021972574293613,1
0.099268555641174,0.16725846379995,-0.091390751302242,1
0.070092618465424,-0.12712662667036,-0.0071479082107544,1
-0.1551039814949,-0.091745439916849,-0.019489206373692,1
-0.22013804316521,0.066823162138462,-0.0465042963624,1
-0.094500511884689,0.0066194757819176,0.014536134898663,1
-0.15910589694977,0.13093834370375,0.17398940771818,1
-0.14817678928375,0.17598133534193,-0.087557248771191,1
0.01410311460495,0.059877596795559,0.0014531761407852,1
0.086723387241364,-0.099288999976125,0.02082198113203,1
-0.13178244233131,-0.18721198290586,0.10684499889612,1
-0.041401147842407,0.22688292711973,0.054940111935139,1
-0.063817173242569,-0.011018171906471,-0.022319227457047,1
-0.063037812709808,0.035264573991299,0.0081763938069344,1
-0.080630242824554,-0.064537640661001,0.01279304176569,1
0.062385439872742,-0.16287349164486,-0.055419586598873,1
-0.042474210262299,-0.041722189635038,-0.016131930053234,1
0.11983436346054,0.1052757576108,-0.040062196552753,1
-0.21662694215775,-0.13809994980693,-0.048100873827934,1
-0.081023931503296,0.10815339535475,-0.059628330171108,1
-0.11211115121841,-0.19992626458406,0.061958208680153,1
-0.093124866485596,0.065136067569256,-0.012326173484325,1
-0.084807544946671,-0.21855987608433,0.065350905060768,1
0.17280727624893,0.21377938240767,0.14762685447931,1
0.015626966953278,0.19722747057676,-0.09563085436821,1
-0.063913613557816,0.076583944261074,0.023939318954945,1
0.083869934082031,0.076094217598438,-0.042782105505466,1
-0.011895775794983,0.039378069341183,0.0042291656136513,1
-0.096242815256119,-0.17786794155836,0.034478567540646,1
-0.18956261873245,0.19752486795187,0.048122100532055,1
0.12970435619354,0.19946517795324,0.029679134488106,1
0.11859738826752,0.27674513310194,0.068992413580418,1
-0.069243490695953,0.15289502590895,0.062191717326641,1
-0.0018958449363708,-0.22367303818464,-0.0015735626220703,1
-0.082852512598038,0.00013349205255508,-0.033427134156227,1
-0.091365605592728,-0.13703913241625,0.061556600034237,1
0.11416107416153,0.14378545433283,0.020374611020088,1
0.057943880558014,0.055178947746754,-0.014515586197376,1
-0.18509045243263,-0.14466104283929,0.13821538537741,1
-0.11360415816307,0.18928702920675,0.16256845742464,1
-0.19731736183167,-0.0027900189161301,0.16390024870634,1
-0.013541340827942,-0.11602990888059,-0.016388885676861,1
-0.10172897577286,-0.16475810110569,0.013975135982037,1
-0.19564515352249,0.12728401273489,0.14888403564692,1
0.058897793292999,-0.062677878886461,-0.0064174011349678,1
-0.183812469244,0.15168180316687,0.012442372739315,1
-0.1720626950264,-0.20833028107882,-0.011517621576786,1
-0.079943180084229,-0.02883418649435,-0.071823582053185,1
-0.073280960321426,0.094579957425594,-0.0021040067076683,1
-0.0092360377311707,-0.18521428853273,-0.076769769191742,1
-0.088586002588272,-0.070246230810881,-0.0035944804549217,1
0.03256356716156,-0.077220991253853,0.010936506092548,1
-0.10890036821365,-0.20611517876387,0.17160091549158,1
-0.044891655445099,-0.044535309076309,0.016226701438427,1
0.023196697235107,-0.28197235614061,0.030577011406422,1
-0.1442186832428,0.068858362734318,-0.02070938795805,1
0.012190043926239,0.26098679751158,0.084458686411381,1
-0.024199187755585,0.23847111314535,0.070430018007755,1
0.17032188177109,-0.23562947660685,0.11339151114225,1
0.094117343425751,0.12415158003569,-0.020690411329269,1
-0.090479761362076,-0.20556023716927,0.055315725505352,1
-0.13911157846451,-0.01895447820425,0.026154540479183,1
-0.228047311306,-0.11384031921625,-0.021903343498707,1
0.11120814085007,-0.16633413732052,-0.091282680630684,1
0.052124738693237,0.13974206894636,-0.0019940361380577,1
-0.11954653263092,-0.10873903520405,0.040001951158047,1
0.18544411659241,0.21609600633383,0.11971340328455,1
0.010899782180786,-0.25123029202223,0.018419340252876,1
-0.19070285558701,-0.095599075779319,0.18686892837286,1
0.011909961700439,0.10832002013922,0.027944795787334,1
0.038157343864441,-0.087241430766881,0.011129952967167,1
0.042329490184784,-0.12226766347885,0.03425582498312,1
-0.23853820562363,-0.10674625262618,-0.035003028810024,1
-0.20259156823158,0.097837887704372,0.09703017026186,1
-0.078884899616241,0.1554849371314,-0.019502840936184,1
-0.069890648126602,0.091246850788593,0.012618415057659,1
-0.18043985962868,-0.07637052051723,0.039650090038776,1
-0.15330728888512,-0.14060135558248,0.15681654959917,1
0.053926587104797,-0.20173506438732,0.042970232665539,1
0.036602437496185,-0.16916535794735,-0.093322180211544,1
-0.025463819503784,-0.23155549913645,-0.03342167288065,1
-0.066735506057739,-0.082216763868928,-0.033544413745403,1
0.13749772310257,-0.1174927521497,-0.079210586845875,1
-0.0059856772422791,0.059673555195332,0.0029850751161575,1
-0.1980584859848,-0.080164032056928,-0.093838699162006,1
0.16827797889709,-0.14651375636458,0.13303478807211,1
-0.023418426513672,0.18019431084394,0.092815794050694,1
-0.034015715122223,0.030665971338749,0.0043337866663933,1
-0.060299605131149,-0.020815506577492,-0.052950233221054,1
-0.17633646726608,0.083140484988689,0.017366521060467,1
0.13851910829544,-0.11533253081143,-0.091194830834866,1
0.037065446376801,-0.23611339181662,-0.085989691317081,1
-0.019062101840973,0.032424114644527,0.00055936723947525,1
0.18991243839264,0.21621959656477,0.13301830738783,1
0.07595294713974,0.056678585708141,-0.024127028882504,1
0.057237803936005,0.08833471685648,-0.019446812570095,1
0.058402001857758,-0.20946805179119,-0.084367673844099,1
-0.062514811754227,-0.016703546047211,-0.0046273842453957,1
-0.12751546502113,0.1046722009778,-0.094762407243252,1
-0.22943586111069,-0.14029548317194,-0.015201322734356,1
0.13899594545364,-0.24094126373529,-0.023378983139992,1
-0.071188271045685,0.10115841776133,-0.070640824735165,1
0.069126725196838,0.10472662001848,-0.012699022889137,1
-0.07624164223671,-0.21518598496914,-0.049563072621822,1
0.055302560329437,0.14659985154867,-0.056381218135357,1
0.065975427627563,0.2725715264678,0.051592640578747,1
-0.030696332454681,0.058553986251354,-0.027820579707623,1
-0.19655483961105,0.086224846541882,0.011532805860043,1
-0.027148544788361,0.19736205786467,0.12268913537264,1
-0.066978633403778,0.023895055055618,0.020920313894749,1
-0.17440876364708,-0.011466629803181,0.082492358982563,1
0.016858279705048,-0.24353059381247,5.1327049732208e-05,1
0.0052748322486877,0.20415645092726,0.15325254946947,1
0.0016210079193115,0.20212786644697,0.14290029555559,1
0.16987830400467,-0.20980126410723,0.052540428936481,1
0.11745303869247,-0.10571323009208,-0.052498616278172,1
0.0052539706230164,0.17200603336096,-0.076400116086006,1
-0.18140995502472,0.16270124167204,0.13224888592958,1
0.15227276086807,0.17251928895712,0.15756047517061,1
-0.022082626819611,0.12972237914801,-0.022805146872997,1
-0.05462709069252,-0.10122263012454,0.026394292712212,1
-0.056488662958145,-0.11934451386333,-0.041427806019783,1
0.06225448846817,-0.18365009874105,-0.022304363548756,1
0.041668236255646,0.1337391808629,0.035938926041126,1
-0.026122272014618,0.083691172301769,0.0066768601536751,1
0.00053781270980835,0.0712875649333,2.1085143089294e-05,1
0.022075355052948,-0.18555199354887,-0.073301047086716,1
-0.0093091130256653,0.17833163589239,-0.090565033257008,1
-0.17728111147881,0.10175900906324,0.11383333057165,1
-0.066143721342087,-0.041772827506065,0.024285577237606,1
-0.038028180599213,-0.153878711164,-0.072498589754105,1
0.03108936548233,-0.28965599089861,-0.012646548449993,1
0.026848256587982,-0.20609007030725,0.20663873106241,1
0.13813465833664,0.1339483782649,0.005629800260067,1
0.020615041255951,-0.10500966012478,-0.056640557944775,1
0.091509342193604,0.23518853634596,0.085660435259342,1
-0.16058400273323,0.15791418403387,-0.042807124555111,1
0.084046959877014,0.22750433534384,0.11746022850275,1
-0.11766970157623,-0.1394819393754,0.035382710397243,1
-0.21713572740555,0.14749360829592,-0.022676043212414,1
-0.18514800071716,0.086069650948048,0.085997097194195,1
-0.223707228899,0.013605117797852,0.053449876606464,1
-0.24572858214378,0.0070846825838089,0.0010754093527794,1
-0.21332815289497,0.013308525085449,0.13905254751444,1
-0.018209040164948,-0.12621620669961,0.0060023367404938,1
-0.11946302652359,-0.013736508786678,-0.071153201162815,1
0.058747470378876,-0.27122943848372,0.061334915459156,1
0.14637064933777,0.21300604194403,0.045334421098232,1
-0.027206659317017,0.060055129230022,0.014481104910374,1
0.072388112545013,-0.04817708581686,-0.027292586863041,1
-0.066780269145966,0.0053517743945122,0.012587837874889,1
0.084404110908508,0.20517774671316,0.066829852759838,1
-0.1399512887001,-0.089730099774897,-0.080530241131783,1
-0.094106048345566,-0.099662521213759,-0.027808420360088,1
-0.010315239429474,0.1073784455657,0.0043594837188721,1
0.048771262168884,0.11749394983053,0.018008932471275,1
-0.048593580722809,0.22523605078459,0.17339359968901,1
-0.14663144946098,-0.039057608693838,0.057685233652592,1
-0.18160131573677,0.013434857130051,0.071025513112545,1
-0.067542999982834,-0.038860041648149,-0.02647914737463,1
-0.067676275968552,-0.010402992367744,-0.012648738920689,1
-0.2406290769577,0.1122384890914,0.017354257404804,1
-0.20930159091949,0.044724278151989,0.16172293573618,1
-0.039706349372864,-0.092724342364818,-0.022654317319393,1
-0.021299064159393,0.12583320587873,0.038552157580853,1
0.1523602604866,-0.17354030907154,0.15963729470968,1
-0.19659551978111,-0.031436689198017,0.17547202855349,1
-0.055241376161575,0.00079694390296936,-0.0014785751700401,1
0.11491918563843,-0.21715415269136,0.1510800793767,1
-0.18608888983727,-0.15924225002527,0.13431560248137,1
-0.14238438010216,-0.16391842067242,0.046151839196682,1
0.075562000274658,0.22668882459402,-0.075388133525848,1
-0.12629687786102,0.23626288026571,-0.0068106278777122,1
-0.033968985080719,-0.013625219464302,0.001630075275898,1
0.059228539466858,-0.26322298496962,-0.055290937423706,1
-0.048184633255005,0.1482672020793,0.056594170629978,1
0.030114531517029,0.2025436386466,0.14281643182039,1
-0.00085479021072388,-0.11015160568058,0.022718377411366,1
-0.11878550052643,-0.17789102345705,0.15807599574327,1
0.010721623897552,0.25832968205214,0.047516025602818,1
-0.1179646551609,-0.054176650941372,-0.055643402040005,1
-0.023326337337494,-0.22555363923311,0.077615059912205,1
-0.19818165898323,0.095943100750446,-0.068212531507015,1
0.020941257476807,0.10629078000784,-0.0049720034003258,1
0.16921001672745,0.2026500031352,0.10181320458651,1
0.063131928443909,-0.11072582472116,0.0099295452237129,1
-0.23779335618019,-0.073577152565122,-0.026195086538792,1
-0.10572874546051,0.084971748292446,-0.038115508854389,1
-0.0065429210662842,0.075021736323833,-0.010169707238674,1
-0.039630591869354,-0.21160949021578,0.17567986994982,1
-0.03515088558197,0.20165427774191,0.10888493806124,1
0.073888897895813,-0.1865898296237,0.060621730983257,1
-0.063191413879395,0.033360593020916,0.0054633244872093,1
-0.079324185848236,-0.065448652952909,-0.067818254232407,1
-0.006429135799408,-0.092885625082999,-0.010332211852074,1
-0.0017167329788208,-0.21234526485205,0.18301955610514,1
0.08326131105423,-0.20538911223412,0.11833678930998,1
0.16078042984009,-0.20479846000671,0.1099564358592,1
0.074497997760773,-0.17625217884779,-0.014387510716915,1
-0.05270528793335,0.22418942302465,-0.036039792001247,1
-0.043624937534332,-0.092274480499327,-0.00920220464468,1
-0.14386665821075,-0.11711757071316,0.17844078689814,1
0.020673394203186,-0.23204953223467,0.15557394176722,1
0.10535436868668,0.16183372586966,-0.0209866091609,1
-0.085252225399017,0.039656944572926,-0.0030745044350624,1
-0.23650106787682,0.052425272762775,0.063310407102108,1
0.0019115805625916,0.24679543823004,0.15445587784052,1
0.12548911571503,0.15383528918028,-0.040243327617645,1
-0.061202377080917,0.26901035755873,0.045381732285023,1
-0.16379803419113,0.19943561404943,-0.031095571815968,1
-0.13451787829399,-0.14421728253365,-0.034500770270824,1
-0.08360168337822,-0.17713566124439,0.080889202654362,1
-0.036492109298706,-0.015025205910206,-0.0060056522488594,1
0.064463078975677,-0.07598221860826,0.011010944843292,1
0.17115944623947,-0.15216350182891,0.092043243348598,1
0.13293612003326,0.24950733035803,-0.0073405578732491,1
0.1654172539711,-0.15669326111674,0.14795481413603,1
-0.26317623257637,-0.015627302229404,-0.018403120338917,1
-0.080459892749786,0.23161175101995,0.13864589482546,1
0.015097439289093,0.060148768126965,-0.01438020914793,1
-0.073684096336365,0.14330966025591,0.051193915307522,1
-0.097964376211166,-0.023089073598385,-0.049750596284866,1
-0.23666423559189,0.088011287152767,0.11331217736006,1
0.090247333049774,0.075404278934002,0.0048004239797592,1
-0.18738213181496,0.15061228722334,0.049550421535969,1
0.04338151216507,-0.16792317479849,0.013398066163063,1
0.052903831005096,-0.095327621791512,0.0068571791052818,1
-0.16967090964317,-0.072957631200552,0.087138764560223,1
-0.23437744379044,0.10223234444857,0.11257132142782,1
-0.060554325580597,0.19541250914335,0.060928262770176,1
0.15779519081116,0.21860506385565,-0.0044067800045013,1
-0.14393410086632,0.053589932620525,-0.083061449229717,1
0.078418433666229,-0.12499042786658,-0.088593199849129,1
-0.030040442943573,0.17426189035177,0.068935975432396,1
-0.16711875796318,0.11644344776869,0.04068661481142,1
-0.14631846547127,-0.00069927424192429,-0.077222652733326,1
0.074398756027222,0.15473382920027,-0.046245284378529,1
-0.19988104701042,0.13106701523066,-0.0097962841391563,1
-0.048061788082123,0.10197737067938,0.021630518138409,1
-0.17433524131775,-0.049816977232695,-0.054146572947502,1
-0.037789165973663,0.011355586349964,-0.0076084062457085,1
-0.18834549188614,-0.089458094909787,0.084104917943478,1
-0.13710710406303,-0.13423255458474,0.13746141642332,1
-0.062860131263733,-0.1424709148705,0.066066160798073,1
0.11698240041733,-0.16249697655439,0.026755578815937,1
-0.015163838863373,-0.073573237285018,0.014524959027767,1
0.010448217391968,0.071048520505428,0.0066119432449341,1
0.1116703748703,0.14854276925325,0.059317007660866,1
0.056451857089996,0.13708371669054,-0.023758500814438,1
-0.17628979682922,0.017609894275665,0.18427670747042,1
-0.15394473075867,-0.086628234013915,0.069392584264278,1
0.087668597698212,-0.12501816079021,-0.053420670330524,1
0.054245948791504,0.11058985441923,-0.0026831477880478,1
0.073260366916656,-0.28311578184366,0.01344233751297,1
-0.12714937329292,0.002085268497467,-0.024306274950504,1
0.00081616640090942,0.24846278876066,0.0091283544898033,1
0.067081391811371,-0.20204416662455,0.14654468744993,1
0.057651102542877,-0.1336237154901,0.02986852824688,1
0.1320880651474,0.24608048051596,0.072660066187382,1
-0.023150265216827,-0.027760110795498,0.0010179951786995,1
-0.049504458904266,0.033135674893856,-0.036253072321415,1
-0.18812942504883,0.046856053173542,0.065248839557171,1
-0.23990660905838,-0.073057305067778,-0.0040353164076805,1
-0.059096574783325,0.060149021446705,0.0065877959132195,1
-0.081678926944733,0.14003296941519,0.068632297217846,1
0.0089960098266602,0.059458039700985,-0.013450287282467,1
-0.20967081189156,0.045952476561069,0.17587517946959,1
-0.042712688446045,0.096430741250515,-0.051869235932827,1
-0.15878766775131,-0.14688957110047,0.16030050069094,1
-0.21031334996223,-0.094126905780286,0.011376701295376,1
0.026746213436127,-0.096433480270207,-0.062829710543156,1
0.033006906509399,0.20985018461943,-0.077753812074661,1
-0.18561229109764,-0.027384668588638,-0.065072417259216,1
-0.0080734491348267,-0.14774971082807,-0.02379298210144,1
-0.10768336057663,0.08848799020052,-0.068991534411907,1
-0.050099402666092,0.045083366334438,-0.014226384460926,1
0.024298548698425,-0.062483869493008,-0.014914520084858,1
-0.19517949223518,-0.031398758292198,0.071036346256733,1
-0.19126978516579,-0.082621097564697,0.035031206905842,1
0.061437904834747,0.10086911171675,-0.040181279182434,1
-0.020086348056793,-0.19687835127115,0.019637979567051,1
-0.038041651248932,-0.089510167017579,-0.023756220936775,1
0.13462156057358,-0.1727022305131,-0.050114758312702,1
-0.12094885110855,-0.1868948712945,0.089920081198215,1
-0.10120958089828,0.071498028934002,0.016342483460903,1
0.10594707727432,-0.10135552450083,0.0048537477850914,1
-0.060425043106079,0.074427552521229,0.020437084138393,1
-0.12852203845978,0.17580132931471,-0.08067225664854,0
0.075656294822693,0.26555865257978,0.050263307988644,1
0.14184218645096,-0.15799890458584,0.029208905994892,1
-0.12483352422714,0.21165975183249,0.11099571734667,1
-0.18908751010895,0.16429498046637,0.10312231630087,1
0.048700332641602,0.13998014479876,-0.0033305808901787,1
0.083640396595001,-0.21428763121367,-0.017904788255692,1
-0.17381691932678,0.17329605668783,0.12625265866518,1
0.011691868305206,0.088829360902309,-0.0029201284050941,1
-0.12793070077896,0.10200210660696,0.042889170348644,1
-0.061197519302368,-0.0869692992419,-0.048418663442135,1
-0.076423346996307,0.13527937978506,-0.031091190874577,1
0.064256548881531,0.11213580518961,-0.046292640268803,1
0.07135796546936,0.046673662960529,-0.017030499875546,1
0.081386566162109,0.24382930248976,0.096246995031834,1
0.15121948719025,0.2135308906436,-0.05476089566946,1
-0.051362335681915,-0.23337659984827,0.17308352142572,1
-0.26194989681244,0.059943191707134,0.035239182412624,1
0.15408575534821,-0.23153489083052,0.10322100669146,1
0.020635604858398,-0.25110801309347,0.019818887114525,1
-0.10827144980431,-0.24258536845446,0.09952037781477,1
-0.02350652217865,-0.10876671317965,-0.0099707171320915,1
0.05878347158432,-0.15948126837611,-0.023302532732487,1
0.010896980762482,0.084203235805035,-0.042745552957058,1
0.069509923458099,0.18081962317228,0.040124662220478,1
0.046842277050018,-0.25561968237162,-0.025148838758469,1
-0.15561524033546,-0.076365198940039,-0.057649552822113,1
-0.17613995075226,0.1232568398118,-0.036399580538273,1
-0.19917729496956,-0.031866453588009,0.10824652761221,1
0.1045948266983,0.20397143810987,0.05388243496418,1
0.0079348087310791,-0.19510621577501,0.10110601037741,1
-0.04450911283493,-0.20244675129652,0.1652482226491,1
-0.020362734794617,0.079245515167713,-0.0082879588007927,1
-0.043236196041107,-0.031561426818371,-0.00057492405176163,1
0.070025742053986,0.1300829872489,-0.0051999613642693,1
-0.14296647906303,0.0031628236174583,-0.056306019425392,1
-0.030958235263824,0.16935028880835,0.071296848356724,1
0.04398638010025,0.098443724215031,-0.027883946895599,1
0.011155784130096,-0.14454121142626,-0.085998572409153,1
0.062242925167084,-0.076323794201016,-0.03803762793541,1
-0.25057792663574,0.051831118762493,0.049221344292164,1
-0.01824015378952,-0.054018579423428,-0.015780009329319,1
-0.19766908884048,-0.014073885977268,-0.021454162895679,1
-0.04451310634613,0.04080107063055,-0.0061914101243019,1
0.0046643614768982,-0.14362796023488,-0.089508399367332,1
0.072589099407196,0.072773508727551,-0.0033365860581398,1
-0.015377879142761,-0.12394879758358,0.027192525565624,1
-0.04662698507309,-0.0032730549573898,-0.030073925852776,1
-0.075434684753418,0.20911183208227,0.13242412358522,1
0.096867918968201,0.075859703123569,0.0061436221003532,1
-0.10305723547935,-0.13092537596822,0.062858410179615,1
-0.199034512043,0.0046793967485428,0.060826025903225,1
0.090912878513336,-0.1609323322773,0.0097496435046196,1
-0.23660811781883,-0.07373402826488,0.090844266116619,1
0.029143273830414,0.086270458996296,-0.0011010095477104,1
0.0011188983917236,-0.28292746096849,-0.041980184614658,1
-0.16142055392265,-0.1818645298481,-0.02661294490099,1
0.065595626831055,0.20273496955633,0.03818616271019,1
-0.17885756492615,-0.19603757560253,0.019816793501377,1
-0.11266511678696,0.13747230917215,0.079671733081341,1
-0.045908391475677,-0.10306722298265,-0.025303363800049,1
-0.046718299388885,0.074800543487072,-0.052639059722424,1
-0.089251637458801,-0.14543107897043,0.071387268602848,1
0.14850300550461,0.22628124803305,0.076542563736439,1
-0.072294533252716,-0.19357190281153,0.18671364337206,1
-0.070659577846527,-0.18659237027168,0.13294852524996,1
-0.011546671390533,0.17476018518209,-0.095733806490898,1
-0.031519055366516,0.029081948101521,-0.018427170813084,1
-0.1494996547699,-0.020244784653187,0.031292460858822,1
-0.16305759549141,-0.16034304723144,0.082436583936214,1
-0.11727112531662,-0.10298820887692,-0.036893077194691,1
0.031828820705414,0.25633125752211,0.039478100836277,1
-0.10508903861046,0.12218957394361,-0.097913973033428,1
-0.094644099473953,-0.22316585481167,0.048230871558189,1
0.083229660987854,0.073803000152111,-0.052711293101311,1
0.032955467700958,-0.19439803808928,0.018425814807415,1
-0.0040478110313416,-0.081600360572338,0.014413706958294,1
0.14716321229935,-0.15745635703206,0.10804005712271,1
0.11348688602448,-0.22896245867014,0.13631523400545,1
-0.19091364741325,0.14926930516958,-0.083402670919895,1
0.1670047044754,0.17982216924429,-0.079350769519806,1
-0.16963472962379,-0.11749856360257,0.15865639597178,1
0.076770484447479,0.059373058378696,-0.00499477237463,1
-0.064486354589462,-0.080121515318751,-0.057334743440151,1
0.12406331300735,0.20370715111494,-0.0074101164937019,1
-0.060560971498489,0.23121746629477,0.16086897999048,1
0.056082308292389,-0.11893588490784,-0.045534171164036,1
-0.18849086761475,-0.0080103352665901,0.11830870062113,1
-0.12660354375839,-0.20753547549248,0.07160160690546,1
0.050912022590637,0.048182420432568,0.0019996836781502,1
-0.059999495744705,-0.1312457434833,-0.084661118686199,1
0.13270503282547,-0.170972853899,0.081683181226254,1
0.083570897579193,-0.18542601913214,-0.029151558876038,1
0.039235353469849,-0.14233610033989,-0.042363472282887,1
-0.191799223423,0.16171249002218,-0.074745275080204,1
0.072599947452545,0.15959199517965,-0.067329972982407,1
0.005244255065918,-0.13447139784694,0.026001378893852,1
-0.13069254159927,0.07924098521471,0.0031120851635933,1
-0.044337689876556,-0.17236853390932,0.068534798920155,1
-0.068102717399597,-0.015343204140663,0.012033648788929,1
-0.20667114853859,0.0024727955460548,0.16099617630243,1
-0.082802504301071,-0.077277816832066,-0.075412459671497,1
0.058568060398102,0.13477507978678,0.042839951813221,1
-0.15308964252472,0.14878153055906,0.183065764606,1
0.020237982273102,0.20726116746664,-0.037862956523895,1
-0.25580877065659,-0.046076029539108,0.049470864236355,1
-0.054651886224747,-0.025147952139378,-0.036626130342484,1
-0.13100931048393,0.16418310254812,0.10960175842047,1
0.051767528057098,-0.061460677534342,-0.019164316356182,1
0.040591597557068,0.22387941926718,-0.049246363341808,1
-0.0062249302864075,-0.11478596087545,-0.0026337578892708,1
0.053864657878876,0.075315080583096,-0.020168490707874,1
0.081567645072937,0.12191831320524,-0.0035121962428093,1
-0.092546939849854,0.016311883926392,-0.0067688152194023,1
0.018804669380188,-0.26191579550505,0.0056584253907204,1
0.014427959918976,0.22489359229803,0.17017609626055,1
-0.11507976055145,0.15922870486975,0.042106978595257,1
-0.20287117362022,0.1034504249692,0.073094792664051,1
-0.059100568294525,0.10513535887003,-0.077884070575237,1
-0.14363396167755,-0.020580932497978,0.010124199092388,1
0.1052902340889,-0.10982381924987,-0.056633226573467,1
-0.056538999080658,-0.071796594187617,-0.0067873522639275,1
0.10845112800598,0.14956396073103,-0.072444185614586,1
-0.17469945549965,-0.09150577057153,0.18741161376238,1
0.17774474620819,-0.16996051371098,-0.0027677491307259,1
-0.041262567043304,-0.13570546731353,-0.006262294948101,1
0.093167126178741,-0.12892999686301,-0.019769564270973,1
0.080879688262939,0.18539121001959,0.057643920183182,1
-0.21828883886337,0.13378325849771,0.0097432211041451,1
0.056025505065918,0.046173386275768,0.00056431442499161,1
0.12213122844696,0.20656564086676,0.1070853844285,1
-0.015189945697784,-0.078088168054819,-0.0066830217838287,1
-0.041282057762146,0.030245177447796,0.0059147104620934,1
-0.085564732551575,0.18489488214254,-0.0312365218997,0
-0.040252685546875,-0.038412127643824,-0.0038967207074165,1
-0.031083226203918,-0.026030160486698,0.0019054189324379,1
-0.0089293122291565,-0.099265808297787,-0.0053060129284859,1
0.19103115797043,0.17119451612234,-0.03246945887804,1
-0.0024861693382263,-0.20242326706648,-0.056232795119286,1
-0.044876635074615,-0.098915614653379,-0.027382478117943,1
-0.13438576459885,-0.19862646609545,-0.014943435788155,1
0.1496154665947,-0.13421276584268,-0.029840193688869,1
0.030303359031677,0.11628370732069,-0.076253265142441,1
0.057534098625183,-0.077933173626661,-0.040999799966812,1
0.087055623531342,-0.06337358430028,-0.015328921377659,1
0.081918776035309,-0.1684328392148,0.036623522639275,1
0.036199808120728,0.088977567851543,-0.051996372640133,1
-0.088439583778381,0.095455177128315,-0.057489924132824,1
-0.01535564661026,-0.1572301350534,-0.060070566833019,1
0.085673570632935,-0.084976717829704,-0.0010187402367592,1
0.028582334518433,0.15680896490812,0.0084429159760475,1
-0.18506374955177,-0.15956437587738,0.0141975954175,1
0.050249934196472,-0.16145452484488,-0.09764738380909,1
0.10999447107315,0.15666329115629,0.04768779873848,1
0.053235054016113,0.047012858092785,0.00058072805404663,1
0.028312265872955,-0.082042913883924,-0.022906951606274,1
0.19889807701111,-0.19510228931904,0.12284634262323,1
-0.02296382188797,0.26044213026762,0.064116410911083,1
0.050165355205536,-0.19600650668144,0.05050440877676,1
0.12398082017899,0.23703970760107,-0.033185467123985,1
-0.092840105295181,0.18874355405569,0.1044727191329,1
-0.082750469446182,-0.17832706868649,0.073414631187916,1
0.095652043819427,0.18528565019369,-0.074992910027504,1
0.10364019870758,0.14000568538904,-0.036373913288116,1
-0.092180490493774,0.050115458667278,0.021786697208881,1
-0.059691280126572,0.17392977327108,-0.049794301390648,0
-0.20211678743362,0.019617557525635,-0.047656871378422,1
-0.026416897773743,0.26912020891905,0.045484624803066,1
-0.0022806525230408,0.24675049632788,0.070103399455547,1
0.16950386762619,-0.14871030673385,-0.080286644399166,1
-0.12966483831406,0.13806530088186,-0.07728660851717,1
-0.20073679089546,-0.057108901441097,0.17204286903143,1
0.13165193796158,-0.19106402993202,0.052450068295002,1
-0.0061942934989929,0.087719105184078,-0.040281377732754,1
0.049446642398834,-0.091517222113907,-0.039466321468353,1
-0.22607979178429,-0.079442964866757,0.0095459595322609,1
-0.12942138314247,-0.15284354239702,0.057642810046673,1
-0.14744472503662,0.13896267861128,-0.016889654099941,1
0.077595770359039,0.21364795416594,0.16224903613329,1
-0.10761311650276,0.12864129990339,0.063268207013607,1
-0.10122501850128,-0.081911846995354,-0.024718023836613,1
-0.10667020082474,-0.1577525883913,-0.048302583396435,1
-0.21055921912193,-0.13931330293417,0.0766706392169,1
0.0071989893913269,0.053966872394085,0.004521481692791,1
0.063385486602783,-0.24490419775248,-0.016586728394032,1
0.081679582595825,0.099200032651424,-0.027684263885021,1
0.10224503278732,0.14944004267454,0.001821406185627,1
-0.10892578959465,-0.16289984434843,0.071084402501583,1
0.08595085144043,0.11568938940763,-0.066422432661057,1
-0.063672065734863,0.16066040843725,-0.021822154521942,1
0.005474865436554,0.12811904400587,-0.078299157321453,1
-0.17474314570427,-0.063666921108961,0.18161264806986,1
-0.039458274841309,0.23310550302267,-0.0072259232401848,1
0.069518864154816,-0.068730767816305,0.010406382381916,1
-0.067725002765656,0.1748610958457,-0.06835450232029,0
-0.1221469938755,-0.08016799390316,0.042932026088238,1
0.20213967561722,-0.21388367563486,0.11548449844122,1
0.18739765882492,-0.16278100758791,0.13938374072313,1
0.07945853471756,0.26611810177565,0.1124065592885,1
-0.064532160758972,-0.096041290555149,0.013402752578259,1
-0.028492867946625,0.23021586984396,-0.07520492374897,1
-0.054849475622177,-0.070381144061685,0.016180045902729,1
0.084750652313232,-0.11328090820462,-0.027849033474922,1
0.092689692974091,0.092213802039623,0.00095712393522263,1
-0.0095279216766357,0.14660205692053,-0.02506223320961,1
0.081947207450867,-0.10535839898512,0.024434626102448,1
0.014726519584656,-0.27056380361319,0.0012329295277596,1
-0.038313210010529,0.1037697866559,0.025074355304241,1
0.11927092075348,-0.19353783130646,-0.0015112459659576,1
-0.062832623720169,-0.11293829977512,-0.0025399029254913,1
0.041417598724365,-0.063125189393759,-0.0052816942334175,1
0.02651184797287,0.17784910649061,0.0095666944980621,1
0.15668791532516,0.21961762756109,-0.06222078204155,1
-0.02123236656189,-0.2564120516181,-0.080673381686211,1
-0.20842227339745,0.1791175827384,0.0029464587569237,1
0.11149215698242,-0.23969922214746,-0.00012171268463135,1
0.096868455410004,0.094496570527554,-0.068236723542213,1
-0.080568343400955,0.16588135808706,0.063488937914371,1
-0.037025570869446,-0.091545904055238,-0.073838710784912,1
-0.069177716970444,-0.038126554340124,0.021471254527569,1
-0.1528006196022,0.11316869407892,0.082866452634335,1
0.065469920635223,-0.18883097171783,-0.029590800404549,1
-0.0089403986930847,0.15768083184958,-0.038934119045734,1
-0.081378400325775,0.13091372698545,0.06877288967371,1
0.044788181781769,0.15647365897894,0.037117123603821,1
-0.14561104774475,0.20883616060019,-0.043835379183292,0
0.010964274406433,0.20400657504797,-0.039311423897743,1
0.013774156570435,-0.26480133086443,-0.044195607304573,1
-0.17419567704201,-0.11300621554255,0.047202669084072,1
-0.033473074436188,0.13289407640696,-0.074424810707569,1
0.075004637241364,-0.1588583253324,-0.095710903406143,1
-0.081105589866638,-0.097595600411296,0.044397093355656,1
-0.040509581565857,0.096425659954548,0.030541487038136,1
-0.042096436023712,0.048771344125271,-0.039640732109547,1
-0.060912489891052,-0.11830738186836,0.048091039061546,1
0.05956906080246,-0.078639946877956,0.0070485770702362,1
0.023129224777222,0.06478301435709,-0.0043050795793533,1
-0.097728312015533,0.14891464263201,0.074105150997639,1
0.097224652767181,-0.17121913284063,-0.055483818054199,1
0.070768535137177,0.068197064101696,-0.039503201842308,1
0.17468649148941,-0.1993570998311,0.14831150323153,1
0.0070916414260864,0.27662458270788,0.0023869350552559,1
-0.064019322395325,0.13063756376505,0.032711409032345,1
-0.17543593049049,-0.036754846572876,-0.039529204368591,1
-0.18765223026276,0.04806987196207,0.0094007030129433,1
-0.20469772815704,-0.11008034460247,0.08085048943758,1
0.15527838468552,-0.13781227916479,0.074719466269016,1
0.075880467891693,-0.079475274309516,-0.018360666930676,1
0.055508434772491,0.22997384518385,0.10786245018244,1
0.0097437500953674,-0.16498449444771,-0.014947861433029,1
0.091288924217224,-0.073160290718079,0.012880347669125,1
-0.031375586986542,-0.26528365164995,-0.041972540318966,1
-0.22175550460815,0.083076260983944,-0.054328665137291,1
-0.15652191638947,0.022035285830498,-0.035542882978916,1
-0.11929151415825,-0.0093011856079102,0.013602621853352,1
-0.033470153808594,0.07682491093874,-0.0037905052304268,1
-0.041040599346161,-0.24861358851194,0.13503313809633,1
-0.13266968727112,0.086585722863674,-0.043039195239544,1
-0.097808420658112,-0.063501421362162,-0.054483734071255,1
0.053641498088837,0.13433658331633,0.022134944796562,1
-0.00015205144882202,0.21698462218046,-0.059775613248348,1
-0.13626253604889,0.22110082954168,0.06933056563139,1
0.046937704086304,-0.068044874817133,-0.024417087435722,1
-0.16264766454697,0.18891664594412,-0.055008731782436,1
0.13756161928177,0.1564983651042,0.034023329615593,1
-0.17837625741959,-0.15459224954247,-0.0034638121724129,1
0.081713914871216,-0.11974768899381,0.020270600914955,1
0.061902105808258,-0.13605787605047,-0.052665293216705,1
-0.083126485347748,0.071910388767719,-0.033530198037624,1
0.064324676990509,-0.073330137878656,-0.013195648789406,1
-0.032362580299377,0.072286911308765,0.0091184452176094,1
0.059313058853149,-0.078760836273432,-0.045331671833992,1
-0.027190685272217,0.1631742939353,-0.037280783057213,1
-0.19469714164734,0.034496687352657,-0.022015012800694,1
-0.06041094660759,0.24429129809141,0.13107597082853,1
0.13620018959045,-0.17146458476782,0.094703771173954,1
-0.010634958744049,-0.052145972847939,-0.0071907788515091,1
0.0024587512016296,-0.06952865421772,-0.025826759636402,1
-0.10584655404091,-0.077614514157176,-0.023376695811749,1
-0.24444538354874,-0.066759083420038,0.040223844349384,1
0.14065676927567,-0.15905605629086,-0.039691679179668,1
-0.065930813550949,-0.0058541744947433,-0.051788158714771,1
-0.14968177676201,0.20879807323217,-0.0015223547816277,1
0.026542961597443,-0.19833522289991,-0.051479987800121,1
0.084647953510284,0.10882584005594,-0.067054003477097,1
-0.046850502490997,-0.21695549786091,0.088942252099514,1
-0.2070659995079,0.011011317372322,-0.0016815289855003,1
0.073718965053558,-0.21253860741854,0.062321558594704,1
0.15484666824341,-0.20936179161072,-0.064313091337681,1
0.052644312381744,0.16776000708342,0.031570635735989,1
0.15620881319046,-0.22607437521219,0.082567758858204,1
0.17054045200348,-0.17443370819092,0.0011598393321037,1
0.084969460964203,-0.14474736899137,-0.093821063637733,1
-0.024257600307465,0.086638383567333,0.0041736885905266,1
-0.11746224761009,-0.048446491360664,0.034079410135746,1
0.20038455724716,-0.18562133610249,-0.024174191057682,1
0.0080412626266479,0.063437096774578,-0.017714038491249,1
-0.063334167003632,-0.011360980570316,-0.0038595125079155,1
-0.15989729762077,0.21209713071585,0.035912148654461,1
0.0066116452217102,-0.22571874409914,0.17377123981714,1
0.19892793893814,0.23066689819098,-0.020318269729614,1
0.037147343158722,0.2175976857543,-0.0076164528727531,1
-0.0090692043304443,0.10412406176329,0.0069341287016869,1
0.1097212433815,0.16583599895239,-0.0071754232048988,1
0.182990193367,-0.18699067831039,0.064751200377941,1
-0.26565626263618,-0.014752924442291,0.037539191544056,1
-0.045718133449554,-0.093572153709829,-0.017705023288727,1
0.044200479984283,-0.1012938702479,-0.010248199105263,1
0.055506408214569,-0.08104264177382,-0.033450566232204,1
0.16616052389145,-0.22171649336815,0.11093201488256,1
0.093231797218323,0.10710076242685,0.012170575559139,1
-0.12649846076965,-0.039245292544365,0.0165711119771,1
-0.17231279611588,-0.1386282145977,0.052144341170788,1
-0.17396724224091,-0.14847018197179,0.16890651732683,1
-0.029645502567291,-0.073108525946736,-0.0071231350302696,1
-0.10695087909698,-0.20325626432896,-0.09203428030014,1
-0.078630775213242,0.24630548804998,0.00083054602146149,1
0.01374351978302,0.19351484626532,-0.087270151823759,1
0.097590029239655,0.22394867986441,0.041283689439297,1
0.069499313831329,0.28658842295408,-0.0092535838484764,1
-0.033800780773163,0.0049234330654144,-0.0060789808630943,1
-0.013589084148407,0.13429688662291,0.03683477640152,1
-0.030446946620941,0.19912081211805,-0.088014751672745,1
-0.14242962002754,-0.063920445740223,0.084481634199619,1
0.054400682449341,0.29102271050215,0.022211857140064,1
-0.10139584541321,0.24149443954229,-0.022761628031731,0
-0.17811530828476,-0.20922068506479,0.075203217566013,1
0.064342200756073,-0.1252550072968,-0.044795863330364,1
0.076940357685089,0.067449025809765,0.011098280549049,1
0.051014423370361,-0.084471107460558,-0.023332901299,1
-0.013942182064056,0.13202715665102,-0.056006208062172,1
-0.22501921653748,0.067999191582203,0.053993754088879,1
-0.070377469062805,0.15403457731009,0.010078094899654,1
0.16629701852798,-0.22841622680426,0.093769080936909,1
-0.025450050830841,0.17181315273046,0.078127197921276,1
-0.084232956171036,-0.25574458390474,0.078623734414577,1
-0.10460057854652,0.20328154414892,0.1602922603488,1
0.011331975460052,0.085657976567745,0.017091155052185,1
-0.044374167919159,-0.053672127425671,-0.013498775660992,1
-0.08735328912735,-0.064984738826752,-0.058770999312401,1
-0.12110882997513,0.18026372045279,0.18076974898577,1
-0.087754786014557,0.06200959533453,-0.069736883044243,1
-0.098154991865158,-0.0014465227723122,-0.028010033071041,1
-0.042703211307526,0.068958811461926,-0.04554321616888,1
0.051395356655121,-0.23874486237764,-0.065339408814907,1
-0.058356881141663,0.0050685480237007,-0.021195009350777,1
0.14741766452789,-0.18007912486792,0.096737630665302,1
-0.22025352716446,0.091279365122318,-0.05009887367487,1
-0.030332326889038,0.24654927104712,0.14936127513647,1
-0.17387807369232,0.012669786810875,0.036521486938,1
0.01466578245163,0.22673346847296,0.037806451320648,1
-0.0074687600135803,-0.22709880024195,0.024595975875854,1
-0.18663358688354,0.12144038826227,0.15872202068567,1
-0.075009912252426,-0.20761855691671,0.074279792606831,1
-0.049587905406952,0.057919211685658,0.0086025223135948,1
-0.078910291194916,0.0069018229842186,-0.053191132843494,1
-0.064511686563492,-0.064557187259197,-0.044411100447178,1
0.065699577331543,0.2115231975913,-0.06337732821703,1
-0.070083260536194,0.26974373310804,-0.005921445786953,1
-0.16072753071785,0.00024362653493881,0.077621005475521,1
0.13158047199249,0.15925561636686,-0.023282922804356,1
-0.12843298912048,-0.026336930692196,0.038062550127506,1
-0.15282768011093,-0.021459177136421,-0.045335315167904,1
-0.1088690161705,0.16838531941175,-0.016353316605091,0
-0.23613405227661,0.10431728512049,0.092762611806393,1
0.076036512851715,0.20359217375517,0.16148950904608,1
0.11732816696167,0.1352675780654,0.013282634317875,1
-0.15126702189445,0.014129400253296,0.049118958413601,1
0.063435435295105,-0.11576022207737,0.0024483576416969,1
0.069010615348816,0.25551747530699,-0.029255449771881,1
-0.14959880709648,0.11201841384172,0.052821077406406,1
0.14608031511307,-0.26202257722616,0.065191648900509,1
0.16266810894012,-0.19108526408672,0.043674625456333,1
-0.070728987455368,0.20752962678671,0.09463308006525,1
-0.12438833713531,0.045994229614735,-0.026120282709599,1
-0.09492152929306,-0.1146681420505,-0.058348380029202,1
-0.043891549110413,0.058764539659023,-0.0054207667708397,1
0.22362893819809,-0.19962265342474,0.054925255477428,1
0.11916530132294,0.10939957946539,-0.0076291933655739,1
0.073666155338287,-0.10217374609783,0.021320722997189,1
-0.20416209101677,-0.021822527050972,0.040274955332279,1
-0.088717699050903,0.019865453243256,-0.057398609817028,1
0.014238178730011,-0.11985093913972,0.032731555402279,1
0.027115523815155,0.10973151773214,0.027056336402893,1
0.13782089948654,-0.20458952337503,-0.053487151861191,1
0.17992573976517,-0.15947728976607,0.15232021361589,1
0.059458792209625,-0.080149311572313,0.020447321236134,1
0.044121086597443,-0.21228095144033,0.034350655972958,1
-0.0075497031211853,-0.1449650414288,0.0071930661797523,1
0.062199056148529,-0.20171635597944,-0.079288929700851,1
-0.099770694971085,0.074292205274105,0.0032177790999413,1
-0.22826930880547,-0.097456799587235,0.030764080584049,1
0.039310336112976,-0.074102150276303,-0.018347106873989,1
-0.15862596035004,-0.10790448728949,-0.051518842577934,1
0.12806361913681,-0.23184587806463,0.017372824251652,1
-0.15367361903191,0.12746784836054,-0.085939280688763,1
-0.18529638648033,0.0025965049862862,0.20982248336077,1
0.045715272426605,-0.21957935392857,-0.022145085036755,1
-0.01013445854187,0.22089257091284,0.17803732305765,1
0.07422137260437,-0.24133022874594,-0.058658488094807,1
-0.066442549228668,0.08240682631731,0.0036469772458076,1
0.067977726459503,0.098112337291241,-0.016108378767967,1
0.11566424369812,-0.20114153623581,-0.065803803503513,1
0.10021460056305,-0.1199802774936,-0.010611273348331,1
0.19993388652802,0.1932572349906,0.043752990663052,1
-0.078433722257614,0.11653219908476,-0.013469837605953,1
0.044218242168427,-0.13401689007878,0.034510128200054,1
0.16729670763016,0.20680787414312,0.059959210455418,1
-0.088387787342072,0.15408214181662,-0.044761903584003,0
-0.093388020992279,-0.21429481357336,0.16874907165766,1
0.012641370296478,0.12400860339403,0.0045193806290627,1
0.094769895076752,-0.18132831156254,0.069601371884346,1
-0.051374703645706,-0.05115320160985,-0.056236676871777,1
0.10450285673141,-0.16461249440908,-0.047232054173946,1
0.17794942855835,-0.17895624786615,-0.083446808159351,1
0.022354483604431,0.21595948189497,0.14404160529375,1
-0.073187410831451,0.16996743530035,-0.012445755302906,1
0.077778995037079,-0.1997045353055,-0.09250508248806,1
-0.12267559766769,0.16818698495626,0.16274412721395,1
0.031212091445923,0.1694822832942,-0.015421472489834,1
-0.033587992191315,-0.047085475176573,-0.022563956677914,1
-0.1348582804203,-0.010935723781586,-0.017200626432896,1
0.069981217384338,0.06856357306242,-0.0051021054387093,1
-0.071978181600571,-0.022744946181774,-0.045141540467739,1
-0.085108757019043,0.05684482306242,0.03057137876749,1
-0.037057816982269,0.034862227737904,0.0032497271895409,1
-0.12493190169334,-0.16783511638641,-0.026700370013714,1
0.037768423557281,-0.11558982357383,-0.0041564404964447,1
-0.045768439769745,-0.033666856586933,-0.014696590602398,1
0.14821016788483,0.23037483543158,-0.073517888784409,1
-0.041016042232513,-0.13457029312849,-0.027104236185551,1
0.023422420024872,-0.22038112580776,0.074704952538013,1
0.056126058101654,0.19905655831099,-0.063317716121674,1
0.086100816726685,0.10577564686537,0.0042494460940361,1
-0.085782438516617,0.08194550126791,-0.0011322125792503,1
0.042376101016998,0.23510461300611,0.071465067565441,1
-0.23706260323524,0.027259714901447,-0.033039264380932,1
1.8060207366943e-05,-0.22433279454708,0.044708244502544,1
-0.15611109137535,-0.10503422282636,-0.080086246132851,1
-0.20876613259315,-0.14618235453963,0.10855080932379,1
-0.043480575084686,-0.26456240564585,0.080944754183292,1
0.06992381811142,-0.10049470386002,-0.066307239234447,1
-0.18058067560196,0.08130905777216,-0.073963858187199,1
0.16318219900131,0.20081409066916,-0.063006855547428,1
0.11586111783981,0.22002377361059,0.044254757463932,1
0.025833427906036,-0.18328066915274,0.080861516296864,1
0.18041330575943,0.16414754837751,0.14599680155516,1
-0.048723876476288,-0.040065716952085,-0.023245804011822,1
0.011126041412354,0.21974455565214,0.089971251785755,1
-0.032832622528076,0.14404062181711,-0.035301119089127,1
-0.029904842376709,-0.038738142699003,0.0063633993268013,1
0.0078474879264832,0.084814123809338,-0.048588335514069,1
-0.042809247970581,0.0039461478590965,-0.02414782345295,1
-0.12220653891563,-0.13845608383417,-0.024510942399502,1
-0.12185794115067,0.0070125162601471,0.013035230338573,1
-0.23244160413742,0.067436151206493,0.099614851176739,1
-0.062167316675186,-0.027066826820374,-0.012634001672268,1
-0.063088059425354,0.20533680170774,0.033338516950607,1
-0.068007260560989,-0.15771137923002,-0.017691604793072,1
-0.16200634837151,-0.18518188595772,0.084386624395847,1
0.13401979207993,-0.17734947055578,0.1347923502326,1
-0.096240133047104,0.09749611467123,-0.0046391114592552,1
-0.10492348670959,-0.0042944028973579,-0.014915116131306,1
0.16379112005234,0.15259458869696,0.11829004436731,1
0.036345183849335,0.17413695901632,0.016959547996521,1
-0.17084944248199,0.10815561562777,-0.078186519443989,1
0.036865770816803,-0.20322043448687,-0.077482201159,1
-0.057330101728439,-0.0039187073707581,-0.033773772418499,1
-0.033882856369019,-0.065764378756285,-0.051351867616177,1
-0.057663023471832,0.13657089322805,-0.09698411822319,1
-0.040206611156464,0.088424332439899,-0.034597657620907,1
0.11886447668076,-0.13366479054093,-0.053652919828892,1
0.09008401632309,-0.2611047104001,0.076801933348179,1
-0.001086413860321,-0.12759788893163,-0.024592183530331,1
0.079170107841492,0.21420203894377,0.11704988032579,1
0.063721656799316,-0.15978823974729,-0.0047126337885857,1
0.078313827514648,-0.10998066700995,-0.018526062369347,1
0.063897669315338,-0.1456188224256,-0.084755718708038,1
-0.036533296108246,-0.18847279250622,0.091327391564846,1
0.087433516979218,0.098424904048443,-0.009277917444706,1
0.19728916883469,-0.18707705289125,0.061311818659306,1
-0.044514834880829,0.076068855822086,-0.021450035274029,1
0.030328214168549,-0.24629197269678,0.094343475997448,1
0.042882442474365,0.18800982087851,-0.086821220815182,1
0.010169148445129,0.070706121623516,0.00083426386117935,1
-0.13375633955002,-0.096664982382208,-0.08688610047102,1
-0.25180703401566,-0.0043974742293358,-0.012438632547855,1
-0.15381923317909,-0.056600995361805,-0.030927568674088,1
-0.010055780410767,0.2332486435771,0.17985624819994,1
0.06218820810318,0.18599724024534,-0.062202289700508,1
-0.061817049980164,0.0035220831632614,-0.020877569913864,1
0.070907473564148,0.18355741351843,-0.079081974923611,1
-0.0064721703529358,0.16473238915205,0.021014757454395,1
-0.19184494018555,0.03507324308157,0.058248601853848,1
-0.10210958123207,-0.048789203166962,0.021827720105648,1
0.024237215518951,-0.1976058408618,0.076161451637745,1
-0.01201194524765,-0.13007704913616,-0.073655255138874,1
-0.069362908601761,-0.19439151138067,-0.057377114892006,1
-0.067054659128189,0.068099327385426,0.0098803862929344,1
-0.038890779018402,-0.11379524506629,-0.080156370997429,1
-0.15580496191978,0.050010092556477,0.099793873727322,1
-0.017673790454865,0.19331445544958,0.03659400343895,1
0.0047299265861511,-0.11521478556097,-0.033529713749886,1
0.0089026093482971,0.085930414497852,-0.0017750635743141,1
0.0011951923370361,0.24212535470724,-0.04151002317667,1
0.11085087060928,0.21024873107672,-0.025376029312611,1
-0.035633862018585,0.064739860594273,0.021354876458645,1
-0.00044023990631104,0.085579238831997,-0.054539427161217,1
0.056823074817657,-0.18115866929293,-0.025577418506145,1
-0.027443587779999,-0.11997058428824,-0.0084887221455574,1
0.10420024394989,0.22183629125357,0.13408518582582,1
-0.2031164765358,0.071280084550381,0.0046733543276787,1
-0.080939471721649,0.036029569804668,0.028644360601902,1
0.061990082263947,0.072922416031361,-0.026541121304035,1
0.12202435731888,-0.21173605322838,0.01859237998724,1
0.038148105144501,-0.19713841378689,-0.0056393668055534,1
0.018996775150299,0.17689510434866,0.060077957808971,1
0.11220496892929,-0.21947336941957,0.0081684142351151,1
0.064835250377655,-0.072818823158741,-0.029768012464046,1
-0.14922526478767,0.036587961018085,0.075736843049526,1
-0.089723467826843,0.10492806881666,-0.019736476242542,1
0.078827559947968,0.081375889480114,-0.048656076192856,1
-0.071239769458771,-0.036552593111992,-0.028298459947109,1
-0.040002346038818,0.027220897376537,-0.012897737324238,1
0.043633162975311,-0.11177787277848,-0.068838849663734,1
0.019353985786438,-0.13438931852579,0.014588609337807,1
0.015539824962616,-0.13001097366214,-0.041812039911747,1
-0.058299869298935,0.048421241343021,0.0095743164420128,1
0.064720213413239,0.091012038290501,0.0071073845028877,1
-0.13252285122871,0.078181199729443,0.018433533608913,1
0.0170618891716,0.24581079930067,0.15471253544092,1
-0.10602280497551,0.063424117863178,-0.058908268809319,1
-0.039372622966766,-0.020222380757332,-0.00075263530015945,1
0.11023592948914,-0.20385663211346,0.087130434811115,1
-0.043794691562653,0.17848189920187,-0.096972316503525,1
-0.23045155405998,-0.046633068472147,-0.079231418669224,1
0.11216187477112,0.19842984527349,0.19692564755678,1
-0.068252444267273,-0.10916103702039,-0.090586692094803,1
-0.054427355527878,-0.13842673227191,-0.078190207481384,1
-0.1099140048027,0.15697463601828,-0.002642847597599,1
0.10119605064392,0.098553948104382,0.016603522002697,1
-0.14493519067764,0.23890825361013,0.04552099853754,1
0.074491322040558,-0.066340569406748,-0.039319239556789,1
-0.03625351190567,0.017419889569283,0.0033358111977577,1
-0.21898522973061,-0.068935908377171,0.039500258862972,1
-0.12704437971115,-0.16491764783859,0.023442842066288,1
0.021675586700439,-0.11243013944477,0.024403296411037,1
0.049301385879517,0.096070192754269,-0.017163492739201,1
0.11858940124512,0.14301382750273,-0.025645464658737,1
0.09101265668869,0.15193881839514,-0.09626243263483,1
0.098315417766571,0.12974124401808,0.045164704322815,1
-0.04555743932724,0.041990019381046,-0.0086443796753883,1
-0.12866607308388,-0.12850402295589,0.10747181624174,1
0.096832811832428,0.09206210821867,-0.056965678930283,1
-0.040130317211151,-0.087745982222259,0.017130203545094,1
0.15034812688828,0.21536632627249,-0.060287959873676,1
0.14988523721695,-0.17274751514196,-0.01104874163866,1
0.12627321481705,-0.15524877980351,0.021140463650227,1
0.18897610902786,-0.23130775243044,0.0037229582667351,1
-0.0942422747612,0.11073506623507,-0.085550524294376,1
-0.01718932390213,-0.062518641352654,0.0065605342388153,1
0.023477911949158,0.19573324173689,0.073565103113651,1
0.036492228507996,-0.21547471731901,0.0081852450966835,1
0.017886757850647,0.082299567759037,0.016079120337963,1
0.10263252258301,0.15925871580839,0.031966619193554,1
-0.074092179536819,-0.080583935603499,-0.038737051188946,1
0.02477365732193,-0.191401489079,-0.027707755565643,1
0.13141471147537,-0.1798197850585,-0.0093085691332817,1
-0.12573057413101,-0.014434613287449,0.044797860085964,1
-0.19064366817474,0.13823469728231,0.13003086298704,1
0.10861140489578,0.11459406465292,-0.055189274251461,1
0.10519260168076,0.16997497528791,0.035157270729542,1
0.028669834136963,-0.093006926123053,-0.012931697070599,1
-0.0082120299339294,-0.12008264288306,-0.019683003425598,1
0.1520299911499,0.17791061848402,-0.080586455762386,1
-0.12785404920578,0.1512997969985,0.17488940805197,1
0.072814166545868,0.19349979609251,0.21172634512186,1
0.072066783905029,-0.17735011130571,-0.04787128418684,1
0.15376877784729,-0.16895300149918,0.19658137112856,1
0.026115000247955,0.090853817760944,0.01589024066925,1
0.045372903347015,0.15022235363722,-0.077178649604321,1
0.12957864999771,-0.16899581998587,0.21388504654169,1
0.11330169439316,-0.1628450229764,-0.09546747803688,1
0.087094247341156,-0.24052949994802,-0.014343358576298,1
0.010715901851654,-0.080099169164896,0.0011790618300438,1
-0.22051972150803,0.06491743773222,-0.035279169678688,1
-0.015450537204742,0.050417549908161,-0.018987067043781,1
0.010716557502747,-0.21861974149942,0.11506757885218,1
0.010707795619965,0.25027325004339,-0.069791741669178,1
-0.13484165072441,-0.062705419957638,-0.033839263021946,1
-0.08644238114357,-0.0045257061719894,0.011791326105595,1
-0.12243202328682,-0.038107752799988,-0.073630981147289,1
0.087657749652863,-0.27884858101606,0.050982974469662,1
0.11896169185638,0.14679270237684,-0.051581256091595,1
-0.018133103847504,0.074504815042019,-0.030680410563946,1
-0.10941073298454,0.076086543500423,-0.045930422842503,1
-0.086304068565369,-0.032021656632423,-0.055518016219139,1
-0.11472311615944,0.0770029053092,-0.0070114806294441,1
0.089153170585632,-0.20883142948151,0.050872750580311,1
0.0061404705047607,0.20315095037222,0.055634535849094,1
-0.22871452569962,-0.084432899951935,0.013316936790943,1
0.036298394203186,0.061444871127605,-0.014368265867233,1
0.075333893299103,-0.13358775526285,-0.014772325754166,1
0.13476639986038,-0.11243592388928,-0.071261785924435,1
0.084690093994141,-0.28332910686731,0.067724488675594,1
-0.17432302236557,0.074155889451504,0.063527889549732,1
-0.012086510658264,-0.21537934243679,0.13206372410059,1
-0.13010910153389,-0.053571499884129,-0.032771810889244,1
-0.17954823374748,-0.073935037478805,0.010070152580738,1
0.02867579460144,0.17077829688787,0.067793354392052,1
0.1206488609314,-0.10771910659969,-0.086421079933643,1
-0.13930347561836,-0.041633199900389,-0.052232913672924,1
0.17651289701462,0.19411986321211,0.12063107639551,1
-0.0080059766769409,0.20668449252844,0.069461189210415,1
0.065804719924927,-0.20777346938848,0.18898249417543,1
-0.047586023807526,-0.14914204180241,0.024821564555168,1
-0.080555379390717,0.11891631036997,-0.0064977630972862,1
-0.05718058347702,-0.19403496384621,0.061857812106609,1
-0.17575427889824,0.13633541017771,-0.068354107439518,1
-0.076018571853638,-0.1175096295774,0.049636773765087,1
0.037253558635712,-0.18696043640375,0.0576236769557,1
0.086624145507812,0.092595137655735,-0.033744983375072,1
-0.089894235134125,0.0218196362257,-0.0086638107895851,1
-0.0013046860694885,-0.11847351118922,-0.03230020403862,1
-0.1009207367897,-0.0087942108511925,-0.021589837968349,1
-0.036190092563629,-0.06882993504405,-0.01877822726965,1
0.11856764554977,-0.10916556231678,-0.01628727465868,1
0.097361445426941,-0.17916528880596,-0.018585935235023,1
-0.078346729278564,0.10347416251898,0.040075547993183,1
-0.05531245470047,-0.078325219452381,-0.034349657595158,1
0.094944536685944,-0.13485404849052,-0.089806646108627,1
-0.065720528364182,0.22902270406485,0.11296520382166,1
-0.10210195183754,-0.20536486059427,-0.022415600717068,1
-0.14584198594093,-0.20937789231539,0.12392777949572,1
0.019093871116638,0.18617468327284,0.018234610557556,1
0.034339606761932,0.15327712148428,-0.023723527789116,1
-0.24094218015671,0.072371952235699,0.10292888432741,1
-0.18239682912827,0.075868807733059,0.15511520951986,1
0.034640610218048,-0.2834415063262,0.063438139855862,1
-0.16642943024635,-0.11310390941799,-0.063451752066612,1
0.028246462345123,0.088088996708393,0.019816718995571,1
-0.082178741693497,0.071817435324192,0.035228632390499,1
-0.04749721288681,-0.070213949307799,-0.044749163091183,1
-0.11516106128693,-0.16085067391396,0.19402550905943,1
0.012398779392242,-0.10122464573942,-0.0052172541618347,1
0.1585785150528,0.1741206869483,0.073959492146969,1
0.0083261728286743,0.15313001722097,0.052837207913399,1
-0.1851909160614,0.097186304628849,0.138487868011,1
0.16913723945618,0.19315769523382,-0.063542306423187,1
-0.18764799833298,-0.16365425288677,-0.073785953223705,1
-0.024297773838043,-0.17142129689455,0.059993110597134,1
-0.10916858911514,0.17513420432806,0.11561843007803,1
-0.017564237117767,0.09998232871294,-0.0015399977564812,1
-0.2473401427269,-0.014226406812668,0.046538434922695,1
-0.0486661195755,-0.0067020133137703,-0.039795286953449,1
-0.085679233074188,0.037890963256359,-0.047495551407337,1
0.12824261188507,0.16236986964941,-0.093892775475979,1
0.035735011100769,0.15072461217642,-0.084038212895393,1
-0.011375427246094,0.24055095762014,0.16205472499132,1
-0.17614522576332,-0.086720615625381,-0.025572337210178,1
0.054042458534241,0.2874366864562,0.021244205534458,1
0.11451667547226,0.20042508095503,-0.089844450354576,1
0.061529576778412,-0.060411777347326,-0.015010803937912,1
-0.041070878505707,0.23798032850027,-0.079890429973602,1
0.07985645532608,-0.071758110076189,0.010072074830532,1
-0.19812142848969,-0.13896490633488,0.13343738764524,1
-0.19481256604195,0.062408335506916,0.17748744040728,1
0.06397157907486,-0.041385855525732,0.0015204027295113,1
-0.0024735927581787,0.10875242203474,-0.023585721850395,1
-0.2407605946064,0.11419353634119,0.0011494681239128,1
0.05194354057312,0.084343887865543,-0.039098963141441,1
-0.020162403583527,-0.25363904982805,0.15756545215845,1
0.091239213943481,0.090830378234386,0.011652126908302,1
-0.068365454673767,-0.24174698442221,0.097411744296551,1
0.032192289829254,0.19527681916952,-0.044504754245281,1
0.031621634960175,-0.26561553031206,0.014887347817421,1
-0.079207450151443,0.034203238785267,-0.018802843987942,1
-0.01229602098465,0.11450567096472,-0.072028033435345,1
-0.049526453018188,-0.039694704115391,-0.039824217557907,1
0.013800442218781,-0.10758739430457,0.027187913656235,1
-0.092140674591064,-0.086274881847203,-0.067534677684307,1
0.0075762271881104,0.10217396169901,0.010891668498516,1
-0.099337935447693,0.13885154575109,0.063170947134495,1
0.019191682338715,0.084181718528271,0.019523434340954,1
-0.072197437286377,0.014019705355167,0.020167164504528,1
-0.028823554515839,0.066131360828876,-0.031057722866535,1
0.11650031805038,-0.094036789610982,-0.013817183673382,1
0.12316238880157,0.24494525045156,0.022627383470535,1
0.088156819343567,0.069348983466625,0.0126708522439,1
-0.034910142421722,0.0098405405879021,0.00027018040418625,1
-0.0029118657112122,0.07099961489439,-0.011153288185596,1
-0.19106379151344,0.14581427723169,0.058366186916828,1
-0.022165298461914,0.058540351688862,0.0076929107308388,1
-0.062145680189133,0.12475033849478,-0.041858367621899,1
-0.09877610206604,0.21670939773321,0.070740468800068,1
-0.020865619182587,-0.070074591785669,-0.0039608180522919,1
-0.16522595286369,-0.010175794363022,0.082075975835323,1
-0.012176811695099,-0.086453206837177,-0.017602823674679,1
-0.092979431152344,-0.071848386898637,0.029710687696934,1
-0.10132330656052,-0.085375255905092,-0.0087634399533272,1
-0.16103798151016,0.16569071263075,0.1554394736886,1
0.10832470655441,-0.25520960241556,-0.042417399585247,1
-0.04359769821167,-0.15413184836507,0.047819778323174,1
-0.10875821113586,-0.11986909620464,-0.038971938192844,1
-0.0020561218261719,0.17808716744184,0.0043516755104065,1
-0.16233098506927,0.15408112853765,-0.036269597709179,1
-0.039930522441864,0.22330489009619,0.054127067327499,1
-0.052277386188507,-0.011453673243523,0.0093267932534218,1
0.051764607429504,0.063033066689968,0.0065629556775093,1
0.055953145027161,0.052135996520519,0.0030271336436272,1
0.10014468431473,-0.18155582994223,-0.02182175219059,1
-0.051782578229904,0.14811521023512,0.052181586623192,1
-0.052780866622925,-0.21721503138542,0.037618264555931,1
0.062239706516266,0.068324498832226,0.0086964666843414,1
0.0089960694313049,-0.24931036680937,0.091757424175739,1
-0.033067584037781,0.13090593367815,0.0032563433051109,1
0.045078992843628,0.20302601903677,0.14799178391695,1
-0.089782536029816,-0.063565883785486,0.033589102327824,1
-0.0054804086685181,-0.11947888508439,0.02296406775713,1
-0.17789280414581,0.052112810313702,0.15229845792055,1
-0.0016955137252808,0.14666228741407,-0.014294974505901,1
0.12397664785385,-0.12448691390455,-0.01963559538126,1
-0.098374664783478,-0.19075954705477,0.19661388546228,1
0.21250241994858,0.19572665542364,0.049199812114239,1
-0.18469494581223,-0.021753162145615,0.17445179075003,1
-0.021958529949188,0.13439995795488,-0.029018990695477,1
0.17142897844315,-0.164281450212,-0.087075240910053,1
-0.18336379528046,-0.093725137878209,0.097159527242184,1
-0.14974844455719,0.10441709309816,-0.073296509683132,1
-0.14084631204605,0.11019135266542,0.082950554788113,1
-0.044514358043671,-0.25831303745508,0.028954990208149,1
0.088007688522339,0.11285727471113,-0.021405816078186,1
-0.13728576898575,-0.14231755211949,0.044341526925564,1
-0.0015429258346558,0.11373411864042,-0.036769151687622,1
-0.24216544628143,0.11026675254107,0.061149813234806,1
-0.030179023742676,-0.025499783456326,-0.01566132158041,1
0.16162741184235,0.1581591591239,-0.099914900958538,1
0.049402415752411,-0.099306739983149,-0.026854082942009,1
-0.091732978820801,0.11467791348696,-0.080353565514088,1
0.016570866107941,-0.2485950961709,-0.075975298881531,1
-0.010772287845612,-0.23286529630423,0.068723313510418,1
0.029056370258331,-0.23928632587194,-0.013228744268417,1
-0.093714207410812,-0.091851045377553,0.049843408167362,1
0.14757263660431,0.17233281582594,-0.050191976130009,1
-0.20578008890152,0.053080312907696,-0.013462029397488,1
0.028781831264496,-0.10993880592287,0.002725325524807,1
-0.22599652409554,0.13071838766336,0.041690222918987,1
-0.042893469333649,0.096923597157001,-0.0065266564488411,1
0.024564921855927,-0.085786344483495,0.00025633722543716,1
-0.02610582113266,0.1042480096221,-0.067924782633781,1
0.11897367238998,-0.19370457530022,0.04449250549078,1
0.07809978723526,-0.074569318443537,0.017557181417942,1
-0.016406178474426,0.2209896966815,-0.067828454077244,1
0.04221510887146,0.20470597594976,0.20100433379412,1
0.0056195855140686,0.20154600590467,-0.089019265025854,1
-0.029180228710175,-0.21237418055534,0.13505660742521,1
-0.087055206298828,-0.081238707527518,0.027856461703777,1
-0.015279471874237,-0.1724161580205,-0.074547357857227,1
0.027085363864899,-0.073669731616974,-0.023083508014679,1
-0.06789243221283,-0.10905862227082,0.034022882580757,1
-0.12584781646729,0.10365698486567,-0.089340649545193,1
-0.061774075031281,0.010479517281055,-0.014297001063824,1
-0.15532737970352,-0.14485736191273,0.095221661031246,1
0.091100335121155,0.14548837393522,-0.051720544695854,1
-0.065864324569702,0.17053344100714,0.053924798965454,1
-0.051139712333679,-0.25245723873377,-0.037025883793831,1
-0.24468967318535,-0.080001536756754,0.007772795855999,1
0.13048511743546,-0.2119318023324,0.0044567137956619,1
-0.027142226696014,-0.27662529796362,0.028092682361603,1
-0.077175319194794,-0.027431443333626,-0.036734528839588,1
-0.20892161130905,0.054868914186954,0.12480480223894,1
-0.20318424701691,-0.14471975713968,-0.062476731836796,1
-0.030512630939484,0.25572934001684,-0.061651214957237,1
0.020474255084991,0.12056105583906,-0.031336605548859,1
-0.047342598438263,0.060288824141026,-0.035984419286251,1
0.098362028598785,0.2525627836585,-0.047930307686329,1
-0.22711679339409,-0.10340305767022,0.10532859712839,1
-0.055432945489883,-0.19323811680079,0.11285198479891,1
-0.20556396245956,0.16449277848005,0.05324936658144,1
0.089939117431641,-0.11428858339787,0.018210254609585,1
-0.13487613201141,0.079606987535954,-0.099674612283707,1
0.05065906047821,0.20513191074133,0.21342075616121,1
-0.14234772324562,-0.010786205530167,-0.058442272245884,1
0.095896124839783,-0.099786737235263,0.012710221111774,1
-0.16160827875137,0.044843949377537,-0.0065179839730263,1
-0.14265877008438,-0.1294799298048,-0.015874855220318,1
-0.12542349100113,0.17051776498556,0.18439748138189,1
-0.024983584880829,-0.20370718091726,0.08323872834444,1
-0.041723072528839,0.054745830595493,0.0057977512478828,1
0.084947645664215,0.12436955422163,0.038295112550259,1
0.016205191612244,-0.10037854965776,-0.030389457941055,1
0.023601770401001,0.25693296641111,0.10273582488298,1
-0.17733478546143,-0.1780780851841,0.0082717910408974,1
-0.12497118115425,-0.16763579845428,0.11291886121035,1
0.10572284460068,-0.20452170073986,0.075146920979023,1
0.1724197268486,0.17884140461683,-0.008441686630249,1
-0.097046256065369,0.26163264364004,0.018306024372578,1
-0.10149866342545,0.1264518275857,-0.0081996247172356,1
0.069473743438721,-0.21555986255407,0.0071622356772423,1
-0.058866858482361,-0.082048058509827,0.0048862174153328,1
-0.088992565870285,-0.13520038500428,0.020021736621857,1
-0.041646122932434,0.064921595156193,-0.028690241277218,1
-0.23166990280151,-0.043538674712181,-0.071788750588894,1
0.0032251477241516,-0.15048603713512,0.010008178651333,1
0.028657138347626,-0.20417864620686,-0.044701911509037,1
-0.088837683200836,-0.036801129579544,0.03005389124155,1
-0.029213130474091,-0.10253897146322,0.019357964396477,1
0.020392954349518,-0.16890729963779,-0.022933751344681,1
0.13451319932938,-0.16191361099482,-0.010740302503109,1
-0.030582129955292,-0.19502010941505,-0.03951271623373,1
0.075077056884766,0.13456448167562,0.03287685662508,1
-0.13835224509239,-0.14517175406218,-0.04063106328249,1
-0.23578161001205,0.099932424724102,0.013709045946598,1
0.15440666675568,-0.2052014991641,0.052212707698345,1
0.030155420303345,0.069049321115017,-0.009066067636013,1
-0.0051482319831848,-0.26008676737547,-0.042026750743389,1
0.19163686037064,-0.1978365406394,-0.063004113733768,1
-0.043362438678741,0.1616882905364,0.032631024718285,1
-0.24294325709343,-0.11340503767133,0.042330838739872,1
0.013420224189758,0.080577246844769,0.014821730554104,1
0.16137963533401,-0.19545489549637,-0.0011475011706352,1
-0.029572069644928,-0.019627846777439,-0.0042532160878181,1
-0.049429833889008,-0.28286508470774,0.059328846633434,1
-0.048614323139191,-0.255460716784,-0.010073646903038,1
-0.16288265585899,0.18001522868872,0.11700985580683,1
-0.029203951358795,0.18003188818693,-0.0085235238075256,1
-0.016726672649384,-0.12828211672604,-0.070730172097683,1
0.0031947493553162,-0.11206984147429,-0.046637907624245,1
-0.023624420166016,0.10735293477774,-0.021325215697289,1
-0.10111594200134,0.0018163621425629,0.01894698292017,1
-0.033703863620758,-0.0015602633357048,-0.0019463524222374,1
0.080184936523438,0.27913003414869,0.01363318413496,1
0.010410845279694,-0.21314115822315,0.037561476230621,1
-0.040512204170227,-0.021274268627167,-0.0076692178845406,1
-0.031984627246857,0.031879238784313,-0.025415435433388,1
0.14817053079605,-0.12884275615215,-0.0062918737530708,1
0.077243268489838,0.067562513053417,-0.013667836785316,1
0.21900576353073,-0.19979025423527,-0.053000517189503,1
-0.032935202121735,0.25964572280645,0.035150773823261,1
0.099967777729034,-0.24881448596716,-0.0055150091648102,1
-0.035893738269806,0.017241269350052,-0.0040878877043724,1
0.044850885868073,-0.22933774441481,-0.02752173691988,1
0.05079984664917,-0.095295220147818,-0.003783792257309,1
-0.046648383140564,-0.034627638757229,-0.046086601912975,1
-0.097305715084076,-0.2386860921979,0.0013912096619606,1
0.039832293987274,-0.26606047898531,-0.071646489202976,1
-0.16298091411591,0.14419556409121,-0.059243239462376,1
-0.074236750602722,-0.07274242863059,0.018636472523212,1
-0.073744237422943,-0.020285777747631,-0.011308915913105,1
-0.054504781961441,0.097410641610622,0.0036295279860497,1
-0.1934200823307,-0.0082865133881569,0.089448057115078,1
-0.23301583528519,-0.10751132946461,-0.044569425284863,1
-0.16526210308075,0.05869983881712,-0.074568763375282,1
0.14913034439087,0.15424203127623,-0.008740521967411,1
0.082304835319519,0.17002596706152,-0.039990924298763,1
-0.010558247566223,-0.098313159076497,-0.01561776548624,1
0.095244824886322,0.11140591651201,0.0246601998806,1
-0.18388229608536,0.081641279160976,0.019634671509266,1
0.080628752708435,-0.10807017236948,-0.026031643152237,1
0.053568959236145,0.19221406430006,-0.06734935939312,1
0.011623620986938,0.13727565854788,-0.025815896689892,1
0.061298429965973,0.1508768722415,0.053269557654858,1
0.09659469127655,0.1520162448287,0.0062540471553802,1
0.13727849721909,0.14175932854414,-0.0064432471990585,1
-0.09787392616272,-0.011566199362278,0.021139822900295,1
-0.14772349596024,0.1046990826726,0.20808715373278,1
-0.14204251766205,-0.05683721229434,0.026116885244846,1
0.081368684768677,-0.059144057333469,0.010119818150997,1
-0.13526636362076,-0.080029679462314,0.072561077773571,1
-0.037528932094574,0.0349126085639,0.0057859346270561,1
0.1016121506691,0.12528049200773,0.035177119076252,1
0.029754877090454,-0.085415909066796,-0.031752318143845,1
0.022788643836975,0.23013507574797,0.11094991117716,1
-0.043887853622437,0.092694975435734,0.014883495867252,1
-0.15768033266068,-0.062807817012072,-0.081179141998291,1
0.044593811035156,0.06198213249445,-0.0011346638202667,1
-0.20582294464111,0.087541066110134,0.09168203920126,1
0.060284435749054,0.28207599371672,0.095217831432819,1
-0.12937772274017,-0.036326766014099,-0.014914058148861,1
-0.15351295471191,0.10085002332926,0.094799436628819,1
-0.067804843187332,-0.033826246857643,0.0069014206528664,1
-0.11080178618431,0.15731760114431,-0.050237469375134,0
0.031885862350464,0.17782854288816,0.049010686576366,1
0.20364278554916,-0.18323703855276,-0.069376833736897,1
0.063481628894806,-0.18698966503143,-0.047537915408611,1
0.010442078113556,-0.095739142969251,-0.036117389798164,1
0.078407108783722,0.26926415413618,-0.006319023668766,1
-0.0068332552909851,-0.24043279141188,-0.046948559582233,1
0.10116422176361,0.2236350402236,0.0090867280960083,1
-0.017272531986237,-0.25366301089525,0.12517363578081,1
-0.022737920284271,0.036812745034695,0.0053332820534706,1
-0.1342106461525,-0.10842315666378,0.07921551913023,1
-0.14592313766479,-0.10590418148786,0.21958423405886,1
-0.11968740820885,0.14805004745722,0.062165684998035,1
-0.076266795396805,-0.26108307391405,0.093482293188572,1
-0.17838752269745,-0.038384191691875,-0.093698814511299,1
-0.13734883069992,0.087515406310558,0.026164509356022,1
-0.1901074051857,0.1215451285243,0.16627628356218,1
-0.2025825381279,-0.0030167996883392,0.12770872563124,1
-0.18565022945404,-0.13900611177087,0.10867268592119,1
0.16326749324799,0.18246563524008,0.085963048040867,1
-0.17723846435547,0.12189512699842,0.07101034373045,1
0.16923755407333,-0.208291888237,0.0028036162257195,1
0.082452833652496,-0.12629482336342,-0.029068529605865,1
0.057069480419159,-0.1260071862489,-0.037713952362537,1
0.055623769760132,0.10353400558233,-0.043564893305302,1
-0.10558396577835,-0.12032808177173,-0.0053787007927895,1
-0.10686579346657,0.17394091933966,0.012764640152454,1
0.023204982280731,-0.19839659333229,0.074046798050404,1
0.01117467880249,-0.25734824687243,0.0053444653749466,1
0.1062638759613,-0.09929651976563,0.014974229037762,1
-0.1376565694809,-0.074652208015323,-0.10031580924988,1
-0.18618306517601,-0.043291997164488,0.12245932966471,1
0.060759723186493,-0.12533281929791,0.0083138719201088,1
-0.077239394187927,0.01951789110899,-0.021763622760773,1
-0.20874607563019,-0.041749939322472,-0.053895071148872,1
-0.042270720005035,0.098306111991405,0.032115913927555,1
0.059196412563324,-0.052267145365477,-0.0025131925940514,1
0.080903232097626,0.26294358819723,0.079689584672451,1
-0.082697033882141,0.17981880158186,-0.0078443512320518,1
-0.034759044647217,0.19102060049772,0.10351356118917,1
-0.1831251680851,-0.11541629582644,-0.033087022602558,1
-0.21073332428932,-0.094333450775594,-0.028208687901497,1
0.057983934879303,0.080378822982311,0.008086122572422,1
-0.074652671813965,0.0025753229856491,0.011755980551243,1
-0.0092286467552185,0.063746683299541,-0.013123467564583,1
-0.17246830463409,-0.11731152608991,0.1018029525876,1
-0.17947259545326,-0.014979422092438,-0.076144807040691,1
-0.15125021338463,-0.022895947098732,0.021773509681225,1
-0.060117334127426,-0.22183944284916,-0.086239188909531,1
0.10776704549789,-0.24969404190779,0.084014214575291,1
-0.22123691439629,-0.00076960772275925,-0.064260147511959,1
-0.22524440288544,0.014955811202526,0.14827197045088,1
0.079479157924652,0.23429744690657,0.033826254308224,1
-0.11772078275681,0.18352600187063,-0.025770746171474,0
-0.25517264008522,0.062284745275974,-0.013317741453648,1
-0.24352145195007,0.0043559372425079,0.085821606218815,1
-0.10911589860916,0.16612883657217,0.11648421734571,1
0.034703314304352,0.092364571988583,-0.0049703940749168,1
0.093290448188782,0.069202251732349,-0.036931417882442,1
0.03522253036499,0.25725754350424,0.14988658577204,1
-0.0014745593070984,0.084669329226017,0.020677238702774,1
-0.19105127453804,0.14830879122019,0.12594375759363,1
-0.18624258041382,-0.13464615121484,0.040424026548862,1
-0.099097639322281,-0.13218641653657,-0.037491045892239,1
0.15081113576889,-0.14053296297789,-0.046979434788227,1
-0.046081483364105,0.050863929092884,-0.055745534598827,1
0.067363858222961,0.12308467179537,0.004164956510067,1
-0.038979589939117,-0.18381543457508,-0.068711221218109,1
-0.062237799167633,-0.13070083968341,-0.068582959473133,1
-0.15720489621162,-0.062351651489735,-0.015808947384357,1
-0.16384199261665,-0.17136715352535,0.15853922814131,1
-0.048833549022675,0.096310831606388,0.0032825842499733,1
-0.13133332133293,0.039932437241077,-0.061543077230453,1
0.052470862865448,-0.082918157801032,0.013356633484364,1
-0.12602585554123,0.18947362154722,0.036525912582874,1
-0.23250025510788,-0.12418365292251,-0.01051514595747,1
0.065518200397491,0.22991000860929,0.046859711408615,1
0.058153212070465,-0.059472411870956,-0.0032324194908142,1
-0.1646888256073,0.080646626651287,-0.074026450514793,1
-0.082684606313705,0.17724557965994,0.091002501547337,1
0.15401500463486,0.13731197267771,-0.075719632208347,1
-0.10735532641411,-0.22104853391647,-0.028277099132538,1
0.095647931098938,0.14158970862627,0.048283867537975,1
0.044335663318634,-0.10621980391443,-0.046402156352997,1
0.10009288787842,0.21617402881384,0.11264888197184,1
-0.18427547812462,0.18896799534559,-0.01251757889986,1
-0.0096033215522766,-0.24227397888899,0.10364169627428,1
-0.1908198595047,-0.0096848532557487,0.11957194656134,1
-0.1626915037632,0.08923052996397,-0.039413131773472,1
0.002427875995636,-0.27610070258379,0.021430633962154,1
-0.10612636804581,-0.19511438161135,-0.073308378458023,1
-0.089438647031784,-0.04693503677845,-0.006510429084301,1
-0.11853450536728,0.13340064138174,0.081871621310711,1
-0.030579209327698,0.044320620596409,-0.025698982179165,1
-0.057013005018234,-0.020852774381638,-0.002414233982563,1
-0.056065201759338,0.0061864480376244,-0.0087144449353218,1
0.096705853939056,-0.21928771585226,-0.059087760746479,1
0.085864007472992,0.075116224586964,0.0091708675026894,1
-0.029700577259064,0.030098341405392,-0.013427294790745,1
0.00041872262954712,-0.15136638656259,-0.0058315843343735,1
-0.064424335956573,0.18188651651144,0.058247588574886,1
0.017937362194061,0.11158709973097,0.024957053363323,1
-0.020659983158112,-0.13459593057632,0.027145303785801,1
-0.14545696973801,0.045116506516933,-0.025530286133289,1
-0.11507996916771,-0.14386133849621,-0.019741617143154,1
-0.046397626399994,-0.18019570410252,-0.036706663668156,1
0.11859929561615,0.26317321509123,-0.026432037353516,1
-0.16079267859459,0.20388477295637,-0.063396595418453,1
-0.11925631761551,0.24085225909948,-0.028958924114704,0
-0.012685656547546,0.11283750087023,-0.077715836465359,1
0.092810153961182,-0.24270636588335,0.0025705397129059,1
-0.041050732135773,0.026554517447948,-0.029864132404327,1
0.058177530765533,-0.14134744554758,0.0090231075882912,1
0.14532166719437,0.24639292806387,0.094537697732449,1
-0.1752564907074,0.082256145775318,0.039633937180042,1
0.056676685810089,-0.082921460270882,-0.021864183247089,1
0.065066635608673,0.079639799892902,-0.0054300129413605,1
-0.10639160871506,-0.033786274492741,0.034604988992214,1
-0.029621779918671,-0.1800362020731,0.047676011919975,1
-0.097894310951233,-0.2007792070508,-0.072971008718014,1
-0.20805901288986,-0.04103909432888,0.081868477165699,1
0.0023707747459412,-0.10548497363925,-0.0088801383972168,1
-0.11892196536064,-0.14694306254387,-0.090158171951771,1
-0.051751285791397,-0.099370718584396,-0.02794224023819,1
0.071467995643616,-0.27538455277681,0.074337460100651,1
0.13725936412811,0.22849991172552,0.052753761410713,1
0.012604773044586,-0.25402957946062,0.15943994373083,1
-0.17883649468422,0.11379129439592,0.15456935018301,1
-0.21344366669655,-0.10038867953699,0.023405469954014,1
0.099858462810516,0.17104824632406,-0.064035326242447,1
-0.074234396219254,-0.018481731414795,-0.054389782249928,1
-0.060653567314148,0.062576092779636,-0.036168478429317,1
-0.029532253742218,-0.22565362602472,0.0092590525746346,1
-0.072496891021729,0.073384650051594,-0.023750729858875,1
-0.0037907958030701,0.19269292801619,0.023500688374043,1
-0.052571713924408,-0.08284249342978,-0.058731786906719,1
-0.20729690790176,0.064942441880703,0.11149407178164,1
0.090615570545197,-0.2569027915597,0.021322622895241,1
-0.19633919000626,0.12943162769079,0.12753919512033,1
-0.038528203964233,0.020680211484432,-0.018179424107075,1
-0.095508992671967,0.17632027715445,-0.06541495770216,0
0.17410004138947,-0.18621995300055,0.07028467208147,1
0.14084893465042,-0.17693085223436,0.032985411584377,1
-0.029396176338196,-0.10129982954822,0.010153502225876,1
-0.041614472866058,-0.093000858556479,-0.027912922203541,1
-0.078773498535156,-0.11680730246007,0.045874424278736,1
-0.01571387052536,-0.26306656748056,-0.0066476389765739,1
-0.15859699249268,0.10022484511137,-0.067094095051289,1
-0.027561843395233,-0.19692695885897,0.19675744324923,1
-0.054708570241928,-0.032143153250217,-0.034136869013309,1
0.12901127338409,0.14231749624014,0.040597856044769,1
-0.092559218406677,-0.12360800802708,0.0070040449500084,1
0.098712980747223,0.12492486089468,0.026635117828846,1
-0.11599692702293,-0.075522037222981,-0.012241519987583,1
-0.17079275846481,0.17891653627157,-0.059744335711002,1
0.088596045970917,0.21303587406874,-0.045200109481812,1
-0.11168330907822,-0.12089297920465,0.084601022303104,1
0.16283029317856,0.21312322467566,-0.013068735599518,1
0.082571804523468,0.18866857141256,0.097456969320774,1
0.071483135223389,0.11633133143187,-0.051676824688911,1
-0.078621983528137,0.18469735234976,0.14297186583281,1
-0.016876578330994,-0.059532351791859,0.0078252181410789,1
0.01279217004776,-0.068387288600206,-0.027998484671116,1
0.016281068325043,0.098956726491451,-0.0062673911452293,1
0.071247398853302,0.14350568503141,-0.086031500250101,1
-0.061632394790649,-0.13604510948062,0.03990127146244,1
-0.0086371898651123,0.21432545036077,-0.034912712872028,1
-0.055380493402481,0.11415091902018,0.040797866880894,1
-0.086820870637894,-0.14589802548289,0.068094432353973,1
0.068594753742218,0.14514913409948,-0.0783856138587,1
-0.073651105165482,0.22869565337896,0.048764862120152,1
0.028394758701324,0.098562501370907,-0.0056015476584435,1
0.0045976638793945,-0.1950598731637,-0.076452761888504,1
-0.042912662029266,0.095716364681721,-0.041186444461346,1
-0.061943829059601,-0.18325555324554,0.12508440762758,1
0.090610980987549,0.18849461525679,0.07914923876524,1
-0.030876576900482,-0.20945874601603,0.10171694308519,1
-0.13529014587402,-0.051604092121124,-0.050159066915512,1
-0.19923895597458,0.10477761179209,0.084149993956089,1
-0.09217444062233,0.079460300505161,-0.049534372985363,1
0.070808827877045,-0.14108621329069,0.02086628228426,1
0.12956684827805,-0.11330692842603,-0.052027247846127,1
-0.16766777634621,-0.021236874163151,-0.02674812823534,1
-0.06005197763443,0.054268427193165,-0.055007748305798,1
0.055357575416565,0.22046237438917,0.10337046533823,1
0.10914295911789,-0.20065607875586,0.12201998382807,1
0.097121000289917,0.14047586172819,-0.060468010604382,1
-0.12126439809799,-0.11081834882498,0.0098818317055702,1
0.050764560699463,-0.1685411259532,-0.054920949041843,1
-0.24949324131012,0.015145823359489,0.030165277421474,1
0.12508577108383,0.18446101993322,0.13734555989504,1
-0.097921311855316,-0.18905068933964,-0.035672381520271,1
0.016579747200012,0.097073428332806,-0.0016981288790703,1
-0.095222592353821,-0.00589619576931,0.0027395561337471,1
0.020055651664734,0.12956234067678,0.026738032698631,1
-0.021572113037109,0.19969656318426,0.15352617949247,1
0.039665222167969,0.15120672434568,-0.013116531074047,1
-0.18432483077049,-0.13115194998682,0.019380919635296,1
-0.012388408184052,-0.14916310831904,-0.062970817089081,1
0.14104986190796,-0.1982646882534,-0.065519034862518,1
-0.25916641950607,0.07195170968771,0.0016383454203606,1
0.075499653816223,-0.2700328156352,0.094583220779896,1
-0.15871980786324,0.19718059152365,0.024831764400005,1
0.099058449268341,-0.075740654021502,-0.0623474791646,1
0.01041454076767,-0.27236949652433,0.06652008742094,1
-0.08779439330101,-0.014405608177185,-0.018719248473644,1
-0.14427977800369,0.19745375961065,-0.055278442800045,0
0.1042189002037,-0.092407175339758,0.0057973936200142,1
0.081985652446747,-0.27272591739893,-0.045622639358044,1
-0.1018887758255,-0.14346447959542,-0.088960118591785,1
0.073487997055054,-0.22803787142038,-0.039882689714432,1
0.078593611717224,0.24623387306929,0.07914350181818,1
0.075081348419189,-0.1697992682457,0.056552685797215,1
0.023781657218933,0.10462198406458,-0.016170173883438,1
0.16904020309448,0.15751143544912,0.027565605938435,1
0.095247745513916,0.075391136109829,-0.052229456603527,1
-0.061337113380432,-0.053821347653866,0.020103506743908,1
-0.13352382183075,0.086371682584286,0.038467310369015,1
-0.14024817943573,0.012089878320694,-0.068948321044445,1
-0.085945934057236,0.080396197736263,-0.015450574457645,1
0.047785341739655,-0.082251431420445,-0.049538090825081,1
0.00081974267959595,-0.071231801062822,-0.0041233971714973,1
0.10705095529556,-0.087458071298897,-0.050815708935261,1
0.17561453580856,0.15522389858961,-0.030746437609196,1
-0.14540055394173,-0.046688344329596,-0.06294196844101,1
-0.17772701382637,-0.089693477377295,0.17014629393816,1
0.089133262634277,-0.17090295255184,-0.056045010685921,1
0.11466163396835,0.22535391896963,0.1297740265727,1
-0.0020630955696106,-0.13342916592956,-0.0061737149953842,1
-0.050646513700485,0.047394476830959,0.011312998831272,1
0.082047879695892,0.10934802144766,-0.0031937584280968,1
0.035087823867798,0.088541455566883,0.006774440407753,1
-0.088051021099091,-0.063316814601421,-0.059113882482052,1
0.0032278895378113,0.20525177568197,0.14205975085497,1
0.081426858901978,0.20293509215117,0.055893667042255,1
-0.045309722423553,-0.034564450383186,-0.030915133655071,1
0.04507440328598,-0.19850600510836,0.049242317676544,1
-0.064677596092224,0.030067540705204,-0.0012112334370613,1
-0.13011902570724,0.077072836458683,0.06537602096796,1
-0.037851572036743,-0.22039569169283,-0.003070242702961,1
-0.26204371452332,0.029532484710217,0.006708450615406,1
-0.18205460906029,0.0050318688154221,0.023023970425129,1
0.05710369348526,-0.099857773049735,-0.053420685231686,1
0.063944935798645,0.20185490697622,-0.095013376325369,1
0.11400377750397,0.12249427288771,-0.029086478054523,1
-0.13200700283051,0.12743597477674,0.12091778963804,1
0.043795347213745,0.10590667277575,-0.018043600022793,1
-0.076133400201797,0.15095450729132,0.06456197053194,1
-0.13620847463608,-0.030564740300179,0.013619862496853,1
-0.0002475380897522,-0.21276538819075,0.011349745094776,1
-0.19124844670296,0.1434593424201,0.12752521783113,1
0.044598400592804,-0.15348935127258,-0.039950266480446,1
-0.15535241365433,-0.10897704213858,0.18975255638361,1
-0.14128923416138,-0.16117266565561,0.035468585789204,1
-0.2039543390274,0.11159541457891,0.13149806112051,1
-0.036017656326294,0.11438412219286,-0.034869596362114,1
-0.090001404285431,-0.17837758362293,0.15000357478857,1
-0.04779052734375,-0.0019955486059189,0.0053916200995445,1
0.071377515792847,0.11145790666342,0.023549415171146,1
-0.037114977836609,0.048277251422405,-0.012796945869923,1
0.087947309017181,0.092930562794209,-0.00051797926425934,1
0.093026876449585,0.20949604362249,-0.062597058713436,1
-0.1203910112381,-0.11723572202027,0.068340517580509,1
-0.12770292162895,0.0041201040148735,0.043071798980236,1
-0.041370689868927,-0.11189985368401,0.037449032068253,1
-0.079200714826584,-0.20819921791553,0.19071156531572,1
-0.15455135703087,0.047552309930325,0.029688097536564,1
-0.18224832415581,0.013927288353443,0.0012727454304695,1
0.20079547166824,0.2269075140357,0.037282586097717,1
0.1157078742981,-0.14765060320497,-0.082453243434429,1
0.07058572769165,0.23258336633444,0.17235351353884,1
0.090292632579803,0.091670595109463,-0.02574572712183,1
-0.14488965272903,-0.18036432564259,0.011595599353313,1
0.030727207660675,-0.084598602727056,-0.021226644515991,1
-0.01965343952179,0.12064454704523,-0.065138913691044,1
-0.036714017391205,-0.012333661317825,0.0048589333891869,1
-0.075933694839478,-0.2433300986886,0.089672841131687,1
0.12745195627213,-0.15578566864133,-0.095445029437542,1
0.099626660346985,-0.099145842599683,-0.048478566110134,1
-0.087078750133514,0.065309353172779,0.014899276196957,1
-0.20468693971634,0.049182496964931,-0.031235620379448,1
-0.10497808456421,-0.18447158485651,0.013380602002144,1
0.087211310863495,-0.069947445765138,0.011090077459812,1
0.0062069892883301,-0.084258900955319,0.0054400339722633,1
0.13480448722839,-0.1503771841526,0.0043956860899925,1
-0.1414732336998,0.053099609911442,0.030443303287029,1
-0.15993663668633,0.054932542145252,0.012833125889301,1
-0.091380566358566,0.24132563918829,0.023259274661541,1
-0.044225454330444,0.19599666446447,0.1116274818778,1
0.11255383491516,0.15636273473501,-0.070289298892021,1
-0.10899677872658,0.12469605356455,-0.097215540707111,1
-0.0032995343208313,-0.062812022864819,-0.01858913898468,1
0.052787721157074,-0.24469814449549,0.056283846497536,1
0.041782975196838,0.21371563524008,0.10745222121477,1
0.1136571764946,-0.11648328788579,-0.057850502431393,1
-0.044303357601166,-0.23894131928682,-0.023135006427765,1
-0.033713519573212,-0.062138646841049,0.0026549622416496,1
0.074430286884308,-0.20278967916965,0.21103531867266,1
-0.04866236448288,-0.056284964084625,0.019139222800732,1
0.10156142711639,-0.22347112745047,-0.056917250156403,1
-0.061593651771545,0.031150795519352,-0.054723776876926,1
0.10023492574692,-0.19413059204817,0.029817447066307,1
-0.14187705516815,0.13134052604437,0.065400414168835,1
0.090314328670502,0.24507590383291,-0.041863493621349,1
0.070259869098663,-0.1494310721755,-0.059784539043903,1
-0.11879029870033,0.15813209861517,-0.085713617503643,0
0.14031237363815,0.14733480662107,-0.014946185052395,1
-0.021523475646973,0.19782712310553,0.13659612089396,1
0.0059242248535156,-0.20002865046263,-0.0090743824839592,1
-0.010354459285736,-0.10265366919339,-0.011226378381252,1
-0.066417694091797,-0.19128127396107,-0.066918820142746,1
-0.080500841140747,-0.18191093206406,0.13428355008364,1
-0.027714729309082,0.2745930776,0.038430199027061,1
-0.17883604764938,0.1659739241004,0.14171632379293,1
0.041344046592712,0.13139732927084,-0.081920713186264,1
0.018959522247314,0.10818467289209,-0.008351057767868,1
-0.060745090246201,-0.096491012256593,-0.037848614156246,1
0.086939692497253,0.096104182302952,-0.0034864619374275,1
-0.13820278644562,0.17085292190313,0.11436709016562,1
-0.20733869075775,0.039509899914265,0.13268011063337,1
-0.047474384307861,0.15686079114676,0.069950461387634,1
-0.064015358686447,-0.22469159215689,0.14712800830603,1
0.15969902276993,0.15416594594717,-0.011616803705692,1
0.17609220743179,0.17247166484594,0.078721843659878,1
-0.015383124351501,0.10491997748613,-0.040783241391182,1
-0.10092920064926,-0.065612137317657,-0.080159977078438,1
-0.00083738565444946,-0.087494228035212,-0.033518694341183,1
0.0032067894935608,-0.057741083204746,-0.0044208392500877,1
0.021061718463898,-0.081452874466777,-0.035045869648457,1
-0.039530217647552,0.11810526996851,-0.044374480843544,1
0.14356821775436,-0.17390641570091,0.16167255491018,1
-0.14591467380524,-0.082665601745248,-0.056446097791195,1
0.099620401859283,-0.077404322102666,-0.024218268692493,1
-0.13749679923058,-0.12083498202264,-0.0014243349432945,1
0.007612943649292,-0.16386520862579,0.03101097792387,1
0.047727644443512,-0.16671704500914,0.033538423478603,1
0.075349867343903,0.23285644501448,-0.082654751837254,1
-0.16439738869667,-0.0057292357087135,0.055665604770184,1
0.078264176845551,-0.27803940325975,0.10671543329954,1
-0.014339089393616,0.13890371471643,-0.0088826864957809,1
0.069869875907898,0.090042971074581,0.00034201890230179,1
-0.21949541568756,0.0067391321063042,0.10056503862143,1
-0.20799535512924,-0.11853944323957,0.065582148730755,1
0.0079132318496704,-0.099055470200256,-0.027603566646576,1
0.0080888271331787,-0.05639673769474,0.0016893893480301,1
-0.13674199581146,-0.089749617502093,0.047725178301334,1
-0.049176692962646,-0.21159604936838,-0.0027777180075645,1
0.13051325082779,-0.11143947578967,-0.093203112483025,1
0.078268647193909,0.088977105915546,0.02019526809454,1
-0.12684857845306,-0.19236110895872,0.1165554150939,1
-0.055872321128845,-0.16561545431614,0.014189682900906,1
-0.14456966519356,-0.049019828438759,-0.091331537812948,1
0.051686704158783,0.058663718402386,-0.0013427808880806,1
-0.087410271167755,0.1464421376586,-0.041641525924206,1
-0.08855351805687,0.098321311175823,-0.051834799349308,1
-0.048491060733795,0.074595086276531,-0.045962043106556,1
-0.090262442827225,0.12597585469484,0.063932858407497,1
0.060324490070343,0.05321779102087,-0.014077506959438,1
0.028624415397644,0.15147887915373,0.027501486241817,1
-0.0087421536445618,-0.19425873458385,0.21183512359858,1
-0.11758679151535,0.09101078659296,0.069830976426601,1
0.1138254404068,0.13553815335035,-0.052529156208038,1
-0.02780944108963,-0.033914461731911,-0.0043557360768318,1
0.027698934078217,0.21898125857115,0.17472980171442,1
-0.086426973342896,-0.12905873544514,0.042738236486912,1
0.00026148557662964,-0.20957084000111,0.13972041755915,1
0.18428403139114,0.16318859905005,-0.033050499856472,1
-0.25000527501106,0.014300331473351,0.086942784488201,1
-0.033937275409698,0.17552693933249,0.061444222927094,1
-0.11381301283836,-0.066024161875248,0.038530983030796,1
-0.1256844997406,0.11728370934725,0.046980775892735,1
0.14610570669174,0.19411339610815,-0.055147372186184,1
0.15035426616669,-0.13969637826085,0.024917863309383,1
0.040001451969147,0.089622683823109,-0.0027417317032814,1
0.016339242458344,-0.23701869696379,0.14221710711718,1
-0.07957860827446,0.059280730783939,-0.057904474437237,1
-0.073227673768997,-0.08930248208344,-0.014130003750324,1
0.0074895024299622,0.15361579507589,-0.084857027977705,1
-0.096450984477997,0.18485020846128,0.08834221214056,1
0.070773124694824,0.054285623133183,-0.027112707495689,1
0.073144316673279,0.23115905374289,0.13851170986891,1
-0.038594722747803,0.027752660214901,0.0012012496590614,1
0.11576873064041,-0.13553096726537,-0.082248486578465,1
-0.044555842876434,-0.0035156384110451,-0.015829361975193,1
-0.13342490792274,-0.16346450895071,-0.034298159182072,1
0.03643137216568,-0.08132841065526,-0.019605003297329,1
-0.0018797516822815,-0.09718323755078,-0.018897742033005,1
0.13442397117615,0.25639652460814,-0.05722837895155,1
0.09426349401474,-0.084758355282247,-0.032080240547657,1
0.094739377498627,-0.11626560799778,-0.047569781541824,1
0.12890827655792,0.21145089715719,-0.087893962860107,1
-0.22811675071716,0.084852524101734,0.0051112994551659,1
-0.071156948804855,0.04709642380476,-0.055748499929905,1
-0.13179323077202,0.14440374821424,0.13519813865423,1
0.051656305789948,-0.15915124490857,0.048685967922211,1
0.14392751455307,0.13540331274271,0.017938502132893,1
0.057120740413666,0.15958341211081,-0.023213252425194,1
-0.079283684492111,0.15808894485235,0.061807446181774,1
0.068581938743591,0.087092272937298,0.01304829120636,1
0.10946959257126,-0.21308490633965,0.015301369130611,1
-0.030894994735718,-0.2073877453804,0.17632583528757,1
-0.089219868183136,0.21121763437986,0.0024016946554184,1
0.1053232550621,-0.15589988231659,-0.0065075680613518,1
-0.022013962268829,-0.2178303450346,0.075922228395939,1
0.023844420909882,0.15226533263922,0.046937562525272,1
-0.031065106391907,0.14071033149958,-0.0025798603892326,1
-0.093961656093597,0.031498782336712,-0.024649679660797,1
-0.099292159080505,0.01601056009531,-0.077358290553093,1
0.03731232881546,-0.12442599236965,0.01494362205267,1
0.012978076934814,-0.16487610340118,0.022894486784935,1
0.020123302936554,0.20131897181273,-0.071025364100933,1
-0.076206088066101,-0.036383107304573,-0.010818816721439,1
-0.23802950978279,-0.0096072927117348,0.066232316195965,1
-0.0024846196174622,0.12770178169012,-0.029606759548187,1
-0.0098357796669006,0.22609540075064,0.012315832078457,1
0.062073886394501,-0.24194999784231,0.064958341419697,1
-0.05064445734024,0.15496440976858,-0.090744644403458,1
0.065172433853149,-0.12165526859462,-0.061052426695824,1
-0.092522263526917,0.21182175725698,0.085551463067532,1
0.13681453466415,0.23807575553656,0.095035262405872,1
-0.061628878116608,-0.090885027311742,-3.2879412174225e-05,1
-0.21333041787148,-0.069089476019144,-0.056668572127819,1
-0.047923862934113,0.072064809501171,-0.019027821719646,1
-0.039285123348236,0.27425049990416,0.015893064439297,1
-0.082526445388794,-0.11442231014371,0.0094581320881844,1
-0.034473955631256,-0.20379363745451,-0.058846667408943,1
-0.10279619693756,-0.13544264063239,0.029361121356487,1
-0.22229173779488,-0.14057365432382,0.07824083417654,1
-0.11860638856888,0.14972185343504,0.20781213790178,1
-0.10359638929367,0.063537396490574,-0.080871619284153,1
-0.15934580564499,0.055364765226841,-0.018867932260036,1
-0.11087051033974,-0.25216040760279,-0.015718251466751,1
0.056970715522766,0.14526211470366,0.045545198023319,1
-0.03244811296463,-0.10009307879955,-0.013628751039505,1
-0.17985638976097,-0.029317632317543,0.068680368363857,1
-0.096217036247253,0.071541704237461,0.018544442951679,1
-0.1923001408577,0.052854232490063,0.18821065872908,1
-0.056902706623077,-0.0083167105913162,-0.00043690949678421,1
0.14384096860886,-0.16717463731766,0.13592407852411,1
-0.12315079569817,-0.19741919636726,0.083625711500645,1
0.024261832237244,-0.20744536072016,0.20848295837641,1
0.080067336559296,-0.063408676534891,-0.012248821556568,1
0.065776646137238,0.040863566100597,-0.0037578269839287,1
-0.17461895942688,0.011446930468082,-0.0020952299237251,1
-0.13176518678665,-0.089107538573444,0.055016867816448,1
-0.087936103343964,0.070857055485249,0.028947062790394,1
-0.16768202185631,-0.1041052355431,0.050265662372112,1
0.0073666572570801,0.195885412395,0.032274425029755,1
-0.14613702893257,0.17206933349371,-0.086510471999645,0
-0.071366906166077,-0.23153591901064,0.16596799343824,1
-0.058001279830933,-0.052073799073696,-0.01662989705801,1
-0.21452990174294,0.0044246166944504,-0.033951856195927,1
-0.07425457239151,-0.19019591063261,0.027552545070648,1
-0.063350558280945,0.089599303901196,-0.011367835104465,1
-0.16366624832153,0.056514121592045,0.039391539990902,1
-0.070923209190369,0.20144983381033,0.0026585832238197,1
-0.057465761899948,0.072633691132069,-0.031425423920155,1
0.023558259010315,-0.10364417266101,-0.042385287582874,1
-0.09134116768837,0.12166265398264,-0.044101350009441,1
0.080584168434143,0.21757455915213,0.04744777828455,1
-0.18037107586861,-0.0050747767090797,0.055694080889225,1
0.12992078065872,-0.13630476593971,0.056513108313084,1
0.07239818572998,0.23072557896376,0.049190022051334,1
-0.11540380120277,-0.014991834759712,0.012594513595104,1
0.03884369134903,0.19454386085272,0.22404242306948,1
0.15563637018204,-0.13551158830523,0.053626097738743,1
-0.044767737388611,-0.074123045429587,-0.0050107017159462,1
0.091023743152618,0.17777638882399,-0.098367344588041,1
-0.15283054113388,-0.028543286025524,0.070215336978436,1
0.0033460855484009,-0.21917348355055,0.17923874408007,1
-0.16397571563721,0.086196206510067,-0.071745872497559,1
-0.20797672867775,-0.070755885913968,0.11083903163671,1
0.1561022400856,-0.17383758723736,0.12619840353727,1
-0.077941298484802,0.16467633098364,-0.067596159875393,0
-0.10918071866035,0.090325139462948,-0.019456394016743,1
0.10523974895477,0.26175364106894,-0.054238803684711,1
0.040524065494537,-0.25373812764883,0.086329855024815,1
-0.036958634853363,0.12475941330194,-0.062276497483253,1
-0.076769590377808,0.15299364179373,-0.055683754384518,1
-0.094017416238785,-0.16780568659306,-0.058509826660156,1
0.0055091381072998,-0.18991330265999,-0.048166759312153,1
-0.21091747283936,0.043941996991634,0.048437036573887,1
-0.12016302347183,0.027451314032078,-0.086634736508131,1
-0.024571716785431,0.27941557019949,0.087680466473103,1
-0.11008358001709,0.12530668824911,0.044165246188641,1
0.0310999751091,-0.21818108856678,-0.080951161682606,1
0.0050657391548157,-0.16751573979855,-0.081563033163548,1
-0.034327566623688,0.10151495784521,-0.040557339787483,1
0.078050553798676,-0.14031912386417,-0.048348471522331,1
0.023178994655609,-0.27921033650637,0.0963991060853,1
-0.060800641775131,-0.21148458123207,-0.093598335981369,1
0.016520202159882,0.073067717254162,-0.0042335167527199,1
-0.058239489793777,0.080790989100933,-0.007306195795536,1
-0.053021371364594,0.16537686437368,-0.025482907891273,1
-0.0046095252037048,0.12803565710783,-0.0601606965065,1
0.15200763940811,-0.13082437962294,0.0034748241305351,1
-0.136011749506,-0.18313333392143,-0.051423542201519,1
-0.089576065540314,-0.015420839190483,-0.01066630333662,1
0.14812046289444,-0.14841479435563,0.053687058389187,1
-0.065491169691086,0.26597314327955,0.0076436325907707,1
-0.046154975891113,0.016612984240055,-0.020677499473095,1
-0.11284396052361,0.15493052452803,-0.02186556905508,0
0.08654123544693,-0.062070108950138,-0.040292166173458,1
0.098518252372742,-0.18717458099127,-0.085477314889431,1
-0.13092523813248,0.050181828439236,-0.049347199499607,1
0.1737265586853,-0.1769682765007,0.061704285442829,1
0.050301849842072,-0.11355950590223,-0.04974864423275,1
0.15046000480652,0.17512028664351,0.18883592635393,1
0.0051616430282593,0.062565468251705,-0.0062122270464897,1
0.049467861652374,-0.21076154708862,0.14809627085924,1
-0.023220062255859,-0.038420610129833,-0.015060313045979,1
-0.19494539499283,-0.19319333136082,0.062763340771198,1
-0.053438514471054,-0.14860612154007,0.052644930779934,1
-0.13495141267776,-0.20062406361103,0.076529659330845,1
-0.069237738847733,-0.059749100357294,0.016905136406422,1
-0.15069988369942,0.095130167901516,0.13136405497789,1
-0.25198861956596,0.011125572025776,0.022959463298321,1
-0.067335993051529,-0.21907348930836,-0.059094294905663,1
0.097413718700409,-0.10573748126626,0.02646742016077,1
0.11143654584885,0.089818753302097,-0.026549436151981,1
-0.017525017261505,-0.14781289175153,-0.027627535164356,1
-0.078949898481369,-0.047232758253813,0.00087263435125351,1
0.1392410993576,0.20475658029318,0.13349545747042,1
0.064116775989532,-0.22847596555948,-0.0081216096878052,1
-0.16177505254745,0.15245585888624,0.12719114869833,1
0.021879851818085,0.15100108832121,-0.026158981025219,1
0.03069132566452,0.24644752591848,0.096666552126408,1
0.14610230922699,-0.14939679950476,0.041924811899662,1
0.15453541278839,0.14190221577883,0.0028773620724678,1
-0.040056705474854,0.2140926644206,-0.037739761173725,1
0.018031716346741,0.13451049476862,-0.025547325611115,1
-0.12642508745193,-0.063920997083187,-0.052519522607327,1
0.13152420520782,0.11632990092039,0.021739445626736,1
-0.061293870210648,-0.13624899461865,0.014368489384651,1
0.0361567735672,-0.17510325461626,-0.026545368134975,1
-0.16881549358368,-0.2064470872283,0.055642060935497,1
0.14458131790161,0.23719959706068,0.10200745612383,1
-0.06739330291748,-0.00059826672077179,-0.036214709281921,1
0.026713192462921,-0.10328700649552,0.0057303085923195,1
0.16443163156509,-0.17570243775845,0.12316580861807,1
0.10851043462753,0.11856336146593,-0.07753586769104,1
0.093190789222717,0.069419629871845,-0.024163044989109,1
-0.0002589225769043,-0.23000893741846,-0.06352423876524,1
-0.16654822230339,0.16436549276114,0.10581766813993,1
-0.16911199688911,-0.21391897648573,0.023024268448353,1
-0.11688721179962,0.1681300625205,0.14291151612997,1
0.045191884040833,-0.17604100704193,0.030687756836414,1
0.025448083877563,0.11514145880938,0.021145559847355,1
0.060901761054993,0.23438959568739,0.17197132855654,1
0.052269041538239,0.10036983340979,-0.0091897919774055,1
0.031145215034485,0.13506069034338,0.0062022656202316,1
-0.16040414571762,0.035490937530994,0.015747614204884,1
-0.063475966453552,0.23833172768354,0.027496993541718,1
-0.016298472881317,0.24423035234213,0.1162037178874,1
-0.04636150598526,-0.04651028290391,-0.044913791120052,1
-0.022039115428925,0.10695857554674,0.027079485356808,1
-0.068859130144119,0.011699430644512,-0.0016992315649986,1
0.10377681255341,-0.13759148493409,-0.072594873607159,1
-0.18120035529137,-0.1013862232212,0.050232850015163,1
-0.1762221455574,0.12765341252089,0.0074240043759346,1
0.096468210220337,-0.092897065449506,0.018789120018482,1
0.067046999931335,-0.21434646844864,0.15385717898607,1
-0.24049791693687,-0.049961600452662,-0.033110775053501,1
-0.024395048618317,-0.22810793668032,0.038014315068722,1
0.0036103129386902,0.19383724778891,0.061789005994797,1
-0.17267429828644,-0.11716485768557,-0.090992920100689,1
0.00079256296157837,0.094105504453182,-0.064350366592407,1
0.012087404727936,0.105886913836,0.014486521482468,1
-0.056653171777725,0.14758410304785,0.034181609749794,1
0.012978971004486,0.18133925646544,0.041077315807343,1
0.015593230724335,0.24099322408438,-0.059395059943199,1
0.0069480538368225,0.18359216302633,-0.0095351561903954,1
-0.078506648540497,0.008016400039196,-0.0087545588612556,1
-0.24406003952026,0.019201956689358,-0.071211211383343,1
-0.02898108959198,0.23896082490683,0.13934267312288,1
0.092022061347961,0.19519882649183,0.20362866669893,1
-0.052430003881454,0.086932338774204,-0.07359141856432,1
-0.13973063230515,0.08763749152422,-0.0040637627243996,1
0.010405719280243,-0.24400057643652,-0.015951029956341,1
0.096270024776459,0.25155153125525,-0.0032706782221794,1
-0.045701801776886,-0.13054660148919,0.010749213397503,1
0.020029008388519,-0.25241679698229,0.029271729290485,1
-0.233078956604,0.12855356186628,0.087866984307766,1
0.016364455223083,0.11148425191641,-0.033466704189777,1
0.0247403383255,-0.24367945641279,0.121542789042,1
-0.040478408336639,0.23546393960714,-0.081589266657829,1
0.084771633148193,0.13509608060122,0.044211715459824,1
-0.045241177082062,0.00072235614061356,0.00019895285367966,1
0.015969157218933,-0.073640946298838,-0.026470966637135,1
-0.20567861199379,0.10109927505255,0.060091830790043,1
0.085256159305573,0.19499021023512,0.070152617990971,1
0.0076447725296021,-0.051958784461021,0.00047916918992996,1
0.016590178012848,0.054746948182583,-0.0030950829386711,1
-0.17386746406555,-0.020667970180511,0.10514194518328,1
0.044144690036774,0.20216470211744,0.034357585012913,1
0.038406074047089,0.22083269804716,0.15208048373461,1
0.15620619058609,-0.24253693968058,0.094400592148304,1
-0.053128838539124,0.045905895531178,0.00060843676328659,1
0.064286053180695,-0.1157613825053,-0.026276163756847,1
0.061314404010773,0.06280293315649,-0.0028775930404663,1
-0.045212805271149,0.053885690867901,-0.048355720937252,1
0.046500861644745,-0.11241457890719,-0.0076201036572456,1
0.065956056118011,-0.16978418081999,-0.0668079033494,1
0.055479943752289,0.17336406558752,-0.06762470304966,1
0.15854126214981,0.16684895008802,0.056678749620914,1
-0.14777019619942,0.11727752536535,-0.030745632946491,1
0.20017713308334,0.19521277397871,-0.011822707951069,1
-0.086135864257812,-0.20524505525827,0.061894260346889,1
-0.13875296711922,-0.063389837741852,0.079108141362667,1
-0.12888538837433,-0.084397176280618,0.035507760941982,1
-0.14368888735771,-0.070686031132936,0.014861740171909,1
-0.11194947361946,0.23955880850554,0.023516051471233,1
-0.12745305895805,-0.1876320540905,0.18013957887888,1
-0.078526437282562,-0.020262867212296,-0.032696194946766,1
-0.062047243118286,-0.049918867647648,-0.063992388546467,1
0.12883073091507,-0.27347692102194,0.026699043810368,1
-0.15318977832794,0.15710713714361,0.14484382420778,1
-0.1842035651207,-0.066205583512783,-0.078905805945396,1
-0.15983837842941,0.17078288644552,0.089602492749691,1
-0.16412457823753,-0.12344481796026,-0.093166761100292,1
-0.12002140283585,0.075029842555523,-0.052680805325508,1
-0.23605731129646,-0.06051442399621,-0.006993256509304,1
-0.035477221012115,-0.10993176698685,0.011739142239094,1
0.14066809415817,0.1507176682353,-0.016243740916252,1
-0.13340011239052,-0.027230121195316,-0.049335531890392,1
0.13592582941055,-0.19530256837606,-0.0067533999681473,1
-0.069481283426285,0.16732298582792,0.089935757219791,1
0.12847119569778,-0.19132284075022,0.19042194634676,1
-0.20456317067146,0.16563128679991,0.049908481538296,1
-0.074881762266159,-0.15922319144011,-0.063762098550797,1
-0.25014331936836,-0.037088662385941,0.082742534577847,1
0.095179498195648,-0.076134297996759,-0.037169419229031,1
0.055906295776367,-0.2038931325078,0.16735032945871,1
-0.14154216647148,0.11048028618097,0.057240404188633,1
0.078165233135223,0.18912168592215,0.013390585780144,1
0.042436480522156,0.067931912839413,-0.026734344661236,1
-0.10548040270805,-0.10344953043386,-0.049020491540432,1
-0.049451410770416,-0.099387037800625,-0.0064146742224693,1
-0.1541423201561,0.11731155961752,0.20587611943483,1
-0.091709554195404,-0.12128047272563,-0.004712201654911,1
0.18318158388138,-0.2394680455327,-0.025124616920948,1
0.10660743713379,-0.11621721088886,0.025505132973194,1
0.080059111118317,-0.2170682772994,0.096228115260601,1
0.12812286615372,0.1158065572381,-0.056335099041462,1
-0.012192845344543,0.070132575929165,0.011806897819042,1
-0.16367688775063,-0.091655887663364,0.074397198855877,1
-0.10921120643616,0.11522676795721,-0.024356566369534,1
0.038428485393524,0.098069168627262,-0.0030631050467491,1
-0.12368083000183,0.033237837255001,-0.001139260828495,1
-0.16616994142532,0.004884772002697,-0.022277846932411,1
-0.089437812566757,0.25802021473646,-0.038745939731598,0
0.12941771745682,0.17077698558569,0.0044974014163017,1
-0.050262659788132,0.053797669708729,-0.038059957325459,1
-0.11292815208435,-0.05675945058465,0.0023698434233665,1
0.042823255062103,-0.18901134282351,0.023422576487064,1
-0.13180580735207,-0.06287943944335,0.049640499055386,1
0.051595568656921,-0.12655507400632,-0.0802261531353,1
0.02711009979248,0.14358999580145,-0.055746018886566,1
0.028850615024567,-0.21888792514801,-0.00057177245616913,1
-0.14908090233803,-0.039875864982605,-0.045702055096626,1
-0.090680181980133,-0.10192649485543,0.042450152337551,1
-0.063966751098633,0.11729832738638,0.027872823178768,1
-0.13465681672096,0.053678311407566,0.049022145569324,1
0.030159294605255,-0.17730937153101,0.0098980590701103,1
0.051517248153687,-0.071873061358929,-0.032025203108788,1
-0.043388068675995,0.029289789497852,-0.025726698338985,1
-0.12866213917732,-0.17854539304972,0.18396570533514,1
0.16417342424393,-0.15543495863676,0.18069361895323,1
0.09349399805069,-0.13634525984526,-0.051839515566826,1
-0.23413717746735,-0.066357478499413,0.10356826335192,1
0.13983589410782,0.12402985244989,0.032221801578999,1
0.0084934234619141,-0.15623383969069,-0.048675194382668,1
-0.023120045661926,-0.22824854403734,-0.073158651590347,1
0.21175855398178,-0.20178712159395,0.045272313058376,1
0.11190259456635,0.22098740190268,0.13615564256907,1
0.062519133090973,0.063208721578121,0.0017751231789589,1
0.033461511135101,-0.16328572481871,0.031803466379642,1
-0.1330326795578,-0.042218074202538,-0.044750295579433,1
-0.053928375244141,-0.0073415338993073,0.01483029872179,1
0.16167920827866,-0.14654288440943,0.034670867025852,1
-0.022070407867432,0.088671900331974,0.0063026398420334,1
0.10484808683395,0.16618882864714,-0.022345386445522,1
-0.19735932350159,0.11540623754263,0.13196171075106,1
-0.0677869617939,0.070120118558407,-0.024159140884876,1
-0.21995976567268,0.13095889240503,-0.04360469430685,1
0.10949844121933,-0.26921150833368,0.11054313927889,1
0.082120180130005,-0.19837060570717,0.18970168381929,1
0.11111986637115,0.16632878035307,-0.094815351068974,1
0.020633518695831,-0.23081137984991,-0.016309306025505,1
0.063033163547516,-0.29128444939852,0.064235158264637,1
0.066407263278961,0.085819117724895,-0.056985624134541,1
0.070093035697937,0.12817624956369,0.0042066872119904,1
-0.075133562088013,0.1721810027957,0.1269990131259,1
-0.044300138950348,0.051881097257137,-0.0095979049801826,1
-0.03448075056076,0.24950959533453,-0.075169332325459,1
-0.053491145372391,0.0019121617078781,-0.01402310281992,1
0.028464138507843,0.13434196263552,-0.042389318346977,1
0.053184330463409,-0.1634546071291,-0.027411788702011,1
-0.028308689594269,-0.20665705949068,-0.091519504785538,1
-0.066888809204102,0.18453478068113,0.1155986264348,1
-0.013848662376404,-0.21878349035978,-0.04120758920908,1
-0.18668654561043,0.05469786375761,-0.01885961741209,1
0.064489424228668,-0.27002542465925,-0.024063520133495,1
-0.082825779914856,0.0084804967045784,0.026203073561192,1
-0.081264168024063,-0.012103997170925,0.027009196579456,1
0.13648444414139,-0.17791136354208,0.15618751198053,1
-0.030468881130219,0.051203288137913,0.0038670375943184,1
0.018689751625061,-0.10388687159866,0.0083504244685173,1
-0.10209274291992,-0.16454368084669,-0.0036171227693558,1
0.052884578704834,0.19972633570433,0.0070632100105286,1
-0.099342316389084,-0.059926230460405,-0.015556178987026,1
-0.066841006278992,0.049665071070194,-0.017319284379482,1
-0.15835601091385,-0.11096541956067,0.20068270713091,1
0.056090533733368,0.088203079998493,0.0083137899637222,1
0.10088986158371,0.24079515784979,0.11740390211344,1
-0.23014909029007,-0.071206364780664,0.094780243933201,1
-0.22861468791962,-0.094375374726951,0.0012773796916008,1
-0.20967525243759,0.08006476610899,0.12759967893362,1
-0.11461746692657,-0.17459428310394,0.12563831359148,1
-0.20509865880013,0.12284841388464,-0.013693012297153,1
-0.1010804772377,0.00092409551143646,-0.045204803347588,1
0.0010710954666138,0.20656432956457,0.003706581890583,1
0.078277349472046,0.23829414695501,-0.037684105336666,1
-0.045115172863007,-0.26398061960936,-0.055130049586296,1
0.077016234397888,0.20727067440748,0.14430696517229,1
0.13704603910446,-0.18100719153881,-0.085652150213718,1
0.016459107398987,-0.077434228733182,-0.0044872239232063,1
-0.064695715904236,-0.14239672198892,-0.065414391458035,1
-0.15479892492294,0.11800026148558,0.13598639518023,1
-0.013460159301758,0.23554673045874,0.15232513099909,1
0.016331434249878,0.095967091619968,-0.023095563054085,1
0.042068600654602,0.19977220147848,0.091437198221684,1
-0.071097791194916,0.25168358534575,0.1296156719327,1
0.041412174701691,0.13755322247744,-0.08254037797451,1
0.065195262432098,-0.26889810711145,0.12878412753344,1
0.14804148674011,-0.20991849899292,0.044006295502186,1
-0.092457592487335,0.035199888050556,-0.054651170969009,1
-0.14315190911293,-0.13654948398471,0.1814447119832,1
0.065998554229736,0.1350895985961,-0.077250674366951,1
-0.048717558383942,0.12247807532549,-0.043151386082172,1
-0.10685989260674,-0.054276209324598,-0.029661357402802,1
0.02441018819809,0.14934816211462,-0.025484204292297,1
-0.033874571323395,0.0022837370634079,-0.0023140236735344,1
-0.011986672878265,-0.075592806562781,0.0044614747166634,1
-0.11795216798782,-0.065002422779799,0.020623244345188,1
-0.08421790599823,0.18075575679541,0.18423996120691,1
-0.084047347307205,-0.24213933199644,0.029917515814304,1
-0.052203476428986,0.18294458836317,-0.013519108295441,1
0.061724722385406,-0.27215180546045,0.018200896680355,1
-0.1166367828846,0.086743496358395,0.040390320122242,1
0.071156919002533,-0.067990317940712,-0.031891517341137,1
0.1684884428978,-0.16828846186399,0.057054989039898,1
-0.20780411362648,0.012088932096958,-0.05868723243475,1
-0.017494082450867,0.082113705575466,-0.040631949901581,1
0.15314358472824,-0.2618405893445,-0.0073122531175613,1
-0.062240332365036,-0.0034865289926529,-0.0032177045941353,1
0.14685720205307,-0.21292509138584,0.1646469309926,1
-0.047003328800201,0.072837986052036,0.02097000926733,1
-0.20134744048119,0.15894400328398,-0.050347112119198,1
0.032489836215973,-0.17182689905167,-0.046709463000298,1
-0.046012163162231,-0.18853196501732,0.06934067606926,1
0.14461624622345,0.16250573843718,0.12030874937773,1
0.04275518655777,-0.20876816660166,0.0076304972171783,1
-0.071315377950668,-0.17300486564636,-0.072209283709526,1
0.031098604202271,0.10322188585997,-0.016715116798878,1
-0.13602912425995,0.20937382429838,0.076507903635502,1
0.066047310829163,-0.16995080560446,-0.013297371566296,1
-0.0075342059135437,-0.16599813848734,-0.069686412811279,1
-0.0006403923034668,-0.21863636374474,0.049650795757771,1
-0.024463653564453,0.080887250602245,-0.043603040277958,1
-0.054778397083282,0.057190395891666,0.013646937906742,1
0.088156044483185,-0.095748151652515,-0.029033608734608,1
0.12265509366989,-0.1028002104722,-0.017768926918507,1
0.029534578323364,-0.093509584199637,0.0073565989732742,1
-0.055260330438614,0.079266868531704,0.012586526572704,1
-0.0080705881118774,0.18274622410536,-0.018668226897717,1
-0.094635605812073,0.11238928884268,0.019869528710842,1
-0.17983049154282,-0.11328716017306,0.039816580712795,1
0.1736313700676,0.23600005358458,-0.0051757469773293,1
-0.10792621970177,0.032178305089474,-0.073694214224815,1
0.10034787654877,-0.23050948232412,0.085366405546665,1
-0.059545278549194,-0.13828207924962,-0.050516434013844,1
-0.086662799119949,0.19099958986044,0.18088486045599,1
-0.032286524772644,-0.095868422649801,-0.056555666029453,1
-0.10099214315414,0.23205407708883,-0.032054163515568,0
0.092136800289154,0.1371830329299,-0.047606445848942,1
0.16958910226822,-0.21336691081524,0.13555166870356,1
-0.1691911816597,-0.055100757628679,0.011075057089329,1
-0.19813877344131,0.025605954229832,0.12044153362513,1
-0.098637670278549,-0.13598046079278,-0.10071610659361,1
0.11680954694748,0.16811623424292,0.066356010735035,1
-0.097855985164642,0.11345935612917,0.039175383746624,1
0.20934069156647,-0.21350423246622,0.031467251479626,1
-0.19466066360474,-0.041307136416435,0.1201476380229,1
-0.18825501203537,0.022135764360428,0.00080976635217667,1
-0.062437683343887,0.21738665550947,-0.075423717498779,1
-0.0013072490692139,-0.2480461075902,-0.019662894308567,1
0.044826149940491,-0.2178051546216,-0.047655761241913,1
-0.18203014135361,0.16679551452398,0.11693394929171,1
-0.054063081741333,0.036731086671352,0.0087404027581215,1
-0.098711133003235,0.031043820083141,-0.037925079464912,1
-0.060549855232239,0.11564850062132,0.023943923413754,1
0.061313509941101,0.25302093476057,0.07353488355875,1
-0.061709463596344,0.025833390653133,-0.048114396631718,1
0.013720571994781,-0.14367448538542,-0.081576779484749,1
-0.1035088300705,0.11395784467459,-0.093645133078098,1
-0.08469346165657,-0.039302702993155,-0.0005696639418602,1
0.05518239736557,-0.092943813186139,-0.037991121411324,1
0.00076240301132202,-0.058402016758919,-0.017898887395859,1
0.037788093090057,0.24711196869612,0.15611732751131,1
-0.039272308349609,-0.070654913783073,0.0080071315169334,1
0.16228061914444,0.18317779153585,0.040421009063721,1
-0.091368675231934,0.049848161637783,0.014165244996548,1
-0.077317833900452,0.012295916676521,-0.0068210437893867,1
0.0742147564888,-0.23299039155245,-0.013454638421535,1
-0.13734483718872,0.13485396653414,-0.079103969037533,1
-0.1256251335144,0.093859829008579,-0.044599749147892,1
0.066050112247467,0.1658313497901,0.057768672704697,1
-0.19797280430794,-0.05209269374609,0.066615663468838,1
-0.20802491903305,0.13729716092348,-0.041147373616695,1
-0.03320837020874,0.080564610660076,-0.065422676503658,1
0.092771172523499,-0.21525333076715,-0.047178007662296,1
0.16374462842941,-0.23958862572908,0.058669790625572,1
-0.023757755756378,-0.10103378572967,0.026088155806065,1
0.067303478717804,0.07454102486372,-0.0083793848752975,1
0.029392182826996,0.26333861798048,0.024112142622471,1
0.14106041193008,0.2277417704463,-0.086037673056126,1
-0.012953221797943,0.2201988324523,0.099029220640659,1
-0.057035028934479,-0.077770046889782,-0.025132812559605,1
-0.075837165117264,-0.21329761296511,0.13721037656069,1
-0.14703011512756,-0.15548513829708,0.1515202447772,1
0.091697871685028,0.19919856637716,0.12156603485346,1
-0.21718162298203,-0.005260743200779,-0.035182312130928,1
-0.16705766320229,-0.074039924889803,0.069669924676418,1
-0.011866986751556,-0.093249347992241,0.024281695485115,1
-0.054169446229935,-0.15293879434466,0.023494407534599,1
-0.0046228170394897,0.11475028842688,-0.02282951772213,1
0.066502332687378,-0.11038235016167,-0.048834532499313,1
-0.023621082305908,-0.16900509595871,-0.035175524652004,1
0.022227644920349,-0.22850631922483,-0.097015667706728,1
-0.11323109269142,0.15335341542959,0.18482614308596,1
-0.079439580440521,-0.020972244441509,-0.0097607001662254,1
0.038592159748077,-0.22543855756521,-0.021955564618111,1
-0.067468792200089,0.16349639743567,-0.052962355315685,1
0.067008376121521,-0.053334053605795,0.0020257607102394,1
0.041644632816315,-0.23936171084642,0.023695699870586,1
-0.12955877184868,0.16393025964499,0.02900018543005,1
0.051044523715973,-0.065538313239813,-0.031932882964611,1
-0.16833764314651,0.080263428390026,-0.070156469941139,1
-0.069638699293137,-0.12130828201771,-0.0036801174283028,1
-0.037177920341492,0.26771815866232,0.058168433606625,1
-0.051408559083939,-0.18253180384636,0.039181508123875,1
0.045575141906738,0.17102598398924,-0.061989888548851,1
0.029688954353333,0.12305869907141,-0.077419936656952,1
-0.23144632577896,-0.12987700849771,0.082588501274586,1
-0.13132452964783,-0.061618406325579,-0.015963830053806,1
0.091265201568604,0.21720772236586,-0.06140810996294,1
0.029984533786774,-0.22858823090792,-0.097015216946602,1
0.038580656051636,0.20480831712484,0.17163031548262,1
0.02245169878006,-0.14521488174796,-0.051743388175964,1
0.0097413659095764,0.065364353358746,-0.018069677054882,1
0.038424015045166,0.2163772508502,-0.084327150136232,1
-0.1164802312851,-0.044189188629389,-0.082665309309959,1
-0.034465134143829,-0.052704881876707,0.0087415799498558,1
-0.04072779417038,0.17533805221319,-0.063928358256817,1
-0.12102091312408,-0.17069046199322,0.15538642555475,1
-0.15546536445618,0.082379348576069,0.10227064043283,1
-0.12024918198586,0.13818200677633,0.20843610912561,1
-0.037326395511627,0.26188053935766,0.092994801700115,1
0.064151108264923,-0.11823257803917,-0.014492265880108,1
0.0059896111488342,-0.066511891782284,-0.021070055663586,1
-0.077920407056808,-0.17684342712164,-0.083560585975647,1
-0.038789689540863,0.069405220448971,-0.059134811162949,1
0.10036784410477,-0.24501077085733,0.095090873539448,1
0.0028319954872131,-0.2249047383666,-0.060838341712952,1
-0.071500688791275,-0.19668594747782,-0.051328673958778,1
0.15458673238754,0.14261587709188,-0.036635063588619,1
-0.020827770233154,-0.1513391956687,-0.031754843890667,1
0.039341986179352,0.12307263165712,0.0044814348220825,1
-0.0060043931007385,0.17398380488157,0.004938431084156,1
0.10646468400955,0.13192134350538,-0.059828497469425,1
-0.26154562830925,0.018632173538208,0.050752408802509,1
0.014247000217438,0.2327957674861,-0.049578115344048,1
0.057295203208923,0.25795473903418,0.076720304787159,1
-0.21301472187042,-0.092471818439662,0.098609916865826,1
-0.16535726189613,0.16914036124945,-0.070799238979816,1
-0.046773374080658,0.01711917668581,-0.015835426747799,1
-0.014903008937836,0.1007881835103,0.0066808983683586,1
-0.010657131671906,-0.20006661862135,0.043585829436779,1
0.036646783351898,0.12840507179499,-0.043961815536022,1
-0.049983024597168,-0.036142967641354,-0.0044388696551323,1
-0.0092152953147888,-0.085467328317463,0.012157678604126,1
0.15210670232773,0.18778901547194,-0.059738546609879,1
0.055552005767822,0.078204043209553,0.010487154126167,1
-0.071298032999039,0.1871240362525,0.053767628967762,1
0.063496112823486,0.20826353877783,0.11865452677011,1
0.062662243843079,0.1267094835639,-0.011934138834476,1
-0.034341394901276,0.048097409307957,0.0058181956410408,1
-0.1250416636467,0.066524408757687,0.0054343268275261,1
-0.21978661417961,-0.1264329329133,0.052590914070606,1
-0.11500498652458,-0.080130124464631,0.050539694726467,1
0.017530500888824,0.22144808620214,0.067227721214294,1
0.01077127456665,-0.14971186220646,-0.014246009290218,1
0.044403553009033,-0.2116531431675,0.081190265715122,1
-0.042079031467438,-0.23445666581392,0.077454395592213,1
-0.072594881057739,-0.014773823320866,0.0022842064499855,1
-0.097742527723312,-0.23202423006296,0.034839108586311,1
-0.033874869346619,-0.029583275318146,-0.024295799434185,1
-0.10743263363838,0.18627258390188,-0.080784313380718,0
-0.085373878479004,0.085242621600628,-0.08540790528059,1
-0.061494022607803,0.081108726561069,0.025739036500454,1
0.025018751621246,-0.26248862594366,0.12298429757357,1
-0.16886532306671,0.16795708984137,-0.079603411257267,1
0.21395641565323,-0.20008824765682,0.029638104140759,1
-0.14276632666588,-0.034386835992336,-0.052075788378716,1
-0.14246827363968,0.1534201130271,-0.042585529386997,1
-0.087571889162064,0.076060526072979,0.041413255035877,1
0.061098039150238,0.24919106811285,0.053492814302444,1
-0.036251246929169,0.072065524756908,-0.028298400342464,1
-0.03866446018219,0.10434310883284,-0.03211186081171,1
-0.1590863764286,0.15944912284613,-0.00080018490552902,1
-0.020245373249054,0.25775786489248,-0.013883344829082,1
0.11688208580017,0.18289118260145,0.19838044792414,1
-0.14857050776482,-0.20048020035028,0.014244981110096,1
-0.15731474757195,0.13253400474787,-0.067900843918324,1
0.011095464229584,0.16970541328192,-0.09600929543376,1
-0.052077740430832,-0.026926800608635,-0.02759113162756,1
0.14623719453812,-0.19442097842693,0.11458075791597,1
0.18274611234665,-0.1964194253087,0.029556564986706,1
0.052541494369507,0.21041055768728,-0.015008583664894,1
-0.1285001039505,-0.013647496700287,0.007851205766201,1
0.098675906658173,0.17803987115622,0.032971955835819,1
-0.036855578422546,-0.078425383195281,-0.017967097461224,1
-0.1278862953186,-0.10520002152771,0.022008188068867,1
-0.048095226287842,0.055456839501858,0.0078344270586967,1
-0.13331463932991,0.10129285603762,0.033831648528576,1
0.084858953952789,-0.13734145835042,0.0019972994923592,1
0.12140065431595,-0.21036622673273,-0.07962729036808,1
0.040568053722382,-0.064343083649874,-0.014585755765438,1
-0.031234443187714,-0.059132128953934,-0.0045078173279762,1
0.02023720741272,-0.17997209727764,-0.015271425247192,1
-0.095036655664444,0.0038202404975891,-0.074391394853592,1
0.10148769617081,0.13910009711981,-0.032256223261356,1
-0.21114772558212,0.10765775293112,-0.011791341006756,1
0.18551993370056,-0.24309638887644,0.008941613137722,1
-0.0079026818275452,0.21205475181341,0.092841528356075,1
0.082774341106415,0.081983737647533,0.0069753676652908,1
-0.056607246398926,-0.2100482955575,0.068907625973225,1
-0.0080328583717346,-0.26215500384569,0.068687066435814,1
-0.13295671343803,0.17398371547461,0.065626688301563,1
0.10738056898117,-0.25965853780508,-0.065763019025326,1
0.064568758010864,0.076645694673061,-0.05034439265728,1
0.073580324649811,0.12136258929968,-0.034118212759495,1
0.093096792697906,0.23820122331381,0.15267611294985,1
-0.14599657058716,-0.041253548115492,-0.0013253912329674,1
0.019708395004272,0.073867864906788,-0.037970848381519,1
0.04892498254776,-0.15458384156227,-0.049968659877777,1
-0.0024722814559937,-0.14393916726112,-0.087596394121647,1
-0.04285728931427,0.057548351585865,-0.00024477392435074,1
-0.13717567920685,0.0088809058070183,0.031293384730816,1
0.094675898551941,-0.11631150729954,0.017488501966,1
-0.12581890821457,-0.039790451526642,-0.075264289975166,1
-0.15948992967606,0.1114249303937,-0.017781935632229,1
-0.13129758834839,-0.071937343105674,0.059363819658756,1
0.10778248310089,-0.19478285312653,0.206218726933,1
0.033510029315948,0.069623477756977,-0.024527877569199,1
0.064785301685333,0.24431955069304,-0.050512559711933,1
0.14194679260254,-0.26992893964052,0.060971356928349,1
0.098135411739349,0.1278672888875,-0.0879867374897,1
-0.10509505867958,-0.057073101401329,-0.042518988251686,1
-0.25016447901726,0.01212365925312,0.11034718900919,1
0.065014064311981,-0.089449059218168,-0.048652544617653,1
-0.063977658748627,-0.0034760013222694,0.0044237151741982,1
-0.009551465511322,0.065079234540462,-0.012673981487751,1
-0.060696333646774,-0.21873959153891,0.034700281918049,1
0.0051891803741455,0.23890446871519,-0.0046720579266548,1
0.1656299829483,0.15723510831594,-0.060175038874149,1
-0.24912187457085,0.052948050200939,0.010064579546452,1
-0.076512098312378,0.17991661280394,0.15694905072451,1
-0.073050498962402,-0.2613465115428,0.11689341813326,1
-0.050144255161285,0.053386367857456,0.01585441082716,1
-0.070491284132004,0.12287444621325,-0.03999649733305,1
0.013594925403595,0.29150616377592,0.066214710474014,1
0.049175798892975,0.067810378968716,-0.025769948959351,1
-0.015018463134766,0.088809080421925,-0.063354194164276,1
-0.025958776473999,-0.074532030150294,-0.031605638563633,1
-0.079966187477112,0.24319442361593,0.0947340503335,1
-0.035302400588989,-0.066560689359903,-0.0090275928378105,1
-0.07658526301384,-0.080246847122908,-0.042284421622753,1
0.13322561979294,-0.16145016998053,-0.038098461925983,1
0.031485974788666,0.27745031565428,0.11494470387697,1
-0.073136866092682,-0.057531531900167,-0.053534656763077,1
0.021206676959991,-0.25798168033361,-0.036530092358589,1
-0.10724011063576,-0.117830934003,-0.0040714517235756,1
-0.091644585132599,0.1957368478179,0.11154586821795,1
0.096235930919647,-0.2335237339139,0.0063085108995438,1
0.13528335094452,0.18377365916967,0.19584477692842,1
0.14817082881927,-0.1522286310792,-0.029644541442394,1
-0.0382040143013,0.13187701255083,0.021266043186188,1
-0.053507447242737,-0.18549551069736,-0.083179667592049,1
0.12344533205032,-0.15505809336901,0.039783738553524,1
-0.077865689992905,-0.16500154882669,0.059386350214481,1
-0.13835090398788,-0.18401728570461,-0.044996418058872,1
-0.17149874567986,-0.11275559104979,0.16921921819448,1
0.1560805439949,-0.18685353547335,-0.034196920692921,1
0.071150481700897,-0.25199361890554,0.11357080191374,1
-0.14908295869827,-0.11865648068488,0.083937399089336,1
-0.022035658359528,-0.28665605932474,0.029143534600735,1
0.083894193172455,-0.24813295155764,-0.032806679606438,1
-0.10275974869728,0.21631657332182,0.056312128901482,1
-0.2087094783783,0.10874982923269,0.0084693357348442,1
-0.0079423189163208,-0.072670036926866,-0.027514174580574,1
0.056272983551025,0.080585412681103,-0.028164565563202,1
-0.064660042524338,-0.21073605120182,0.091847531497478,1
-0.007254958152771,-0.088027088902891,-0.0040952041745186,1
-0.039544999599457,0.024091929197311,-0.00045507401227951,1
0.14136123657227,-0.18752779066563,-0.058903507888317,1
0.030604302883148,-0.25117895752192,0.064409203827381,1
-0.014085590839386,-0.042274843901396,-0.00543362647295,1
0.20583266019821,0.19365435093641,0.077458225190639,1
-0.051284313201904,0.084029577672482,0.015995003283024,1
0.088933289051056,-0.076616739854217,0.0068056806921959,1
0.12723565101624,0.12125539034605,-0.0070274993777275,1
-0.15915554761887,-0.17863165587187,0.0018881484866142,1
0.13402628898621,0.12417266517878,0.063751578330994,1
0.19328397512436,-0.20114599913359,0.036995254456997,1
0.039716899394989,0.12184160202742,0.016038410365582,1
-0.074590235948563,0.12377738207579,0.031795017421246,1
-0.077071160078049,0.21974062174559,0.093035764992237,1
0.0038210153579712,-0.18006172031164,0.065235532820225,1
0.17914211750031,0.18015163391829,0.0039140805602074,1
-0.0054686069488525,0.079457946121693,0.0046917647123337,1
-0.17326846718788,0.16585981100798,0.10093260556459,1
0.029829859733582,0.13298826664686,0.028048641979694,1
-0.068847805261612,0.20816155523062,-0.079790748655796,1
0.079250037670135,0.264119528234,0.050325490534306,1
-0.052734971046448,0.070493765175343,-0.036464042961597,1
-0.090898960828781,-0.080425219610333,-0.065867282450199,1
-0.0092036128044128,-0.098409575759433,-0.0065894201397896,1
0.060173332691193,-0.12811210379004,-0.041603110730648,1
-0.1619785130024,-0.19645427167416,-0.066863127052784,1
-0.18620625138283,-0.046285465359688,0.029257975518703,1
-0.092299610376358,-0.24537584930658,0.099027432501316,1
0.020930647850037,-0.26981028169394,3.0167400836945e-05,1
-0.13921296596527,0.015924960374832,-0.0054274871945381,1
-0.17420455813408,-0.025328040122986,0.034273467957973,1
-0.20146599411964,-0.10356810875237,0.068435661494732,1
-0.09451287984848,-0.15021975710988,0.22330913692713,1
0.061922132968903,0.046167902648449,-0.0015893131494522,1
-0.17953372001648,0.015106149017811,0.057510755956173,1
0.0033004283905029,-0.1613120958209,-0.051636293530464,1
-0.057341814041138,0.20341112464666,-0.083030514419079,1
0.057845532894135,-0.092956753447652,-0.053342327475548,1
-0.061886936426163,-0.043191377073526,-0.030454449355602,1
-0.0043997764587402,-0.2301108315587,-0.083913788199425,1
-0.17399454116821,-0.21194674819708,0.070183821022511,1
-0.17706856131554,0.14387462288141,0.022245429456234,1
-0.017321348190308,0.25176336616278,0.083260513842106,1
-0.085473001003265,-0.00091265141963959,-0.00034252554178238,1
0.03505152463913,-0.23344185203314,-0.09395170211792,1
-0.1931494474411,0.085624761879444,-0.091753490269184,1
-0.18925812840462,0.12159556895494,-0.024956226348877,1
-0.025662422180176,-0.034302547574043,-0.0053949579596519,1
0.0077458024024963,0.22437693923712,-0.075308956205845,1
-0.1376796066761,0.22956254333258,0.0057453736662865,1
-0.18711814284325,-0.031911060214043,-0.059935532510281,1
-0.11827710270882,-0.12150740064681,-0.030680261552334,1
0.05387556552887,-0.16710252314806,0.057945869863033,1
-0.14277049899101,0.1230107024312,-0.065542109310627,1
0.095401346683502,-0.19204372912645,-0.0078777596354485,1
0.054906666278839,-0.21729891747236,0.14097852259874,1
-0.090604543685913,0.1259848549962,-0.017097987234592,1
-0.096762180328369,0.053722403943539,0.024540595710278,1
0.14036798477173,0.18418350070715,0.20068449527025,1
0.10227471590042,0.24059694260359,0.13186537474394,1
0.084820449352264,-0.26792717725039,-0.057365484535694,1
0.0083276629447937,0.26014744490385,0.12814969569445,1
0.13389533758163,-0.15783895552158,0.01665460318327,1
-0.14777898788452,0.045358307659626,0.080511249601841,1
-0.017823755741119,0.060429163277149,0.0038184449076653,1
-0.14354661107063,-0.050731718540192,-0.099490694701672,1
0.02543431520462,0.2247551009059,0.049045071005821,1
0.013771176338196,0.095773868262768,0.022537298500538,1
0.11234593391418,0.22439428418875,-0.087491139769554,1
0.020044684410095,-0.22766654938459,0.10246706753969,1
0.080017745494843,0.084450460970402,0.014874689280987,1
0.14209884405136,0.20364459604025,0.16621363908052,1
-0.058169662952423,0.20527978986502,-0.074477322399616,1
-0.15552303195,-0.060532256960869,0.0041326060891151,1
-0.042353689670563,-0.11182173900306,0.034271284937859,1
-0.064050674438477,-0.087862301617861,-0.044792197644711,1
-0.12197774648666,-0.020116567611694,0.0080534890294075,1
0.087010979652405,-0.082883169874549,0.0057318285107613,1
0.17921793460846,0.1886487826705,-0.073428705334663,1
0.13100582361221,0.23277919739485,0.11893499642611,1
-0.00031012296676636,0.22943153232336,0.122383646667,1
-0.050450533628464,-0.14328343048692,0.059509046375751,1
-0.027448117733002,0.065559946000576,-0.048034034669399,1
0.03699254989624,0.16118254512548,0.010400250554085,1
-0.048837542533875,0.0096975341439247,-0.012384869158268,1
0.050932824611664,-0.095962921623141,-0.016837880015373,1
-0.12899053096771,0.088096208870411,-0.05301520973444,1
0.16725260019302,0.18109896034002,-0.061044357717037,1
0.071647107601166,0.089992038905621,-0.045255661010742,1
-0.25292590260506,-0.01295006275177,-0.0084686651825905,1
-0.2019407749176,-0.099431303562596,0.0031400099396706,1
0.12000328302383,0.25031577795744,0.11507353931665,1
-0.17303475737572,0.069066353142262,0.0055429264903069,1
0.059724748134613,-0.23676327615976,0.17661768943071,1
-0.090951651334763,0.03911667317152,0.032444201409817,1
-0.055707722902298,-0.18196332454681,-0.024363972246647,1
-0.22303658723831,0.12736704200506,0.055365063250065,1
-0.069757878780365,0.024325750768185,0.010303787887096,1
-0.17812764644623,-0.067979171872139,0.082321681082249,1
-0.14235264062881,-0.19225922226906,0.07742915302515,1
-0.045423805713654,0.055943496525288,0.0067281797528267,1
0.084058880805969,0.18041177839041,-0.09325947239995,1
-0.10027295351028,0.0035396739840508,0.0033877417445183,1
-0.19663238525391,0.00089072436094284,0.19962317496538,1
-0.13522496819496,0.056608773767948,0.00015077739953995,1
0.073390662670135,0.11450659483671,0.026228569447994,1
-0.017815113067627,0.17951443046331,0.0485854819417,1
0.074255883693695,0.21072938293219,0.032158322632313,1
-0.029685497283936,-0.06144143640995,-0.033708073198795,1
-0.0024835467338562,-0.19516633450985,0.1159677579999,1
-0.071653038263321,-0.0021559447050095,-0.038522399961948,1
-0.095092207193375,0.17500811070204,0.072524957358837,1
-0.098568230867386,-0.098227329552174,0.053895823657513,1
-0.18844258785248,0.16341050714254,-0.0232939645648,1
-0.067659556865692,0.075529463589191,-0.02082908898592,1
0.076480388641357,0.089987628161907,0.0039917975664139,1
0.13244104385376,0.18925353139639,0.12207815796137,1
0.082583129405975,-0.071564583107829,0.021019332110882,1
-0.059181869029999,0.12272595614195,-0.079060070216656,1
-0.16500625014305,0.12729164212942,0.06715551763773,1
-0.19626513123512,-0.037233501672745,-0.0067517086863518,1
-0.0665063560009,0.06979950517416,0.007924996316433,1
-0.21154987812042,0.053117908537388,-0.080147221684456,1
0.032659232616425,0.18505864590406,-0.058356322348118,1
-0.043622672557831,0.088769786059856,-0.017347075045109,1
-0.091202765703201,-0.13946650549769,-0.036716997623444,1
-0.13384228944778,0.14628798514605,0.10367865115404,1
0.09995824098587,0.09069149941206,-0.07397123426199,1
-0.17436829209328,-0.093972693197429,0.10665801912546,1
0.16907513141632,-0.19528966397047,0.064457945525646,1
-0.15920680761337,0.097784794867039,0.16930771619081,1
-0.1759817302227,0.020125143229961,-0.098017942160368,1
-0.056727290153503,-0.063820265233517,0.014369390904903,1
0.069037973880768,-0.049982119351625,0.00015848129987717,1
0.0071644186973572,-0.092368881683797,0.020770758390427,1
-0.020149528980255,-0.051122650504112,-0.0061096772551537,1
0.079017877578735,0.10822244733572,0.030596606433392,1
-0.03519880771637,0.18352367728949,0.095121555030346,1
-0.045386075973511,0.0095309093594551,-0.031696461141109,1
0.0042665600776672,-0.26561639457941,0.0088495835661888,1
-0.082006245851517,-0.12378600239754,-0.038508482277393,1
-0.22885721921921,0.10345204919577,0.036764986813068,1
0.081817924976349,0.074108548462391,-0.019402146339417,1
0.035083591938019,0.10905677825212,-0.023182578384876,1
-0.15857729315758,-0.13718784227967,0.015712343156338,1
-0.053217440843582,-0.17970658838749,0.1122432872653,1
0.028960645198822,-0.070579592138529,0.00075732916593552,1
0.023003160953522,0.23524089902639,0.13627187162638,1
-0.1259748339653,0.1318755671382,-0.079101286828518,1
0.14641577005386,0.16505595296621,-0.0065000802278519,1
-0.026485025882721,0.12189985066652,-0.048298738896847,1
0.096021234989166,0.18813293427229,0.0347800552845,1
0.18484443426132,-0.2095215395093,-0.0060290172696114,1
0.097273886203766,-0.10765026509762,0.016724936664104,1
0.16822689771652,-0.17433689534664,0.032667674124241,1
-0.16992527246475,0.038686774671078,-0.069717817008495,1
0.042046368122101,0.21079786866903,0.14341830462217,1
0.050209701061249,0.2632257565856,0.08116053789854,1
-0.060142815113068,0.21874060481787,-0.049189113080502,1
-0.05132532119751,0.035918019711971,0.0027710422873497,1
0.093234837055206,-0.26968326419592,0.015809036791325,1
-0.040567934513092,0.23370679467916,0.072020895779133,1
-0.026957988739014,0.20334532111883,0.145223505795,1
0.02643096446991,0.086879707872868,0.00056730955839157,1
-0.17382735013962,0.075409911572933,0.20706192404032,1
0.061856210231781,0.1022699996829,0.023312754929066,1
-0.12848377227783,0.12264997512102,-0.021739847958088,1
0.096173942089081,-0.099967207759619,0.012689314782619,1
0.15551120042801,-0.19150220602751,-0.079286269843578,1
-0.06844499707222,-0.19492135196924,0.1576812043786,1
0.0058984160423279,0.130336843431,-0.00064531713724136,1
-0.15997165441513,0.17239215224981,0.11138669401407,1
-0.008036196231842,0.13605489581823,-0.0093552842736244,1
0.10597604513168,0.17358290404081,-0.085482321679592,1
0.079602837562561,-0.22826639562845,-0.051128380000591,1
0.16085094213486,-0.19740887731314,0.085879273712635,1
-0.15612226724625,0.002062126994133,-0.060993202030659,1
-0.1776174902916,-0.1147096902132,-0.040106266736984,1
-0.034787356853485,0.086746357381344,-0.021649353206158,1
0.13824892044067,0.21038862317801,0.15798003226519,1
-0.077648907899857,0.17242264002562,0.057039625942707,1
0.018580436706543,0.066121898591518,-0.00059967488050461,1
0.087080597877502,-0.21319705247879,0.0052338466048241,1
0.084502458572388,0.23919545859098,0.097574211657047,1
0.066173434257507,0.13351256400347,0.014319382607937,1
-0.018602311611176,0.2520574554801,-0.0031686052680016,1
0.015618920326233,-0.085341743193567,0.0031270310282707,1
-0.048017561435699,-0.21458245068789,-0.083921059966087,1
0.013184130191803,-0.093907459173352,-0.031021423637867,1
-0.16344344615936,-0.090906651690602,0.1290270909667,1
-0.015798270702362,0.19519098848104,-0.03279722481966,1
-0.099707692861557,-0.23288775235415,-0.041632130742073,1
-0.0793217420578,-0.10241470998153,-0.0046087726950645,1
-0.093685150146484,0.085707180202007,-0.025023020803928,1
-0.036424100399017,-0.070626022294164,0.0086933895945549,1
0.12001258134842,0.20611863583326,0.061937339603901,1
0.040113687515259,0.16555582731962,-0.068125903606415,1
-0.25109007954597,0.034162200987339,0.11526114493608,1
0.13187175989151,0.20127605646849,-0.014014512300491,1
-0.0035718083381653,0.11568205803633,-0.010426469147205,1
-0.21456480026245,0.090737245976925,0.091553591191769,1
0.14875286817551,-0.15111841261387,-0.022537179291248,1
0.096309244632721,-0.25292704254389,0.14532636851072,1
0.06375640630722,-0.20313898473978,0.015576787292957,1
-0.14920037984848,0.11704162508249,0.090399466454983,1
-0.082102417945862,0.22205337136984,0.17156011611223,1
-0.070216923952103,-0.00076399743556976,0.011450760066509,1
-0.26405575871468,-0.0098349377512932,0.053701363503933,1
-0.18526977300644,-0.19174383580685,-0.038424618542194,1
0.056561291217804,-0.2369733825326,-0.057650461792946,1
-0.15553998947144,0.15894600003958,-0.048817060887814,1
-0.099023878574371,0.0047574266791344,-0.060185916721821,1
0.047920525074005,-0.10090073104948,0.019204385578632,1
0.14239126443863,0.1376309171319,-0.059976123273373,1
-0.19459003210068,0.11248875409365,0.15924044698477,1
0.017371356487274,-0.21043358743191,0.015237219631672,1
-0.03102433681488,0.26022686809301,0.034418888390064,1
-0.15504479408264,0.09896145015955,0.1591322645545,1
0.11606234312057,-0.094178399536759,-0.058834470808506,1
-0.025820732116699,0.10181637853384,-0.04404903948307,1
0.012625515460968,-0.16665806621313,-0.065450146794319,1
-0.0095199346542358,-0.21763531863689,0.049061700701714,1
0.2265220284462,-0.21104826033115,-0.0095644369721413,1
0.056545794010162,0.085954375565052,-0.028499282896519,1
0.0059465169906616,0.083579458296299,-0.039901919662952,1
-0.080836087465286,0.033641092479229,0.0061987116932869,1
0.034834444522858,0.2715582177043,-0.013945922255516,1
-0.070783764123917,0.049669839441776,0.025495909154415,1
-0.107466340065,0.036121912300587,-0.0047186687588692,1
-0.034407675266266,-0.19074895977974,-0.080985240638256,1
-0.031817615032196,0.026482813060284,-0.013063110411167,1
-0.16642740368843,-0.12786884792149,0.18163692206144,1
-0.098858058452606,-0.053567066788673,-0.02780844271183,1
-0.14529180526733,0.11804970353842,-0.027423806488514,1
-0.14380913972855,0.20102458447218,0.021963633596897,1
-0.13165676593781,-0.1213395819068,-0.056567035615444,1
-0.091282337903976,-0.21789982914925,-0.059818834066391,1
-0.15455853939056,-0.1313977651298,0.15882761031389,1
-0.20089542865753,0.0025053918361664,-0.088975436985493,1
-0.0025222897529602,-0.24986287206411,0.06038174778223,1
0.15805792808533,0.13855994492769,0.049437440931797,1
0.12174969911575,-0.1909656226635,0.063348434865475,1
-0.079095304012299,-0.12804379500449,-0.012058928608894,1
-0.17760252952576,-0.13497150316834,-0.0523836389184,1
0.19270759820938,-0.17159059643745,-0.075853936374187,1
0.09708845615387,0.087949268519878,-0.037673860788345,1
-0.087601751089096,-0.095077332574874,0.040942423045635,1
0.058035254478455,-0.21334125101566,0.19335327297449,1
0.079440832138062,0.21968277543783,0.09029371291399,1
-0.067850798368454,0.22880228608847,0.04995172470808,1
0.10147625207901,-0.078502785414457,0.026669152081013,1
-0.080206751823425,0.11170626431704,-0.00086957961320877,1
0.054878354072571,0.2806935235858,0.04922603815794,1
0.15096306800842,-0.1425094678998,0.015951238572598,1
-0.13524061441422,-0.19351787865162,0.14702165871859,1
-0.05987474322319,-0.16567981243134,-0.093011133372784,1
0.028305649757385,-0.054346475750208,0.0035438016057014,1
0.03573077917099,0.21237405389547,-0.050170563161373,1
-0.15443989634514,0.062379322946072,0.099887184798717,1
-0.11702913045883,-0.039728205651045,0.0082141682505608,1
-0.17710801959038,0.10982998460531,-0.01341200619936,1
0.11277431249619,0.089885555207729,-0.024637915194035,1
-0.0032125115394592,-0.091411067172885,-0.029889844357967,1
0.20750147104263,-0.21173702180386,-0.016814716160297,1
-0.1717015504837,0.099167473614216,0.0001998171210289,1
-0.15952879190445,-0.1298742108047,0.13368611782789,1
-0.063022702932358,0.0017261505126953,-0.012338705360889,1
0.08821302652359,-0.13113962858915,0.0072693079710007,1
0.12481552362442,0.24397789686918,0.14407107979059,1
-0.10369315743446,-0.0052031800150871,-0.044254973530769,1
-0.23453715443611,-0.038274403661489,0.13763598352671,1
-0.077516257762909,-0.040258765220642,-0.038334406912327,1
-0.073717832565308,-0.18884295225143,0.021227046847343,1
0.017171561717987,0.085936821997166,-0.050536625087261,1
-0.22436115145683,-0.036561392247677,0.044088877737522,1
-0.16706743836403,-0.036489114165306,0.053055204451084,1
-0.15905731916428,0.15241589397192,0.1756764575839,1
0.010013699531555,0.12991171330214,-0.060010939836502,1
0.00084823369979858,0.12660589069128,0.015078984200954,1
-0.23315498232841,-0.089887442067266,-0.013829089701176,1
0.069716811180115,-0.18174878507853,0.048833236098289,1
-0.19423961639404,0.026758767664433,0.091561757028103,1
-0.060867846012115,-0.09665614971891,-0.069995544850826,1
0.12385964393616,0.18711467832327,-0.031157933175564,1
-0.080779880285263,-0.057658113539219,-0.0075410380959511,1
-0.07432821393013,-0.079056609421968,0.019788943231106,1
-0.19460779428482,-0.012771055102348,0.067279852926731,1
-0.17199778556824,0.017318092286587,0.006529875099659,1
0.074047386646271,-0.11271307244897,0.0085227862000465,1
-0.13649773597717,-0.064535826444626,0.013314612209797,1
0.15473365783691,0.16650225967169,0.10164868086576,1
-0.025865137577057,-0.060944464057684,0.0027235522866249,1
-0.1439762711525,0.012168720364571,-0.045158490538597,1
-0.02618545293808,-0.096238361671567,-0.073402442038059,1
0.1618657708168,0.17453553527594,0.010664343833923,1
0.11480623483658,-0.10426427051425,-0.02269072085619,1
0.020470380783081,0.17077123373747,-0.062169827520847,1
-0.056843757629395,0.035605005919933,-0.0079576149582863,1
0.13846850395203,0.20482026785612,-0.078246727585793,1
-0.16878780722618,-0.027800731360912,0.033345244824886,1
0.19769418239594,-0.18499142676592,-0.022601239383221,1
-0.070451706647873,-0.22399801015854,-0.054711721837521,1
0.022633016109467,-0.19845247268677,0.21931830793619,1
0.059606194496155,-0.088131709955633,-0.01047895103693,1
0.10614681243896,-0.18647617846727,0.018822640180588,1
-0.10554912686348,-0.1796333193779,0.19710386544466,1
0.079303026199341,-0.12586906179786,-0.0032806918025017,1
-0.10339364409447,0.086758442223072,-0.028933964669704,1
-0.055926978588104,-0.13227526843548,-0.025930762290955,1
-0.21569550037384,0.011529192328453,0.13640952855349,1
-0.073252946138382,-0.073184229433537,0.032606519758701,1
-0.057799607515335,0.084374167025089,0.0080514177680016,1
-0.20403075218201,-0.016692601144314,0.16511110216379,1
-0.17071866989136,-0.055806312710047,0.16325964778662,1
-0.083208799362183,0.03348595649004,0.024791486561298,1
-0.1496347784996,-0.040426075458527,-0.071560084819794,1
-0.18803530931473,-0.13699533045292,0.06661831587553,1
-0.084649264812469,-0.058774411678314,-0.050673499703407,1
-0.064794272184372,-0.1453544460237,0.038040712475777,1
-0.14250472187996,-0.10506683401763,0.0019754096865654,1
-0.063970357179642,0.10961053520441,-0.052937306463718,1
-0.11711883544922,0.032307602465153,-0.025363706052303,1
-0.08890426158905,0.013981156051159,0.0059317126870155,1
0.10386061668396,0.23202516883612,-0.03134223818779,1
0.10752600431442,-0.10955337714404,0.031545989215374,1
-0.17914885282516,0.10607331246138,0.13376288861036,1
0.1670783162117,-0.20497317612171,0.12703042477369,1
0.15514117479324,0.24019967764616,-0.0002547949552536,1
-0.13439002633095,-0.2167137041688,0.024848207831383,1
0.090404689311981,0.1016053929925,-0.034691222012043,1
-0.10066643357277,0.095792837440968,-0.082941897213459,1
-0.14668932557106,0.21195199340582,0.063441686332226,1
0.065433084964752,0.082651935517788,-0.039646051824093,1
-0.17751243710518,-0.15160655230284,0.15165743976831,1
0.096060156822205,0.10470946878195,0.033885836601257,1
-0.11107504367828,0.18770238012075,0.18334428220987,1
-0.10380417108536,-0.057954080402851,0.016433827579021,1
-0.17771500349045,-0.032119832932949,-0.0065310820937157,1
0.058784306049347,-0.1359278447926,0.040216371417046,1
0.023724257946014,-0.14048634469509,-0.083175510168076,1
-0.049195051193237,-0.21558653563261,0.16131291538477,1
-0.041938960552216,-0.18842312693596,0.011362627148628,1
-0.16289991140366,-0.098683793563396,-0.075739584863186,1
-0.082423627376556,0.16740437597036,0.043590791523457,1
-0.08541476726532,-0.07678197696805,0.0023952499032021,1
0.058493256568909,0.074069075286388,0.011253096163273,1
0.07411116361618,-0.16179013624787,-0.095646850764751,1
-0.044009149074554,0.023673541843891,0.0017888769507408,1
0.12487936019897,-0.15305221825838,-0.018651373684406,1
-0.18810957670212,0.1096368804574,0.046105585992336,1
-0.16359311342239,-0.054784249514341,0.002981074154377,1
-0.18749541044235,0.11749973148108,0.12013217061758,1
-0.19316598773003,0.036740608513355,0.1848293915391,1
-0.16477751731873,-0.12181537970901,0.15861167758703,1
0.066628873348236,-0.21235261112452,0.15382916480303,1
-0.20693379640579,-0.086979875341058,0.016818292438984,1
-0.086565375328064,0.046710230410099,0.0059982761740685,1
0.13301777839661,0.12847202271223,0.060131780803204,1
0.14333307743073,0.24275141209364,-0.037657417356968,1
-0.16623762249947,-0.0058663785457611,-0.038554467260838,1
0.13187271356583,-0.22085199505091,0.16459602862597,1
-0.061363637447357,0.18928756564856,0.16049947589636,1
-0.18203449249268,0.053431533277035,0.19725055247545,1
-0.050967812538147,0.24664672464132,0.15236044675112,1
-0.097894877195358,0.21690454334021,-0.051298186182976,0
-0.12704434990883,-0.024411149322987,-0.065242104232311,1
0.054691135883331,-0.22961998730898,0.18521655350924,1
-0.043249189853668,-0.2536468282342,0.093048371374607,1
0.1936052441597,0.16907038539648,-0.053496651351452,1
-0.074333727359772,0.20889898389578,-0.085277564823627,0
0.037944495677948,-0.11519225407392,-0.064693242311478,1
-0.0096943974494934,0.22475793212652,0.13030084222555,1
0.035503029823303,0.11121997982264,-0.063401810824871,1
-0.18941670656204,0.061879135668278,0.11667311936617,1
0.074938476085663,-0.18106226623058,-0.0516462251544,1
0.13588297367096,0.24333649128675,0.017188958823681,1
-0.054118037223816,-0.2265206053853,-0.0040929690003395,1
0.062235295772552,-0.18521575629711,-0.051625639200211,1
-0.1152902841568,0.080052264034748,0.060410104691982,1
-0.065029978752136,0.15118881314993,-0.093802161514759,0
-0.07894492149353,0.024838633835316,0.0041278228163719,1
0.096269547939301,-0.11938369832933,0.013663843274117,1
-0.15608876943588,-0.017649620771408,0.004674457013607,1
0.080261409282684,0.28581392019987,0.071423672139645,1
-0.040392220020294,-0.04591017216444,0.01100829988718,1
0.028526484966278,-0.10486923297867,0.0066551491618156,1
-0.077341109514236,0.00060778856277466,-0.033051691949368,1
-0.046710014343262,-0.27149973064661,0.061027847230434,1
0.04616117477417,0.20555221289396,0.048688851296902,1
-0.12447863817215,0.13668718189001,-0.023520924150944,1
0.055986702442169,-0.16146286576986,-0.043618641793728,1
-0.073283970355988,-0.015298135578632,0.020169325172901,1
-0.25878736376762,-0.055040542036295,-0.022938013076782,1
-0.1081802546978,0.1105660572648,-0.093420468270779,1
-0.091063559055328,-0.074925549328327,-0.006607674062252,1
-0.040079772472382,-0.10425919201225,0.0046780109405518,1
-0.10453346371651,-0.20840637385845,0.026123091578484,1
0.13545459508896,-0.1317994967103,0.0097918584942818,1
-0.15358826518059,-0.026240043342113,0.045443646609783,1
0.056626677513123,0.11850991100073,-0.028889827430248,1
0.0090669989585876,-0.13334414735436,0.040429450571537,1
-0.0037612318992615,0.18118768185377,-0.010395854711533,1
0.10895556211472,-0.085888865403831,-0.011319898068905,1
0.13497602939606,0.17310407012701,0.16015595942736,1
-0.12086886167526,0.089534468948841,-0.075321070849895,1
-0.21325051784515,0.024983249604702,0.11659564822912,1
-0.034888446331024,0.21533545106649,0.19425407797098,1
-0.21909976005554,-0.041561089456081,0.060764454305172,1
0.078820586204529,0.093539752066135,-0.052555605769157,1
-0.22091817855835,0.10179076343775,-0.065272241830826,1
-0.054024815559387,-0.18140678107738,0.081536628305912,1
0.02142333984375,-0.091420036740601,-0.059253513813019,1
0.035309493541718,-0.25703812390566,0.062261901795864,1
-0.047240912914276,0.040184043347836,-0.032939046621323,1
-0.086894392967224,-0.044230215251446,-0.07088465243578,1
0.14106696844101,0.14343481510878,-0.0088171139359474,1
-0.025106489658356,0.088034324347973,-0.0082372203469276,1
-0.045935928821564,-0.10070911119692,-0.030317902565002,1
0.1755291223526,0.18128963559866,0.11587058752775,1
-0.083788573741913,-0.19481828808784,0.10765277594328,1
0.11384266614914,-0.097437803633511,-0.032691560685635,1
0.045251429080963,-0.25514204055071,0.080299414694309,1
0.0003046989440918,-0.18680758774281,0.074211277067661,1
-0.087735444307327,-0.03394953161478,0.022271551191807,1
0.031037867069244,0.24608393758535,0.0060052275657654,1
-0.048187375068665,0.007646843791008,-0.026918612420559,1
-0.1522034406662,-0.075892705470324,0.22375182062387,1
0.090833425521851,-0.26996106654406,0.034566149115562,1
0.10208147764206,0.18404629081488,-0.074852384626865,1
-0.25822910666466,0.054836042225361,-0.022153906524181,1
-0.23898476362228,-0.069664044305682,-0.02624024450779,1
0.042670905590057,0.16727664321661,-0.01180275529623,1
-0.084537029266357,0.053640149533749,0.011522866785526,1
0.11107647418976,0.091474674642086,0.027141131460667,1
-0.15514740347862,-0.062202222645283,-0.01981433480978,1
-0.22777247428894,0.0047124922275543,0.071367211639881,1
-0.210264980793,0.069478429853916,-0.014521233737469,1
0.15921038389206,-0.15545216202736,0.12993862479925,1
0.094495832920074,0.15423899143934,0.028597064316273,1
-0.0033020377159119,0.1439621374011,-0.032941691577435,1
-0.07583099603653,0.1007292047143,0.029254503548145,1
0.075503051280975,0.1832477375865,0.013708658516407,1
0.11542588472366,-0.19938022643328,0.027991071343422,1
0.039472877979279,-0.12212011404335,-0.03078618645668,1
0.10240232944489,0.11566799134016,-0.056234233081341,1
-0.18365347385406,0.01853021979332,-0.095218949019909,1
-0.076976746320724,-0.22368862479925,-0.05471882969141,1
-0.089689016342163,-0.057186726480722,-0.082636721432209,1
-0.080149739980698,0.0063297525048256,-0.01165784150362,1
-0.05418998003006,0.11536590009928,0.0001889243721962,1
-0.068098157644272,-0.14956414327025,-0.053943574428558,1
0.041248619556427,0.068788014352322,0.0056342706084251,1
-0.036016762256622,-0.20553801208735,-0.026222810149193,1
-0.027587592601776,0.28792222589254,0.055177114903927,1
0.032666504383087,-0.10161249293014,0.0099092647433281,1
0.050133109092712,-0.22057493031025,-0.012266032397747,1
0.16343909502029,-0.16004393994808,0.17430084198713,1
0.066249191761017,0.10485082119703,-0.0039799585938454,1
-0.19905945658684,0.083981476724148,0.081724651157856,1
-0.050255596637726,0.021475337445736,-0.011922471225262,1
-0.18929082155228,0.12234921008348,0.14266260713339,1
-0.05852547287941,0.1265892162919,-0.081065662205219,1
0.11343836784363,-0.22572726756334,0.075248457491398,1
0.013505041599274,0.096118561923504,-0.037655770778656,1
-0.067235708236694,0.22332688421011,-0.016570739448071,1
0.15822333097458,0.17925148457289,-0.034493342041969,1
-0.096589326858521,0.07325816899538,0.018020741641521,1
-0.0069546699523926,0.25823470205069,-0.054169721901417,1
-0.2117540538311,0.1205018684268,-0.057762257754803,1
-0.23563587665558,0.054168201982975,0.14275389164686,1
0.14232754707336,-0.12684072926641,0.057029478251934,1
0.085342645645142,0.24918957799673,-0.074800200760365,1
0.0023488998413086,-0.28092939406633,0.03758367151022,1
-0.15575966238976,-0.049175530672073,-0.040136359632015,1
-0.07542884349823,-0.21418409794569,-0.044484280049801,1
0.052372217178345,0.16197343915701,-0.010479636490345,1
-0.060605943202972,0.090371616184711,-0.0067053958773613,1
-0.14540895819664,-0.15487355366349,-0.060088880360126,1
-0.073115676641464,0.0015270411968231,0.01497944444418,1
-0.14456212520599,0.20203783363104,-0.055560939013958,0
-0.0061834454536438,-0.069325689226389,0.0061328038573265,1
0.01113897562027,-0.058583449572325,0.0037548318505287,1
-0.051126152276993,-0.12412387505174,-0.059915140271187,1
0.036866724491119,-0.10406801989302,0.020432777702808,1
0.12412387132645,-0.16044449806213,0.01299162954092,1
0.031282901763916,0.12758498638868,0.023680001497269,1
0.02603542804718,0.10634373873472,-0.0019538030028343,1
-0.23150980472565,0.063179932534695,-0.027468502521515,1
-0.14758759737015,-0.016578204929829,-0.037578605115414,1
0.032230496406555,-0.1219913251698,0.020850636065006,1
0.13204604387283,0.12481354922056,-0.014625072479248,1
-0.24587082862854,0.079613126814365,0.023118950426579,1
0.037945687770844,-0.072931189090014,-0.020257957279682,1
0.054524838924408,0.19578244537115,-0.068687982857227,1
-0.082405269145966,0.040517084300518,0.014471121132374,1
-0.063971310853958,-0.011363320052624,-0.003592886030674,1
-0.2095599770546,0.012249067425728,0.18224085122347,1
-0.22075015306473,0.0042947456240654,-0.046473018825054,1
0.14545613527298,0.1670993193984,0.09581796079874,1
-0.13698124885559,-0.0106330960989,-0.047551266849041,1
-0.10770401358604,-0.081184018403292,-0.089622355997562,1
-0.11482620239258,-0.052051398903131,-0.012604437768459,1
-0.16200026869774,-0.087638187222183,0.16599037498236,1
0.065235316753387,0.2673412784934,-0.055713333189487,1
0.013466119766235,-0.12293211556971,0.0094330534338951,1
0.14763647317886,-0.26360549777746,0.036261819303036,1
-0.0154909491539,0.10175126045942,0.0065038353204727,1
-0.055725872516632,0.011322230100632,-0.033676989376545,1
0.032289326190948,-0.20473579317331,-0.074475526809692,1
-0.13442286849022,0.10356164723635,-0.021601878106594,1
-0.0048210024833679,-0.077163496986032,0.015581704676151,1
0.060462176799774,-0.11377382092178,-0.06853374838829,1
0.14955031871796,0.21513070911169,-0.083490662276745,1
-0.040855467319489,0.035000376403332,-0.005770705640316,1
0.023120999336243,0.18327193707228,0.06704743206501,1
0.058389663696289,0.11161572486162,-0.015973776578903,1
-0.11449587345123,0.055042155086994,0.041483171284199,1
-0.04602175951004,0.26317109912634,0.0080007985234261,1
-0.19169586896896,0.13794238120317,0.033711917698383,1
0.017566561698914,-0.13447399437428,-0.046034887433052,1
-0.046784460544586,-0.0429164506495,-0.049306899309158,1
-0.14481163024902,-0.10901007521898,0.098375551402569,1
-0.1010799407959,-0.11911264434457,0.023994959890842,1
-0.044855356216431,-0.024963743984699,-0.02520826458931,1
-0.15778192877769,0.099199868738651,0.028072960674763,1
0.10254508256912,-0.15263079479337,0.066679991781712,1
0.058117568492889,-0.07704271376133,0.018812298774719,1
0.11022281646729,0.22061332315207,0.070586241781712,1
0.015996813774109,-0.07625737041235,-0.017846316099167,1
-0.041119337081909,-0.12375429272652,-0.017580062150955,1
-0.10799497365952,-0.18073795735836,0.14209318906069,1
-0.074275374412537,-0.093426492065191,-0.0271822437644,1
-0.038510143756866,0.083540208637714,0.021645806729794,1
0.017641842365265,0.20644976943731,0.19160345941782,1
0.04437381029129,-0.06236058473587,0.0051766633987427,1
-0.076066106557846,-0.08179309591651,-0.023853085935116,1
-0.16684922575951,-0.18854738771915,0.092594467103481,1
0.11874359846115,0.10631444305182,0.02241412550211,1
-0.042875230312347,-0.17964592576027,-0.011611588299274,1
-0.15457588434219,-0.11293243896216,0.099193744361401,1
0.10868966579437,-0.11347186751664,-0.08376919478178,1
-0.10284557938576,-0.029598794877529,0.02195268124342,1
0.10808438062668,-0.19126099348068,0.11812866479158,1
-0.14538928866386,0.14993429929018,0.079112909734249,1
0.18947106599808,-0.19125606864691,0.056539632380009,1
-0.071573406457901,0.15905847400427,-0.036132417619228,0
-0.16510716080666,-0.033118881285191,0.085140280425549,1
0.085157155990601,0.098193250596523,-0.06302809715271,1
0.061580181121826,0.072941862046719,0.010178111493587,1
-0.053066611289978,0.11349027603865,0.041585378348827,1
-0.17277553677559,-0.09455027943477,0.19578552991152,1
0.097855448722839,-0.074437018483877,0.023602344095707,1
-0.20296502113342,-0.15601412951946,0.055443488061428,1
0.12561011314392,-0.12013484537601,-0.03511605411768,1
-0.22377109527588,0.10163085907698,-0.023646160960197,1
-0.032449841499329,-0.040525197982788,-0.014672718942165,1
-0.089141666889191,0.059467427432537,-0.041913144290447,1
-0.042898297309875,0.072756208479404,-0.0050203874707222,1
0.053073525428772,0.17763691395521,0.0081979259848595,1
0.060839951038361,0.15324591845274,0.037630163133144,1
0.019423842430115,0.078652657568455,-0.027203001081944,1
0.10230708122253,-0.17400980740786,-0.019425705075264,1
-0.1005527973175,0.16284125298262,0.015309773385525,1
0.058945834636688,-0.16083923727274,0.0096396803855896,1
-0.18648022413254,0.049569614231586,0.16127886623144,1
-0.0061215758323669,0.1509752497077,-0.028903640806675,1
-0.12561327219009,0.042663849890232,-0.040270902216434,1
-0.22004747390747,0.11634943634272,0.03236261755228,1
0.064750134944916,0.042575173079967,-0.0011268779635429,1
-0.067008316516876,-0.21803848445415,0.040266074240208,1
0.027577459812164,-0.097052239347249,-0.022043712437153,1
0.055744469165802,-0.13533204048872,0.032031819224358,1
0.087596952915192,-0.13985095918179,0.025415539741516,1
0.04918247461319,-0.14862106367946,0.0173085257411,1
0.027858674526215,-0.16948419064283,-0.049825966358185,1
0.07886677980423,0.1044989451766,-0.04240982234478,1
0.083244264125824,-0.096953829983249,0.018300779163837,1
-0.043154239654541,0.04009860008955,-0.029302380979061,1
-0.047698020935059,-0.021940685808659,-0.035630650818348,1
0.11700034141541,0.11374489217997,-0.081929631531239,1
0.050959289073944,0.23692338913679,0.1255117431283,1
-0.088540077209473,0.066621191799641,-0.004429005086422,1
-0.12306576967239,-0.17146973311901,0.0014320462942123,1
-0.072637349367142,0.077835939824581,0.016390569508076,1
0.045867383480072,-0.06942655518651,-0.036286652088165,1
0.10638529062271,0.17174219340086,0.0025275647640228,1
0.10318279266357,0.16826658695936,-0.078314118087292,1
0.009050726890564,-0.18756291270256,0.0078961029648781,1
0.038251578807831,0.076583780348301,0.0076007023453712,1
-0.11958202719688,0.011635228991508,0.0084266886115074,1
0.10830587148666,-0.1953948661685,0.2002099826932,1
0.046599984169006,0.067375190556049,-0.012414641678333,1
-0.026351392269135,0.17682942003012,-0.030295312404633,1
0.17041689157486,-0.17235985398293,0.071323610842228,1
0.12246006727219,0.12398295849562,0.0056534931063652,1
-0.1233337521553,-0.00092277675867081,0.031464122235775,1
0.00084918737411499,-0.21898456662893,0.1985779479146,1
0.1340988278389,-0.17182141542435,0.19390637427568,1
-0.1124461889267,0.055728353559971,0.050904013216496,1
0.080962896347046,0.069402121007442,0.0073106810450554,1
-0.17329460382462,-0.090657332912087,0.20013458281755,1
-0.14034897089005,0.1436580196023,-0.065738312900066,0
-0.16534173488617,0.010579593479633,-0.08790085837245,1
-0.058941006660461,0.032923646271229,0.014968402683735,1
0.022285401821136,-0.17983060330153,0.01917926222086,1
0.10892969369888,-0.19925503432751,0.049460038542747,1
0.048722982406616,-0.14413097128272,0.020454175770283,1
-0.092518746852875,-0.1720065549016,-0.06752122938633,1
-0.12830263376236,-0.11127404961735,-0.068970285356045,1
-0.2121570110321,0.019112773239613,-0.009006179869175,1
0.14737850427628,-0.16859858483076,-0.042401440441608,1
0.11487811803818,-0.1990042924881,-0.029665999114513,1
-0.066189557313919,0.20856406539679,0.07271883636713,1
-0.064969033002853,-0.085358381271362,-0.025910742580891,1
0.080816924571991,0.056261114776134,-0.012246690690517,1
0.075540959835052,-0.26745993643999,0.099232368171215,1
0.0085557103157043,0.09318920224905,0.023097261786461,1
-0.041521847248077,-0.15496017411351,0.058531530201435,1
0.078181564807892,-0.094341057352722,-0.03442445397377,1
0.050004303455353,-0.19958986341953,-0.077825546264648,1
-0.014064073562622,-0.20057230442762,-0.004373773932457,1
0.026817858219147,0.18742015212774,0.097894050180912,1
-0.12890440225601,-0.14356690272689,0.022965587675571,1
0.028972625732422,0.076665572822094,-0.0068356096744537,1
0.058994710445404,-0.2370056733489,0.17071527987719,1
-0.013812303543091,0.21988781541586,0.10640045255423,1
-0.033204793930054,-0.053235340863466,-0.016034327447414,1
-0.035063505172729,-0.18347757309675,0.040147788822651,1
-0.043531000614166,-0.059524621814489,-0.026720605790615,1
-0.20548215508461,-0.090894310735166,0.011782117187977,1
-0.013562083244324,0.076112486422062,-0.016920983791351,1
0.037481546401978,0.28406190127134,0.087174750864506,1
0.081898987293243,0.075309120118618,-0.01882354170084,1
0.024991273880005,-0.076190261170268,-0.024543188512325,1
-0.19190788269043,-0.12924324721098,0.010446093976498,1
0.1556059718132,0.24568619579077,0.11853025108576,1
-0.019761383533478,-0.06045687943697,-0.040544718503952,1
0.095104157924652,0.17433180660009,0.083107419312,1
0.085273146629333,0.070422045886517,-0.024629130959511,1
-0.021631062030792,0.040168784558773,0.0010871365666389,1
0.090923845767975,0.15896286815405,0.031136430799961,1
-0.15963879227638,-0.028755575418472,-0.02991858124733,1
0.091705024242401,-0.19635090231895,-0.066693738102913,1
-0.043456733226776,-0.091391641646624,0.024545207619667,1
-0.017299234867096,0.18496631830931,-0.048651054501534,1
-0.025542438030243,-0.24096753448248,-0.012023434042931,1
-0.025914490222931,0.054046906530857,-0.0082261934876442,1
0.031524479389191,-0.090562923811376,0.013471119105816,1
-0.10208532214165,-0.14227932691574,-0.092963866889477,1
-0.099675953388214,0.090545706450939,-0.070025704801083,1
-0.15791317820549,-0.090795236639678,0.13749251514673,1
-0.13597333431244,0.080268450081348,-0.013422317802906,1
0.051515400409698,-0.14155447855592,-0.0001448467373848,1
-0.094892203807831,0.2618213519454,-0.0090178474783897,1
0.0404132604599,-0.10983897652477,-0.038352601230145,1
0.057981491088867,0.24392511695623,0.14040618389845,1
0.13660323619843,0.17176809161901,0.097422577440739,1
0.17393493652344,0.19906284660101,-0.079743303358555,1
0.026074826717377,-0.16808421164751,0.065968558192253,1
-0.22101563215256,-0.011835746467113,0.0037789866328239,1
-0.0924172103405,-0.20382728427649,0.043801613152027,1
-0.088674634695053,0.006555013358593,0.0065792128443718,1
0.07922887802124,0.098547346889973,-0.069712251424789,1
-0.10857358574867,-0.19886317104101,-0.00017306208610535,1
0.13655060529709,0.12977878004313,-0.023650050163269,1
-0.16458198428154,-0.12770860083401,0.052724935114384,1
-0.039008796215057,0.050954557955265,0.01432579010725,1
0.087237536907196,0.19808428734541,0.039435416460037,1
-0.22424083948135,-0.031205333769321,0.086649693548679,1
-0.056063175201416,0.0010056719183922,-0.026772238314152,1
0.12251883745193,-0.19987688213587,0.045057713985443,1
0.078067004680634,0.058976255357265,-0.039964608848095,1
0.19474959373474,0.17428287118673,0.14253401011229,1
0.088119447231293,-0.10559281287715,-0.00044703483581543,1
0.099635064601898,-0.10154377133586,0.010518796741962,1
-0.068106055259705,0.1683234795928,0.078794158995152,1
-0.012717723846436,0.083581767976284,-0.029456958174706,1
-0.16876578330994,0.099656857550144,0.17056978493929,1
-0.098000824451447,0.13340900093317,0.04992737621069,1
-0.039745807647705,-0.037429086863995,-0.025689318776131,1
0.032503962516785,-0.109918856062,-0.047772467136383,1
-0.11390393972397,0.18097849935293,0.0965790823102,1
-0.057990670204163,0.17831703275442,0.01656699180603,1
-0.070297598838806,-0.023300029337406,-0.013209782540798,1
0.015877544879913,-0.27893137186766,0.11786920577288,1
0.048761963844299,0.22290601581335,0.14548847824335,1
-0.041343092918396,-0.037316530942917,-0.024314478039742,1
-0.17830392718315,-0.093116411939263,0.080215804278851,1
0.043523192405701,0.22094690054655,0.083243183791637,1
-0.013163685798645,0.088311322033405,0.0098308920860291,1
0.13251686096191,0.12514504045248,-0.063280664384365,1
-0.019252777099609,0.03009570389986,0.0050405934453011,1
0.054286658763885,-0.096827746136114,0.0065431743860245,1
0.03485780954361,0.1449995264411,-0.063662998378277,1
-0.1298648416996,-0.16546653956175,0.12683153897524,1
-0.083200603723526,-0.14767782390118,-0.091746941208839,1
0.066434323787689,-0.21771653741598,0.083497621119022,1
-0.10608157515526,-0.059837806969881,0.04238248616457,1
0.20635682344437,-0.20845700055361,0.11368305236101,1
-0.1736546754837,0.12699105590582,0.038507916033268,1
0.071438610553741,0.085911802947521,-0.037635736167431,1
-0.20745778083801,-0.07019672729075,0.12971761077642,1
-0.10693269968033,-0.0041679739952087,-0.0011788830161095,1
-0.23061230778694,-0.13571134954691,0.0099857524037361,1
0.078363955020905,-0.23025804013014,-0.070534110069275,1
-0.0039895176887512,-0.15046393126249,0.012830287218094,1
0.023448526859283,-0.073411269113421,-0.017987713217735,1
0.19812899827957,0.22379108518362,-0.040909104049206,1
-0.091088622808456,0.025855652987957,-0.045439667999744,1
0.046434104442596,-0.075530782341957,-0.014705635607243,1
-0.09892275929451,-0.20702546834946,-0.034169621765614,1
0.013681948184967,0.20702632516623,-0.059422440826893,1
0.11183506250381,-0.092351837083697,0.016982294619083,1
0.077508151531219,0.15475069731474,-0.066374219954014,1
0.13321781158447,0.22440119832754,0.16535107046366,1
0.18621611595154,0.18335940688848,0.11913938075304,1
-0.012015581130981,0.096814401447773,0.022576063871384,1
0.058880507946014,-0.057193588465452,-0.017157733440399,1
-0.012551605701447,0.12755113095045,-0.042661502957344,1
-0.081422597169876,-0.0087864696979523,-0.0593336597085,1
0.025226771831512,-0.15707828849554,-0.045780673623085,1
-0.10486316680908,0.058370642364025,0.044021107256413,1
0.006869375705719,-0.19471422582865,-0.059470020234585,1
-0.17729085683823,0.15359213203192,0.13607833534479,1
-0.10572957992554,0.048601262271404,-0.047275982797146,1
0.080040752887726,0.24979107826948,-0.0083298906683922,1
-0.068545877933502,0.027356632053852,-0.051789246499538,1
-0.01061087846756,-0.12097161822021,-0.02793925255537,1
-0.0069140195846558,0.14763512462378,0.05189099162817,1
-0.18793958425522,-0.13702039048076,0.15871054679155,1
0.057229518890381,-0.11919576302171,-0.010780163109303,1
0.082190573215485,-0.21430120617151,0.001299649477005,1
-0.20087736845016,0.15101512521505,0.063910342752934,1
-0.070341855287552,0.17615636438131,0.06424018740654,1
-0.16756385564804,-0.11254088766873,0.18853694945574,1
-0.085435956716537,0.19894643872976,0.083005912601948,1
0.14503335952759,-0.22900385409594,-0.071789957582951,1
-0.044489145278931,-0.016852542757988,-0.015204302966595,1
0.049722492694855,-0.084247939288616,0.0027407854795456,1
-0.088652551174164,-0.008183978497982,-0.030667968094349,1
-0.22510012984276,0.10352104157209,0.038469485938549,1
-0.046653568744659,-0.046215150505304,-0.035722903907299,1
-0.22260242700577,-0.055606488138437,0.096534885466099,1
-0.033841788768768,0.16943194717169,0.068276979029179,1
-0.12534442543983,0.12132013589144,-0.0096592977643013,1
0.15550249814987,-0.18309447914362,0.088889725506306,1
-0.060814023017883,0.18801694363356,-0.047773972153664,1
-0.22898906469345,0.069197110831738,0.078077934682369,1
-0.11087793111801,0.14897189289331,0.038822330534458,1
-0.029501140117645,-0.068298228085041,-0.005822516977787,1
0.045792818069458,-0.18677489459515,-0.025209650397301,1
-0.1851302087307,0.058515466749668,0.026250638067722,1
-0.068710774183273,0.13921374827623,0.028128437697887,1
0.0091319680213928,0.08648344129324,-0.0020441189408302,1
-0.13817793130875,-0.096914920955896,0.089835308492184,1
0.072294533252716,-0.14337382093072,-0.0066918060183525,1
0.040820777416229,-0.16899529844522,0.017977736890316,1
-0.051537841558456,-0.0027333945035934,-0.017165683209896,1
0.012847185134888,0.083296127617359,-0.010509677231312,1
0.096900880336761,-0.11385145876557,-0.037222765386105,1
-0.093428552150726,-0.017257012426853,0.022291295230389,1
-0.049648702144623,0.037315092980862,-0.022117868065834,1
-0.12355005741119,0.046017967164516,-0.035157762467861,1
0.031625092029572,-0.27261138707399,0.026520438492298,1
-0.086971461772919,0.069222383201122,0.0090999975800514,1
-0.081627905368805,0.17573859542608,0.13952752202749,1
0.04043984413147,0.082382954657078,-0.02925018966198,1
-0.18052732944489,0.06791365891695,0.18579705804586,1
-0.2267230451107,-0.10252307052724,0.093339361250401,1
0.041215181350708,-0.088296711444855,0.0022118240594864,1
0.00030785799026489,-0.084530322812498,0.018031783401966,1
-0.1295460164547,-0.15004754811525,0.13968009501696,1
-0.034547209739685,-0.25073344260454,0.020688742399216,1
-0.20672059059143,0.11768957227468,-0.0014330819249153,1
-0.17561674118042,0.070908196270466,0.092898659408092,1
0.13535296916962,-0.25738290697336,-0.012294791638851,1
-0.098616719245911,-0.082625953480601,-0.066247038543224,1
-0.20889732241631,0.029922015964985,0.066244460642338,1
0.099216520786285,-0.078370256349444,0.0021501109004021,1
0.082826554775238,0.086723230779171,0.0020533576607704,1
-0.06766277551651,0.16483130306005,0.024520471692085,1
-0.02574747800827,-0.18976712971926,0.043540231883526,1
-0.056473463773727,-0.0066826343536377,-0.041161201894283,1
0.034309208393097,-0.19461821764708,0.11345212906599,1
0.10342442989349,0.20207815617323,-0.077864468097687,1
-0.15454143285751,-0.031449772417545,0.080252133309841,1
0.026872038841248,-0.23634860664606,-0.0079828649759293,1
0.0097854733467102,-0.24377698451281,0.082566387951374,1
0.020581603050232,-0.08833675365895,0.0067258551716805,1
-0.053814619779587,0.21892037242651,0.0047944486141205,1
0.028336822986603,-0.22568418830633,0.0053938701748848,1
0.14035165309906,0.15012552589178,0.051747813820839,1
0.053965628147125,-0.081304382532835,-0.032897010445595,1
-0.053193092346191,-0.030207626521587,0.011587895452976,1
-0.18598940968513,0.13512565940619,-0.062437526881695,1
0.11972540616989,-0.2153312265873,-0.0049042329192162,1
0.03065550327301,0.12246037274599,0.033525317907333,1
0.1730865240097,0.19971882551908,0.17260367423296,1
0.026844084262848,-0.06396022439003,-0.014006949961185,1
-0.10498863458633,0.048881359398365,0.025464124977589,1
-0.027454555034637,-0.28840512782335,-0.0019778162240982,1
0.060146868228912,-0.074360828846693,-0.043077185750008,1
-0.038913428783417,-0.063137881457806,-0.014532841742039,1
0.036135852336884,-0.061974376440048,-0.0060627013444901,1
0.085555136203766,-0.12627761624753,-0.061162665486336,1
-0.049904823303223,0.040341027081013,-0.050916627049446,1
-0.092629134654999,0.2546651288867,-0.032934434711933,0
-0.0083814859390259,-0.10148496902548,-0.067401915788651,1
-0.0057440996170044,0.27989869564772,-0.023780919611454,1
-0.01565408706665,-0.19364016503096,-0.07099824398756,1
-0.00046521425247192,0.12336999922991,-0.066960535943508,1
0.059819161891937,0.10957803577185,-0.059207156300545,1
0.07332044839859,-0.24373108893633,0.11999835819006,1
-0.011414468288422,-0.22918807715178,-0.079139113426208,1
0.077818691730499,-0.12875329144299,-0.0882603302598,1
-0.052570194005966,-0.28381039947271,0.047054886817932,1
0.1307874917984,-0.1120536737144,0.03921590000391,1
-0.095101177692413,0.25545968860388,0.011262454092503,1
-0.045373380184174,0.039762087166309,-0.048124186694622,1
0.0016906261444092,0.25658368319273,0.072624810039997,1
-0.082578390836716,-0.04743679240346,-0.020529992878437,1
0.076005399227142,0.28341110795736,0.00030342489480972,1
-0.049443423748016,0.0072898492217064,-0.0016812160611153,1
0.0829918384552,-0.11014830879867,-0.0024654418230057,1
-0.087698996067047,-0.032736860215664,-0.019263528287411,1
-0.17612916231155,0.057040475308895,-0.0041776224970818,1
0.040927290916443,0.1387699469924,-0.070693626999855,1
-0.2428126335144,0.087595663964748,0.021339721977711,1
0.020532429218292,-0.12004883959889,0.029214806854725,1
0.048250675201416,0.1702957674861,-0.039047330617905,1
-0.043892979621887,0.028427235782146,-0.002097450196743,1
-0.068987846374512,0.1101233586669,-0.056626580655575,1
0.074818968772888,0.17993678897619,0.013403959572315,1
0.012410163879395,0.26734023541212,-0.049811400473118,1
-0.017537176609039,0.095817901194096,-0.029910199344158,1
-0.12766635417938,-0.12685255333781,0.2062461450696,1
-0.17411690950394,0.055169619619846,0.12923108786345,1
0.055610835552216,-0.17399192601442,-0.071429572999477,1
-0.13119471073151,0.086157910525799,-0.01289839297533,1
-0.20078280568123,0.019764058291912,0.13389205187559,1
-0.15874421596527,0.16474442929029,0.094941236078739,1
-0.1755538880825,-0.18831608444452,-0.030092246830463,1
0.039807617664337,-0.23755020648241,0.12213488668203,1
-0.0649453997612,-0.0253089889884,-0.0076683685183525,1
-0.041055798530579,-0.25557065755129,0.005833275616169,1
0.14565128087997,0.24053206294775,-0.046073101460934,1
0.00027453899383545,0.24527957290411,0.15844888240099,1
-0.2123803794384,0.012500487267971,0.1049555465579,1
-0.030915677547455,-0.21989616751671,-0.049822218716145,1
-0.049611508846283,-0.16555627435446,0.047039270401001,1
-0.1409977376461,-0.17159374803305,-0.039807863533497,1
0.032800614833832,-0.14247868955135,-0.050954326987267,1
-0.053813010454178,-0.037482462823391,-0.017371900379658,1
0.059996128082275,-0.23065782338381,-0.090156815946102,1
0.19993907213211,-0.18621870875359,-0.026646427810192,1
0.053117156028748,-0.061724878847599,-0.004417359828949,1
0.10147339105606,-0.13993366062641,-0.050986848771572,1
-0.14370593428612,-0.16177566349506,-0.026394031941891,1
-0.089782804250717,-0.067644365131855,-0.056494660675526,1
-0.010555386543274,0.12416019290686,-0.071478515863419,1
-0.075971364974976,0.1804723367095,0.11490780860186,1
0.061427175998688,-0.114104103297,-0.012568920850754,1
0.082169592380524,-0.10906847752631,-0.036732114851475,1
0.13225340843201,0.17639779299498,-0.024479903280735,1
-0.09997946023941,-0.091242578811944,-0.042223729193211,1
-0.10431307554245,-0.20353081077337,0.068665109574795,1
-0.092090010643005,-0.060625731945038,-0.083132103085518,1
0.12852615118027,-0.17859520018101,-0.032020680606365,1
-0.00098907947540283,0.12697004526854,0.028531633317471,1
0.084743678569794,-0.17128876596689,0.05158057808876,1
0.00088405609130859,0.23013763874769,0.010650508105755,1
-0.130710542202,-0.14491019770503,0.074354521930218,1
0.10173827409744,-0.16620568186045,-0.05221201479435,1
0.13967877626419,-0.18332747370005,0.16343799978495,1
-0.088802546262741,-0.022048212587833,-0.010593868792057,1
-0.07197692990303,-0.12734908983111,-0.038187302649021,1
0.0032907128334045,0.075822569429874,0.012441188097,1
0.070567786693573,-0.091070267371833,-0.019692003726959,1
-0.11408790946007,0.2371614202857,0.12598619610071,1
-0.13520011305809,-0.20819693058729,0.073648788034916,1
-0.068894028663635,-0.021514818072319,-0.030437007546425,1
-0.20305415987968,0.062729828059673,0.038608707487583,1
-0.21028265357018,0.10841154307127,0.12259631603956,1
0.0064815878868103,-0.080458449199796,0.0014048293232918,1
-0.020216941833496,0.11306679993868,-0.029716536402702,1
0.1277140378952,0.24236764758825,0.077036984264851,1
0.10060149431229,0.19452410191298,0.022070445120335,1
-0.1598584651947,-0.13343386352062,0.10253522545099,1
0.016539335250854,0.082489930093288,-0.0086706802248955,1
-0.18664017319679,0.16087516397238,0.12456857413054,1
0.095914006233215,0.089437447488308,-0.010889321565628,1
-0.062279403209686,-0.025384150445461,-0.043511234223843,1
0.12979054450989,0.16979136317968,-0.047497518360615,1
-0.25210839509964,0.035423628985882,0.090588577091694,1
0.011496186256409,0.089417301118374,-0.0093553587794304,1
-0.026861846446991,0.16466637700796,0.034865252673626,1
-0.066611796617508,-0.22881137579679,0.058902196586132,1
-0.050700783729553,-0.23419881612062,0.00099616497755051,1
-0.046776592731476,-0.0097521990537643,-0.0082372352480888,1
0.13565522432327,0.18218805640936,0.13025360554457,1
-0.068952292203903,0.25493653863668,0.070022858679295,1
0.17010927200317,-0.25045499950647,0.025172986090183,1
0.041750907897949,-0.15555816143751,-0.036179788410664,1
0.025452315807343,-0.086426735855639,0.0005168691277504,1
-0.10632705688477,-0.056508097797632,0.034007452428341,1
0.060374319553375,-0.149194188416,-0.031070843338966,1
-0.11338692903519,0.24110247939825,-0.057252518832684,0
-0.10244661569595,-0.08466868288815,0.037365280091763,1
0.067713022232056,0.13358499854803,-0.023494578897953,1
-0.25132858753204,0.093829981982708,-0.0082847252488136,1
-0.05978924036026,-0.25020407885313,0.13869065791368,1
0.078470885753632,-0.11629678122699,-0.025170020759106,1
-0.041617512702942,0.058273814618587,-0.031593509018421,1
-0.13527071475983,0.10384941846132,-0.026836164295673,1
-0.078624933958054,0.019240915775299,-0.063832715153694,1
0.091667592525482,0.076163493096828,-0.020100779831409,1
-0.14107611775398,-0.033021204173565,0.0079166367650032,1
0.018271803855896,0.083533935248852,-0.0051543638110161,1
-0.089555144309998,-0.028925225138664,0.025489144027233,1
-0.057136744260788,-0.24072749167681,0.086209543049335,1
0.05515468120575,0.08253089338541,0.018076382577419,1
0.055123865604401,0.092883877456188,-0.062948979437351,1
-0.19350343942642,0.012855805456638,-0.018586628139019,1
-0.056837409734726,-0.2096583917737,0.13964342325926,1
0.025768280029297,0.070837430655956,0.0036047250032425,1
0.15861690044403,0.16684564203024,0.075942300260067,1
-0.14519715309143,0.10270089656115,0.018361128866673,1
-0.042306542396545,0.18911858648062,0.20363921672106,1
-0.23129892349243,-0.14074339717627,0.04393295198679,1
0.071055829524994,-0.18528025597334,-0.07580827921629,1
0.10209959745407,-0.2301434352994,0.046764448285103,1
0.069463789463043,0.099297352135181,0.006759487092495,1
0.015216052532196,-0.25738290697336,0.0683858320117,1
-0.0032986402511597,-0.1693876683712,0.010424382984638,1
-0.10364598035812,0.084944926202297,-0.034605212509632,1
0.18187910318375,0.16961296647787,0.16262110322714,1
-0.11358284950256,0.20320238918066,0.1272741034627,1
0.048343598842621,-0.21142791211605,0.073317818343639,1
0.045497536659241,0.08004017919302,0.010346181690693,1
-0.015079498291016,-0.073098089545965,0.019825577735901,1
-0.066260099411011,0.056004084646702,-0.0024715736508369,1
-0.17419385910034,-0.057413578033447,0.19241590052843,1
-0.03083747625351,0.096300862729549,0.0099733024835587,1
-0.0078521966934204,-0.28161101788282,0.027139417827129,1
-0.14037317037582,0.071697302162647,0.072565041482449,1
0.012593030929565,0.10735731571913,0.017111659049988,1
0.13876783847809,0.18965896219015,0.1323231831193,1
-0.16422954201698,0.02925667911768,0.0017840191721916,1
-0.22460377216339,0.064077667891979,-0.019191257655621,1
0.073419034481049,0.081411249935627,-0.028096713125706,1
-0.088644087314606,0.24248244613409,0.065961614251137,1
-0.095854222774506,-0.023799106478691,0.024200893938541,1
-0.015989363193512,-0.11892860382795,-0.018888838589191,1
-0.061811953783035,0.073610208928585,-0.06353934854269,1
0.00064539909362793,0.17544191330671,0.032649852335453,1
0.011237025260925,0.074466846883297,0.0060209706425667,1
-0.1412261724472,-0.13412159308791,-0.058060757815838,1
-0.016783177852631,0.2492418512702,0.036594040691853,1
0.13440757989883,-0.16799629479647,-0.019828982651234,1
-0.01976066827774,-0.20909782499075,-0.0063240751624107,1
-0.040974915027618,0.025630466639996,-0.0081233605742455,1
-0.11817479133606,0.089567355811596,-0.039624609053135,1
0.089544653892517,-0.097259464673698,0.023854084312916,1
0.017732560634613,-0.084348924458027,-0.037348508834839,1
0.1238893866539,-0.10956590622663,-0.014267839491367,1
0.11377084255219,-0.18605586886406,0.12419397383928,1
-0.030908405780792,0.0028611347079277,-0.0013140961527824,1
-0.1593856215477,0.10384943336248,0.086984701454639,1
-0.10573011636734,0.060673721134663,-0.027317903935909,1
0.067736804485321,-0.27202335745096,0.12451914697886,1
0.0074396729469299,0.29043330997229,0.033678404986858,1
-0.14929240942001,0.038943313062191,0.010147981345654,1
0.074208974838257,0.061302445828915,-0.025689728558064,1
-0.10832262039185,-0.065320953726768,-0.068739078938961,1
-0.1164476275444,-0.16990928351879,0.052908934652805,1
-0.19662684202194,-0.071809707209468,0.072865627706051,1
-0.062354028224945,-0.2236020937562,0.12676788121462,1
-0.076181709766388,0.20139431208372,0.013048440217972,1
0.1185045838356,0.15252705663443,-0.006334200501442,1
0.065489411354065,-0.22090248018503,0.072351299226284,1
0.027172386646271,-0.15317336842418,-0.039071604609489,1
-0.026084005832672,-0.1201960016042,0.028452791273594,1
0.010228097438812,-0.22204518318176,-0.0021102800965309,1
-0.16390872001648,-0.018321804702282,0.020554281771183,1
-0.029588401317596,-0.095444086473435,-0.071614898741245,1
-0.14206942915916,-0.18613404780626,0.0059915408492088,1
-0.047428905963898,-0.10439243447036,-0.037655897438526,1
0.019319117069244,-0.15732127800584,-0.070029504597187,1
-0.1117399930954,0.24380656331778,0.033136583864689,1
-0.15752694010735,0.081799454987049,-0.0043849274516106,1
0.02215301990509,0.10776530951262,-0.00054121762514114,1
0.024684309959412,-0.08878200314939,-0.018682271242142,1
-0.10920241475105,0.1017996892333,0.0039554610848427,1
-0.065057694911957,-0.026593051850796,-0.0079731419682503,1
-0.097957521677017,-0.18934306502342,0.037332102656364,1
-0.08821377158165,0.11857014149427,-0.00062838941812515,1
0.072542726993561,-0.11213673185557,-0.016450382769108,1
-0.070438474416733,0.060686968266964,-0.042101301252842,1
-0.1594073176384,0.077806822955608,-0.035451799631119,1
0.083215534687042,-0.13018050417304,0.017919979989529,1
-0.11359834671021,0.052300296723843,-0.030630603432655,1
0.0040081739425659,0.059716291725636,-0.0085836350917816,1
-0.11032599210739,-0.13421022519469,-0.075906939804554,1
-0.036248922348022,-0.22325933724642,-0.056009538471699,1
0.11688679456711,-0.13380462303758,0.016589783132076,1
-0.10977572202682,0.089600570499897,-0.016705267131329,1
-0.010533452033997,0.071343488991261,-0.031858079135418,1
0.14684623479843,-0.22013326734304,-0.037136271595955,1
0.07220047712326,-0.085463263094425,-0.019363775849342,1
0.074280321598053,0.12029301375151,0.026041269302368,1
0.1374626159668,0.21146991103888,-0.016652509570122,1
-0.16445821523666,-0.030900746583939,0.040338777005672,1
-0.053992331027985,-0.087088767439127,-0.039779879152775,1
0.14350867271423,0.13298388570547,-0.082303546369076,1
-0.045409321784973,0.25652255862951,0.049502089619637,1
-0.082870811223984,-0.020361594855785,0.014774166047573,1
-0.21575474739075,-0.055570289492607,0.16653638333082,1
-0.0049005746841431,-0.054423224180937,0.00080789625644684,1
0.0038529634475708,-0.10660951165482,0.020914509892464,1
-0.15471827983856,0.11511654406786,0.14788762480021,1
-0.091344505548477,-0.035137981176376,-0.081510961055756,1
0.16070502996445,0.18063642829657,-0.096922755241394,1
-0.15643954277039,0.054406262934208,-0.073837585747242,1
-0.10724219679832,0.019158095121384,0.013559140264988,1
0.069006204605103,0.086043052375317,-0.051739856600761,1
0.17425847053528,0.15258999913931,0.12916883081198,1
-0.22208273410797,0.14735230058432,0.066495649516582,1
-0.22551822662354,0.078557439148426,0.035634376108646,1
-0.0093986988067627,0.22056975215673,-0.076658494770527,1
-0.095455169677734,0.22912787646055,-0.00087050348520279,1
-0.018364131450653,0.10690841823816,-0.0065208002924919,1
-0.019420325756073,-0.070191221311688,0.02001166343689,1
0.021021902561188,-0.061741575598717,-0.0044781938195229,1
-0.078358232975006,0.058629296720028,0.022928662598133,1
-0.10706895589828,0.070034019649029,-0.051547721028328,1
0.166080057621,-0.21116778254509,-0.0042436793446541,1
-0.0036676526069641,0.17591523379087,-0.093142911791801,1
0.14088106155396,-0.20775061845779,-0.061638534069061,1
0.14633673429489,-0.15930221602321,-0.016982711851597,1
0.069984257221222,-0.095351526979357,0.025787092745304,1
-0.17732965946198,-0.13357479870319,0.04725220054388,1
0.083693563938141,-0.20366159826517,0.076105184853077,1
-0.15911683440208,-0.015640683472157,-0.093005292117596,1
-0.17979630827904,0.20071300119162,0.05415140837431,1
0.0092433094978333,0.0882753059268,0.00043118745088577,1
-0.14019101858139,-0.042084917426109,0.013926856219769,1
-0.11309120059013,0.15364249795675,0.18240714818239,1
-0.018988370895386,-0.10589714627713,0.028803631663322,1
-0.0044078230857849,0.26234921067953,0.077343262732029,1
-0.18344280123711,-0.061207097023726,0.13087398558855,1
-0.086310029029846,0.10143052786589,-0.036804921925068,1
0.035825848579407,0.11260687559843,-0.045762673020363,1
0.098632037639618,-0.10637374920771,0.0087927058339119,1
0.18498110771179,0.18967973440886,-0.056063063442707,1
-0.10134524106979,0.15524008125067,0.046516276896,1
-0.1444294154644,0.033594913780689,0.075377948582172,1
-0.17669406533241,0.17590346187353,-0.073368482291698,1
-0.073135823011398,-0.17865639925003,0.14698437601328,1
-0.10042116045952,0.080426029860973,0.045153565704823,1
-0.19416207075119,-0.12807316705585,0.12833329290152,1
0.20640653371811,-0.20290545374155,0.094865761697292,1
0.030336201190948,-0.24852470308542,0.011071465909481,1
0.11702448129654,-0.19596415758133,0.11011324077845,1
-0.038466453552246,-0.21608860045671,-0.082469962537289,1
0.17910367250443,0.19079463928938,0.069461524486542,1
-0.0040541887283325,0.21261968463659,0.12776909023523,1
0.015861213207245,0.076862417161465,-0.0065298527479172,1
-0.078356236219406,-0.20454008132219,0.15269172936678,1
-0.069638639688492,0.18204160779715,0.0991415604949,1
-0.15112695097923,-0.18669368326664,0.1210732832551,1
0.12705606222153,-0.1775775551796,-0.0085676535964012,1
-0.04481440782547,0.049960024654865,0.0068466141819954,1
0.17140489816666,-0.17717749625444,-0.089832998812199,1
-0.13463538885117,-0.12566999159753,0.032578863203526,1
-0.16628843545914,0.18652191013098,-0.036271832883358,1
-0.20029681921005,-0.093651570845395,0.16459060460329,1
-0.071331918239594,0.082618705928326,0.025346763432026,1
0.047722041606903,-0.12257465533912,-0.025808893144131,1
-0.029394626617432,0.076347194612026,-0.0516212657094,1
-0.098090171813965,0.20155330747366,0.17081347852945,1
-0.054830580949783,0.033015541732311,-0.0057171806693077,1
-0.16475707292557,-0.14986345544457,0.14833813160658,1
-0.14908567070961,-0.029776841402054,-0.00061231106519699,1
0.068758308887482,0.2139823064208,-0.070755369961262,1
-0.0071563720703125,0.093952529132366,-0.044685259461403,1
-0.019768297672272,0.055272735655308,0.0052177682518959,1
-0.044272422790527,0.082490108907223,-0.014131970703602,1
-0.17458054423332,0.16921516507864,-0.079470507800579,1
-0.093499898910522,-0.20590186864138,0.14999467879534,1
-0.031383156776428,0.086104683578014,0.018677987158298,1
-0.079343408346176,-0.10784310474992,0.0061523243784904,1
0.023656487464905,-0.26837912946939,0.11073864251375,1
-0.080299556255341,-0.020164929330349,0.018040113151073,1
-0.19493442773819,0.11150803416967,0.065823875367641,1
0.061438620090485,0.14723331481218,-0.041188634932041,1
-0.020491242408752,-0.077122362330556,-0.013248518109322,1
-0.026793360710144,0.041497804224491,-0.025161050260067,1
-0.19907754659653,-0.06402974203229,0.0040527805685997,1
0.099893450737,-0.091433080844581,-0.0078139677643776,1
-0.12633872032166,0.16450520604849,0.11947251111269,1
0.024188160896301,0.079399473965168,-0.017884507775307,1
0.0005422830581665,-0.1248107906431,-0.041301429271698,1
-0.099017202854156,-0.10194491338916,-0.057036228477955,1
0.011713922023773,0.20832144469023,0.018284261226654,1
0.13143849372864,0.18297394365072,-0.042132787406445,1
-0.0032585263252258,-0.087584087625146,0.011693030595779,1
-0.030865848064423,0.18202164024115,0.013782992959023,1
-0.12832450866699,-0.20799497514963,0.097439683973789,1
0.015369713306427,0.079256035387516,-0.033638253808022,1
-0.19461232423782,0.087808914482594,0.16733511537313,1
0.14320892095566,-0.1470195800066,0.085327990353107,1
0.1368819475174,0.24376400560141,-0.0077325999736786,1
-0.0046854615211487,-0.086049587465823,-0.030400156974792,1
-0.1815556883812,0.030814655125141,-0.0016257241368294,1
0.029805183410645,0.079470194876194,-0.0066797658801079,1
-0.054869800806046,0.14277052134275,0.047760114073753,1
-0.050294548273087,-0.00595822930336,-0.021979637444019,1
-0.066729575395584,0.18805827945471,0.016534991562366,1
-0.1371642947197,0.10610593110323,-0.07327014952898,1
-0.023785412311554,-0.065059505403042,-0.037100426852703,1
-0.17558535933495,-0.16989690810442,0.057688035070896,1
-0.17394530773163,-0.097156537231058,0.090783424675465,1
-0.01107782125473,-0.282704629004,0.073593653738499,1
0.011228203773499,-0.088117444887757,-0.00039573758840561,1
-0.19370687007904,0.10899216681719,-0.061168141663074,1
-0.015491843223572,-0.28722985833883,0.033543027937412,1
-0.1575865149498,-0.0029476955533028,-0.064196452498436,1
-0.18441671133041,0.051863498985767,0.19476751238108,1
-0.0076690912246704,0.081259854137897,-0.0098996460437775,1
0.0088104009628296,0.083729602396488,0.010664664208889,1
0.092197000980377,0.094271279871464,-0.054324619472027,1
-0.092026025056839,-0.18521554768085,-0.077950142323971,1
-0.13631299138069,0.19352056831121,0.10246325284243,1
-0.21012955904007,-0.15632623434067,0.07440609484911,1
0.12633091211319,-0.23079375177622,0.1385437771678,1
-0.043900787830353,0.18826552480459,-0.080776408314705,1
-0.19147238135338,-0.031446121633053,0.15593323856592,1
0.063842236995697,-0.18793559074402,0.088757522404194,1
0.013945281505585,0.14966770261526,-0.039090745151043,1
0.074971377849579,-0.18831068277359,0.039542876183987,1
0.19191908836365,0.20822133868933,0.0051459893584251,1
-0.10099771618843,-0.08035472407937,0.042367614805698,1
-0.030939757823944,-0.14799220114946,-0.07833157479763,1
0.068522393703461,0.062598310410976,-0.0012576207518578,1
-0.057268142700195,0.19045665115118,0.15628542751074,1
0.062070071697235,-0.15385536104441,-0.07277474552393,1
0.046528518199921,-0.14567870646715,-0.043840534985065,1
-0.16723829507828,0.11109454184771,0.0072443261742592,1
-0.058782309293747,0.16934313625097,0.029249683022499,1
-0.14570751786232,-0.01677193492651,-0.056027017533779,1
-0.011815547943115,-0.050176665186882,-0.0079782158136368,1
-0.088171422481537,0.043720044195652,0.012838818132877,1
-0.20974642038345,0.097326956689358,-0.044867984950542,1
-0.099478870630264,-0.21746604889631,0.077030129730701,1
-0.20339748263359,-0.17532048374414,-0.0074155554175377,1
0.091971099376678,0.20362599939108,0.19429583102465,1
-0.16677170991898,0.074192799627781,-0.07962890714407,1
0.034524857997894,-0.10389274545014,0.0082142725586891,1
0.14412075281143,-0.19493174552917,-0.013520441949368,1
-0.20768821239471,0.045424453914165,0.099775411188602,1
-0.093613892793655,0.22881665080786,0.07537979632616,1
0.071185052394867,-0.28089804202318,-0.014246769249439,1
-0.10112792253494,0.094006679952145,0.020848236978054,1
-0.0084418654441833,-0.15261176601052,-0.089080706238747,1
0.019211828708649,-0.15605907514691,-0.073643937706947,1
-0.15076842904091,-0.017954990267754,0.063240490853786,1
0.066269338130951,-0.27756140381098,0.095202751457691,1
0.13970768451691,0.24452789872885,-0.029979661107063,1
-0.039606511592865,-0.16400851309299,0.0016729757189751,1
0.0099557042121887,0.23164489120245,0.094822652637959,1
-0.070819795131683,0.041020624339581,0.015500105917454,1
0.016482353210449,0.21070962399244,-0.050360590219498,1
-0.096280455589294,-0.053436815738678,0.015942044556141,1
0.13603574037552,-0.17499779909849,0.076115421950817,1
-0.028441071510315,-0.080948362126946,0.022013634443283,1
-0.12183395028114,-0.032358601689339,-0.0088784322142601,1
0.028906106948853,0.24085544794798,0.11190899461508,1
-0.10142967104912,0.22455438226461,0.097052432596684,1
0.20658200979233,-0.18386533856392,-0.025308631360531,1
0.051778078079224,0.1988832578063,-0.017329417169094,1
-0.20908263325691,0.10339491814375,0.16116111725569,1
-0.11676687002182,0.03971578925848,-0.04863965511322,1
0.0043147802352905,-0.10426244372502,0.0046352371573448,1
0.079879820346832,-0.14648960158229,0.033214196562767,1
-0.19202351570129,-0.1085962196812,0.10244607180357,1
0.031670391559601,0.091093711555004,-0.016241900622845,1
0.089311361312866,-0.087184408679605,-0.028732158243656,1
0.16155833005905,0.22185315936804,-0.038923986256123,1
-0.046146988868713,0.089073561131954,-0.047261141240597,1
-0.025293529033661,-0.17071956396103,-0.047776810824871,1
-0.078527599573135,-0.015920363366604,-0.042328365147114,1
-0.16657227277756,-0.17474318295717,0.025315798819065,1
-0.12951743602753,0.079824648797512,0.066786371171474,1
0.16503155231476,0.14958264678717,0.18780668824911,1
0.18743759393692,-0.21109875291586,-0.051601357758045,1
0.009687066078186,0.24147661775351,0.12697008997202,1
0.2126921415329,-0.21302196383476,0.094088695943356,1
0.01449316740036,0.22692342847586,0.041696593165398,1
-0.11906626820564,-0.050965961068869,-0.056570775806904,1
0.0050716400146484,0.09687652438879,0.0202591791749,1
0.099199712276459,-0.12050276808441,-0.025045372545719,1
-0.098714888095856,-0.063967447727919,-0.035855486989021,1
-0.17337810993195,0.10264236479998,-0.051282033324242,1
0.032959759235382,0.22640141099691,0.18727398663759,1
0.059838593006134,-0.23165734857321,-0.011379383504391,1
-0.22627282142639,0.050297655165195,-0.019028775393963,1
0.053268015384674,-0.087159724906087,-0.028121449053288,1
0.023659229278564,-0.073022140190005,-0.019875220954418,1
-0.034160315990448,0.07549574226141,-0.010489992797375,1
0.19088035821915,0.23402386158705,-0.027072228491306,1
0.050694704055786,0.098923154175282,0.0052727833390236,1
0.056464791297913,0.061667464673519,-0.00068119168281555,1
-0.00532466173172,-0.074976742267609,-0.02135656028986,1
-0.15876680612564,0.14603447169065,0.065549395978451,1
0.070700705051422,0.14357336610556,-0.047449342906475,1
-0.074078470468521,-0.071212474256754,0.026637084782124,1
-0.18540123105049,-0.03308143466711,0.13917683809996,1
0.086917459964752,-0.16857539862394,0.061380825936794,1
0.096300065517426,-0.1153115388006,0.037058003246784,1
-0.017398178577423,-0.14413113892078,0.027793698012829,1
-0.0095879435539246,-0.16080549731851,-0.037589140236378,1
-0.030952215194702,0.080686084926128,0.016553573310375,1
0.12478786706924,-0.10726227797568,-0.048358030617237,1
0.17582470178604,-0.2333755120635,0.062557764351368,1
-0.16900986433029,0.10798066109419,0.089348666369915,1
-0.10825276374817,0.20939662307501,-0.04017711430788,0
0.072856485843658,0.18491470068693,0.057000041007996,1
-0.028009057044983,0.053785122931004,-0.024167083203793,1
-0.16277557611465,-0.17508774995804,0.093888364732265,1
-0.14610958099365,-0.10493259131908,-0.078089855611324,1
0.14207929372787,-0.148431815207,0.014646805822849,1
0.070093870162964,0.066190682351589,-0.0044398233294487,1
0.0011459589004517,0.23506965488195,0.15451297909021,1
-0.059062123298645,-0.029817923903465,0.020945839583874,1
0.061459302902222,-0.081713927909732,0.021431460976601,1
0.11521279811859,0.27370824664831,-0.00046747177839279,1
-0.13790562748909,0.16072266548872,0.17413382977247,1
-0.055749416351318,0.085827328264713,-0.0059812441468239,1
-0.11454939842224,0.17453443259001,0.0079174265265465,1
-0.0022749900817871,-0.063122231513262,-0.022198617458344,1
0.056704461574554,-0.28660093992949,0.0028039887547493,1
0.070902168750763,-0.21047715097666,0.080613858997822,1
0.14159840345383,-0.14272034540772,0.039530850946903,1
0.19751018285751,0.19245835393667,0.12201597541571,1
-0.072423130273819,-0.0049055889248848,0.00066057592630386,1
0.10776144266129,-0.18739441782236,0.12361151725054,1
0.042113482952118,0.25709747523069,-0.052625171840191,1
-0.057918578386307,-0.22675070911646,0.083192236721516,1
0.085646748542786,0.27145989984274,-0.036693252623081,1
-0.14019790291786,0.0013695359230042,-0.068085819482803,1
0.10886317491531,-0.12103942595422,0.022811882197857,1
-0.16750633716583,-0.043663240969181,0.055578343570232,1
-0.13067543506622,0.16496952623129,0.12012086063623,1
-0.092696964740753,0.0072680413722992,0.0049520656466484,1
0.16337925195694,0.21940528601408,0.020274221897125,1
-0.16350513696671,0.15359576791525,0.020445339381695,1
-0.1469367146492,-0.085244687274098,0.01245691627264,1
0.083558857440948,0.080271609127522,0.00047040730714798,1
0.17878794670105,-0.15917015448213,0.14065297693014,1
-0.15657389163971,-0.036653727293015,0.038481198251247,1
0.10470122098923,-0.23402481526136,0.060769267380238,1
-0.13495695590973,-0.18680732697248,-0.07419553399086,1
-0.1635274887085,0.18991013616323,0.13066712766886,1
-0.12899160385132,0.22367145866156,0.08735478669405,1
-0.17262250185013,-0.12567216157913,0.18932747095823,1
-0.15779981017113,-0.08583842497319,-0.063809804618359,1
0.11491602659225,-0.098537033190951,-0.017701901495457,1
0.086243033409119,-0.10488881636411,0.017787620425224,1
-0.1486534178257,-0.012117229402065,0.0087584033608437,1
-0.14666837453842,0.10850710421801,-0.077053807675838,1
0.020181000232697,-0.10037651110906,0.023773230612278,1
-0.022621810436249,-0.22606749087572,0.10961926728487,1
-0.18327194452286,-0.046211764216423,0.079653345048428,1
-0.01878422498703,0.23103147000074,-0.081188157200813,1
-0.096692234277725,-0.1511571072042,-0.020835921168327,1
-0.11400607228279,0.15746115893126,0.16987986117601,1
0.13642376661301,-0.17197407782078,0.11503001302481,1
-0.15039503574371,-0.15994236245751,-0.072581820189953,1
0.0016709566116333,0.11580853909254,0.0082049816846848,1
-0.23583000898361,0.020122900605202,-0.072925411164761,1
-0.078736424446106,-0.21515366435051,0.068490885198116,1
0.071078717708588,-0.1902112737298,0.22274232655764,1
0.0054188966751099,-0.22888105362654,-0.051926381886005,1
-0.12844288349152,-0.15257919952273,-0.016104094684124,1
0.072496294975281,-0.1263638548553,-0.079094268381596,1
0.14722800254822,-0.14677429944277,0.062558375298977,1
-0.14635446667671,-0.039358925074339,-0.04726118594408,1
-0.21113753318787,-0.017376534640789,0.07539015263319,1
0.081565320491791,-0.14984152838588,0.023455642163754,1
-0.046222448348999,0.17824607342482,0.014181360602379,1
0.082024276256561,-0.19002837687731,-0.07810202986002,1
-0.1133619248867,0.062331281602383,-0.0025651678442955,1
0.050687372684479,-0.12967758253217,-0.042878828942776,1
-0.034510314464569,0.017353139817715,0.0031316205859184,1
-0.071183919906616,0.0018002688884735,-0.0073442980647087,1
-0.13286027312279,0.090760596096516,0.066910959780216,1
-0.19663134217262,-0.047489397227764,0.026724137365818,1
-0.26285609602928,0.015347823500633,0.060094140470028,1
0.13992834091187,0.21088942140341,0.031876087188721,1
0.0910924077034,-0.14636259153485,-0.073765628039837,1
-0.19907766580582,-0.102440220071,0.087795220315456,1
-0.13471400737762,-0.20044578611851,0.041489936411381,1
-0.19975429773331,0.033303864300251,0.10435322672129,1
0.1128985285759,0.14877776056528,-0.080534435808659,1
-0.20241743326187,0.040089271962643,0.069413967430592,1
-0.018706977367401,0.22161351889372,-0.031805098056793,1
-0.23490369319916,0.052923046052456,0.1027605459094,1
0.045563042163849,0.059979133307934,-0.0030271410942078,1
-0.25228378176689,-0.075557500123978,0.069381006062031,1
-0.080423593521118,0.17805843800306,-0.040228113532066,0
-0.014714419841766,-0.079133730381727,0.0095121338963509,1
-0.23188579082489,0.12874578684568,0.05486286431551,1
0.055582880973816,0.091991163790226,-0.019684724509716,1
0.12466388940811,0.12238635867834,-0.081507362425327,1
-0.060146808624268,0.072181068360806,-0.035545162856579,1
0.098475694656372,0.20060234516859,0.16234210878611,1
0.0089782476425171,0.19067215174437,-0.079825542867184,1
0.16098755598068,-0.16883417963982,-0.013118512928486,1
-0.14778578281403,-0.18512636423111,0.062108345329762,1
-0.11418238282204,0.065423853695393,0.014713041484356,1
0.13674229383469,-0.17279466986656,0.0067871734499931,1
-0.048509657382965,-0.016179777681828,0.0059229955077171,1
-0.090970307588577,0.064430437982082,-0.080431185662746,1
-0.19232276082039,-0.10637013753876,0.045042403042316,1
0.079236030578613,0.13117285817862,0.0010131672024727,1
-0.11326187849045,-0.24280828982592,-0.0024435818195343,1
-0.060378283262253,0.12963000684977,-0.032227151095867,1
0.06548011302948,0.070778302848339,-0.038169041275978,1
0.11402851343155,-0.13337457180023,0.026748456060886,1
-0.14929583668709,-0.11198395770043,-0.0021193251013756,1
0.091236710548401,-0.26429990679026,0.063205696642399,1
0.13291305303574,0.15185295790434,-0.01968190819025,1
-0.16339382529259,-0.098112997831777,0.11895471066236,1
0.1712298989296,-0.24176018685102,0.099851734936237,1
0.17394858598709,-0.2461905553937,0.003770537674427,1
0.12643510103226,-0.14004161581397,0.051779754459858,1
0.097712934017181,-0.20469873398542,0.12041888386011,1
-0.14290800690651,-0.1640043631196,0.038492806255817,1
-0.15856802463531,-0.033406041562557,0.035254694521427,1
-0.260662317276,-0.022559128701687,0.074171759188175,1
-0.11863589286804,-0.03859431296587,0.025284789502621,1
0.069149911403656,-0.10838999878615,-0.0072822868824005,1
0.18205851316452,-0.21072379499674,0.050938241183758,1
-0.14878657460213,-0.13217024505138,0.20304239541292,1
0.077972054481506,-0.083546521142125,0.023798428475857,1
-0.19537901878357,0.14706703275442,-0.0089253559708595,1
-0.029893398284912,0.12671715766191,0.018349304795265,1
0.12528491020203,-0.16296376287937,-0.0092185810208321,1
-0.0023108720779419,-0.08482566382736,0.011087827384472,1
-0.13256692886353,-0.11459848284721,0.068788833916187,1
0.044036090373993,-0.17527992278337,0.02039896696806,1
0.073996841907501,-0.057092633098364,0.0043535009026527,1
0.074629843235016,-0.086741007864475,-0.025829009711742,1
0.0034643411636353,-0.20259901881218,-0.058153122663498,1
-0.23399066925049,-0.052420884370804,-0.037534303963184,1
-0.00194251537323,0.23515035957098,0.15352795273066,1
0.0035305619239807,0.090332321822643,-0.022505670785904,1
-0.070360749959946,-0.15176697075367,-0.030987821519375,1
0.16385406255722,-0.17261113971472,0.1117751672864,1
-0.22240960597992,0.020409487187862,0.13338633626699,1
-0.1108281314373,0.12379505485296,-0.050250060856342,1
-0.22217413783073,0.087200425565243,0.14867299050093,1
-0.054790467023849,-0.14258053898811,-0.0057219937443733,1
-0.17615616321564,-0.023192070424557,0.036747105419636,1
0.13632667064667,0.14320167154074,-0.052719347178936,1
0.17432034015656,-0.21955534815788,-0.046403177082539,1
0.016320168972015,-0.10233233473264,0.021887876093388,1
0.14599859714508,-0.15301554650068,0.059182442724705,1
-0.21588483452797,-0.10444753896445,0.12005955725908,1
0.10792571306229,-0.09125030785799,-0.045714505016804,1
-0.063218981027603,-0.098114843480289,-0.041860066354275,1
-0.21816536784172,-0.015249416232109,0.13081177324057,1
-0.03977507352829,-0.2194609194994,-0.015538819134235,1
-0.0086038112640381,0.25445427745581,0.034318007528782,1
-0.21602618694305,-0.016581192612648,-0.0033664926886559,1
-0.020851314067841,-0.17867285758257,-0.083680428564548,1
-0.07169434428215,0.13317073136568,-0.087413527071476,0
-0.06265127658844,0.17643352597952,0.054489612579346,1
-0.044940650463104,0.19974368065596,0.14589608460665,1
0.18573915958405,0.16924699395895,0.050507389008999,1
0.016665041446686,0.086883656680584,-0.012523241341114,1
-0.16681677103043,0.020600557327271,0.065057493746281,1
0.1197344660759,0.25626646727324,0.10681352764368,1
-0.072135388851166,-0.088698823936284,0.019615985453129,1
-0.15642124414444,-0.10230254475027,-0.0061288997530937,1
-0.18928980827332,-0.099176522577181,0.14447804540396,1
-0.13751727342606,-0.033635258674622,-0.065399385988712,1
0.066009938716888,0.19824691861868,0.041896313428879,1
-0.0025063157081604,-0.15813041105866,0.043332479894161,1
-0.076884090900421,0.013873837888241,-0.064884230494499,1
0.044903755187988,0.082157678902149,0.02092356979847,1
-0.081953436136246,-0.23472376912832,-0.050603821873665,1
-0.00076788663864136,-0.06502366438508,0.00074943900108337,1
-0.21913999319077,0.11782009154558,0.064493216574192,1
0.025776207447052,-0.068963248282671,0.0048825368285179,1
0.066833555698395,0.19080402702093,-0.021580502390862,1
0.1157238483429,0.21951102465391,0.18307165056467,1
0.051804423332214,0.055579267442226,-0.003255121409893,1
0.095977962017059,-0.090837665833533,-0.065013743937016,1
-0.14999541640282,0.092737935483456,-0.064694479107857,1
-0.076927304267883,0.15208949893713,-0.0049454942345619,1
0.10725826025009,-0.17824493348598,-0.030479565262794,1
-0.010060131549835,-0.041518807411194,0.0043691247701645,1
0.096342742443085,-0.2031377106905,0.0023317858576775,1
0.018914222717285,-0.066375695168972,0.003493033349514,1
-0.05753830075264,-0.16240744292736,-0.0080656036734581,1
-0.14418259263039,0.17578192800283,-0.029916130006313,1
-0.13414850831032,-0.03984684869647,-0.035083189606667,1
-0.093436717987061,0.016958862543106,-0.018977113068104,1
0.018293678760529,0.052830882370472,0.0055875405669212,1
0.20753782987595,0.18343611806631,-0.080540142953396,1
0.081752181053162,-0.065272822976112,-0.049548827111721,1
-0.14297616481781,0.026583589613438,-0.0348781645298,1
0.14625006914139,-0.18638882786036,0.12635927647352,1
-0.054299026727676,0.0052542462944984,0.012715823948383,1
-0.19832813739777,0.058806844055653,0.18908367305994,1
0.008131742477417,0.1022891625762,0.016178898513317,1
0.11918169260025,-0.11923163756728,-0.03761176019907,1
-0.07017993927002,-0.25788382440805,0.071030654013157,1
-0.1673418879509,0.08616179972887,0.20962352305651,1
-0.064174294471741,-0.11223987583071,0.038661532104015,1
-0.20339956879616,-0.063094940036535,0.034461624920368,1
0.10828375816345,0.11853034049273,0.0042015537619591,1
0.0095368027687073,0.083787523210049,0.0069931894540787,1
0.075165808200836,0.049927167594433,-0.028543062508106,1
-0.16605424880981,0.018070049583912,0.10278638452291,1
-0.11829391121864,0.1636810824275,-0.086032561957836,0
0.058532416820526,0.13454573601484,-0.066276893019676,1
0.0036108493804932,0.058043263852596,0.004567451775074,1
-0.044113516807556,0.13337925821543,-0.03779286891222,1
-0.098328500986099,-0.04521768540144,0.0276735201478,1
0.090651512145996,0.20567777007818,-0.059947021305561,1
0.1125283241272,-0.24138674885035,0.005686953663826,1
-0.11489388346672,-0.096179603133351,0.045777894556522,1
0.039279401302338,0.13647427409887,-0.047090366482735,1
-0.19095435738564,-0.026462607085705,-0.028289265930653,1
-0.056789666414261,-0.23433066159487,0.11462337523699,1
-0.17988497018814,0.048989273607731,-0.038419246673584,1
-0.096663743257523,-0.19387205690145,0.020273022353649,1
-0.03149002790451,0.13540899008512,-0.03574200719595,1
-0.14066344499588,-0.034456513822079,0.048710666596889,1
-0.18706759810448,-0.040044773370028,0.10851363092661,1
0.014061689376831,-0.17221935093403,-0.070556998252869,1
-0.14368778467178,0.12141848355532,-0.057204626500607,1
-0.075597733259201,-0.061085443943739,-0.067035309970379,1
-0.011498272418976,0.084521941840649,0.0062212273478508,1
0.082415044307709,-0.22727859765291,0.17464513331652,1
-0.11736804246902,0.014313153922558,0.020779468119144,1
-0.19966748356819,0.15757199376822,0.088108204305172,1
0.059839308261871,-0.075337132439017,-0.025586470961571,1
0.06580775976181,-0.21800769120455,0.12685463577509,1
0.18432682752609,-0.2370290979743,0.073250643908978,1
-0.0086405277252197,-0.29112174361944,0.0347530990839,1
0.037056624889374,0.20349859446287,0.075656451284885,1
-0.16961386799812,0.10222917050123,0.16261135786772,1
-0.054774254560471,-0.19544046372175,-0.071431592106819,1
-0.094404757022858,0.26036383956671,0.025680564343929,1
-0.056052625179291,0.087526969611645,-0.015057615935802,1
-0.023055136203766,0.21959757059813,0.070482082664967,1
-0.047486364841461,-0.12434446066618,-0.090675570070744,1
-0.11297065019608,0.13348185271025,0.043276883661747,1
-0.11403203010559,0.10977951437235,0.079572476446629,1
-0.0071753859519958,0.23901268094778,0.16557005792856,1
0.13436925411224,0.13609343022108,0.027130573987961,1
0.15198075771332,0.23589047044516,0.039916805922985,1
0.1485184431076,0.21291931718588,-0.011593952775002,1
-0.023488104343414,0.20441772788763,0.17125866562128,1
-0.044891059398651,-0.095756075810641,-0.016447395086288,1
0.031404197216034,-0.26614824682474,-0.044601701200008,1
0.09435772895813,0.13526105135679,-0.053211912512779,1
-0.045452058315277,0.002204030752182,0.006078414618969,1
-0.15503317117691,0.16330119222403,0.042351774871349,1
-0.10938572883606,0.054646395146847,-0.077510431408882,1
0.020133972167969,0.14338894933462,-0.051003210246563,1
0.072141945362091,-0.23935813456774,0.01985264569521,1
0.058276891708374,0.12903415411711,0.023318447172642,1
0.11401242017746,0.14405386894941,-0.0043936371803284,1
0.14653372764587,0.20152195543051,0.053448930382729,1
-0.17287063598633,0.15802004188299,-0.01046184450388,1
0.069684445858002,-0.2199844494462,-0.091548815369606,1
-0.038370370864868,0.28065671771765,0.073381461203098,1
-0.0843605697155,-0.0038115233182907,0.0041555985808372,1
-0.094907253980637,0.029867954552174,-0.064187087118626,1
0.11225420236588,-0.13816945254803,0.059478662908077,1
0.066945612430573,0.26495628803968,0.050770618021488,1
-0.086567282676697,0.10107780247927,0.040638796985149,1
0.0006604790687561,-0.20981775224209,0.043757453560829,1
0.1525205373764,-0.1969998255372,-0.074995093047619,1
-0.16798847913742,0.058628462255001,-0.036226995289326,1
-0.15915516018867,0.11679949611425,0.023253761231899,1
0.08999627828598,-0.17600443214178,-0.049397982656956,1
0.1050243973732,-0.18380769342184,0.03984821587801,1
-0.14372801780701,-0.18479964882135,-0.017419584095478,1
0.12291866540909,-0.15585692599416,-0.057379849255085,1
-0.1176969408989,-0.034770473837852,-0.05291510373354,1
0.025835514068604,0.14533524960279,-0.045293569564819,1
0.043307363986969,-0.10618431214243,-0.033705860376358,1
-0.07073375582695,-0.18393641710281,0.16758728772402,1
0.08785480260849,0.1215243563056,-0.050742879509926,1
-0.15353545546532,0.1858052238822,0.076630584895611,1
-0.1289413869381,0.12443750351667,0.062395416200161,1
-0.15033489465714,-0.19718331843615,-0.071149535477161,1
0.079643249511719,0.19904451817274,0.097999669611454,1
-0.1409749686718,-0.20451074838638,0.073919095098972,1
-0.061224490404129,-0.094674172345549,-0.078141950070858,1
0.039960205554962,0.20463996380568,-0.011553592979908,1
0.013520061969757,0.10789527744055,0.0038741230964661,1
-0.02666699886322,0.21022095531225,0.11045076698065,1
-0.046509325504303,-0.17670345306396,-0.088704131543636,1
-0.0088945031166077,-0.18740204721689,0.075339488685131,1
-0.069230914115906,0.089963637292385,-0.084769584238529,1
-0.1223726272583,0.15501978248358,0.10204301029444,1
-0.094538688659668,-0.16863907128572,0.043366342782974,1
-0.2099084854126,0.11491502076387,-0.029328711330891,1
-0.23855873942375,-0.029945895075798,-0.066117517650127,1
-0.1012741625309,-0.075236193835735,-0.065801002085209,1
-0.090591579675674,0.16681494563818,0.11392649263144,1
-0.081194341182709,-0.096166282426566,-0.016261152923107,1
-0.12150582671165,-0.24087914079428,0.083953030407429,1
-0.19568741321564,-0.12132319621742,0.13162427395582,1
0.084925889968872,-0.18007729947567,-0.086150236427784,1
0.012978374958038,0.19151347130537,-0.092935472726822,1
0.010775506496429,-0.079650279134512,0.010137289762497,1
0.17945367097855,-0.1619928330183,-0.035695843398571,1
0.014208972454071,-0.14649156481028,0.046071343123913,1
0.20346289873123,0.20881669968367,-0.068065948784351,1
0.029379367828369,-0.20830046385527,-0.010216541588306,1
0.1609662771225,0.17266895622015,0.021829664707184,1
-0.18221777677536,0.086092732846737,0.1454000249505,1
-0.19560000300407,0.10003636032343,-0.050604231655598,1
-0.079011261463165,0.053834445774555,-0.044469676911831,1
-0.081630736589432,0.069507218897343,0.015033178031445,1
-0.092919319868088,-0.15733912959695,-0.0040861144661903,1
-0.0088868737220764,-0.076474698260427,0.012997157871723,1
0.039190769195557,-0.1202630251646,-0.012463919818401,1
0.061541378498077,-0.19842129200697,-0.063067279756069,1
0.044675707817078,0.078104965388775,-0.010223262012005,1
-0.18351691961288,-0.04156006872654,-0.0034342482686043,1
-0.10128083825111,0.18225916475058,0.065682806074619,1
-0.14819905161858,0.14807831496,-0.042728759348392,1
-0.019598305225372,-0.20863834768534,-0.085598774254322,1
-0.1085599064827,0.16622265428305,0.14222504943609,1
0.072349548339844,-0.20746777206659,0.059231825172901,1
0.12019175291061,-0.20971006900072,0.14453972131014,1
0.14335548877716,0.14687518030405,0.098736725747585,1
0.051681518554688,0.2403632029891,0.0035081133246422,1
-0.18531599640846,-0.059589345008135,0.14979132264853,1
-0.21001040935516,-0.048045463860035,0.14925219863653,1
0.0072734355926514,0.1341939792037,-0.056962661445141,1
-0.17242407798767,0.1242118999362,0.067446283996105,1
-0.082794427871704,-0.26458518952131,0.087871707975864,1
0.029106736183167,0.13382088392973,-0.001147523522377,1
-0.055613130331039,0.18789794296026,0.0342031493783,1
-0.10592284798622,-0.0078473910689354,-0.046798065304756,1
-0.13172364234924,-0.187360227108,0.15981275588274,1
0.14535862207413,0.26817616075277,0.010938011109829,1
-0.15016344189644,0.18021305650473,0.16778843849897,1
-0.065769463777542,-0.069079164415598,-0.061297081410885,1
-0.070045053958893,0.061229459941387,0.025545589625835,1
-0.14621263742447,-0.13268621638417,0.11205213516951,1
0.023434162139893,-0.21912401914597,0.1189397200942,1
-0.032308161258698,-0.019565023481846,0.00012626498937607,1
-0.014744162559509,0.25987549871206,0.078703679144382,1
-0.15738287568092,-0.03061855584383,-0.076086543500423,1
-0.0068694353103638,-0.26204209774733,-0.077907465398312,1
0.098347663879395,-0.24288880079985,-0.080963045358658,1
0.13429468870163,0.19861223548651,0.023040406405926,1
-0.060820162296295,0.26072647422552,0.036956176161766,1
0.0030849575996399,0.25723957270384,-0.0052744746208191,1
0.091676712036133,0.16892772167921,-0.062118470668793,1
-0.098904222249985,-0.16783095896244,0.058985777199268,1
-0.2448588013649,0.06498708575964,0.099297054111958,1
0.12985104322433,-0.18179922550917,0.14234585314989,1
-0.15841367840767,0.19696643203497,-0.053066171705723,1
-0.025992631912231,-0.14729590713978,0.039686530828476,1
-0.19094687700272,-0.13864246755838,-0.021710388362408,1
-0.091692060232162,-0.1631496399641,-0.042080782353878,1
-0.11226299405098,-0.21280396729708,0.050024442374706,1
0.0077927112579346,0.22713490575552,-0.061052851378918,1
0.036802291870117,0.083334662020206,-0.010537229478359,1
-0.23913091421127,-0.037705793976784,-0.04320053011179,1
0.060921967029572,0.26272293180227,-0.038409933447838,1
0.12231183052063,0.11342979222536,0.0011381953954697,1
-0.072450906038284,0.0018962249159813,-0.063560850918293,1
-0.069206953048706,0.07332556694746,-0.0054447427392006,1
0.17535698413849,0.19869460910559,0.16794680804014,1
-0.042104601860046,0.24605520814657,0.034258089959621,1
0.14588463306427,-0.19335545599461,-0.078857712447643,1
-0.08241480588913,0.24904819577932,-0.003675289452076,1
-0.0040749311447144,0.075408555567265,-0.0012013018131256,1
0.049330055713654,-0.21226530522108,-0.0055787935853004,1
0.021900653839111,-0.078055843710899,-0.038837105035782,1
-0.21610298752785,-0.13803128898144,0.038537867367268,1
-0.094674438238144,-0.16438957303762,-0.054612457752228,1
-0.17560184001923,0.022279411554337,0.2074536755681,1
-0.037083029747009,0.15964456647635,-0.048720702528954,1
-0.065984904766083,0.03255157917738,0.019008226692677,1
0.21457010507584,-0.19769810885191,-0.01043163985014,1
-0.11428418755531,-0.14939912781119,0.11847949773073,1
-0.0045231580734253,-0.062218114733696,-0.027909390628338,1
-0.24678200483322,0.062517158687115,0.043169282376766,1
-0.1507460474968,0.10056159645319,-0.018096797168255,1
-0.19135534763336,0.027672253549099,-0.050773993134499,1
0.12554520368576,0.24118977040052,0.018033884465694,1
-0.019640624523163,0.15807633846998,0.04079919308424,1
-0.10483610630035,-0.12169426120818,0.017423309385777,1
0.11982589960098,-0.21363298594952,-0.055598929524422,1
0.005416214466095,0.10132855921984,-0.019744522869587,1
0.098878681659698,0.20080941170454,0.16773761063814,1
0.065003573894501,-0.16266778856516,0.029247052967548,1
-0.057474613189697,0.17316763848066,-0.080905206501484,1
0.061716794967651,0.052526645362377,-0.016743332147598,1
0.10150814056396,0.096069596707821,0.018870398402214,1
0.070339620113373,0.24540808051825,0.12662019580603,1
0.073020875453949,0.20056026428938,0.11448923498392,1
0.034661114215851,0.068219013512135,-0.0079678148031235,1
-0.00089919567108154,0.20593553036451,-0.082745596766472,1
0.17294335365295,0.2126652225852,-0.049587354063988,1
-0.096674352884293,0.1767628416419,0.20082206279039,1
0.13224214315414,0.25027056783438,0.066930130124092,1
0.1443310379982,-0.15456933528185,0.0677575096488,1
-0.24250149726868,0.097675822675228,0.05781427770853,1
-0.22535446286201,0.01062299311161,-0.0007714256644249,1
-0.033001363277435,0.091025151312351,0.010294683277607,1
0.041252255439758,0.062772072851658,-0.0031027719378471,1
0.06380957365036,0.087831817567348,-0.053536504507065,1
-0.069149821996689,0.18531110137701,0.076258607208729,1
0.04809182882309,0.16856779903173,0.036937408149242,1
-0.040915131568909,0.031881295144558,0.00019527226686478,1
0.12828159332275,-0.26029247790575,0.08293367177248,1
-0.10797241330147,-0.19908025860786,0.15229629725218,1
0.10137975215912,0.1083675250411,-0.047313280403614,1
0.084625482559204,0.07502519339323,0.023049831390381,1
0.024043560028076,0.2194677516818,-0.08389013260603,1
-0.072842091321945,-0.10423383535817,-0.057127259671688,1
-0.11703532934189,0.19932513684034,-0.065230123698711,0
-0.14570832252502,-0.046164494007826,0.06409215182066,1
0.14897906780243,-0.12410456873477,0.045445911586285,1
0.0022696256637573,-0.13446157425642,0.018455922603607,1
0.0658198595047,-0.11600471846759,0.009022168815136,1
0.016920506954193,0.07462390512228,0.0084284543991089,1
-0.11837574839592,-0.22852697223425,-0.0066607072949409,1
-0.0010281205177307,-0.23594679683447,0.058691821992397,1
-0.16756376624107,-0.15958844125271,0.089459262788296,1
0.031781136989594,0.14311783760786,0.026537403464317,1
0.15236842632294,0.12893468886614,-0.0048799887299538,1
-0.057328343391418,0.088439725339413,-0.037636153399944,1
-0.20106402039528,-0.13989095017314,0.13206411153078,1
0.06296306848526,0.18962191790342,-0.024432316422462,1
-0.086525052785873,0.088148154318333,0.0026670023798943,1
0.0874103307724,-0.24693464487791,0.13336650282145,1
0.0911785364151,0.14924853295088,-0.02833915501833,1
-0.22369605302811,0.018425427377224,0.1003717109561,1
0.057364046573639,-0.069030614569783,0.0072676613926888,1
-0.14836099743843,0.20374389737844,-0.035025589168072,1
-0.18279993534088,-0.10347298299894,0.16557910293341,1
-0.047804176807404,-0.074656976386905,0.023776732385159,1
-0.032985389232635,0.20223271101713,0.044367954134941,1
0.15686452388763,-0.1879763007164,0.13389123231173,1
0.069194614887238,0.050601564347744,-0.0071420446038246,1
0.072206199169159,-0.2411699667573,0.12564391642809,1
0.00062620639801025,-0.17003477364779,-0.049328416585922,1
-0.045907258987427,0.11149650067091,-0.017586849629879,1
0.19871467351913,0.19464763253927,0.14162646979094,1
0.13928359746933,-0.22641433030367,0.050351664423943,1
0.069448411464691,-0.064040433615446,0.0022444650530815,1
-0.042627453804016,-0.00091421604156494,0.0050592347979546,1
-0.019066631793976,0.18976210802794,0.10238153487444,1
-0.13117292523384,0.12289076298475,0.097690798342228,1
-0.11534947156906,0.093096695840359,0.03534159809351,1
0.072196006774902,0.069298379123211,0.018395438790321,1
-0.24532866477966,0.11459078639746,0.02599298208952,1
-0.16372540593147,0.18155225366354,-0.014013864099979,1
0.0055736899375916,-0.094663898926228,-0.020251497626305,1
-0.01952189207077,-0.25599110871553,-0.081044964492321,1
-0.2049685716629,-0.027865178883076,-0.014306299388409,1
-0.19303596019745,-0.052005179226398,0.1740984544158,1
-0.14618021249771,0.10406855493784,0.016250900924206,1
0.051967918872833,0.26209654659033,0.00010546296834946,1
0.026511609554291,-0.23975614458323,0.052088044583797,1
-0.074093043804169,0.09396780282259,-0.015467621386051,1
0.01756751537323,0.20450987666845,-0.087328255176544,1
-0.080014288425446,-0.15957565233111,-0.08261676877737,1
-0.17270350456238,0.074593283236027,0.1233359053731,1
0.023476183414459,0.1206017062068,0.0054586976766586,1
-0.06121039390564,-0.16994525492191,-0.009365975856781,1
-0.2002435028553,-0.091166994534433,0.12562435120344,1
0.066539227962494,-0.12185205519199,-0.0078640952706337,1
-0.046928226947784,-0.16561787575483,0.064710475504398,1
-0.14988827705383,0.22776921838522,0.0045010522007942,1
0.039427220821381,0.078841604292393,-0.01452561467886,1
-0.055857360363007,0.046025969088078,0.012478895485401,1
0.054922461509705,0.23465641587973,0.0055341869592667,1
-0.14611473679543,-0.019705541431904,-0.012126766145229,1
-0.12680649757385,0.025772161781788,-0.032757714390755,1
0.026281535625458,-0.13196311146021,-0.013658069074154,1
-0.11163610219955,0.048498310148716,-0.035464242100716,1
0.1987881064415,0.19310303777456,0.07068582624197,1
0.083950042724609,-0.12308391369879,0.015800729393959,1
0.042848229408264,-0.26999150961637,0.08121670037508,1
-0.22118362784386,-0.11821767874062,0.10294035822153,1
0.20344227552414,-0.18627433478832,0.031152613461018,1
-0.14304786920547,-0.023466825485229,0.016089536249638,1
-0.12522691488266,-0.13170631229877,-0.011795081198215,1
0.14831560850143,-0.20072034746408,0.12435645610094,1
0.034875333309174,-0.2419465854764,-0.087304141372442,1
-0.082181543111801,-0.19503114372492,0.020664155483246,1
0.14551228284836,-0.25251436978579,0.03785016387701,1
-0.1041117310524,-0.093561876565218,0.056486062705517,1
-0.0019257664680481,-0.14935939759016,-0.07485543191433,1
-0.057736814022064,-0.031890578567982,-0.038830928504467,1
0.11759275197983,-0.098884179838933,-0.019011609256268,1
0.016244351863861,-0.17654474824667,-0.079258963465691,1
0.074409067630768,0.071369789540768,-0.035231105983257,1
-0.1912417113781,-0.046992111951113,0.016489244997501,1
-0.10734707117081,0.14799078553915,-0.037348411977291,0
-0.022028863430023,0.14512398093939,-0.015218764543533,1
-0.0043455958366394,-0.13959803059697,0.010966435074806,1
0.011344254016876,0.20404972881079,0.091436304152012,1
-0.1110135614872,0.015218041837215,-0.034219041466713,1
0.021974921226501,0.071703888475895,0.0066722854971886,1
0.17096203565598,0.25406461209059,0.040282659232616,1
0.10469424724579,0.19077592343092,-0.018536768853664,1
-0.083576917648315,0.26611154526472,-0.008032463490963,1
-0.12487012147903,0.017149157822132,-0.053705208003521,1
0.074955463409424,-0.24606681615114,0.15719682723284,1
-0.2266908288002,0.069740541279316,0.012615971267223,1
-0.018732368946075,0.058384619653225,-0.018749885261059,1
-0.064585834741592,-0.050475515425205,-0.051427446305752,1
0.045667171478271,-0.15746725350618,0.0458999350667,1
-0.16309633851051,0.1550272628665,0.1372609809041,1
0.10321444272995,-0.1906616538763,0.029814638197422,1
0.078104019165039,0.054114572703838,-0.019802965223789,1
0.067308306694031,-0.22378864139318,0.19176400452852,1
-0.16098162531853,0.084830887615681,0.12352437525988,1
-0.15234833955765,0.049825362861156,-0.099634759128094,1
0.17315644025803,0.14886977523565,0.11944169551134,1
0.090293347835541,-0.089577469043434,-0.039812512695789,1
-0.09023517370224,0.015955559909344,-0.041879594326019,1
0.031963646411896,0.080009572207928,-0.046373300254345,1
-0.12384390830994,0.090562753379345,0.015146158635616,1
0.02578729391098,-0.066623117774725,-0.0028571262955666,1
-0.022405385971069,0.065644554793835,-0.0061356201767921,1
0.12483721971512,-0.21535826474428,-0.022530853748322,1
0.041272461414337,-0.12129252031446,0.0001491978764534,1
-0.018332183361053,-0.17379050701857,-0.038964226841927,1
-0.081270784139633,0.24845945090055,0.12532021850348,1
-0.24311143159866,0.094195164740086,0.0035781338810921,1
-0.20243635773659,-0.069365797564387,0.076332680881023,1
-0.065138608217239,-0.13624065741897,0.056738518178463,1
0.046335875988007,-0.059736281633377,-0.0047249794006348,1
0.0099042057991028,0.063504211604595,0.0014267042279243,1
-0.033829987049103,-0.22946456819773,0.0079961568117142,1
0.045553863048553,-0.097787773236632,-0.026947446167469,1
0.19935840368271,0.23116966336966,0.011058263480663,1
-0.033906102180481,0.12120678275824,-0.053435184061527,1
0.045750737190247,-0.05471459031105,0.00015413761138916,1
-0.017625570297241,0.2310883924365,0.16298194974661,1
-0.018645584583282,0.099679596722126,-0.012556672096252,1
0.15827924013138,0.13991381973028,-0.050553195178509,1
-0.016656041145325,0.1402668133378,0.014400251209736,1
-0.11808586120605,0.13375443965197,-0.0098413303494453,1
-0.036774694919586,-0.084321102127433,-0.018068850040436,1
-0.021225154399872,0.062927059829235,0.0092664435505867,1
0.19257414340973,0.20298715680838,0.085721500217915,1
-0.13531816005707,0.016479097306728,0.004872627556324,1
0.028809726238251,-0.21617528796196,-0.058409534394741,1
0.068301379680634,-0.067942477762699,0.0085778012871742,1
-0.12075129151344,0.028020434081554,-0.060889877378941,1
0.14833050966263,-0.16832994669676,0.064645357429981,1
-0.085570156574249,0.076959975063801,-0.061509989202023,1
-0.026102840900421,0.26501747220755,0.10228610783815,1
-0.075215965509415,0.0048516839742661,-0.062205038964748,1
0.029379904270172,0.14421390742064,-0.091941278427839,1
-0.0044918060302734,-0.12892111763358,-0.045976556837559,1
0.17056828737259,-0.24144675582647,0.087212510406971,1
0.14358288049698,-0.1404344253242,0.082897253334522,1
0.072943866252899,-0.12174433469772,0.028171867132187,1
-0.0043434500694275,0.11327788978815,0.021451063454151,1
-0.15808972716331,0.012000247836113,-0.057899922132492,1
0.043040812015533,0.29335986822844,0.0048744156956673,1
-0.12185683846474,-0.019044227898121,-0.026961572468281,1
-0.060346364974976,0.16924079507589,0.028864353895187,1
-0.04270613193512,-0.092147988267243,-0.052142858505249,1
0.11052823066711,-0.24181518703699,-0.062901683151722,1
-0.13916981220245,0.11110153049231,-0.03523313254118,1
-0.071005582809448,-0.10870976559818,0.0033304467797279,1
0.15197920799255,-0.16540572792292,0.1081546023488,1
0.096522271633148,-0.14640818908811,0.058096438646317,1
-0.11930418014526,-0.083158856257796,0.012510947883129,1
0.057979881763458,-0.14855622127652,-0.054256327450275,1
0.024826943874359,-0.14212867245078,-0.060490354895592,1
-0.022271573543549,0.06648213416338,0.0050386860966682,1
0.15382701158524,-0.16822344064713,0.046579100191593,1
-0.12090891599655,-0.015892036259174,0.028433598577976,1
-0.08790186047554,0.20921655744314,0.18526745587587,1
0.037766933441162,0.26243948191404,0.050982378423214,1
0.039902210235596,-0.22816678136587,0.18030671030283,1
-0.085444569587708,0.20488592237234,0.18784395605326,1
-0.074399352073669,-0.039840087294579,-0.022658154368401,1
-0.10565668344498,-0.0009041503071785,-0.059894673526287,1
0.19269669055939,0.19815101474524,-0.0079397633671761,1
0.1233634352684,0.10873391479254,0.0019205436110497,1
-0.11968466639519,0.068824402987957,0.060695044696331,1
-0.13382169604301,0.22135087102652,-0.069460965692997,0
0.078710317611694,0.21820145100355,-0.032838724553585,1
-0.091394871473312,-0.18616629391909,0.14611781388521,1
0.087914347648621,-0.23581210523844,-0.046065427362919,1
-0.20585319399834,0.0098200142383575,0.16903962939978,1
-0.19668048620224,-0.07242713496089,0.13972442597151,1
0.18330138921738,-0.18282959610224,-0.088648088276386,1
-0.087761402130127,-0.1613710783422,0.1221132799983,1
-0.15800049901009,-0.097029353957623,0.01244380325079,1
0.099348843097687,-0.23835740238428,0.0085035935044289,1
-0.17841795086861,-0.01921272277832,-0.091065131127834,1
-0.087243288755417,0.076595418155193,-0.017211906611919,1
-0.043249905109406,0.22854571789503,0.122662730515,1
-0.15231531858444,-0.015094771981239,-0.097422786056995,1
-0.15255478024483,-0.16506460309029,-0.06866068392992,1
0.030184686183929,-0.1286061629653,0.022772662341595,1
-0.067899018526077,-0.017773747444153,-0.053938314318657,1
0.14975553750992,0.23937209695578,-0.007887601852417,1
-0.10342511534691,0.18540432304144,0.014812834560871,1
-0.12023511528969,0.03233452886343,-0.022981978952885,1
-0.15593048930168,0.1920747384429,0.1109052374959,1
0.063063502311707,0.075733877718449,-0.021714501082897,1
-0.20102277398109,-0.12046194449067,0.13081509619951,1
-0.048135757446289,0.117167763412,-0.07690916210413,1
-0.041885912418365,0.12273173779249,-0.038942538201809,1
0.06016731262207,0.068533979356289,-0.016092330217361,1
-0.14622920751572,-0.032809235155582,-0.023715548217297,1
0.16347622871399,-0.1488636508584,0.10655973106623,1
-0.011062264442444,0.22522433847189,0.059309981763363,1
-0.055607676506042,0.054587535560131,0.019991107285023,1
0.057532012462616,0.068847201764584,-0.019826181232929,1
-0.09942302107811,0.065296314656734,-0.029625080525875,1
-0.16978043317795,-0.04624642059207,0.13247191160917,1
-0.1527164876461,-0.045776095241308,-0.09871681407094,1
-0.1861666738987,-0.11889205500484,-0.069912493228912,1
-0.078484207391739,-0.17371358722448,0.19746021181345,1
0.17675131559372,-0.16518143564463,-0.002815954387188,1
0.018630087375641,0.13535360246897,-0.032418377697468,1
-0.031322777271271,-0.077226525172591,-0.036221489310265,1
-0.076939940452576,-0.18121000379324,0.15324098616838,1
0.11114090681076,0.17620678991079,0.055078350007534,1
-0.046217918395996,0.1670074686408,-0.0088825523853302,1
0.16086882352829,-0.1597367785871,0.12865047901869,1
-0.21927505731583,0.056223146617413,-0.04736565053463,1
-0.075686633586884,-0.18694027513266,0.013129830360413,1
0.020605385303497,0.13746992498636,-0.030171155929565,1
-0.11570832133293,-0.062452703714371,0.04077871888876,1
0.07704484462738,0.17414095252752,0.070531614124775,1
0.051123440265656,-0.20724222809076,0.077188946306705,1
0.085478007793427,-0.1577408798039,-0.00049965083599091,1
-0.093025922775269,-0.059158779680729,-0.063118577003479,1
-0.06605789065361,0.25954764336348,0.073654286563396,1
0.062795102596283,-0.20251739770174,0.21448970586061,1
0.10664397478104,0.17627983540297,-0.020998574793339,1
-0.13772296905518,0.020459815859795,-0.037518344819546,1
0.037634432315826,-0.082539698109031,-0.008447177708149,1
-0.13230133056641,0.076719857752323,-0.040614828467369,1
0.1325169801712,-0.12835235521197,0.063373796641827,1
-0.17268386483192,0.088758818805218,0.0027337148785591,1
0.11574417352676,0.23296063393354,0.12118915468454,1
0.097114384174347,0.16539981216192,-0.029483824968338,1
0.067073702812195,0.12194780260324,0.027588061988354,1
-0.068237274885178,-0.1404139213264,-0.063555151224136,1
0.039251387119293,-0.19911286234856,0.20966220647097,1
-0.025082945823669,-0.19393496960402,0.0030245557427406,1
-0.067373842000961,-0.22066156566143,0.039436914026737,1
-0.11291089653969,0.10532968491316,0.052525170147419,1
-0.083294212818146,-0.025190383195877,-0.025002256035805,1
-0.084189683198929,-0.019679419696331,-0.032727546989918,1
0.045547425746918,-0.085929658263922,0.0015457049012184,1
-0.2342377603054,-0.016921631991863,0.12711914628744,1
-0.10244792699814,-0.026923932135105,0.0027555748820305,1
0.023172855377197,0.11117761582136,-0.0050870329141617,1
-0.087091684341431,0.094903595745564,0.039172522723675,1
0.059977293014526,0.051075272262096,-0.016403175890446,1
0.086008071899414,0.097153149545193,0.0018871501088142,1
0.025228500366211,-0.098433164297603,0.0061361566185951,1
0.052622556686401,0.19250994175673,0.21821171790361,1
-0.037277817726135,0.13317371159792,0.0066036805510521,1
0.10881519317627,0.098733387887478,0.014780275523663,1
0.010451793670654,-0.21474086493254,0.15768959373236,1
0.047382593154907,-0.20062524825335,0.024165078997612,1
0.084880948066711,-0.092854680493474,0.011472709476948,1
0.077304840087891,0.17157452553511,0.021721571683884,1
-0.044514834880829,0.20000260323286,0.16154312342405,1
0.15730947256088,-0.25996013730764,0.03315781801939,1
0.039662718772888,0.19651179760695,0.023017451167107,1
-0.097488224506378,-0.045774672180414,0.035408951342106,1
-0.01754903793335,0.15314730256796,0.042483486235142,1
-0.075881093740463,-0.010335683822632,-0.030283637344837,1
0.0080105662345886,-0.10460068751127,-0.065331354737282,1
0.088474869728088,0.18709927052259,-0.0059770941734314,1
0.09888356924057,-0.15028538927436,0.058746039867401,1
-0.14491191506386,-0.18101189285517,0.10115138441324,1
0.17332273721695,-0.16487988829613,0.091407962143421,1
-0.015071094036102,-0.25994131714106,0.08929405361414,1
-0.12493589520454,-0.18090663850307,0.16177905350924,1
-0.066061615943909,-0.035643108189106,0.017776541411877,1
-0.067846298217773,-0.06141597032547,0.0081664696335793,1
-0.16753399372101,-0.096036015544087,0.13036746531725,1
-0.053093403577805,-0.15167165547609,0.019135028123856,1
-0.19452574849129,0.044957600533962,0.015149630606174,1
0.065655529499054,0.11568354815245,-0.011680625379086,1
0.02728408575058,0.10601966828108,-0.029987774789333,1
-0.07848858833313,0.16133960336447,0.0030409619212151,1
0.011408030986786,0.26154386252165,-0.066117763519287,1
-0.12436124682426,0.029565267264843,-0.067253194749355,1
-0.064042747020721,0.19425325840712,-0.02187180519104,1
0.072750568389893,0.070357792079449,0.0011243969202042,1
0.016103982925415,0.082303903996944,-0.01935139298439,1
-0.037511050701141,-0.028167828917503,-0.016240067780018,1
-0.093572676181793,-0.037172041833401,-0.040653936564922,1
-0.033385217189789,-0.050146523863077,-0.0089781209826469,1
-0.099936634302139,0.21322383731604,-0.0090804547071457,1
0.04879230260849,-0.094260383863002,0.012241028249264,1
-0.051695227622986,0.18742247670889,0.043315589427948,1
0.17548471689224,-0.15346965938807,0.196284301579,1
-0.013154566287994,-0.10840525943786,-0.053576618432999,1
-0.059154242277145,-0.055532831698656,-0.015424318611622,1
0.028427422046661,0.19538801163435,0.060720272362232,1
0.14447230100632,-0.21219997853041,-0.065123364329338,1
-0.19736456871033,0.10668639093637,-0.012586884200573,1
0.064054548740387,-0.09435360180214,-0.03195732831955,1
-0.10742941498756,-0.23910538107157,-0.012908145785332,1
-0.045814514160156,0.1281079724431,0.007462814450264,1
-0.061022192239761,-0.18125825375319,0.13081000000238,1
-0.13297501206398,0.17823442071676,0.17108587175608,1
0.051771581172943,0.13393781334162,0.038587667047977,1
-0.093532770872116,-0.21616452932358,0.091358371078968,1
0.16926634311676,-0.14375652000308,0.097712479531765,1
0.067474544048309,-0.074248548597097,0.018826015293598,1
-0.14575317502022,0.12312700599432,0.081219010055065,1
-0.16879957914352,-0.067363020032644,0.12731824070215,1
-0.22800615429878,-0.0095753371715546,0.057761438190937,1
-0.15245491266251,-0.0086822584271431,0.069846712052822,1
0.0077419281005859,-0.10472500603646,0.024746738374233,1
0.074966192245483,0.072715871036053,-0.032072015106678,1
-0.15392234921455,-0.14046036452055,-0.032146520912647,1
0.043919444084167,-0.19303573668003,0.014928564429283,1
0.10399508476257,0.26756825298071,0.085289143025875,1
-0.033078134059906,-0.27808950096369,-0.011582508683205,1
-0.23255702853203,0.1206986233592,0.082104869186878,1
-0.04858672618866,-0.036793455481529,-0.011727832257748,1
-0.042722523212433,0.2409498617053,0.1223111525178,1
-0.09661453962326,0.20405580848455,0.017357118427753,1
-0.0054413676261902,-0.11745420098305,-0.06359301507473,1
-0.20555087924004,-0.10402890946716,0.067035146057606,1
-0.14105421304703,-0.0048011466860771,0.056853763759136,1
-0.1090903878212,0.086934007704258,-0.079914189875126,1
0.034919440746307,0.16938429325819,0.035153292119503,1
-0.1196197271347,0.15125542134047,0.036510340869427,1
-0.065044730901718,-0.0095202326774597,0.0041339471936226,1
0.067734360694885,0.16179659217596,0.0050049498677254,1
-0.069375336170197,-0.015060767531395,0.0074894800782204,1
0.088329792022705,0.23828168958426,-0.046514622867107,1
0.0038950443267822,-0.23133043199778,0.12107694894075,1
0.013780534267426,0.2300513908267,-0.0094845294952393,1
-0.16744676232338,-0.14652904868126,0.087818659842014,1
0.04565966129303,0.13633321970701,-0.030073411762714,1
0.089339077472687,0.078223221004009,0.014399975538254,1
-0.062485992908478,0.043137587606907,0.0090602859854698,1
0.20083600282669,0.17628439515829,0.11262298375368,1
0.18253201246262,-0.23773603886366,-0.021757908165455,1
0.17522710561752,-0.19977994263172,0.16016358882189,1
-0.093061983585358,0.076268009841442,0.029297940433025,1
0.10592502355576,-0.098329358268529,0.02349466830492,1
0.12804144620895,0.24034240096807,0.13160582631826,1
0.071153223514557,0.26921796053648,0.016756616532803,1
-0.11675149202347,0.19068600982428,-0.044645436108112,0
-0.037919223308563,0.26022183150053,-0.055552370846272,1
-0.061532437801361,-0.043531112372875,-0.042811892926693,1
-0.050209760665894,0.19990225881338,0.11246357113123,1
-0.022454917430878,-0.13205163925886,-0.074568353593349,1
-0.20497876405716,-0.046332158148289,-0.094882223755121,1
0.067240953445435,0.24306239932775,0.0075957551598549,1
0.047934532165527,-0.15464879199862,-0.025162443518639,1
-0.13258272409439,0.074676029384136,0.021012596786022,1
-0.050208985805511,-0.017085164785385,-0.015111230313778,1
0.15614587068558,0.21792801469564,-0.056634090840816,1
-0.064066588878632,0.22383036464453,0.010490618646145,1
-0.16169416904449,0.047720782458782,-0.04289697855711,1
-0.021909713745117,-0.077686309814453,0.01093527674675,1
-0.22448292374611,0.1244089230895,0.024018310010433,1
0.14275288581848,0.25293155759573,0.0029151514172554,1
0.022807002067566,-0.2411512658,0.015781186521053,1
0.12077766656876,0.22667451947927,0.046654999256134,1
0.16696953773499,0.14901588112116,0.10418031364679,1
0.095335781574249,0.18622805923223,0.029448747634888,1
0.082526981830597,0.27955593913794,0.093975968658924,1
-0.045851469039917,0.075580649077892,0.020631246268749,1
-0.012092530727386,-0.17238748818636,0.019850306212902,1
-0.019786894321442,0.19797109812498,0.15261066704988,1
0.084118008613586,-0.11349888239056,-0.0021936967968941,1
0.01432329416275,-0.14183314889669,0.005608469247818,1
-0.050875395536423,0.19923331588507,0.046787768602371,1
0.098567485809326,-0.20165037363768,0.16312811523676,1
0.041175544261932,-0.087272020056844,0.0061236619949341,1
-0.015852510929108,-0.089794387109578,0.021640039980412,1
-0.19367519021034,0.13647345453501,-0.0016815140843391,1
0.085302710533142,0.12923242896795,-0.056197263300419,1
-0.060556828975677,-0.20942381024361,-0.071782141923904,1
-0.068502187728882,-0.13535189256072,-0.064935445785522,1
-0.039876401424408,0.25821628421545,-0.0083640590310097,1
-0.17480534315109,-0.013281248509884,-0.099008284509182,1
-0.13758134841919,0.13308403640985,-0.012212060391903,1
0.096439778804779,0.078150235116482,-0.021917335689068,1
-0.14439713954926,0.082735054194927,0.057387165725231,1
-0.069638848304749,-0.11555919982493,0.037310495972633,1
-0.13849809765816,-0.19198582321405,-0.035992696881294,1
-0.22233408689499,0.01993715018034,0.17160715907812,1
0.080647468566895,0.25238873809576,0.0974036231637,1
0.13591599464417,-0.18085734546185,-0.037120975553989,1
0.04583215713501,-0.21311759203672,0.037554778158665,1
-0.064254969358444,-0.1923468336463,-0.051553085446358,1
0.096249222755432,-0.097285457188264,-0.0098394677042961,1
0.099012315273285,0.14933236688375,-0.086280941963196,1
-0.14893966913223,-0.0090914145112038,0.075766615569592,1
0.0642169713974,0.047625564038754,-0.01782637834549,1
-0.13191998004913,-0.13109957054257,-0.019338048994541,1
-0.007964015007019,-0.16715199500322,-0.085632979869843,1
-0.079997777938843,0.24578507989645,0.0073046237230301,1
-0.13505661487579,0.0014845356345177,0.030848033726215,1
0.095646321773529,-0.14534528926015,-0.036454632878304,1
0.15526741743088,-0.13571169227362,-0.083181448280811,1
-0.091798096895218,-0.2076161801815,0.096517480909824,1
-0.11172971129417,0.14073012024164,-0.043133996427059,1
0.050571858882904,-0.14853182062507,0.024685204029083,1
-0.061685740947723,0.056940905749798,0.019250176846981,1
-0.017603635787964,-0.19546860456467,0.11409337073565,1
0.052263796329498,0.075309284031391,-0.0015610232949257,1
-0.19109499454498,0.14170587807894,0.052344880998135,1
-0.10055792331696,0.22166641801596,0.12400130182505,1
0.092983722686768,0.09236516803503,-0.015968427062035,1
0.12828087806702,0.16483130306005,-0.046151340007782,1
-0.072373449802399,0.023251488804817,0.00055452436208725,1
-0.05724436044693,-0.020557440817356,-0.013507537543774,1
-0.0075259208679199,0.074084080755711,0.014671467244625,1
0.031688868999481,0.060000471770763,-0.014970816671848,1
0.079419434070587,-0.08771874755621,-0.0091515854001045,1
-0.04031103849411,-0.184714846313,-0.037011712789536,1
-0.013339817523956,0.16538592427969,-0.056454569101334,1
0.20901864767075,-0.19134029746056,0.064160384237766,1
-0.059896260499954,-0.10796793084592,0.0070575699210167,1
-0.06315404176712,-0.19156505912542,0.13821797817945,1
0.060855269432068,0.19575806707144,0.087915875017643,1
-0.19650918245316,0.17273690551519,0.0071223303675652,1
0.13806283473969,0.19381796568632,-0.01113560795784,1
0.093965590000153,0.13093883544207,-0.042606204748154,1
-0.11511301994324,0.063825093209743,0.040882416069508,1
0.087990760803223,0.089783869683743,-0.046443864703178,1
0.083199083805084,-0.1258191075176,-0.014024943113327,1
-0.20611792802811,-0.069430693984032,0.09158369153738,1
0.040160000324249,-0.21319248527288,0.15883914381266,1
0.033780038356781,0.18277772516012,0.022322461009026,1
-0.13716572523117,0.10657457262278,-0.022749118506908,1
-0.03828364610672,-0.10825245641172,0.00085803866386414,1
0.098666310310364,-0.18851646780968,0.085320793092251,1
0.12600821256638,0.22899373620749,0.11696765571833,1
0.057133615016937,0.19015761464834,0.060656920075417,1
-0.11788335442543,-0.070670103654265,-0.076171912252903,1
-0.058444887399673,0.086238123476505,0.028363771736622,1
0.031129956245422,0.24700056761503,0.087320990860462,1
0.077182292938232,-0.16518174111843,-0.043550863862038,1
-0.078137785196304,-0.083312347531319,-0.02788432687521,1
0.19579440355301,-0.2324131205678,0.047901265323162,1
-0.092730760574341,0.0300118252635,0.030398689210415,1
-0.10555031895638,0.20772030204535,0.053697727620602,1
-0.051020622253418,0.0085133835673332,0.0091511383652687,1
-0.094623684883118,-0.18858718127012,-0.083092018961906,1
0.080518543720245,-0.21639239042997,-0.014450065791607,1
0.059203624725342,-0.2775998339057,0.10667420178652,1
-0.11395773291588,0.22579338401556,0.091182358562946,1
0.014749348163605,0.071794144809246,0.005641333758831,1
0.056939542293549,0.23307790607214,0.074951581656933,1
-0.11938765645027,0.011954821646214,0.018158532679081,1
-0.0044242739677429,-0.22400318831205,-0.049784198403358,1
-0.047214686870575,-0.039374832063913,-0.041045233607292,1
-0.13591051101685,-0.19106108695269,0.0087717622518539,1
-0.16325598955154,0.057872779667377,0.21663797646761,1
0.11551260948181,0.09038358181715,0.0077109709382057,1
0.11003166437149,-0.19875206053257,0.19910571724176,1
0.050713837146759,0.19365026801825,-0.054773822426796,1
-0.021208941936493,-0.13619550317526,-0.037018969655037,1
-0.26007243990898,0.073186732828617,0.011304385960102,1
0.044837176799774,-0.087004562839866,-0.0091451704502106,1
-0.16838216781616,0.021361641585827,0.21918726712465,1
-0.085741132497787,-0.066182341426611,0.0064944848418236,1
0.093142688274384,-0.094690973870456,-0.015971787273884,1
-0.2420506477356,0.06508419662714,-0.060392484068871,1
-0.10627833008766,-0.0022527948021889,-0.025600410997868,1
-0.11263158917427,0.0040394589304924,0.0047449097037315,1
-0.092762887477875,-0.047064237296581,-0.081859566271305,1
-0.16025513410568,-0.16069572046399,0.01783449202776,1
-0.15060466527939,0.10277672857046,0.17661664634943,1
0.080539464950562,0.12513617426157,-0.031893394887447,1
0.12324261665344,0.16472294181585,0.06029999256134,1
0.086734771728516,0.12673868983984,-0.012429274618626,1
0.067848563194275,0.081600122153759,-0.02969928830862,1
-0.20791518688202,0.10505224019289,0.024354659020901,1
-0.16213181614876,-0.12130574509501,-0.068751730024815,1
-0.2090100646019,0.033782802522182,0.02583684772253,1
-0.043729722499847,-0.25098741799593,-0.011419214308262,1
0.13700538873672,-0.13947322592139,-0.080821298062801,1
0.15457528829575,-0.12917219288647,-0.04740247875452,1
-0.22816455364227,-0.020378343760967,0.068361170589924,1
-0.044692575931549,0.077755846083164,-0.03160148113966,1
0.072888672351837,0.1119092926383,-0.056465290486813,1
-0.065477430820465,-0.11168174631894,-0.053191661834717,1
-0.15548956394196,0.078092165291309,0.11466947942972,1
0.19249767065048,-0.21410319209099,-0.066212646663189,1
-0.22766900062561,-0.045901596546173,0.15585724264383,1
-0.0021257996559143,-0.24794361740351,-0.059934757649899,1
0.087458074092865,0.11807019263506,0.036556482315063,1
-0.13879552483559,-0.13077306188643,0.11442994326353,1
0.09910649061203,0.26204370707273,0.12172371894121,1
-0.19490414857864,0.045299507677555,0.089373536407948,1
0.17458462715149,0.16975947469473,0.13585943728685,1
-0.04299408197403,-0.096243519335985,0.018532618880272,1
-0.058868378400803,-0.054792732000351,0.023930095136166,1
-0.23479160666466,0.10823301225901,-0.016826622188091,1
0.059531986713409,0.13945873826742,-0.090431611984968,1
-0.027704417705536,-0.0067374706268311,0.0047261789441109,1
-0.064654678106308,-0.050564933568239,0.021216325461864,1
-0.0686174929142,0.23356636613607,0.1126943603158,1
0.10908424854279,0.11451684683561,0.02220056951046,1
0.039128720760345,-0.20551756024361,0.12066084891558,1
0.04703962802887,0.28251492232084,0.0551852658391,1
-0.064120084047318,0.025503687560558,-0.038068637251854,1
-0.13138327002525,-0.1542895026505,-0.088622741401196,1
-0.019254148006439,0.19667764753103,0.20564157515764,1
0.006148636341095,-0.089889185503125,-0.0086365640163422,1
0.087141811847687,-0.21871113032103,0.059029661118984,1
-0.11232107877731,0.19694518297911,0.12800491601229,1
-0.064563095569611,0.20177098363638,0.13667229562998,1
-0.13367414474487,-0.013249166309834,-0.039548203349113,1
-0.16176569461823,-0.030962005257607,0.011366941034794,1
0.11647766828537,-0.23224548250437,-0.051655061542988,1
-0.092963576316833,-0.0026685371994972,0.030610628426075,1
-0.092245936393738,-0.18526726961136,-0.010596446692944,1
0.17146784067154,0.19546564668417,0.16499362140894,1
-0.016974747180939,-0.13061077147722,0.04088718444109,1
0.013730108737946,-0.22617513686419,-0.085898704826832,1
-0.057008385658264,0.039342798292637,-0.037758558988571,1
0.10833793878555,-0.13924938067794,-0.012298673391342,1
-0.24405571818352,0.010687366127968,0.10279405862093,1
0.024743854999542,0.07839410752058,0.013366758823395,1
-0.093467891216278,-0.019152417778969,-0.042981907725334,1
0.090526044368744,0.18188168853521,0.045070968568325,1
-0.060856699943542,-0.055221408605576,0.023718200623989,1
-0.12449771165848,-0.12628034316003,-0.086730785667896,1
-0.087860941886902,-0.025642886757851,-0.066150397062302,1
-0.13386791944504,0.21430840343237,0.09606958180666,1
-0.0010741949081421,0.19351654499769,0.0064464285969734,1
-0.16600081324577,-0.090851525776088,-0.094746552407742,1
-0.064104199409485,0.12080062180758,-0.030257888138294,1
0.08783370256424,0.28655474632978,0.015987403690815,1
0.026663839817047,0.2425294443965,0.027042679488659,1
0.042346239089966,-0.081822067499161,-0.024469330906868,1
-0.20443743467331,0.15768381208181,-0.0061211362481117,1
0.054501235485077,0.14934655278921,0.046670816838741,1
0.11352396011353,0.090760253369808,-0.055496670305729,1
-0.08917048573494,-0.00095529109239578,-0.0083141997456551,1
-0.12536045908928,-0.10987578053027,0.023906223475933,1
0.043400764465332,0.20269679278135,-0.014933340251446,1
-0.18958732485771,-0.16865894198418,-0.059614352881908,1
-0.050822615623474,-0.072714230045676,0.010186918079853,1
-0.15125638246536,0.22237881273031,-0.01812506467104,1
-0.061508893966675,0.071530126035213,-0.072866216301918,1
-0.1287499666214,-0.050686214119196,-0.070101171731949,1
0.18801075220108,0.16519924253225,0.14417553693056,1
0.021683633327484,-0.23155897110701,-0.037076354026794,1
0.09800511598587,-0.075346855446696,0.010929770767689,1
0.096654832363129,0.25445770472288,0.12256032973528,1
0.040573537349701,-0.17917718738317,0.013477675616741,1
-0.19734287261963,-0.091752980835736,0.066250033676624,1
0.023973941802979,-0.29606012254953,0.029712505638599,1
0.055937647819519,0.28180136531591,0.011296160519123,1
0.13038319349289,0.14068514853716,0.061914920806885,1
0.051821768283844,-0.26316779106855,0.080719657242298,1
-0.1708151102066,-0.11020243354142,0.048054330050945,1
-0.029871225357056,-0.28449074178934,0.084166847169399,1
-0.052253872156143,-0.096365178003907,0.02667111158371,1
-0.1498726606369,-0.10112729948014,-0.022532567381859,1
-0.077207207679749,0.090153194963932,0.012649737298489,1
0.079260587692261,-0.17420130968094,0.086386792361736,1
-0.044856488704681,0.035316161811352,-0.0095905587077141,1
-0.1267392039299,-0.018182367086411,-0.003128819167614,1
-0.07545217871666,0.19572403281927,-0.026207663118839,0
0.01524829864502,-0.067991945892572,0.0023931264877319,1
0.080831348896027,-0.09585580136627,-0.053697846829891,1
-0.10573223233223,-0.047146756201982,-0.053637683391571,1
0.022066414356232,0.2104899212718,0.18904880434275,1
0.14087146520615,-0.20269034802914,0.14414922147989,1
0.080623626708984,-0.059527572244406,-0.0093289688229561,1
0.093540728092194,0.13337587565184,-0.013875730335712,1
0.088974833488464,0.064753316342831,0.012763537466526,1
-0.073784202337265,-0.1691602692008,0.026220574975014,1
-0.087144941091537,-0.18142291903496,-0.048092775046825,1
0.1845189332962,0.16546430438757,0.087144665420055,1
0.010511100292206,-0.15370487421751,0.029833652079105,1
0.039139926433563,0.082498095929623,-0.00050448626279831,1
0.017365694046021,0.11353393644094,-0.067195124924183,1
-0.1552532017231,-0.062849435955286,-0.054721035063267,1
0.058549880981445,0.22059842199087,-0.090389750897884,1
-0.052164018154144,0.050192199647427,-0.0068706050515175,1
0.014914691448212,-0.13459901511669,-0.043824277818203,1
-0.0034857392311096,-0.08680047467351,0.0024406611919403,1
-0.12723767757416,-0.12222788482904,-0.00018227845430374,1
-0.16276147961617,-0.14886413514614,-0.061103455722332,1
0.0046883225440979,0.07410704344511,-0.0031458809971809,1
-0.16736710071564,0.20549800246954,-0.025953464210033,1
-0.043062567710876,0.15403496474028,0.010193288326263,1
0.0042012333869934,0.24269457906485,0.17464906722307,1
0.0092278122901917,-0.20665431767702,-0.071595571935177,1
-0.10306107997894,0.10499059408903,-0.097607366740704,1
0.082450151443481,-0.08346563577652,0.019834347069263,1
0.074127495288849,0.066906623542309,-0.019713841378689,1
0.059480488300323,-0.10862548463047,0.020733751356602,1
-0.04691869020462,0.062148071825504,-0.027324341237545,1
-0.11344414949417,0.1252658739686,-0.020388923585415,1
0.060538649559021,0.1519452854991,-0.019556544721127,1
0.034956157207489,-0.13850545138121,0.02243210375309,1
-0.19120162725449,-0.033509612083435,0.14707564562559,1
-0.20123881101608,0.052481465041637,-0.0044353976845741,1
-0.15422421693802,-0.069023955613375,-0.049016661942005,1
0.02266651391983,0.12871522456408,-0.0044667944312096,1
0.086418569087982,-0.11029260139912,-0.015223771333694,1
-0.059323400259018,0.0038694366812706,0.006061814725399,1
-0.045135676860809,-0.10858448501676,-0.07977506518364,1
-0.01354455947876,-0.22259508818388,0.06930835545063,1
0.1652689576149,-0.18355675786734,0.099458374083042,1
-0.056289225816727,-0.042693302035332,-0.048557564616203,1
-0.19231742620468,-0.15277691185474,0.02253570407629,1
0.034416437149048,0.06671529263258,-0.015800334513187,1
-0.035594999790192,0.11343882232904,-0.049441017210484,1
-0.14123427867889,0.13795862346888,0.015443168580532,1
0.00073426961898804,-0.076742885634303,0.010796256363392,1
0.21173626184464,0.20902272313833,0.012951828539371,1
-0.028486013412476,0.032678969204426,-0.010696060955524,1
-0.030054330825806,-0.16038064286113,0.043702535331249,1
-0.077461719512939,0.019790470600128,0.019988708198071,1
-0.018820226192474,-0.087887693196535,-0.0055588558316231,1
-0.002467930316925,-0.1395252533257,0.012739643454552,1
-0.070862501859665,-0.043884560465813,-0.0024511143565178,1
-0.022474229335785,0.14749615639448,-0.004279226064682,1
-0.028213560581207,0.13835567981005,-0.01640098541975,1
-0.19490551948547,0.10710927098989,0.041985161602497,1
0.085348665714264,-0.074835246428847,0.0092668756842613,1
0.031556904315948,-0.12630648910999,0.014386616647243,1
0.046729803085327,-0.059594612568617,-0.0018281564116478,1
0.15473318099976,-0.13391375541687,0.061710216104984,1
0.00077927112579346,-0.20355793088675,-0.012353874742985,1
-0.042062520980835,0.11230268329382,0.030082635581493,1
0.15107643604279,0.21071758121252,-0.02675736695528,1
-0.010205030441284,-0.10064648545813,-0.055711835622787,1
-0.075141727924347,0.18880169838667,0.059258304536343,1
-0.14846968650818,-0.17201883345842,0.037588126957417,1
-0.046005547046661,-0.2818581238389,0.068965785205364,1
0.08434671163559,-0.17518219351768,-0.054323472082615,1
0.12857162952423,0.20287775248289,0.060222789645195,1
-0.064333468675613,-0.028171636164188,-0.020387060940266,1
0.0080868601799011,-0.10085094021633,0.02196154743433,1
-0.23459520936012,-0.1191668882966,-0.029216684401035,1
-0.06235271692276,0.079073540866375,-0.035814963281155,1
0.09022855758667,0.0932751968503,-0.058409042656422,1
-0.17410427331924,-0.061699852347374,0.076777286827564,1
-0.20793089270592,0.088839672505856,0.079700402915478,1
0.05390739440918,0.072364754974842,-0.039401493966579,1
-0.021251559257507,0.15702363103628,-0.091106951236725,1
-0.016559660434723,0.19382088631392,0.21747512370348,1
-0.039133191108704,0.15781529992819,0.013156101107597,1
-0.035905539989471,0.080081351101398,-0.035418577492237,1
-0.079630315303802,0.13114044815302,0.010336689651012,1
-0.032180726528168,-0.099764116515871,0.026330858469009,1
-0.11167907714844,0.22081648558378,0.11479984968901,1
-0.03798520565033,0.15884318202734,-0.029124110937119,1
0.075290501117706,-0.071343809366226,-0.023426689207554,1
-0.18176391720772,-0.023652374744415,0.10427417606115,1
-0.098615288734436,-0.090934870764613,0.035386957228184,1
-0.08324122428894,0.054857946932316,-0.013169355690479,1
-0.097702443599701,-0.13271803408861,-0.0071713998913765,1
0.10143554210663,-0.16693826019764,-0.026867903769016,1
-0.016857624053955,-0.062321804463863,-0.016168273985386,1
0.1157203912735,-0.17590252310038,-0.048955984413624,1
0.10076552629471,0.22089295834303,0.1108380779624,1
0.16726505756378,0.15014561265707,-0.056814752519131,1
-0.19190374016762,0.0068097189068794,0.19770783931017,1
-0.14192387461662,0.1268065944314,0.053338952362537,1
0.023477435112,-0.061242435127497,-0.01127440482378,1
-0.059130519628525,-0.019416779279709,-0.0025543347001076,1
-0.053817927837372,-0.097611519508064,-0.038355842232704,1
-0.042229175567627,-0.039316546171904,-0.043756544589996,1
0.030182540416718,-0.14935989677906,0.038952969014645,1
-0.011942267417908,0.17066811770201,-0.00092340260744095,1
0.063872992992401,0.07574301213026,0.017419911921024,1
-0.064990192651749,-0.14779345691204,-0.099294118583202,1
0.040175139904022,-0.058830413967371,-0.0098055377602577,1
-0.13277411460876,0.028640441596508,-0.073491670191288,1
0.055855810642242,0.077331461012363,-0.036805897951126,1
0.18553704023361,0.17513480037451,0.0051376894116402,1
0.090679585933685,-0.23384272307158,-0.088896572589874,1
0.093286335468292,-0.1725108474493,0.039772495627403,1
0.14990192651749,0.23330485075712,-0.047290615737438,1
-0.20403987169266,-0.043266747146845,0.18894987553358,1
-0.10883459448814,-0.21276793628931,0.038863480091095,1
0.13938474655151,-0.1438884884119,0.08269052952528,1
-0.021360754966736,0.22128187865019,0.020300053060055,1
0.15314584970474,0.16948270052671,0.099725641310215,1
-0.04218327999115,0.11645863205194,-0.019330218434334,1
0.13741147518158,-0.17622060328722,0.14854291826487,1
-0.18831551074982,0.025503389537334,0.13463402539492,1
0.023029685020447,-0.27803168445826,-0.059185333549976,1
-0.12034201622009,0.043124355375767,-0.048190079629421,1
-0.16259962320328,0.011538118124008,0.060220204293728,1
0.042202830314636,-0.10257334983908,0.022640310227871,1
0.08033698797226,-0.095697642304003,-0.024990648031235,1
-0.072842448949814,0.19567682594061,0.052364327013493,1
-0.039297044277191,0.040586687624454,-0.037140972912312,1
-0.2149210870266,-0.10703986464068,0.13507657498121,1
0.032295763492584,-0.24188780039549,0.13850203901529,1
0.01368635892868,0.069541625678539,-0.0015714392066002,1
0.07168573141098,0.1081268414855,-0.067057505249977,1
0.053699433803558,-0.26536115258932,0.065496660768986,1
-0.028342187404633,-0.068456199020147,0.010932117700577,1
-0.083822697401047,0.16782280057669,-0.0070785507559776,1
0.065317034721375,0.0703259781003,-0.0082211345434189,1
0.053289413452148,0.24400924891233,-0.03211934119463,1
0.091977059841156,-0.24942869693041,0.026723846793175,1
0.05819183588028,-0.064059183001518,-0.033550344407558,1
-0.094537079334259,0.10250151902437,-0.046102933585644,1
-0.091026574373245,0.23201670497656,-0.071363493800163,0
-0.044054329395294,-0.18001233786345,0.10740511864424,1
-0.20783942937851,-0.13384824618697,0.034774251282215,1
-0.21825248003006,0.062895067036152,0.11666100472212,1
-0.0087692141532898,-0.093609070405364,-0.053025834262371,1
-0.24149125814438,-0.052814926952124,0.12885732203722,1
-0.19651305675507,-0.092271208763123,0.15617764741182,1
0.03159511089325,-0.065745051950216,0.0033632069826126,1
0.032211601734161,0.23536201566458,0.10912603884935,1
0.0065220594406128,-0.13957556709647,-0.0850545540452,1
0.013022422790527,-0.21640389412642,0.010295383632183,1
-0.08630245923996,-0.056130606681108,-0.026866532862186,1
-0.08979344367981,-0.20845528692007,0.016617611050606,1
0.12188476324081,0.19102659076452,-0.08561734110117,1
0.0098415613174438,0.12945058196783,-0.043549299240112,1
-0.1519832611084,0.22548427432775,0.03264669328928,1
0.060649573802948,-0.14572832360864,0.013456754386425,1
0.074707210063934,0.15325614064932,-0.0019959285855293,1
-0.19338762760162,0.059089832007885,0.16161968559027,1
-0.20557031035423,-0.039063930511475,-0.014097146689892,1
-0.02423506975174,0.2188038751483,-0.044212348759174,1
0.014753401279449,-0.27086601406336,0.036127522587776,1
-0.19875913858414,0.02881845086813,0.045236818492413,1
-0.17432898283005,-0.10917080193758,0.017216794192791,1
0.068723618984222,-0.078477459028363,0.009716659784317,1
0.16116040945053,-0.16381975263357,0.19836623221636,1
0.096390843391418,0.12636249512434,-0.0095194429159164,1
0.01500678062439,0.11061825603247,-0.056105077266693,1
-0.022312998771667,0.079115979373455,-0.012616910040379,1
-0.13122117519379,0.13463716953993,0.14677714556456,1
-0.0049430727958679,0.13255693763494,-0.061136044561863,1
-0.12575346231461,0.031131274998188,0.053323455154896,1
0.030555784702301,0.23862781375647,0.024350762367249,1
-0.025895178318024,-0.035189934074879,-0.0059327855706215,1
0.15512883663177,0.13472477346659,-0.053033255040646,1
-0.14528539776802,-0.11915371194482,-0.080090828239918,1
-0.093476682901382,-0.13614968582988,0.0081240460276604,1
-0.0940220952034,0.13277458399534,-0.054334782063961,0
-0.028316259384155,0.25281115621328,0.098196156322956,1
0.048456072807312,-0.20005384832621,0.084128968417645,1
-0.21865472197533,0.096483312547207,0.055819056928158,1
-0.17276653647423,0.002063661813736,-0.068014234304428,1
-0.2147724032402,0.11414227634668,0.10529591888189,1
0.067392230033875,-0.21124073117971,0.057579763233662,1
-0.13327825069427,0.24465831369162,0.00058060139417648,1
0.017058253288269,-0.12120580859482,-0.073849909007549,1
-0.15607637166977,-0.090863777324557,0.077396847307682,1
-0.12209457159042,-0.19117048382759,-0.013090021908283,1
0.067272663116455,0.080129615962505,-0.0097099468111992,1
-0.014210343360901,0.24742882698774,-0.08109912276268,1
0.14032524824142,-0.11493910849094,0.021279700100422,1
0.086349964141846,0.23502942174673,-0.069420084357262,1
-0.017688095569611,-0.22609703987837,0.15721219033003,1
-0.11164993047714,-0.24627601355314,0.030802667140961,1
-0.033039212226868,-0.2250714674592,0.15856990963221,1
2.6822090148926e-06,-0.25255931168795,0.11669359356165,1
0.19400858879089,0.17193063348532,0.026619769632816,1
-0.14164972305298,-0.027846835553646,-0.055574230849743,1
-0.082204401493073,0.084614537656307,0.033251993358135,1
-0.1486876308918,-0.12904611229897,0.01568116992712,1
-0.03557288646698,0.08715482801199,0.0015116706490517,1
-0.0037851929664612,-0.05621487647295,0.0039908140897751,1
0.017160892486572,-0.20886451005936,0.20502767711878,1
-0.11226978898048,0.15049519389868,-0.058952875435352,1
-0.0073419809341431,-0.20600026845932,0.13093923777342,1
-0.25725692510605,0.044671408832073,-0.016407109797001,1
0.059116065502167,-0.047505624592304,-0.0074424967169762,1
-0.015551805496216,-0.22749029844999,0.15468005090952,1
-0.07018631696701,0.04513181000948,-0.0026601031422615,1
-0.029249548912048,0.17024456709623,-0.045648075640202,1
-0.12892845273018,0.17428212612867,8.0093741416931e-06,1
0.14055633544922,-0.12966510280967,-0.019783921539783,1
0.093670785427094,0.20561241358519,0.071879871189594,1
-0.15469145774841,-0.12201135233045,-0.068050883710384,1
-0.13627862930298,-0.029135271906853,0.0059685334563255,1
0.000987708568573,0.075080342590809,0.00042761862277985,1
-0.097057312726974,-0.027121618390083,0.030751384794712,1
-0.059477180242538,-0.10155206266791,-0.024065762758255,1
0.16971379518509,0.16517578810453,0.16124931722879,1
0.069920659065247,0.17013787478209,-0.035662487149239,1
-0.10668644309044,0.19358991831541,-0.069792158901691,0
0.02554589509964,-0.057207722216845,-0.0014180168509483,1
-0.086955159902573,0.046740449965,-0.067437745630741,1
-0.041233479976654,-0.025403335690498,-0.018972046673298,1
0.011449694633484,-0.25842212885618,0.1234764829278,1
0.17869222164154,0.16804077476263,-0.020817704498768,1
-0.15903264284134,-0.15094058215618,0.13158861547709,1
0.054938971996307,-0.14033577218652,0.0044205412268639,1
-0.032847344875336,0.012557327747345,-0.00061992555856705,1
-0.13638880848885,0.11712690442801,-0.058897145092487,1
-0.049929201602936,-0.059918876737356,0.0077807679772377,1
-0.047926366329193,-0.18039992451668,-0.085255861282349,1
-0.050457179546356,0.17202784866095,0.095517195761204,1
-0.031426727771759,-0.035138919949532,-0.021457187831402,1
-0.11992493271828,0.22518952935934,-0.057792000472546,0
-0.0014537572860718,0.12837617844343,-0.042382381856441,1
-0.029432237148285,0.056477271020412,-0.02269684523344,1
-0.10550093650818,0.0074463859200478,-0.028840281069279,1
0.10187524557114,-0.078461909666657,-0.057712368667126,1
-0.167699187994,-0.003603383898735,0.071945942938328,1
-0.043938338756561,-0.10320730600506,-0.056716844439507,1
0.12251096963882,0.25773002952337,0.10165157169104,1
-0.13520857691765,-0.19478636980057,0.05581396818161,1
-0.08941575884819,0.090401284396648,0.028241716325283,1
-0.055890053510666,0.14473428577185,-0.0058059394359589,1
-0.13525599241257,-0.13747566193342,0.021959789097309,1
0.048308789730072,-0.1034221847076,-0.068793341517448,1
0.068201541900635,0.195605866611,0.21716669946909,1
-0.059258759021759,0.23419304937124,0.071394540369511,1
-0.21452131867409,0.1396394148469,-0.053363747894764,1
0.054084718227386,-0.16142616048455,-0.036998942494392,1
0.030519545078278,-0.20465608686209,-0.09149631857872,1
-0.235341578722,-0.091782534494996,0.1098483428359,1
-0.083787262439728,0.05080496519804,-0.010724388062954,1
0.021398544311523,0.06513088196516,-0.00099794566631317,1
-0.046165645122528,-0.019358366727829,0.0015010014176369,1
-0.019044816493988,-0.19648940116167,0.014528729021549,1
-0.099889159202576,0.21619506925344,-0.033704914152622,0
-0.038634598255157,-0.041077714413404,-0.0023779347538948,1
-0.20024442672729,-0.0038961246609688,0.18704714626074,1
-0.050337970256805,-0.047425325959921,-0.02331966906786,1
-0.089942425489426,0.1610859259963,-0.04779938608408,0
-0.007785439491272,-0.22385070472956,-0.028682857751846,1
-0.10654848814011,0.19763430207968,0.1260239854455,1
-0.0019856095314026,0.08702477067709,-0.015621170401573,1
-0.048814654350281,-0.20050639659166,0.13553570955992,1
-0.17982548475266,0.041298590600491,0.043146885931492,1
-0.14603501558304,-0.12915648333728,-0.055810146033764,1
-0.19318419694901,0.034065283834934,0.14107336848974,1
-0.19767320156097,0.1470265313983,-0.021173022687435,1
-0.12906116247177,0.080265529453754,-0.074371233582497,1
-0.039002418518066,-0.1257804967463,-0.034860894083977,1
0.17834264039993,-0.17458000779152,0.01889806240797,1
-0.1955794095993,0.011958561837673,0.12419112771749,1
-0.062194108963013,0.024122782051563,-0.01696302741766,1
-0.033300757408142,0.19078778475523,-0.0065968036651611,1
0.18696713447571,-0.22749150544405,0.075019545853138,1
-0.02237856388092,0.15326955169439,0.0048335120081902,1
0.025037944316864,0.26219200342894,-0.02843501418829,1
0.088055729866028,0.17271902412176,0.047889895737171,1
-0.032798647880554,0.05339065939188,-0.033913262188435,1
0.14633351564407,-0.26813895255327,0.0055292099714279,1
0.062386989593506,-0.045805081725121,-0.0052402690052986,1
0.010425865650177,-0.27216588705778,0.059254862368107,1
-0.093110114336014,-0.13420534133911,-0.042121611535549,1
-0.040706157684326,-0.061867758631706,-0.0069979801774025,1
-0.21230646967888,-0.01742734760046,0.040000416338444,1
-0.049485146999359,0.0026173517107964,-0.017162226140499,1
0.11082249879837,0.10508734732866,-0.077592171728611,1
-0.10550558567047,0.02604217082262,-0.070873767137527,1
0.078055799007416,-0.15257977694273,-0.074004821479321,1
-0.0012357831001282,0.1976722702384,0.022332213819027,1
-0.0047553181648254,-0.095688509754837,0.015638254582882,1
0.06300550699234,-0.089387139305472,0.0029023960232735,1
-0.068886786699295,0.14590462297201,-0.076441161334515,1
-0.061426937580109,0.27389224618673,0.039394035935402,1
-0.16513532400131,0.0049125701189041,-0.085767284035683,1
-0.010156512260437,-0.28524497896433,0.062067113816738,1
-0.038980782032013,-0.054805763065815,0.0127357468009,1
0.17480760812759,0.1497555449605,0.14189488440752,1
-0.046819150447845,-0.0087128281593323,0.00042421370744705,1
-0.10527914762497,-0.13503681123257,0.091369040310383,1
-0.0083410739898682,0.13494633883238,-0.02049309015274,1
-0.0082249045372009,-0.060749720782042,0.006246916949749,1
-0.14704245328903,-0.13210356608033,0.041039057075977,1
-0.25607413053513,0.020674422383308,0.001671276986599,1
0.059691250324249,-0.088276390917599,0.008924625813961,1
-0.14904659986496,0.07181803137064,-0.026024460792542,1
0.060053884983063,-0.074778789654374,-0.046903647482395,1
-0.082486808300018,0.26333918422461,0.039940536022186,1
0.04228001832962,0.1904359087348,0.021270580589771,1
-0.054754883050919,-0.0088259056210518,-0.028612084686756,1
-0.058501780033112,-0.052771579474211,-0.023398108780384,1
0.047040998935699,0.1781427487731,0.036965377628803,1
-0.13740003108978,-0.15592954680324,0.1032679900527,1
0.0485600233078,-0.17586731165648,-0.014942698180676,1
0.019322752952576,-0.096608606167138,0.014791041612625,1
-0.069838166236877,-0.015991523861885,0.014356128871441,1
-0.031818151473999,-0.20371517539024,-0.042260363698006,1
0.077995598316193,-0.18104322999716,0.021517276763916,1
-0.12847566604614,0.0010863766074181,-0.088881798088551,1
-0.05617955327034,-0.13882115110755,-0.067484714090824,1
0.060923278331757,-0.28592523187399,-0.02192996442318,1
-0.070418119430542,-0.0072848796844482,-0.063516892492771,1
-0.052818566560745,0.26486542075872,0.1038505807519,1
0.16987162828445,0.14464475959539,0.17649403959513,1
0.10052436590195,0.15146308392286,-0.046610079705715,1
0.0092210173606873,-0.072364712134004,-0.012086465954781,1
-0.016278445720673,-0.15333516523242,-0.0039524286985397,1
0.083377659320831,0.1806118413806,-0.020636357367039,1
0.0072924494743347,-0.23117283731699,-0.023238584399223,1
-0.1324654519558,0.10756493359804,-0.056118078529835,1
-0.22820743918419,0.020449407398701,0.07924460619688,1
0.040812969207764,0.21102198213339,-0.045403927564621,1
0.088691294193268,-0.13660724461079,0.0010731294751167,1
-0.17213839292526,0.15986718982458,0.0031160935759544,1
-0.18370345234871,-0.073297284543514,0.032119534909725,1
-0.16384592652321,-0.068374037742615,0.03876069933176,1
-0.028135001659393,0.04240445047617,0.00035446137189865,1
-0.069707483053207,-0.25314851850271,-0.025390394032001,1
0.073464095592499,-0.053478803485632,0.0068306103348732,1
-0.16067156195641,-0.11316647659987,0.11344816535711,1
-0.16217640042305,-0.096660842420533,0.049667470157146,1
0.081360161304474,-0.074320884421468,-0.0092932507395744,1
0.049869358539581,-0.2528043910861,-0.012769378721714,1
0.075802445411682,-0.074960816651583,0.017125524580479,1
-0.25346094369888,-0.020542293787003,0.053677968680859,1
0.073771178722382,-0.092374656349421,0.01628253608942,1
-0.087290465831757,-0.082299230620265,-0.08021541684866,1
-0.1504211127758,0.024146378040314,0.072265423834324,1
-0.2250035405159,0.1557080373168,0.018327943980694,1
-0.20749273896217,-0.072331639006734,0.061262242496014,1
0.10399556159973,0.24367993324995,-0.042765684425831,1
0.087998688220978,-0.19797361642122,0.049628496170044,1
-0.092675238847733,-0.24125159531832,0.014329046010971,1
0.075502514839172,-0.25178984552622,0.11193788796663,1
0.095919072628021,-0.098519831662998,-0.015065111219883,1
0.16696888208389,-0.16889798641205,0.051684699952602,1
-0.11113554239273,-0.071799866855145,-0.040134884417057,1
0.068054258823395,-0.068573415279388,0.0091859474778175,1
-0.14978367090225,-0.05842062458396,0.038789756596088,1
-0.19219580292702,-0.086649945005774,-0.048091791570187,1
0.083455860614777,-0.21348531544209,-0.044265039265156,1
0.052711546421051,-0.2724692299962,0.058257460594177,1
0.039495527744293,0.22445496171713,0.16770104318857,1
0.2085525393486,0.19942709058523,-0.049840830266476,1
0.12027913331985,0.10601606220007,0.011678896844387,1
0.060090363025665,-0.057412311434746,-0.0078826919198036,1
-0.067297130823135,-0.12753991223872,-0.015663363039494,1
-0.075731784105301,0.1404919102788,-0.022027887403965,1
-0.15249490737915,-0.099055596161634,0.098757900297642,1
-0.052909910678864,-0.17157424986362,0.063797630369663,1
-0.010211765766144,-0.11359957698733,-0.053078927099705,1
0.14469128847122,0.25944735854864,0.057520352303982,1
0.07390683889389,-0.16445390880108,-0.022217482328415,1
-0.14679810404778,-0.14682505279779,-0.075459875166416,1
-0.0616814494133,-0.022199459373951,-0.042554087936878,1
-0.037494122982025,-0.11226755287498,0.030017465353012,1
0.042169630527496,0.12103282660246,-0.056093826889992,1
-0.21481409668922,0.086629398167133,0.11762874573469,1
0.01146537065506,0.10971044749022,-0.023541010916233,1
0.065566122531891,-0.081544859334826,0.0038318112492561,1
-0.23138451576233,-0.0061521455645561,0.10661802440882,1
-0.095838397741318,-0.037494741380215,-0.015219561755657,1
-0.16729924082756,0.055074982345104,0.0140096321702,1
0.019254148006439,-0.10227008257061,-0.042786985635757,1
-0.093851447105408,-0.1529214642942,-0.01095013320446,1
0.050261080265045,0.2586010619998,-0.078455790877342,1
0.073328673839569,-0.11730938591063,-0.059480674564838,1
0.062643349170685,-0.082753909751773,0.014180846512318,1
-0.013179361820221,-0.0584397315979,0.0026240944862366,1
-0.20833212137222,-0.04742431640625,-0.012597374618053,1
-0.064090877771378,0.055742733180523,0.022791884839535,1
-0.10434639453888,-0.12585865333676,-0.028471432626247,1
0.011431992053986,-0.085618458688259,0.0091166347265244,1
0.13486486673355,-0.11051549762487,-0.0033649876713753,1
-0.040673911571503,-0.22027707844973,0.11964780837297,1
0.04674905538559,-0.18899843841791,0.0072181522846222,1
0.14035111665726,-0.17021834850311,0.21282691508532,1
-0.04914778470993,-0.082569997757673,0.021167270839214,1
0.10471177101135,-0.19957456737757,0.066347748041153,1
-0.096270233392715,-0.033902280032635,-0.070818372070789,1
0.16265046596527,0.13985075801611,0.072000689804554,1
-0.042149603366852,-0.1850607842207,0.2119417861104,1
-0.059119284152985,0.19910647720098,0.20601937919855,1
-0.057906866073608,-0.049811623990536,-0.05898654460907,1
-0.13516053557396,-0.12765551358461,0.18526930361986,1
-0.15664109587669,-0.035008333623409,0.07668349891901,1
0.010888755321503,-0.24299082905054,0.053783386945724,1
-0.063162297010422,-0.18235592544079,0.21697295457125,1
-0.032203912734985,0.1420120075345,0.024159818887711,1
0.056898653507233,0.16749962419271,-0.078290931880474,1
0.1075536608696,-0.090838157571852,-0.035325355827808,1
0.076840698719025,-0.074937304481864,0.018048845231533,1
-0.16817235946655,-0.11315712053329,-0.036127090454102,1
0.04130345582962,-0.14696685224771,0.0006287693977356,1
0.055209517478943,-0.21764642745256,-0.062029838562012,1
0.18525111675262,-0.1786530688405,0.0062624886631966,1
-0.2017488181591,0.0074838623404503,-0.069669671356678,1
-0.19868406653404,-0.011712290346622,0.070224113762379,1
0.098865985870361,0.16297932714224,0.057083882391453,1
-1.8894672393799e-05,0.11589350551367,0.015632160007954,1
0.0043732523918152,-0.13535949960351,-0.086783062666655,1
-0.00059431791305542,0.14525347203016,-0.049643561244011,1
0.06315940618515,-0.042975798249245,-0.00031983107328415,1
0.02333527803421,-0.26532972604036,-0.077703811228275,1
0.055603682994843,0.12305902689695,-0.02899793535471,1
-0.19124361872673,-0.032782450318336,0.20308715850115,1
-0.048428118228912,-0.073856042698026,0.014819256961346,1
-0.18291875720024,0.16736241430044,0.12879050523043,1
-0.15148210525513,0.090967543423176,-0.046710386872292,1
-0.041173279285431,-0.026216886937618,-0.018164448440075,1
-0.056679278612137,0.16010352224112,-0.014670014381409,1
0.16725927591324,-0.18227760493755,-0.022730447351933,1
0.010749042034149,0.085213504731655,0.0062986835837364,1
-0.075179815292358,-0.012932911515236,-0.011075772345066,1
-0.035102844238281,0.28042783588171,0.070713005959988,1
0.046797096729279,0.07574600726366,0.0071309879422188,1
-0.17895051836967,-0.16590168327093,-0.044935144484043,1
-0.1841875910759,-0.14649504795671,-0.057158522307873,1
-0.011391341686249,0.25030883401632,-0.018147997558117,1
0.075079619884491,0.058110348880291,0.0035990327596664,1
0.12306016683578,-0.27073018997908,-0.01351709663868,1
0.026829361915588,0.063165239989758,-0.0035357400774956,1
0.0078070759773254,0.21755941957235,0.073900707066059,1
-0.22742411494255,-0.085258204489946,0.020936079323292,1
-0.079238444566727,0.18921913951635,0.052388198673725,1
0.0040251016616821,0.22555714100599,-0.036389641463757,1
0.04429703950882,0.071117095649242,-0.010248474776745,1
0.031221151351929,0.20553334802389,-0.047889143228531,1
0.060390532016754,-0.070438167080283,0.0064039379358292,1
-0.14006394147873,0.14278606325388,0.093228213489056,1
0.0081166625022888,0.27304365485907,-0.029399611055851,1
-0.038708031177521,0.056899212300777,-0.023693658411503,1
-0.027728140354156,-0.038195662200451,0.0034355297684669,1
0.090725779533386,0.0824980661273,-0.013868197798729,1
0.029871344566345,0.094706259667873,-0.042733259499073,1
-0.056632399559021,-0.085753173567355,-0.013610519468784,1
-0.11087182164192,0.20642390102148,0.022897996008396,1
0.053934991359711,-0.070727400481701,0.01019050180912,1
-0.15591162443161,0.070863418281078,0.030047975480556,1
-0.083468317985535,0.23277183622122,0.029100470244884,1
0.050779521465302,-0.16555237025023,-0.017960235476494,1
0.17187303304672,0.19303955882788,0.1111499145627,1
0.026694297790527,0.2770019993186,0.065969452261925,1
0.052432060241699,0.082450352609158,0.0084934011101723,1
0.09722626209259,0.20057382434607,0.10521877557039,1
0.21651875972748,0.19633465260267,0.0092190280556679,1
0.1306699514389,-0.11766406334937,0.058872245252132,1
-0.1024352312088,-0.17436688393354,-0.076824061572552,1
-0.16264870762825,0.19719763845205,0.033910803496838,1
0.0097469687461853,-0.092125334776938,-0.033233188092709,1
-0.12086075544357,0.12800886482,0.1053439900279,1
-0.058985203504562,-0.13631643727422,-0.089614197611809,1
0.056465446949005,0.12297224253416,0.0091798454523087,1
0.063687026500702,0.20645668357611,0.048150986433029,1
0.078480184078217,0.20256140083075,0.12803072482347,1
-0.087841331958771,-0.24570869654417,0.10986316949129,1
-0.16283819079399,-0.14006610959768,0.16632368415594,1
0.02693897485733,-0.14501500502229,0.032118462026119,1
-0.01273101568222,0.25016640871763,-0.079121343791485,1
-0.064855366945267,0.096806161105633,-0.028128497302532,1
0.029789328575134,0.14337462931871,0.036872394382954,1
0.082536280155182,0.063420839607716,0.020790599286556,1
-0.01075667142868,-0.13286478072405,0.024711184203625,1
0.18872886896133,-0.1974676027894,0.12710570544004,1
-0.051708877086639,0.095924697816372,0.021539218723774,1
-0.11612403392792,0.051470346748829,-0.025141380727291,1
-0.087074220180511,0.025657258927822,0.019329451024532,1
0.12094819545746,0.2325771972537,0.073689140379429,1
-0.040460824966431,0.016283482313156,0.0042353942990303,1
-0.12247511744499,-0.11050122976303,0.044962979853153,1
0.079600632190704,0.07793041318655,-0.039253979921341,1
0.01370096206665,-0.20776888728142,0.209259159863,1
-0.099555492401123,0.17378329485655,0.13864623755217,1
0.072464525699615,-0.20005465298891,-0.02366977930069,1
-0.23975962400436,-0.019654609262943,0.031393803656101,1
-0.03054666519165,0.16148629039526,-0.0049249827861786,1
0.045050799846649,-0.11204191669822,-0.02104227244854,1
0.072490155696869,-0.23572320491076,0.065477021038532,1
-0.052462607622147,0.09921183437109,-0.02868265658617,1
-0.14264523983002,0.055933825671673,-0.096377469599247,1
-0.19927084445953,0.014203369617462,0.014300934970379,1
-0.059875160455704,0.081453241407871,-0.0076395496726036,1
-0.025586545467377,-0.21706090867519,-0.02282839268446,1
0.060547232627869,-0.10464324150234,-0.039384767413139,1
-0.23774343729019,-0.088016245514154,0.0073962584137917,1
-0.027654945850372,0.014323316514492,0.00032425671815872,1
-0.048295497894287,0.067566566169262,-0.02518055588007,1
-0.079218536615372,-0.094961353112012,0.0070107951760292,1
-0.10360762476921,0.09677716344595,-0.038737051188946,1
-0.0055012106895447,-0.084921797737479,-0.0022686496376991,1
-0.13517716526985,-0.134751111269,0.069529719650745,1
-0.16862851381302,0.054430536925793,-0.076184414327145,1
-0.11430889368057,0.073920138180256,-0.034853622317314,1
-0.10480058193207,-0.034599937498569,-0.05512098968029,1
0.023133993148804,-0.068241879343987,-0.010110080242157,1
0.070840299129486,-0.19566454738379,0.21289057284594,1
-0.02972286939621,0.22013273090124,0.022991545498371,1
-0.065089643001556,-0.22596972435713,-0.077436044812202,1
-0.088339477777481,-0.23105881363153,0.027693390846252,1
-0.045564591884613,-0.06522524356842,-0.045521460473537,1
-0.025853335857391,-0.072936750948429,-0.0072842761874199,1
0.06947261095047,-0.1930393576622,0.209556825459,1
-0.16116759181023,0.0080586150288582,0.091550849378109,1
-0.027730107307434,-0.20823432505131,0.018076494336128,1
0.045246124267578,-0.13405103236437,0.037332601845264,1
-0.14162755012512,-0.13393017649651,0.11210194975138,1
-0.0066989064216614,-0.17848483473063,-0.036148153245449,1
0.13257658481598,0.20903363078833,-0.048818901181221,1
0.10437792539597,0.20764838904142,0.16511676460505,1
0.11189836263657,0.24041559547186,0.021872811019421,1
-0.042462885379791,-0.017009727656841,-0.0063032880425453,1
-0.066114127635956,-0.071559198200703,0.0087739303708076,1
0.017371416091919,-0.099634070182219,0.0027235224843025,1
-0.068662703037262,-0.051993269473314,-0.0054368302226067,1
